12953	0.333333333333333
12955	0.666666666666667
13718	0
13720	0
13730	0.333333333333333
13732	0.333333333333333
13733	0.333333333333333
13734	0
13735	0
13736	0.333333333333333
13737	0
13739	0
13740	0
13741	0
13742	0
13744	0.666666666666667
13745	0.333333333333333
13746	1
13749	0.333333333333333
13750	0.333333333333333
13758	0
13760	0.666666666666667
13762	0.666666666666667
13763	1
13765	0.333333333333333
13766	1
13767	0.333333333333333
13769	0
13770	0.333333333333333
13773	1
13776	0.333333333333333
13777	0.333333333333333
13786	0.333333333333333
13790	0.666666666666667
13793	0
13794	0
13795	0.666666666666667
13796	0
13797	0
13800	0.666666666666667
13802	0
13803	0
13805	0
13806	0.333333333333333
13829	0.666666666666667
13838	0.666666666666667
13841	0
13855	0
13857	0.666666666666667
13862	0
13863	0.333333333333333
13864	0
13885	0.333333333333333
13910	0
13944	0
13974	0.333333333333333
13988	0.333333333333333
14702	0.333333333333333
14906	0.333333333333333
14908	0.666666666666667
14913	0.333333333333333
14914	0.666666666666667
14915	0
14916	0.666666666666667
14918	0.666666666666667
14922	0.333333333333333
14924	0
14925	1
14928	0.666666666666667
14929	0.333333333333333
14931	0.333333333333333
14932	0.333333333333333
14935	1
14936	0.333333333333333
15211	0.333333333333333
15231	0.333333333333333
15233	0.333333333333333
15265	0.666666666666667
15409	0
15455	0.666666666666667
15460	0.666666666666667
15462	0
15466	1
15468	0.333333333333333
15470	0.333333333333333
15471	0.333333333333333
15473	1
15474	0.333333333333333
15475	0.333333333333333
15476	1
15478	0.666666666666667
15483	0
15486	0
15488	0.666666666666667
15489	0
15490	0
15491	0.666666666666667
15492	0
15494	0
15496	0.333333333333333
15497	0
15498	0.333333333333333
15499	0
15500	1
15501	0
15502	0
15503	0.333333333333333
15504	0.333333333333333
15505	0
15506	0
15508	0.666666666666667
15509	0.333333333333333
15511	0.333333333333333
15513	0.333333333333333
15514	0
15515	0
15516	0.666666666666667
15518	0.666666666666667
15520	1
15525	0.333333333333333
15526	0.666666666666667
15527	0.333333333333333
15528	0
15529	0.666666666666667
15532	0.666666666666667
15533	0.333333333333333
15534	0.333333333333333
15535	0.333333333333333
15536	0.333333333333333
15537	0.333333333333333
15538	0
15539	0
15540	0
15541	0.333333333333333
15542	0
15543	0
15544	0.666666666666667
15546	0.666666666666667
15547	0.333333333333333
15548	0
15549	0.333333333333333
15552	0.666666666666667
15553	0.333333333333333
15554	0.333333333333333
15557	0.666666666666667
15559	0.666666666666667
15561	0.666666666666667
15562	0
15563	1
15566	0
15572	0.333333333333333
15611	0
15619	0.666666666666667
15620	1
15621	0.333333333333333
15624	0.666666666666667
15625	0.333333333333333
15632	1
15633	1
15634	0.333333333333333
15637	0
15639	0
15640	0
15644	0.333333333333333
15645	0.333333333333333
15648	0.333333333333333
15652	0
15654	0.333333333333333
15655	0.333333333333333
15656	0.666666666666667
15685	0.333333333333333
15686	0.333333333333333
15687	0
15688	0
15689	0.666666666666667
15690	0
15691	0.666666666666667
15692	0.666666666666667
15693	0
15694	0.333333333333333
15695	0
15697	0
15698	0
15699	0
15700	0
15702	0
15703	0
15704	0
15705	0
15706	0
15708	0.333333333333333
15711	0.333333333333333
15712	0.666666666666667
15713	0
15714	1
15728	0
15729	0.333333333333333
15731	0.333333333333333
15732	0.333333333333333
15733	0.333333333333333
15734	0.333333333333333
15735	0.666666666666667
15736	0
15737	0.666666666666667
15739	0.666666666666667
15740	0
15741	0.333333333333333
15742	0
15743	0.666666666666667
15746	0
15747	0
15748	0.666666666666667
15749	0
15750	0
15751	0
15753	0
15754	0.666666666666667
15757	0
15808	0
15814	0
15816	1
15826	0.666666666666667
15831	0.333333333333333
15835	0
15838	0.333333333333333
15839	0
15840	0
15841	0.333333333333333
15842	0
15843	0
15844	0
15845	0
15846	0.666666666666667
15847	0.333333333333333
15848	0
15849	0.666666666666667
15850	0
15851	0
15853	0.333333333333333
15854	0
15855	0.333333333333333
15856	1
15857	0
15858	0
15859	0.333333333333333
15860	0.666666666666667
15861	0.666666666666667
15862	0
15863	0.333333333333333
15864	0
15865	0.666666666666667
15867	1
15868	0.333333333333333
15869	1
15870	0.333333333333333
15871	0.333333333333333
15874	0.333333333333333
15877	0.333333333333333
15878	0.333333333333333
15883	1
15884	0
15903	0.333333333333333
15904	0
15905	0
15906	0.666666666666667
15911	0.333333333333333
15912	0.666666666666667
15915	0.666666666666667
15917	0.666666666666667
15918	0
15920	0.333333333333333
15922	0
15924	1
15925	0.333333333333333
15926	1
15927	0
15928	0.333333333333333
15929	0.333333333333333
15930	1
15931	0.333333333333333
15932	0
15933	0
15935	0
15936	0
15937	0
15938	0.333333333333333
15940	0
15941	0
15942	0.333333333333333
15943	0
15944	0.333333333333333
15945	0.333333333333333
15946	0.333333333333333
15947	0
15948	0.666666666666667
15949	0.333333333333333
15950	1
15951	0
15952	0
15954	0.333333333333333
15955	0
15956	0
15957	0
15958	0.333333333333333
15959	0
15960	0
15961	0.333333333333333
15963	0
15964	0.333333333333333
15965	0.333333333333333
15966	0.333333333333333
15967	0.666666666666667
15968	0.666666666666667
15969	0.333333333333333
15970	0.333333333333333
15971	0
15972	0
15973	0.666666666666667
15976	0.333333333333333
15977	0.333333333333333
15978	0
15979	0.666666666666667
15980	0.666666666666667
15982	0.666666666666667
15983	0
15984	0
15985	0
15986	0
15987	0
15988	0
15989	0.333333333333333
15990	0
15991	0
15992	0.333333333333333
15993	0.333333333333333
15994	0.333333333333333
15995	0
15996	0.333333333333333
15997	0
15998	0
15999	0
16001	0
16002	0.666666666666667
16005	0.333333333333333
16006	0.333333333333333
16007	0.333333333333333
16008	0
16009	0
16010	0
16011	0.333333333333333
16012	0
16013	0
16014	0
16015	0
16016	0.666666666666667
16017	0.333333333333333
16018	0.333333333333333
16019	0.666666666666667
16021	0.333333333333333
16022	0
16023	0
16024	1
16025	0.666666666666667
16026	0.333333333333333
16027	0
16028	0
16029	0
16030	0.333333333333333
16034	0
16036	0
16037	0.666666666666667
16039	1
16040	0
16043	0.333333333333333
16044	0
16048	0.666666666666667
16050	0.333333333333333
16051	0
16052	0.333333333333333
16054	0.333333333333333
16055	0
16057	0.333333333333333
16058	0
16060	1
16061	0.666666666666667
16062	0
16065	1
16068	0.333333333333333
16072	0.666666666666667
16075	0.666666666666667
16076	0
16077	0.333333333333333
16078	0
16079	0
16080	0.666666666666667
16084	0
16085	0
16086	0.666666666666667
16087	0.666666666666667
16088	0
16089	0.333333333333333
16090	0
16091	0
16092	0
16093	0.333333333333333
16094	0.333333333333333
16095	0
16096	0.666666666666667
