15391	0.333333333333333
15392	0.555555555555556
15394	0.444444444444444
15399	0.533333333333333
15406	0.466666666666667
15407	0.428571428571429
15408	0.321428571428571
15412	0.472222222222222
15414	0.511111111111111
15420	0.539393939393939
15422	0.560606060606061
15423	0.576923076923077
15425	0.542124542124542
15439	0.46984126984127
15445	0.494444444444445
15471	0.514705882352941
15475	0.494553376906318
15478	0.512670565302144
15492	0.494736842105263
15519	0.479365079365079
15566	0.435786435786436
15568	0.426877470355731
15587	0.391304347826087
15642	0.44
15650	0.431794871794872
15664	0.424501424501425
15694	0.441798941798942
15708	0.457307060755337
15720	0.44904214559387
15741	0.4415770609319
15763	0.434811827956989
15764	0.469065656565657
15769	0.441473559120618
15774	0.435294117647059
15776	0.42962962962963
15788	0.442442442442442
15797	0.471787577050735
15802	0.464687359424202
15834	0.458119658119658
15872	0.468292682926829
15877	0.477739063104917
15882	0.471022517534146
15897	0.46476391825229
15898	0.458922558922559
15901	0.438969404186796
15907	0.420289855072464
15908	0.416666666666667
15921	0.413265306122449
15948	0.423401360544218
15952	0.406797385620915
15953	0.403971845148316
15973	0.388727624576681
15981	0.374330305147915
15988	0.360718294051627
16002	0.347835497835498
16041	0.347326649958229
16051	0.335349868925187
16054	0.357880381842977
16106	0.368173258003767
