15879	0.666666666666667
15888	0.666666666666667
15889	0.333333333333333
15891	0.466666666666667
15893	0.422222222222222
15894	0.396825396825397
15895	0.380952380952381
15896	0.444444444444444
15897	0.422222222222222
15898	0.466666666666667
15900	0.444444444444444
15902	0.427350427350427
15903	0.413919413919414
15904	0.403174603174603
15905	0.477777777777778
15906	0.5
15908	0.518518518518519
15909	0.53411306042885
15911	0.480701754385965
15912	0.498412698412698
15913	0.483405483405483
15914	0.470355731225297
15915	0.486714975845411
15916	0.474444444444445
15917	0.463589743589744
15918	0.453941120607787
15919	0.421516754850088
15920	0.438423645320197
15921	0.453639846743295
15922	0.467383512544803
15923	0.479838709677419
15924	0.511363636363636
15926	0.500891265597148
15927	0.510364145658263
15928	0.500529100529101
15929	0.491491491491492
15930	0.465623518255097
15931	0.493027440395862
15932	0.485042735042735
15933	0.49390243902439
15934	0.502129307007356
15935	0.494278331487634
15936	0.486962649753347
15937	0.494949494949495
15938	0.48792270531401
15939	0.467160037002775
15940	0.461583924349882
15945	0.469954648526077
15946	0.477823129251701
15947	0.485228758169935
15950	0.47938662644545
15951	0.486453797774553
15952	0.505474027486606
15964	0.499214365881033
15965	0.493290043290043
15966	0.49937343358396
15967	0.505142165759226
15968	0.510617572569648
15969	0.504708097928437
15970	0.499089253187614
15971	0.482989599858981
15972	0.488820617852876
15973	0.494378306878307
15974	0.489423076923077
15975	0.474592074592075
15976	0.47037539574853
15978	0.476148668422593
15979	0.47200909349247
15980	0.477570738440304
15981	0.482897384305835
15982	0.488002086593636
15983	0.483764586504313
15984	0.497716894977169
15985	0.502222222222222
15986	0.506549707602339
15987	0.493392572339941
15988	0.489288489288489
15989	0.493779076057557
15990	0.498101265822785
15991	0.502263374485597
15992	0.506273210880257
15993	0.510138113429327
15994	0.505928475807994
15995	0.50186741363212
15996	0.505699954400365
15997	0.509400338590395
15998	0.512974573319401
15999	0.501447054817842
16000	0.497711194340408
16001	0.501424501424502
16002	0.497770345596433
16003	0.487065606981456
16004	0.490886906123694
16005	0.494587532661441
16006	0.498172514619883
16007	0.501646620847652
16008	0.505014376884775
16009	0.515014086442658
16010	0.511380471380471
16011	0.514455445544555
16013	0.523975927004465
16014	0.513801637159718
16015	0.503920836445108
16017	0.507020757020757
16018	0.503743635819108
16020	0.506788926115324
16021	0.497403946002077
16022	0.488277268093782
16023	0.491520711704198
16024	0.494676494676495
16025	0.491795366795367
16026	0.488990729034977
16027	0.480411944315065
16028	0.472056953979151
16029	0.475412293853074
16030	0.478681599371255
16031	0.481867786952533
16032	0.479371409580782
16033	0.48249299719888
16035	0.485537190082645
16037	0.48850652576435
16038	0.49140343862455
16039	0.488853920797273
16041	0.486365591397849
16042	0.489227513227513
16043	0.492021830604508
16047	0.489542322834646
16048	0.487120478036176
16049	0.48988272709203
16050	0.482403601487571
16051	0.480144961060992
16052	0.477937267410952
16053	0.480754124116261
16054	0.483508384005897
16055	0.486201888162673
16056	0.4888364104766
16057	0.486582742691914
16058	0.489173878288673
16060	0.491709489551216
16062	0.489463019250253
16063	0.491958845270203
16064	0.49440231130372
16065	0.496794871794872
16067	0.499137931034483
16069	0.501432845221225
16073	0.503680924424565
16074	0.510387938959368
16075	0.50801136707177
16076	0.505682326621924
16078	0.512229580573952
16079	0.509875682583943
16080	0.51192523793143
16081	0.513934866876043
16083	0.520206675045385
16084	0.513537358698649
16085	0.515488050519898
16086	0.517401703888844
16087	0.519279250590452
16088	0.516954926624738
16089	0.514673913043478
16090	0.512435140454464
