15969	0.666666666666667
15970	0.666666666666667
15971	0.5
15972	0.433333333333333
15973	0.622222222222222
15974	0.53968253968254
15975	0.488095238095238
15978	0.453703703703704
15979	0.362962962962963
15982	0.357575757575758
15983	0.297979797979798
15984	0.252136752136752
15985	0.311355311355311
15986	0.314285714285714
15995	0.358333333333333
15996	0.316176470588235
15997	0.355119825708061
15998	0.317738791423002
16001	0.285964912280702
16002	0.353968253968254
16005	0.352092352092352
16006	0.408432147562582
16007	0.457729468599034
16008	0.474444444444445
16011	0.489230769230769
16013	0.527065527065527
16014	0.537037037037037
16015	0.5
16016	0.511111111111111
16017	0.542652329749104
16018	0.550403225806452
16019	0.537247474747475
16020	0.525252525252525
16021	0.533333333333333
16022	0.559259259259259
16023	0.547047047047047
16026	0.553342816500711
16027	0.542060278902384
16028	0.548290598290598
16029	0.537804878048781
16030	0.528068137824235
16031	0.519010705057217
16032	0.510570824524313
16033	0.487878787878788
16034	0.495652173913044
16035	0.502929386370645
16036	0.509751773049645
16037	0.516156462585034
16038	0.495510204081633
16039	0.489150326797386
16040	0.483157365510307
16041	0.502660861151427
16042	0.496389471232239
16043	0.502581369248036
16044	0.508441558441558
16045	0.513993316624896
16046	0.507763662028635
16047	0.524449639586986
16048	0.506967984934087
16049	0.490346083788707
16050	0.485281156354662
16051	0.469875405359276
16052	0.476025132275132
16053	0.481891025641026
16054	0.467288267288267
16055	0.463289612543344
16056	0.459467369037167
16057	0.465473145780051
16058	0.471221532091097
16059	0.467337357478203
16060	0.472874282733438
16061	0.47818366311517
16062	0.483277798346292
16063	0.47039039039039
16064	0.466783625730994
16065	0.471975393028025
16066	0.476967476967477
16067	0.490208806664503
16068	0.494620253164557
16069	0.490637860082305
16070	0.494931245608752
16071	0.491037320011754
16072	0.495218971122586
16073	0.49140989729225
16074	0.495485636114911
16075	0.491757996970507
16076	0.480581678857541
16077	0.492254000680967
16078	0.488722430295464
16079	0.477981277981278
16080	0.489329511068642
16081	0.493143213339567
16082	0.489743003126668
16083	0.493467711832773
16084	0.490131578947368
16085	0.486898625429553
16086	0.490567360965005
16087	0.500858929430358
16088	0.497508417508418
16089	0.500858085808581
16090	0.504109234452857
16091	0.5072656894473
16092	0.516741349265621
16093	0.525946275946276
16094	0.51602276130578
16095	0.512608005642744
16096	0.521633783316026
16097	0.512062521236833
16098	0.502752293577982
16099	0.4996996996997
16100	0.502681252681253
16101	0.505583649388959
16102	0.508409667235937
16105	0.499567759979659
16106	0.502448775612194
16107	0.505255919049023
16108	0.502341976918248
16109	0.510705977306177
16111	0.513305322128852
16112	0.510330578512397
16113	0.501964503454817
16114	0.499222533208939
16115	0.496546900952881
16116	0.493935483870968
16117	0.491386243386243
16118	0.494146565012707
16119	0.491633858267717
16120	0.494347545219638
16121	0.496998608626516
16122	0.489410843609317
16123	0.492096537898065
16124	0.49472165261639
16125	0.492312871731568
16126	0.494895890915792
16128	0.497421931735657
16131	0.504758837841706
16133	0.502274410240135
16134	0.499843603378167
16135	0.502226789996574
16136	0.509287402904424
16137	0.516198847933939
16138	0.51830329295118
16139	0.511104636104636
16140	0.517848020434227
16141	0.510754211935128
16142	0.517410617214923
16143	0.523932095360667
16144	0.521373722716005
16145	0.52331096196868
16146	0.516379690949227
16147	0.513971186243755
16149	0.515967205595689
16150	0.513595337124749
16151	0.519871526323139
16152	0.521753515301903
16153	0.519353258206762
16154	0.516998575613427
16155	0.514688320993552
16156	0.516588050314466
16157	0.522593167701863
16158	0.524371852874268
16160	0.526117801509758
16161	0.527831812060452
16162	0.525474254742548
16163	0.527175368139224
16164	0.528845922612606
16165	0.530486645756107
