15132	0
15133	0.222222222222222
15134	0.277777777777778
15135	0.433333333333333
15136	0.511111111111111
15137	0.650793650793651
15138	0.738095238095238
15140	0.648148148148148
15141	0.585185185185185
15142	0.660606060606061
15143	0.717171717171717
15144	0.70940170940171
15145	0.655677655677656
15146	0.612698412698413
15148	0.619444444444445
15149	0.58578431372549
15150	0.520697167755991
15151	0.500974658869396
15152	0.48421052631579
15153	0.46984126984127
15154	0.457431457431458
15155	0.446640316205534
15156	0.464975845410628
15157	0.454444444444445
15161	0.470769230769231
15163	0.460588793922127
15164	0.451499118165785
15165	0.466338259441708
15166	0.457471264367816
15167	0.449462365591398
15168	0.442204301075269
15169	0.455808080808081
15172	0.448603683897802
15174	0.42296918767507
15175	0.436507936507937
15176	0.430930930930931
15177	0.443338074917022
15179	0.420602789023842
15180	0.432905982905983
15181	0.428048780487805
15183	0.439411536972513
15186	0.434477667035807
15187	0.460183227625088
15190	0.454545454545455
15191	0.449275362318841
15192	0.472710453283996
15193	0.466903073286052
15194	0.461451247165533
15196	0.456326530612245
15197	0.477647058823529
15198	0.484917043740573
15199	0.491775520077407
15201	0.485907290938738
15202	0.480359147025814
15203	0.487012987012987
15204	0.469924812030075
15205	0.488203266787659
15206	0.494252873563219
15207	0.5
15208	0.494535519125683
15210	0.500088136788295
15211	0.484212322922
15212	0.479497354497355
15213	0.475
15214	0.460606060606061
15215	0.456806874717323
15216	0.453175299970735
15217	0.459363455527138
15218	0.45576259489303
15219	0.461703554661301
15220	0.476656233698487
15222	0.481861998985287
15231	0.477847710724423
15232	0.473993993993994
15233	0.461520467836257
15235	0.466848940533151
15238	0.463425463425463
15240	0.468570810342962
15241	0.481856540084388
15242	0.494650205761317
15243	0.498845729198033
15244	0.510921735723381
15245	0.50669344042838
15246	0.510457516339869
15247	0.514090287277702
15248	0.517597790252161
15249	0.513409961685824
15250	0.50187265917603
15251	0.512942155638785
15253	0.508994708994709
15254	0.497929606625259
15255	0.501558360604644
15256	0.505071303286815
15257	0.508473310936917
15258	0.511769005847953
15259	0.514962772050401
15260	0.511256048811277
15261	0.521129663986807
15262	0.524040404040404
15264	0.526864686468647
15265	0.529605901766647
15266	0.525794783932991
15267	0.52209360219069
15268	0.518498168498169
15269	0.515004492362983
15270	0.511608769764298
15272	0.508307372793354
15273	0.511213047910296
15274	0.507978871281624
15275	0.516844116844117
15277	0.525471900471901
15278	0.533870627897177
15279	0.536200382963308
15280	0.538469361810323
15281	0.546426786606697
15282	0.537086157775813
15283	0.533632720073398
15284	0.541470825618383
15285	0.538001867413632
15286	0.534618916437098
15287	0.53131915277966
15288	0.533519925363188
15290	0.54104379753475
15291	0.537720430107527
15292	0.534476190476191
15293	0.536557930258718
15294	0.538590879265092
15296	0.540576550387597
15297	0.532259988073942
15298	0.529222939909963
15300	0.526254915567893
15301	0.523353839143313
15304	0.525492836569035
15305	0.522646029113691
15306	0.519862018881627
15307	0.522005152425934
15308	0.519270778236186
15309	0.526187745455809
15310	0.518670777663584
15311	0.525498142519419
15312	0.522791595911165
15313	0.52480383466299
15314	0.526774151774152
15315	0.524106002554278
15316	0.521492678318375
15317	0.518932687230143
15319	0.516424587853159
15321	0.518441260051998
15322	0.524862043251305
15323	0.517910228108904
15325	0.524253514581155
15327	0.526115124412338
15328	0.523611464787935
15329	0.525457338360564
15331	0.527267714364489
15332	0.533289781697425
15334	0.534978096697036
15337	0.532441684579253
15339	0.529952830188679
15341	0.531651138716356
15342	0.529202770748665
15343	0.530889444318211
15344	0.532545264102948
15348	0.530130574033013
15350	0.531775587197274
15351	0.537383065194911
15352	0.534953901720369
15353	0.536512632666479
15355	0.534122287968442
15356	0.5317738791423
15357	0.533342399927467
15359	0.531030156383026
15360	0.528757779106593
15361	0.530333880678708
15363	0.528095238095238
15365	0.525894538606403
15366	0.523730929558391
15367	0.525327976900383
15368	0.523194703082971
15369	0.52109678739513
15370	0.515370449072107
15372	0.517023959646911
15373	0.518650510810169
15374	0.516647081864473
15376	0.514675966288869
15378	0.512736472888276
15379	0.510827928850457
15383	0.512477016023115
15385	0.510591293047433
15387	0.515715991549555
15388	0.513816172193136
15390	0.511945883707542
15397	0.516977369442516
15401	0.515093840867037
15402	0.516640502354788
15403	0.518163610621914
15404	0.512929634757046
15407	0.507774563050945
15415	0.506030150753769
15417	0.507628524046435
15422	0.512503489154886
15423	0.510738265944821
15425	0.50899900189961
15426	0.510537223019289
15427	0.515289288815218
15428	0.519972484092366
15430	0.518177876873529
15432	0.519598822230401
15433	0.514650262018683
15436	0.512931618144888
15439	0.517526602879371
15440	0.515797088611333
15441	0.517207084667925
15443	0.521698181554735
15447	0.523040482342808
15460	0.524364225977129
15462	0.528727856931468
15463	0.523899292027984
15464	0.522166874221669
15466	0.526491155902921
15468	0.527753998342234
15470	0.52302077862616
15471	0.52132714072176
15472	0.516693121693122
15477	0.520970173713537
15478	0.519316985692566
15479	0.523533503361929
15480	0.52769478280855
15483	0.523106132523258
15484	0.52434908087082
15485	0.52557595661044
15495	0.521064575008633
15502	0.519460034481494
15506	0.52071285688307
15540	0.524774612333213
15541	0.520346134592005
15555	0.524376839343332
15557	0.528356949474351
15558	0.532287308228731
15562	0.533402489626556
15568	0.537258667398238
15569	0.541067238036935
15573	0.539364501113135
15574	0.543124790899967
15576	0.544129196394005
15579	0.547820457961665
15581	0.54609072308563
15596	0.547059204560176
15597	0.542682730923695
15598	0.546326693227092
15599	0.547281772381374
15600	0.548225526486396
15603	0.551782805805401
15604	0.550069476609541
