14385	0.666666666666667
14386	0.666666666666667
14415	0.833333333333333
14416	0.5
14417	0.666666666666667
14418	0.666666666666667
14419	0.583333333333333
14420	0.601851851851852
14421	0.548148148148148
14422	0.509090909090909
14423	0.47979797979798
14424	0.55982905982906
14425	0.527472527472528
14426	0.546031746031746
14427	0.477777777777778
14428	0.5
14429	0.481481481481482
14430	0.536062378167641
14431	0.549122807017544
14432	0.528571428571429
14433	0.510822510822511
14434	0.553359683794466
14435	0.590579710144928
14436	0.57
14437	0.551794871794872
14438	0.560303893637227
14439	0.567901234567901
14440	0.574712643678161
14441	0.580842911877395
14442	0.564874551971326
14443	0.529569892473118
14444	0.517676767676768
14445	0.506833036244801
14446	0.515966386554622
14447	0.487301587301587
14448	0.496996996996997
14449	0.470839260312945
14450	0.480881691408007
14451	0.456837606837607
14453	0.450813008130081
14454	0.445218737901665
14455	0.440014765596161
14456	0.420014094432699
14457	0.430976430976431
14458	0.426731078904992
14459	0.408572309589886
14460	0.391548463356974
14461	0.416383219954649
14462	0.413061224489796
14463	0.409934640522876
14464	0.406988436400201
14465	0.404208998548621
14466	0.413929652923364
14467	0.398877665544332
14468	0.408441558441558
14469	0.41750208855472
14470	0.403105464811454
14471	0.400740307812196
14472	0.409604519774011
14473	0.396174863387978
14474	0.415653093601269
14475	0.434203789042499
14476	0.431051587301587
14477	0.428044871794872
14479	0.435275835275835
14480	0.442183024272577
14481	0.438981562774364
14482	0.435919295254334
14483	0.442512077294686
14484	0.448826291079812
14485	0.454877412623892
14495	0.469812278031456
14498	0.475132666913489
14499	0.48024024024024
14500	0.476374269005848
14501	0.48131692868535
14502	0.486069486069486
14503	0.490641566590934
14504	0.486708860759494
14505	0.474691358024692
14506	0.479373682625715
14507	0.475854638064453
14508	0.472461273666093
14509	0.47703081232493
14510	0.473689010487916
14511	0.485788113695091
14512	0.48989898989899
14513	0.493871297242084
14514	0.497711194340408
14515	0.494098494098494
14516	0.50509635292244
14518	0.508570983325542
14519	0.50484252268741
14521	0.494214259051885
14522	0.49780701754386
14523	0.494415807560138
14524	0.484325689038502
14525	0.494743351886209
14526	0.498181818181818
14527	0.501518151815182
14528	0.50475635798874
14529	0.501427755568247
14530	0.491784914115011
14531	0.495115995115995
14532	0.498352800239593
14533	0.501498853817669
14535	0.498384677512403
14536	0.501472420432665
14537	0.504475952182374
14538	0.513404313404314
14539	0.51018876018876
14540	0.518857985672145
14541	0.521451120426435
14542	0.523976608187135
14543	0.514942528735632
14544	0.517536103743001
14558	0.514414022888599
14559	0.505768409058539
14560	0.508450046685341
14561	0.500045913682277
14562	0.50277740143612
14563	0.500022213336887
14564	0.502710027100271
14566	0.494666666666667
14567	0.49210582010582
14568	0.49485480981544
14569	0.49753937007874
14570	0.489825581395349
14571	0.487418008348241
14572	0.490154629085927
14577	0.482728043796746
14578	0.480481506797296
14579	0.478285265402312
14580	0.471199557766722
14581	0.46917211328976
14582	0.472055245455847
14583	0.470044782961318
14584	0.472873874813193
14585	0.470880438506338
14586	0.47838568051334
14587	0.481037525388739
14588	0.474309727830855
14589	0.467722092722093
14590	0.470466155810984
14610	0.468587623996221
14615	0.466747429565434
14616	0.469449040877612
14617	0.463147711469859
14628	0.461416853094706
14630	0.464135393671818
14706	0.462414313930522
14724	0.46072698085082
14725	0.454743513567043
14726	0.453176930596286
14727	0.455913978494624
14728	0.454352441613588
14729	0.457039963449703
14730	0.459676777326646
14731	0.453930817610063
14732	0.452432712215321
14733	0.450962349513074
14734	0.453609028251155
14735	0.452142251483865
14736	0.45070214338507
14737	0.453304125593282
14738	0.451867349638073
14741	0.454424484364604
14743	0.456936226166995
14744	0.45940364311405
14829	0.454030501089325
14830	0.448751076658053
14831	0.447416767486669
14832	0.449936881270348
14833	0.456223316912972
14834	0.45482683982684
14835	0.457220510186612
14836	0.459573837787511
14837	0.461887724143703
14838	0.456755638319884
14839	0.455391855944342
14840	0.454050553498067
15009	0.45637422686603
15010	0.451413637443573
15025	0.446533490011751
15026	0.448900513416643
15027	0.451229563184023
15028	0.449975347972845
15029	0.455795714660963
15031	0.461524180822427
15032	0.456691466887113
15033	0.458878708551483
15050	0.464486183074266
15066	0.459697665722985
15109	0.458401621288219
15110	0.453724053724054
15111	0.459270002417211
15112	0.46136491821771
15113	0.456728084868788
15114	0.458827470686767
15115	0.457578772802653
15116	0.459648949969624
15117	0.458404461135769
15118	0.460446247464503
15120	0.459206121472979
15188	0.461220301523404
15189	0.466425902474868
15419	0.468351294438251
15444	0.473438841859895
15445	0.468929900508848
15446	0.464485067328669
15447	0.463247786819279
15448	0.465157823249771
15449	0.467041083468621
15450	0.465797290444106
15451	0.461484352569624
15452	0.460303237184958
15453	0.465254583632802
15454	0.464049823356095
15455	0.462861491628615
15456	0.464705882352941
15457	0.469528351881293
15458	0.465317335272492
15459	0.461162716207559
15460	0.457063492063492
15461	0.453018682399214
15462	0.457837901056489
15463	0.459669732333771
15464	0.455655149518629
15465	0.454591481551801
15466	0.459313633226677
15467	0.463974722595412
15468	0.468575797937941
15469	0.464570876588044
15470	0.460617081893678
15471	0.459538406058421
15472	0.45847338434766
15473	0.454620666832134
15474	0.459184510624333
15475	0.458135750813575
15476	0.459866297833103
15477	0.461575391790405
15478	0.460519901597343
15479	0.456745148305561
15480	0.453016616482659
15481	0.449333554560035
15482	0.448394281513665
15483	0.452842714727265
15484	0.451882800017273
15485	0.456267737617135
15486	0.45794422310757
15487	0.454309745146399
15488	0.453353409875149
15489	0.449783697986368
15490	0.446255982708044
15491	0.450582107843137
15492	0.449669666018158
15493	0.453935792638173
15494	0.45557850209013
15495	0.452074052074052
15496	0.451164161508989
15497	0.450264689538183
15498	0.451910331949806
15499	0.448486768828974
15500	0.447617686296932
15501	0.444252139783421
15502	0.440924408399275
15503	0.440121489928634
15504	0.439327525939078
15505	0.438542383771628
15506	0.435305908614642
15517	0.432105129874828
15518	0.433823529411765
15519	0.4330900243309
15520	0.429940278699403
15521	0.431655687307861
15522	0.428539039746072
15523	0.427854106606412
15524	0.424787052078767
15525	0.424133811230585
15526	0.425860023724793
15527	0.425203806062442
15528	0.422198832168007
15529	0.419225600955557
15530	0.416283666913763
15531	0.415703594650963
15532	0.412806705489632
15533	0.41225480707188
15534	0.409401832628476
15535	0.411176072863222
15536	0.410641071216969
15537	0.40782846114014
15538	0.409595274829741
15539	0.411344059808224
15540	0.413075060532688
15541	0.412536265078638
15542	0.409758243091576
15543	0.409245324234139
15544	0.408737551719752
15545	0.408234856930509
15546	0.407737172388335
15547	0.409451937251106
15548	0.41334994426595
15549	0.412823519194025
15550	0.4101164797239
15551	0.407435979856423
15552	0.404781673798727
15553	0.408646727864969
15554	0.406001765225066
15555	0.407683474266625
15556	0.40720533831207
15557	0.408868551955369
15558	0.410515824253844
15559	0.412147358281951
15560	0.409530549657938
15561	0.409048288795124
15562	0.410673641336901
15563	0.410187224305432
15564	0.407615517569974
15565	0.409234587251829
15566	0.406684839044652
15567	0.408299633005037
15568	0.405771461902839
15569	0.405324312961052
15570	0.404881291547958
15571	0.404442347019034
15572	0.406046165487827
15584	0.407635314885259
15585	0.405157288654953
15586	0.408762395996439
15587	0.410320729958192
15588	0.407848918331938
15589	0.405399375278893
15590	0.406963850077623
15591	0.40652426490303
15592	0.408072731580194
15593	0.411585653054496
15594	0.413095008164627
15595	0.41065786947339
15596	0.412163803574527
15597	0.411701454775459
15598	0.41124316166761
15599	0.412732511550986
15600	0.412270888421814
15601	0.413745646556567
15602	0.415207617771076
15603	0.412814490291127
15604	0.412357702032749
15605	0.413815059996267
15606	0.413355164415336
15607	0.414798534798535
15608	0.416229603729604
15609	0.417648510601768
15612	0.419055392839423
15613	0.416694517386807
15614	0.419971514480139
15615	0.417618732886413
15616	0.419010062125409
15617	0.418532754444116
15618	0.418059424326834
15619	0.417590027700831
15620	0.418966141728267
15621	0.4203308829125
15622	0.421684376229831
15623	0.423026744944553
15624	0.424358110637024
15625	0.425678593231191
15626	0.4287999052245
15627	0.431895840697537
15628	0.431363070387461
15629	0.430834608193099
15630	0.428518293095286
15631	0.426220607877617
15632	0.425723884484332
15633	0.425231134878194
15634	0.42651536643026
15635	0.426021032037173
15636	0.427294289363255
15637	0.426798453183678
15638	0.424552145535342
15639	0.424073306626145
15640	0.421853027533862
15641	0.423131427738211
15642	0.422663729329852
15643	0.422199675324675
15644	0.420012112240092
15645	0.421286812779764
15646	0.420833444329009
15647	0.422097368351311
15648	0.421642168171731
15649	0.42119046057665
15650	0.420742209927449
15651	0.42029738103893
15652	0.419855939172404
15653	0.417730086315835
15654	0.415620338405149
15655	0.415205794298993
15656	0.416469416773203
15657	0.416052694550447
15658	0.418972431077694
15659	0.418545303408146
15660	0.416462988465817
15661	0.416050434346053
15662	0.41564094374698
15663	0.416880576946584
15664	0.414826978045369
15665	0.414426517874794
15666	0.415662989192401
15667	0.418520382888282
15668	0.421356868825412
15669	0.422550590469408
15670	0.423735619965512
15671	0.423297836495138
15678	0.424473531326884
15679	0.424034301457036
15680	0.423598239110287
15681	0.424764034925906
15682	0.424326567454171
15683	0.423892232207771
15684	0.425048300943289
15685	0.424612600384572
15686	0.424179997223192
15687	0.422174418040103
15688	0.421755356319788
15689	0.422907880133185
15690	0.422487342354782
15691	0.422069759174354
15692	0.421655102978835
15693	0.424351349584994
15694	0.42702878516832
15695	0.425047213079372
15696	0.424622611784251
15697	0.425740598180937
15698	0.423778659940472
15699	0.42336281935837
15700	0.422949840064677
15701	0.42253969586911
15702	0.423654430895583
15703	0.424761548142832
15704	0.425861116863395
15706	0.428464921322064
15707	0.426526166021964
15708	0.427610321781083
15709	0.430188653664952
15710	0.429753348854472
15711	0.429320972103257
15712	0.430382921519648
15713	0.428461569191435
15714	0.426553054406618
15715	0.426138744535181
15716	0.425727190605239
15717	0.42531836822793
15718	0.426383923629426
15719	0.427442437915933
15720	0.428493972987365
15721	0.428076601760812
15722	0.426203181184179
15723	0.424342031921366
15724	0.422493047032819
15725	0.422105396103691
15726	0.420274136250747
15727	0.418454767695549
15728	0.419526957323934
15729	0.417718651473399
15730	0.417355703868496
15731	0.416995092836156
15732	0.418064350111662
15733	0.41627775032486
15734	0.415924042789715
15735	0.414154153245929
15736	0.41239553688395
15737	0.414885386303933
15738	0.415950000597222
15739	0.415601407064463
15740	0.415255015175069
15741	0.414910806427834
15742	0.414568762515488
15743	0.415623565461728
15744	0.415279973678311
15745	0.416327418232429
15746	0.415982328482329
15747	0.417022512458197
15748	0.418056235664029
15750	0.417706141026299
15751	0.418732782369146
15752	0.421124828532236
15753	0.423502139298017
15754	0.424498715229856
15755	0.425489177198923
15756	0.425113030897431
15759	0.42473918284218
15760	0.427077641448512
15761	0.426697339995712
15762	0.427668875731222
15763	0.427287722024564
15764	0.426908873683067
15765	0.425190930529413
15766	0.426160712602253
15767	0.427124664321951
15768	0.426749498997996
15769	0.425045908183633
15770	0.426008540687549
15771	0.426965431844524
15772	0.426593875898051
15773	0.426224527214626
15774	0.42585736834553
15775	0.425492382014121
15776	0.426441887071808
15778	0.428695553527322
15779	0.428321584036365
15780	0.430559072944246
15781	0.430179284898891
15782	0.429801717836257
15783	0.430723371333652
15784	0.430345157593845
15785	0.431261132435212
15791	0.430882301490911
15797	0.429218663261216
15798	0.427564641437474
15799	0.428484264611432
15800	0.426839411388356
15801	0.429035428969243
15802	0.429944152631566
15803	0.429575409046458
15804	0.430478613837393
15805	0.430109240147263
15806	0.432272013429437
15807	0.430634619439174
15808	0.43026675068263
15809	0.428643102566846
15810	0.427028627604259
15811	0.429182655320033
15812	0.430073777313829
15813	0.429711453553602
15814	0.430597267434399
15815	0.431478123401683
15816	0.43235405838591
15817	0.433225108974315
15818	0.435328169794447
15819	0.434950411140887
15820	0.435807033157619
15821	0.43542890142395
15822	0.436280605899982
15823	0.438353103672408
15824	0.437967710019788
15825	0.437584433914709
15826	0.43842202891563
15827	0.439255038542459
15828	0.438869167120932
15829	0.439697521664735
15830	0.440521366111203
15831	0.441340733142201
15832	0.439744564125412
15833	0.440563777491987
15834	0.440177361477001
15835	0.440992071207899
15836	0.441802392915111
15837	0.441413614923779
15838	0.442219529241285
15839	0.443021126160661
15842	0.443818436465495
15843	0.442239011424693
15844	0.441852135125967
15845	0.44264934977682
15846	0.442262390426578
15847	0.444233194700689
15848	0.445017792485402
15849	0.44579824626773
15850	0.444231292853783
15851	0.442672586563068
15852	0.442289611945802
15854	0.444239648267669
15855	0.445016007843233
15857	0.445788309790353
15858	0.445397162046155
15871	0.445008051529791
15873	0.444620964118365
15879	0.44423588581115
15885	0.44500421320616
15886	0.445768566493955
15887	0.447676419965577
15888	0.447283488396394
15889	0.448036089351009
15890	0.44878482420483
15891	0.449529719392733
15892	0.450270801124043
15893	0.451008095384836
15894	0.451741627940216
15895	0.453603286249418
15896	0.454325534996595
15897	0.455044117506477
15898	0.456885184677063
15899	0.4575927107546
15900	0.458296663468108
15901	0.457876618660932
15905	0.458577256405918
15906	0.459274373358215
15907	0.458853165866493
15908	0.458434067928152
15909	0.460239287701725
15910	0.460926234054354
15911	0.460502337374218
15912	0.461186132827924
15913	0.462970284705977
15914	0.461439804425957
15915	0.463217230813991
15916	0.463887574918942
15917	0.464554611404954
15918	0.465218361996946
15919	0.465878848241765
15920	0.466536091509932
15921	0.467190112997372
15924	0.466753386146919
15925	0.465233016810935
15926	0.464804074750845
15927	0.464377221694295
15928	0.462871947069678
15929	0.462452728254997
15930	0.462035541195477
15931	0.462695641600222
15932	0.462279015808703
15933	0.461864399466338
15934	0.4625218706291
15935	0.46317618087281
15936	0.461694017094017
15937	0.460218956336528
15938	0.460877481728331
15939	0.460471290172933
15940	0.459007152525324
15941	0.457549986961752
15942	0.457156273321091
15943	0.455709576253619
15944	0.455322921457663
15945	0.453886571547702
15946	0.452457007542827
15947	0.45103418676439
15948	0.451711211819029
15949	0.450295189211445
15950	0.448885814597325
15951	0.447483046426708
15952	0.447126885075403
15953	0.447810809628647
15954	0.447454736607511
15955	0.446065125624258
15956	0.444681977947903
15957	0.444337245302038
15958	0.44502450781012
15960	0.445708588547332
15961	0.445362285757766
15962	0.443991940263127
15963	0.443651975264879
15964	0.444336069410283
15965	0.445017020703564
15966	0.44365611238337
15967	0.442301437231054
15968	0.440952957239496
15969	0.441640061377783
15970	0.441310861596493
15971	0.439971526659933
15972	0.439648380619549
15973	0.440335274072037
15974	0.439004956023481
15975	0.437680657513606
15976	0.438370374408645
15977	0.439056979798895
15978	0.43873949137107
15979	0.439422931177054
15980	0.440103301642592
15981	0.440780621119495
15982	0.440459882946999
15983	0.441134120752423
