14596	0.666666666666667
14597	0.444444444444444
14598	0.722222222222222
14599	0.433333333333333
14600	0.511111111111111
14602	0.555555555555556
14605	0.583333333333333
14606	0.601851851851852
14607	0.614814814814815
14608	0.624242424242424
14609	0.631313131313131
14610	0.688034188034188
14612	0.684981684981685
14613	0.726984126984127
14615	0.719444444444445
14616	0.713235294117647
14617	0.671023965141612
14618	0.705653021442495
14619	0.668421052631579
14622	0.7
14623	0.696969696969697
14624	0.665349143610013
14625	0.63768115942029
14626	0.64
14628	0.616410256410257
14629	0.620132953466287
14633	0.599647266313933
14634	0.627257799671593
14635	0.607662835249042
14636	0.589964157706093
14637	0.573924731182796
14638	0.559343434343434
14639	0.565656565656566
14640	0.552380952380952
14641	0.54021164021164
14642	0.529029029029029
14643	0.536273115220484
14644	0.542959964012596
14645	0.565811965811966
14648	0.570731707317073
14649	0.559427022841657
14650	0.533407161314138
14651	0.539464411557435
14652	0.53030303030303
14653	0.536231884057971
14654	0.541782300339192
14655	0.533096926713948
14656	0.524943310657596
14657	0.517278911564626
14658	0.523137254901961
14659	0.528657616892911
14660	0.521286889211418
14661	0.514325646401118
14662	0.51986531986532
14663	0.525108225108225
14664	0.530075187969925
14665	0.523290986085905
14666	0.528151178647964
14667	0.52165725047081
14668	0.526411657559199
14670	0.520183324519655
14671	0.514251578767708
14672	0.508597883597884
14673	0.513461538461538
14674	0.518104118104118
14675	0.512588572290065
14676	0.526924202516828
14677	0.521312872975277
14678	0.515942028985507
14679	0.52018779342723
14681	0.524256651017215
14682	0.519025875190259
14684	0.504998148833765
14685	0.509309309309309
14686	0.513450292397661
14687	0.508771929824562
14690	0.504273504273504
14691	0.516823542139998
14692	0.520569620253165
14693	0.515946502057613
14702	0.511492522332631
14703	0.51523165834068
14704	0.510900745840505
14705	0.50672268907563
14706	0.510442316461468
14707	0.514033680834002
14708	0.517502612330199
14709	0.513363976847123
14710	0.524178110694965
14711	0.527309727309727
14712	0.5303392259914
14713	0.54043945769051
14714	0.536032944406314
14715	0.538783128032848
14716	0.534502923976608
14717	0.530355097365407
14718	0.519531523949786
14719	0.52250395107538
14720	0.518720538720539
14722	0.521650165016502
14724	0.517957678120753
14725	0.507900247477632
14726	0.517363704256908
14727	0.507509157509158
14728	0.510512129380054
14729	0.507200376182919
14730	0.497807776623976
14731	0.49478989693057
14732	0.503975535168196
14734	0.506906906906907
14735	0.515712140712141
14736	0.51838390223346
14738	0.509289447808311
14739	0.506229341469616
14740	0.514742628685657
14742	0.511641615089891
14743	0.508619440822831
14744	0.505673455823007
14746	0.497245564892624
14747	0.494536271808999
14751	0.48642911981213
14752	0.489359811630903
14753	0.492219599615351
14754	0.484344086021505
14756	0.487238095238095
14757	0.484814398200225
14760	0.48244750656168
14761	0.480135658914729
14762	0.483005366726297
14763	0.490898414562537
14764	0.498612074947953
14765	0.496126680337207
14766	0.493696928889388
14767	0.496259443523125
14768	0.503667392883079
14770	0.501180764276514
14771	0.503579110687965
14773	0.501129531157683
14775	0.498732442617335
14778	0.496386355960824
14779	0.494089834515367
14780	0.491841491841492
14782	0.48963998963999
14783	0.487484035759898
14784	0.485372382302
14785	0.48783897120492
14789	0.485751057179629
14790	0.483705181691759
14791	0.477255779269202
14792	0.479764532744665
14793	0.482223771348902
14794	0.48463478958835
14795	0.486998839940017
14796	0.489317134478425
14797	0.487317342156052
14807	0.485355762425826
14808	0.483431427880352
14812	0.481543401533848
14813	0.475524109014675
14814	0.469616977225673
14816	0.472049689440994
14817	0.470347648261759
14818	0.468676741982144
14822	0.4629958117763
14826	0.461433613240842
14828	0.45989947815213
14838	0.462360992301112
14840	0.464778810932657
14841	0.467153962176587
14845	0.469487444100447
14851	0.471780225758194
14852	0.474033248196442
14853	0.472416007795717
14854	0.467016967706623
14855	0.461709956709957
14856	0.464025851737716
14857	0.466302714826806
14858	0.472265812985165
14859	0.470722118766812
14860	0.472887251892777
14861	0.467690688685164
14862	0.462579315038332
14865	0.4647976558169
14866	0.466980023501763
14868	0.465542962317156
14878	0.47125908036724
14883	0.473337884476808
14887	0.475383691695749
14888	0.477397196695442
14893	0.479379075962157
14894	0.477857766143106
14895	0.479814335060449
14896	0.485177073874259
14898	0.4802008987576
14899	0.485504971219257
14907	0.48734417624918
14908	0.485788511169222
14914	0.48425629832665
14915	0.482747068676717
14916	0.477943615257048
14917	0.483112490353513
14918	0.484920905883692
14920	0.486702727067839
14921	0.485206440299697
14922	0.48696819007025
14924	0.488704407235433
14925	0.484005326396631
14926	0.485753281805913
14927	0.481127060074429
14928	0.4797261716693
14929	0.484634415332797
14930	0.48947352880385
14931	0.488014274640575
14932	0.492776932550895
14934	0.49130060292851
14935	0.492916880013654
14937	0.48839470680252
14938	0.493066901260944
14939	0.491614777916148
14941	0.490182366652955
14942	0.488769312298724
14943	0.493354340887973
14950	0.49192558189195
14952	0.48755291005291
14953	0.486188135037693
14957	0.484841396696685
14960	0.483512378597006
14961	0.485111979366174
14962	0.483792165052845
14963	0.485375494071146
14965	0.486938349007315
14968	0.488481081347738
14969	0.492853037917416
14971	0.494332302842941
14972	0.49296790479625
14974	0.491620777610909
14975	0.490290631020341
14976	0.488977180830491
14977	0.487680148768015
14978	0.486399262332872
14979	0.48513425465519
14980	0.483884864356245
14981	0.485383075850593
14982	0.484141853462697
14983	0.485625795033461
14984	0.487091713022393
14986	0.488539898132428
14987	0.487293259057736
14988	0.483394912985275
14989	0.484855245683931
14991	0.481007188178503
14993	0.48247485204007
14994	0.481300509373087
14997	0.482754361587155
14998	0.486795343137255
14999	0.490789153696498
15000	0.49215254526991
15002	0.490926142088933
15003	0.48971388971389
15005	0.488515571274192
15006	0.487330974038002
15007	0.488694743563696
15008	0.487517763183163
15009	0.488869830379264
15010	0.490206648697215
15011	0.489031567683253
15012	0.487869640561239
15014	0.489198986480238
15015	0.490513561889027
15016	0.491813584802515
15020	0.495550249620143
15021	0.499245852187029
15023	0.500467901927756
15024	0.499252377792524
15025	0.495634606938955
15026	0.499276234325677
15032	0.500480482040361
15033	0.501671780854886
15034	0.500469363372589
15035	0.504024741569226
15037	0.502814164205851
15038	0.501616419818059
15039	0.500431327659716
15041	0.50393707272877
15042	0.502744039586145
15047	0.501563477173233
15049	0.500395212285456
15050	0.499239074714853
15051	0.498094897188084
15052	0.496962515305921
15054	0.495841767484191
15055	0.497007807751648
15056	0.495894375952884
15057	0.494792267189362
15058	0.495953580699344
15059	0.494858494858495
15062	0.491537296906425
15063	0.492708730817864
15064	0.49386845039019
15069	0.495016611295681
15071	0.4939458611105
15073	0.495085932434303
15074	0.496214753054253
15075	0.497332470520564
15076	0.498439229972499
15077	0.497363621525338
15079	0.498462991948334
15080	0.499551688872077
15081	0.502780387653548
15082	0.505977941430695
15083	0.504871245224943
15087	0.508035007236285
15089	0.50692225772098
15090	0.505820105820106
15093	0.506838122027996
15094	0.507846504013098
15095	0.508845372960604
15096	0.509834848156254
15097	0.510815047021944
15098	0.511786085150571
15100	0.510677682965371
15101	0.509579575537309
15102	0.508491635770618
15105	0.50741373852485
15106	0.506345760578889
15111	0.507326316579426
15112	0.506265383754755
15113	0.507240467541454
15114	0.506186484909889
15115	0.505142054990998
15116	0.506115094820369
15117	0.50507736652315
15118	0.502052951154748
15119	0.501045669854321
15120	0.498063255152808
15121	0.497085629504027
15123	0.498089067593747
15124	0.497117057362122
15125	0.496153623691365
15127	0.497153700189753
15128	0.498145004087279
15129	0.495240368494934
15130	0.494299048523064
15131	0.495298281092012
15132	0.496288849794756
15133	0.49342839532908
15134	0.492508308765886
15135	0.491596131256244
15137	0.49069177241097
15141	0.491694478361145
15146	0.490794699128032
15148	0.491791140870461
15150	0.490895899019969
15179	0.488130288321265
15180	0.485387983330696
15189	0.486403550184119
15190	0.489272804093705
15193	0.490261070737565
15194	0.489389249974208
15230	0.488524674258746
15231	0.487667263535402
15232	0.486816938851093
15237	0.487805124168761
15238	0.485132219378795
15239	0.482481223644484
15243	0.483484959028801
15245	0.484480511787703
15249	0.481854601154707
15250	0.481051783490808
15252	0.480255457613948
15253	0.477673439024626
15257	0.480474117635754
15260	0.479687268521837
15262	0.48068449197861
15264	0.483446808510638
15265	0.484418797148071
15266	0.483619403159633
15267	0.482826336828096
15268	0.482039531546545
15269	0.47950914030483
15270	0.478743821943723
15271	0.477984498243408
15274	0.478967217870612
15276	0.476479076479077
15277	0.475737388690757
15278	0.475001450420176
15279	0.474271202393955
15280	0.475260382158853
15281	0.474532551139235
15286	0.475515334338864
15288	0.478191276510604
15289	0.477454085960084
15290	0.476722508535583
15291	0.479372014821478
15292	0.478634445723053
15293	0.481260972444852
15294	0.482192659350489
15295	0.483117341091422
15297	0.482368421052632
15299	0.479962593516209
15300	0.480891469502033
15301	0.478504911340732
15302	0.47943640517898
15303	0.480360999062869
15304	0.479636724847453
15305	0.477279787624615
15306	0.478208154678743
15307	0.477499720344536
15308	0.478422485936351
15311	0.476094395980456
15312	0.477019504090583
15313	0.479552097291113
15314	0.48045603240887
15315	0.478140581650273
15316	0.479046957059005
15319	0.476749369734981
15320	0.474468272272134
15321	0.475385687042514
15322	0.473121945675645
15323	0.474041398031897
15324	0.474954313996991
15325	0.4727086671223
15326	0.472051236302541
15327	0.472967073621902
15328	0.472311516155758
15342	0.471660564479775
15344	0.472571807947938
15346	0.471922677530154
15348	0.472828463526138
15349	0.470634363927409
15351	0.469998711007992
15352	0.467827816268925
15353	0.467208026024982
15355	0.469657644296132
15358	0.470561355407923
15365	0.471458862553272
15366	0.470828152374186
15367	0.468683149402094
15368	0.468067922965417
15369	0.465945165945166
15371	0.465345112403936
15374	0.466254013326115
15378	0.467156773025848
15379	0.466555319364308
15381	0.467452679666113
15382	0.468344017415556
15383	0.469229386385427
15384	0.467139277760102
15385	0.466544584673761
15389	0.46743204401741
15390	0.468313613144177
15392	0.467717673718963
15395	0.467125672219467
15397	0.466537574026561
15400	0.465953344900713
15401	0.463914161772045
15404	0.46625514796518
15405	0.464223535120016
15406	0.46510372264848
15407	0.464532050677481
15408	0.463964090862139
15409	0.464839695941208
15410	0.465709639780542
15412	0.465140279322704
15413	0.46600519944006
15414	0.466864563325399
15415	0.469142919892385
15416	0.469985238641955
15417	0.469403741172557
15421	0.470241375675716
15422	0.469661256852232
15425	0.470494260699227
15426	0.469915522609076
15428	0.469340439706862
15429	0.468768981276721
15434	0.469598740963891
15435	0.469028592814809
15437	0.469853803979117
15438	0.470673857573649
15439	0.470102795102795
15440	0.470918412827127
15446	0.470348702353032
15447	0.469782523142207
15448	0.471968986964301
15455	0.471398469871169
15456	0.470831467257051
15457	0.47163407053332
15458	0.472431749863109
15461	0.473224545441899
15463	0.474012497055849
15465	0.474795644086787
15467	0.47692629056108
15468	0.47634494255611
15469	0.477113919219182
15470	0.477878244813729
15472	0.478637956772896
15473	0.478054404068319
15474	0.477474359696636
15475	0.479564462257849
15476	0.478980705256154
15477	0.477072415593779
15478	0.476500888427734
15479	0.477255514531857
15480	0.478005657708628
15481	0.478751353396209
15483	0.479492636683272
15484	0.478917206355123
15487	0.477035409866498
15488	0.475164682768982
15491	0.47460956985534
15492	0.475359792889759
15493	0.476105628654971
15494	0.475550094431929
15495	0.476292294712453
15499	0.475738190210983
15500	0.475187301016099
15502	0.474639602299177
15509	0.475379590986527
15510	0.477397361790425
15513	0.479403513952458
15516	0.480120997296191
15517	0.479559667797289
15519	0.479001552016892
15520	0.477176784199685
15521	0.47916470517231
15529	0.478611265430985
15530	0.478060970233646
15531	0.478774035248515
15532	0.47948306404632
15533	0.480188087031707
15537	0.480889134323568
15538	0.479084672281078
