15314	0.666666666666667
15315	0.444444444444444
15316	0.555555555555556
15317	0.466666666666667
15321	0.311111111111111
15322	0.317460317460318
15323	0.488095238095238
15324	0.527777777777778
15325	0.622222222222222
15326	0.690909090909091
15327	0.686868686868687
15328	0.683760683760684
15330	0.681318681318681
15331	0.590476190476191
15336	0.558333333333333
15337	0.531862745098039
15338	0.546840958605665
15342	0.524366471734893
15343	0.53859649122807
15344	0.519047619047619
15349	0.532467532467533
15352	0.515151515151515
15355	0.527777777777778
15356	0.485555555555556
15357	0.49948717948718
15358	0.487179487179487
15359	0.476190476190476
15362	0.443349753694581
15363	0.436015325670498
15364	0.429390681003584
15369	0.423387096774194
15370	0.417929292929293
15371	0.412953060011884
15372	0.389355742296919
15373	0.423280423280423
15376	0.436436436436436
15377	0.44855381697487
15378	0.442645074224022
15379	0.453846153846154
15380	0.464227642276423
15383	0.473867595818815
15384	0.451827242524917
15385	0.476744186046512
15386	0.47037037037037
15387	0.464412238325282
15392	0.473018809744064
15393	0.481087470449173
15394	0.475056689342404
15397	0.456054421768708
15400	0.464313725490196
15401	0.459276018099548
15404	0.441944847605225
15405	0.425576519916143
15406	0.422222222222222
15407	0.419047619047619
15408	0.427736006683375
15411	0.435974994958661
15412	0.421196181570232
15413	0.440489642184558
15414	0.447905282331512
15415	0.465714789353076
15418	0.472094214029698
15419	0.45734126984127
15420	0.463782051282051
15421	0.45982905982906
15422	0.466003316749586
15425	0.471905179982441
15426	0.458226768968457
15427	0.464182194616977
15428	0.460496311200537
15453	0.46622326551904
15454	0.471714865550482
15456	0.467974824139208
15457	0.482162162162162
15460	0.478245614035088
15461	0.483139667350194
15470	0.479298479298479
15471	0.484041977712864
15474	0.480274261603376
15475	0.484876543209877
15476	0.481180367359229
15477	0.493682045254188
15478	0.489864218779881
15481	0.486181139122316
15483	0.490378476972184
15484	0.486768243785084
15485	0.498432601880878
15487	0.509703779366701
15489	0.505784436121515
15490	0.501994301994302
15491	0.505574136008919
15492	0.501870032725573
15493	0.498284145504461
15495	0.501829040686824
15498	0.505263157894737
15502	0.508591065292096
15503	0.505014376884775
15504	0.501546072974644
15505	0.504848484848485
15506	0.508052805280528
15507	0.511162880993982
15509	0.507709880068532
15510	0.510766741349266
15511	0.507387057387057
15512	0.497813716681641
15513	0.494739316992888
15516	0.497923156801662
15517	0.501019367991845
15518	0.50403113705866
15519	0.506961506961507
15520	0.509813384813385
15523	0.506689844079225
15524	0.503648501785437
15526	0.500686498855835
15531	0.497801099450275
15532	0.489291678946851
15533	0.49794775218504
15534	0.500783364193135
15538	0.497992530345472
15539	0.495270890725436
15540	0.487151695795511
15541	0.490070638411302
15544	0.487542617361658
15545	0.490408602150538
15546	0.487915343915344
15547	0.490730325375995
15548	0.493479330708662
15551	0.496164405684755
15552	0.493659312263964
15553	0.486122528870621
15554	0.483807541059449
15555	0.476532239690134
15558	0.474394942580332
15559	0.472305140961857
15560	0.480065359477124
15561	0.487655646200086
15562	0.485419090941148
15565	0.488026969728565
15566	0.495340870161014
15567	0.493042890915231
15568	0.495488296207505
15569	0.49788239929085
15572	0.495596995596996
15573	0.493358876117497
15574	0.491166745394426
15575	0.484484204640761
15576	0.477937120794264
15577	0.475996130358547
15586	0.474093959731544
15595	0.472229580573952
15601	0.479173928197979
15609	0.472910216718266
15610	0.466768525592055
15620	0.465046781175814
15622	0.463358147229115
15623	0.457455495672056
15624	0.455884329060174
15638	0.450149934983945
15639	0.448689727463312
15640	0.45139751552795
15643	0.454055159369169
15653	0.456663889520059
15658	0.459224898997456
15659	0.461739344666174
15660	0.464208348545698
15662	0.462640983094053
15663	0.457133352342933
15664	0.459613036536114
15665	0.462048961596473
15683	0.460543515651875
15688	0.462940296477628
15763	0.45758838553569
15764	0.456160166544859
15765	0.450946907498632
15768	0.44961038961039
15828	0.452063002910461
15919	0.454474280031317
15922	0.453120749900613
15923	0.459197186012829
15924	0.454123183957438
15925	0.452795822961569
15926	0.451490221982025
15928	0.450205907974974
15929	0.448942420681551
15930	0.454867770996803
15935	0.453567937438905
15936	0.452288845905867
15938	0.451030057413036
15939	0.453299916457811
15940	0.45204372187012
15943	0.450807155322862
15945	0.449589810017271
15946	0.448391289639086
15948	0.450630011454754
15949	0.449433106575964
15951	0.451638523429677
15952	0.450443521509511
15953	0.44926653469367
15957	0.448107202680067
15958	0.446965174129353
15959	0.4458401063987
15960	0.441447593035166
15961	0.443655623168808
15964	0.442579308146023
15965	0.441518667613861
15966	0.440473398683614
15967	0.44585346215781
15968	0.447966507177034
15985	0.45004936583884
15986	0.452102610396449
15988	0.450982145518495
15994	0.45300735228984
15995	0.451888903514545
15996	0.450786061001232
15999	0.449698535745048
16000	0.448626045400239
16001	0.447568314096873
16002	0.452613352324299
16003	0.45152898851529
16006	0.450459344576992
16007	0.449404155286508
16008	0.451352697989469
16009	0.450298953662182
16010	0.449259259259259
