15451	0.333333333333333
15459	0.333333333333333
15460	0.333333333333333
15472	0.333333333333333
15476	0.333333333333333
15479	0.428571428571429
15482	0.404761904761905
15483	0.314814814814815
15484	0.385185185185185
15485	0.496969696969697
15486	0.414141414141414
15487	0.401709401709402
15488	0.487179487179487
15489	0.511111111111111
15490	0.572222222222222
15491	0.583333333333333
15492	0.62962962962963
15493	0.598440545808967
15494	0.571929824561404
15495	0.549206349206349
15496	0.52958152958153
15497	0.512516469038208
15498	0.469806763285024
15499	0.485555555555556
15500	0.525128205128205
15503	0.535612535612536
15504	0.521164021164021
15505	0.5311986863711
15509	0.562452107279694
15510	0.569175627240143
15511	0.533602150537635
15513	0.501262626262626
15518	0.510992275698158
15519	0.481792717086835
15520	0.473544973544974
15521	0.465965965965966
15523	0.458985301090564
15524	0.452541610436347
15525	0.446581196581197
15526	0.441056910569106
15527	0.451800232288037
15528	0.461794019933555
15531	0.455954897815363
15532	0.450505050505051
15533	0.445410628019324
15534	0.440641381436941
15538	0.436170212765958
