15371	0.666666666666667
15469	0.888888888888889
15470	0.777777777777778
15473	0.6
15474	0.622222222222222
15480	0.634920634920635
15481	0.726190476190476
15482	0.712962962962963
15484	0.703703703703704
15485	0.575757575757576
15496	0.535353535353535
15517	0.555555555555556
15536	0.476190476190476
15562	0.412698412698413
15565	0.444444444444444
15579	0.509803921568628
15580	0.52723311546841
15582	0.576998050682261
15583	0.552631578947369
15631	0.531746031746032
15652	0.544011544011544
15667	0.525691699604743
15669	0.509661835748792
15670	0.548888888888889
15672	0.557948717948718
15674	0.566001899335233
15677	0.59700176366843
15680	0.601806239737274
15682	0.606130268199234
15724	0.631541218637993
15725	0.592069892473118
15726	0.556186868686869
15757	0.523469994058229
15781	0.493557422969188
15783	0.466137566137566
15785	0.458958958958959
15800	0.452347083926031
15854	0.446243814664867
15855	0.423931623931624
15860	0.403252032520325
15866	0.384049554781262
15868	0.412698412698413
15869	0.424242424242424
15870	0.42020202020202
15871	0.401932367149758
15881	0.384828862164662
15883	0.410460992907801
15952	0.393707482993197
15956	0.404625850340136
15957	0.414901960784314
15958	0.39894419306184
15959	0.409046927914852
15968	0.418588399720475
15996	0.403367003367003
15997	0.424675324675325
15998	0.421470342522974
16005	0.418431135309538
16006	0.426845899084356
16007	0.434839924670433
16026	0.431511839708561
16121	0.449850167459898
16122	0.456733230926779
16123	0.452876984126984
16126	0.459455128205128
16127	0.455633255633256
