14573	0
14575	0.222222222222222
14579	0.277777777777778
14581	0.433333333333333
14583	0.4
14586	0.476190476190476
14587	0.440476190476191
14588	0.416666666666667
14589	0.466666666666667
14591	0.503030303030303
14593	0.53030303030303
14594	0.551282051282051
14595	0.52014652014652
14605	0.495238095238095
14608	0.475
14621	0.458333333333333
14623	0.518518518518519
14624	0.463937621832359
14625	0.48421052631579
14628	0.501587301587302
14637	0.455988455988456
14640	0.416337285902503
14643	0.409420289855072
14645	0.403333333333333
14650	0.423589743589744
14656	0.441595441595442
15014	0.433862433862434
15170	0.426929392446634
15181	0.420689655172414
15284	0.436559139784946
15285	0.450940860215054
15289	0.443813131313131
15294	0.437314319667261
15296	0.431372549019608
15298	0.425925925925926
15301	0.420920920920921
15303	0.398767188240873
15305	0.378317588843905
15316	0.376068376068376
15416	0.390243902439024
15418	0.387533875338753
15421	0.385012919896641
15422	0.397815362931642
15425	0.40976430976431
15428	0.420933977455717
15429	0.431390687634906
15433	0.427304964539007
15435	0.437074829931973
15438	0.432925170068027
15439	0.442091503267974
15443	0.463549522373052
15449	0.471214320270924
15458	0.466107617051013
15462	0.473400673400674
15466	0.48030303030303
15468	0.475146198830409
15472	0.470256100020165
15476	0.476914085330216
15492	0.472128060263654
15507	0.478506375227687
15604	0.473823373876256
15769	0.4905273937532
15772	0.496031746031746
15776	0.491025641025641
15777	0.486247086247086
15778	0.491632745364089
15779	0.486976880304361
15782	0.472861608411481
15786	0.468875086266391
15787	0.474446680080483
15788	0.470526864893062
15790	0.485032978183663
15791	0.498951005800321
15792	0.503423423423424
15794	0.516491228070176
15795	0.520391888812942
15796	0.507048507048507
15797	0.502650654549389
15798	0.498417721518987
15805	0.510802469135803
15811	0.514604034929238
15813	0.502203937702028
15820	0.498183209026583
15821	0.486461251167134
15823	0.490652074783402
15826	0.487035551991446
