15184	0.333333333333333
15255	0.555555555555556
15261	0.611111111111111
15263	0.633333333333333
15266	0.533333333333333
15268	0.476190476190476
15270	0.523809523809524
15284	0.555555555555556
15285	0.444444444444444
15292	0.424242424242424
15293	0.409090909090909
15294	0.448717948717949
15295	0.527472527472528
15298	0.546031746031746
15300	0.602777777777778
15301	0.610294117647059
15302	0.616557734204793
15308	0.621832358674464
15310	0.626315789473684
15311	0.63015873015873
15335	0.572871572871573
15340	0.552042160737813
15349	0.561594202898551
15350	0.57
15351	0.551794871794872
15352	0.560303893637227
15367	0.591710758377425
15368	0.59688013136289
15371	0.623754789272031
15388	0.605017921146954
15468	0.588037634408602
15484	0.613005050505051
15486	0.616161616161616
15489	0.580952380952381
15491	0.567195767195767
15492	0.554554554554555
15647	0.560455192034139
15652	0.565901934322987
15658	0.587606837606838
15659	0.558943089430894
15660	0.579945799457995
15670	0.568475452196383
15692	0.588090204369274
15693	0.576767676767677
15694	0.566183574879227
15695	0.570459451125501
15706	0.560579196217494
15721	0.564909297052154
15724	0.582312925170068
