15369	0.333333333333333
15374	0.111111111111111
15375	0.222222222222222
15396	0.266666666666667
15402	0.4
15403	0.571428571428571
15409	0.595238095238095
15413	0.537037037037037
15417	0.562962962962963
15418	0.521212121212121
15437	0.48989898989899
15438	0.465811965811966
15448	0.494505494505495
15456	0.428571428571429
15457	0.458333333333333
15466	0.443627450980392
15472	0.394335511982571
15485	0.387914230019493
15486	0.415789473684211
15487	0.407936507936508
15488	0.401154401154401
15493	0.366271409749671
15507	0.335748792270531
15575	0.308888888888889
15648	0.310769230769231
15649	0.312440645773979
15654	0.361552028218695
15657	0.382594417077176
15661	0.401532567049809
15662	0.397132616487455
15667	0.393145161290323
15669	0.429924242424243
15672	0.424242424242424
15675	0.438095238095238
15676	0.432275132275132
15682	0.462962962962963
15683	0.473684210526316
15684	0.483580746738642
15688	0.476068376068376
15689	0.485365853658537
15690	0.478126209833527
15694	0.471391657438169
15695	0.465116279069768
15696	0.459259259259259
15697	0.482769726247987
15699	0.490595127967931
15700	0.470153664302601
15703	0.464569160997732
15706	0.47265306122449
15738	0.480261437908497
15739	0.487430869783811
15740	0.506773101112724
15752	0.488003726997438
15753	0.494500561167228
15754	0.488744588744589
15760	0.494987468671679
