15058	0.333333333333333
15060	0.555555555555556
15061	0.444444444444444
15063	0.533333333333333
15068	0.688888888888889
15072	0.682539682539683
15073	0.511904761904762
15074	0.546296296296296
15076	0.57037037037037
15078	0.527272727272727
15079	0.439393939393939
15081	0.371794871794872
15083	0.366300366300366
15087	0.406349206349206
15089	0.355555555555556
15090	0.352941176470588
15091	0.350762527233116
15092	0.313840155945419
15101	0.315789473684211
15102	0.317460317460318
15103	0.37950937950938
15107	0.346508563899868
15135	0.400966183574879
15137	0.395555555555556
15138	0.365128205128205
15142	0.362773029439696
15157	0.336860670194004
15159	0.382594417077176
15161	0.357088122605364
15162	0.355555555555556
15163	0.354166666666667
15174	0.35290404040404
15177	0.332144979203803
15202	0.332212885154062
15217	0.332275132275132
15236	0.314314314314314
15238	0.332859174964438
15239	0.332883490778228
15242	0.316239316239316
15247	0.333333333333333
15269	0.317460317460318
15279	0.302694721299373
15296	0.304087385482734
15306	0.32020202020202
15310	0.306280193236715
15323	0.293246993524514
15343	0.308806146572104
15344	0.323412698412698
15345	0.310476190476191
15347	0.298300653594771
15356	0.286827551533434
15368	0.276003870343493
15369	0.278127183787561
15370	0.268013468013468
15371	0.258441558441558
15373	0.24937343358396
15376	0.240774349667272
15378	0.255211377362166
15401	0.246704331450094
15404	0.260473588342441
15405	0.252071214524943
15441	0.254650964328384
15450	0.257109788359788
15452	0.249198717948718
15453	0.241647241647242
15454	0.234433891150309
15456	0.247146619841967
15466	0.23998294970162
15467	0.233126293995859
15468	0.226559356136821
15470	0.229525299947835
15471	0.232369355657027
15490	0.24410712081945
15577	0.237597597597598
15587	0.248888888888889
15592	0.251082251082251
15595	0.261738261738262
15596	0.263550795196365
15606	0.265295358649789
15617	0.275205761316872
15619	0.276623506975811
15620	0.294054265843863
15637	0.310862497609486
15639	0.319234360410831
15643	0.327314181486548
15644	0.335115388042413
15645	0.327499129223267
15656	0.342611508341845
15672	0.357220141489804
15676	0.356695156695157
15718	0.348940914158306
15727	0.341436808477482
15840	0.348356592694273
15903	0.341022769690183
15904	0.340862573099415
15927	0.340707331042383
15934	0.347359562381654
15936	0.347076204219061
15945	0.346801346801347
15950	0.346534653465347
15965	0.352811751763412
15978	0.358906021955708
15979	0.358414239482201
15981	0.351587301587302
15989	0.351242887091944
15994	0.344677599482749
15995	0.344467520479982
16006	0.344263223468116
16007	0.350125104253545
16015	0.361834561834562
16016	0.367277992277992
16020	0.360777496839444
16021	0.360296020286705
16022	0.365624205441139
16023	0.365067466266867
16026	0.370223008154043
16031	0.369597759428268
16034	0.368988273275412
16038	0.379505135387488
16042	0.389761248852158
16043	0.388836201056767
16050	0.39335376960327
16051	0.387009353964507
