15580	0.666666666666667
15581	0.444444444444444
15582	0.555555555555556
15583	0.6
15584	0.4
15585	0.285714285714286
15586	0.380952380952381
15587	0.296296296296296
15588	0.37037037037037
15589	0.363636363636364
15590	0.303030303030303
15593	0.307692307692308
15594	0.311355311355311
15595	0.26984126984127
15596	0.319444444444444
15597	0.399509803921569
15600	0.392156862745098
15601	0.421052631578947
15602	0.445614035087719
15603	0.434920634920635
15604	0.455988455988456
15605	0.474308300395257
15606	0.46256038647343
15607	0.478888888888889
15608	0.493333333333333
15609	0.481481481481482
15610	0.494708994708995
15611	0.506568144499179
15613	0.517241379310345
15614	0.526881720430108
15615	0.535618279569893
15616	0.543560606060606
15618	0.550802139037433
15620	0.538375350140056
15621	0.564021164021164
15622	0.551551551551552
15623	0.540066382171645
15624	0.546558704453441
15625	0.535897435897436
15627	0.542276422764228
15628	0.532326751838947
15629	0.523071244001477
15630	0.529598308668076
15631	0.535690235690236
15632	0.541384863123994
15633	0.546716003700278
15635	0.537825059101655
15636	0.543083900226757
15639	0.534693877551021
15640	0.526797385620915
15641	0.532176973353444
15642	0.537252056119981
15643	0.554390868856278
15644	0.558473625140292
15645	0.562337662337662
15647	0.554302422723476
15648	0.569671304698528
15651	0.572959283070329
15652	0.576082862523541
15653	0.568123861566485
15654	0.571302661731007
15655	0.574330090459123
15656	0.566798941798942
15657	0.559615384615385
15658	0.562859362859363
15659	0.54605759083371
15660	0.549604916593503
15661	0.562659846547315
15662	0.556107660455487
15663	0.559221998658618
15664	0.562206572769953
15665	0.565068493150685
15666	0.558805380723189
15667	0.561681681681682
15671	0.564444444444445
15672	0.575757575757576
