14573	
14575	
14579	
14581	
14583	
14586	
14587	
14588	
14589	
14591	
14593	
14594	
14595	
14605	
14608	
14621	
14623	
14624	
14625	
14628	
14637	
14640	
14643	
14645	
14650	
14656	
15014	
15170	
15181	
15284	
15285	
15289	
15294	
15296	
15298	
15301	
15303	
15305	
15316	
15416	
15418	
15421	
15422	
15425	
15428	
15429	
15433	
15435	
15438	
15439	
15443	
15449	
15458	
15462	
15466	
15468	
15472	
15476	
15492	
15507	
15604	
15769	
15772	
15776	
15777	
15778	
15779	
15782	
15786	
15787	
15788	
15790	
15791	
15792	
15794	
15795	
15796	
15797	
15798	
15805	
15811	
15813	
15820	
15821	
15823	
15826	
