14649	0
14652	0
14653	0
14654	0.666666666666667
14655	0.333333333333333
14657	0.333333333333333
14659	1
14662	0.333333333333333
14663	0.666666666666667
14664	0.333333333333333
14665	0.666666666666667
14666	0.333333333333333
14667	0
14668	0
14669	0.333333333333333
14670	0.333333333333333
14671	0
14672	0.333333333333333
14673	0
14676	0.333333333333333
14677	0.333333333333333
14678	0.333333333333333
14679	0
14680	0.333333333333333
14681	0.666666666666667
14682	0.333333333333333
14683	0.333333333333333
14685	0.666666666666667
14688	0.666666666666667
14689	0.666666666666667
14690	0.333333333333333
14691	0
14692	0
14694	0.333333333333333
14695	0
14697	0.333333333333333
14699	0.333333333333333
14702	0
14707	0
14709	0
14710	0.333333333333333
14711	0
14712	0.333333333333333
14713	0.666666666666667
14721	1
14723	0.333333333333333
14724	0.333333333333333
14726	0
14734	0.666666666666667
14737	0.333333333333333
14738	0.666666666666667
14746	0.666666666666667
14747	0.666666666666667
14748	0
14749	0.666666666666667
14750	0.333333333333333
14753	1
14758	1
14765	0
14766	0
14779	0
14784	0.333333333333333
14786	0.666666666666667
14794	0
14795	0
14807	0.333333333333333
14808	0
14809	0.666666666666667
14810	0.333333333333333
14811	1
14812	1
14813	0
14815	0.333333333333333
14816	0.333333333333333
14828	0.333333333333333
14831	0.333333333333333
14840	0.333333333333333
14847	0.333333333333333
14848	0.333333333333333
14849	1
14850	0.333333333333333
14851	0.666666666666667
14853	1
14854	0
14856	0.333333333333333
14857	0.333333333333333
14859	0.666666666666667
14861	1
14864	0.333333333333333
14865	0.333333333333333
14868	1
14869	0
14870	0.666666666666667
14872	0.333333333333333
14873	0.666666666666667
14874	0.666666666666667
14877	0
14882	0.666666666666667
14884	1
14885	0.666666666666667
14890	0.666666666666667
14893	0.333333333333333
14900	1
14917	0.333333333333333
14956	0.333333333333333
14958	0
14961	0
14975	0.333333333333333
14981	0.666666666666667
14989	0
15023	0.333333333333333
15026	0.333333333333333
15029	0.333333333333333
15031	0
15037	0.666666666666667
15041	0.333333333333333
15048	0
15050	0.333333333333333
15052	0
15053	0.333333333333333
15054	0.333333333333333
15059	0.333333333333333
15067	0.333333333333333
15079	0.666666666666667
15080	0
15083	0.333333333333333
15104	0
15105	0.666666666666667
15106	1
15107	0
15108	0
15109	0
15110	0
15111	0
15112	0
15113	1
15114	0
15115	0
15116	0
15117	0.666666666666667
15118	0.333333333333333
15119	0.333333333333333
15120	0.666666666666667
15121	0.666666666666667
15122	0.666666666666667
15124	0.333333333333333
15125	0
15126	0.666666666666667
15127	0
15129	0.333333333333333
15132	0.333333333333333
15133	0.666666666666667
15134	0
15136	0
15138	0.666666666666667
15139	0
15140	0.666666666666667
15144	0.666666666666667
15145	0
15146	0
15147	0.666666666666667
15148	1
15149	0
15150	0
15151	0
15152	0.333333333333333
15153	0.333333333333333
15154	0.333333333333333
15155	0
15156	0.666666666666667
15157	0
15158	0
15159	0
15160	0.333333333333333
15169	0.666666666666667
15171	0.333333333333333
15172	0.333333333333333
15173	0
15175	0
15177	0.333333333333333
15178	0.666666666666667
15180	0
15181	0.666666666666667
15182	0
15184	0.333333333333333
15185	0
15186	1
15187	0.333333333333333
15188	0.333333333333333
15189	0.333333333333333
15190	0.666666666666667
15191	1
15192	0.666666666666667
15193	0.333333333333333
15194	0.333333333333333
15195	0
15196	0.666666666666667
15197	0.333333333333333
15198	0.333333333333333
15201	0.333333333333333
15205	0
15206	0.666666666666667
15208	1
15209	0.666666666666667
15210	0.333333333333333
15211	0
15212	0.333333333333333
15213	0.666666666666667
15214	1
15219	0.333333333333333
15220	0.333333333333333
15221	0.333333333333333
15222	0
15223	0.666666666666667
15224	0
15227	0.666666666666667
15235	0.333333333333333
15238	0.333333333333333
15242	0.333333333333333
15243	0.666666666666667
15245	0.333333333333333
15246	0.666666666666667
15247	0.666666666666667
15249	0.333333333333333
15250	0
15251	0.666666666666667
15252	0.333333333333333
15253	0.333333333333333
15254	0.333333333333333
15255	1
15256	0
15258	1
15263	0
15282	0.333333333333333
15286	0.333333333333333
15296	0.666666666666667
15299	0.666666666666667
15301	0
15307	0.666666666666667
15308	0.666666666666667
15309	0.333333333333333
15310	0.333333333333333
15313	0.333333333333333
15317	0.333333333333333
15326	1
15327	0.333333333333333
15328	0
15397	0.333333333333333
15399	1
15401	0.333333333333333
15406	0
15407	0.333333333333333
15408	0
15409	0.333333333333333
15410	0
15411	0.333333333333333
15412	0
15413	0.333333333333333
15414	0.333333333333333
15416	1
15417	0.333333333333333
15419	0.333333333333333
15420	0
15421	1
15422	0
15423	0.333333333333333
15425	0.333333333333333
15429	0.333333333333333
15431	0.333333333333333
15432	0
15433	0.333333333333333
15434	0
15435	0
15437	0.666666666666667
15438	0.333333333333333
15439	0.333333333333333
15444	0.333333333333333
15445	0
15446	0
15447	0.333333333333333
15448	0
15449	0
15450	1
15452	0.333333333333333
15453	0.666666666666667
15456	0
15457	0.666666666666667
15458	0.333333333333333
15459	0
15460	1
15461	0.333333333333333
15468	0.666666666666667
15469	0.666666666666667
15470	0
15472	0.333333333333333
15473	0.333333333333333
15474	0.333333333333333
15475	1
15476	0
15477	0.333333333333333
15480	0.333333333333333
15481	1
15482	0.333333333333333
15483	0
15484	0.333333333333333
15486	0.333333333333333
15487	1
15488	0.333333333333333
15490	0
15494	0.333333333333333
15495	0.333333333333333
15498	0
15500	0
15501	0.333333333333333
15503	0
15504	0.333333333333333
15505	0.666666666666667
15507	0
15508	1
15511	0.333333333333333
15512	0.333333333333333
15513	0
15515	0.666666666666667
15517	0.666666666666667
15518	0.666666666666667
15522	0
15523	0.333333333333333
15525	0.333333333333333
15526	0.666666666666667
15527	0
15538	0.333333333333333
15539	0.666666666666667
15543	0.666666666666667
15545	0
15546	0
15547	0
15550	0.666666666666667
15551	0.333333333333333
15553	0.333333333333333
15554	0
15556	0.666666666666667
15558	0.333333333333333
15559	0
15560	0.333333333333333
15561	0.666666666666667
15563	0.666666666666667
15564	0.333333333333333
15565	0.666666666666667
15568	1
15571	0.666666666666667
15572	0.333333333333333
15575	0.333333333333333
15578	0.666666666666667
15580	0.666666666666667
15581	0.333333333333333
15582	0.333333333333333
15591	0.333333333333333
15592	0
15597	0.333333333333333
15599	0
15601	1
15602	0.333333333333333
15615	0.333333333333333
15617	0.666666666666667
15620	0.666666666666667
15623	0.666666666666667
15632	0.666666666666667
