15365	0.333333333333333
15367	0
15368	0.333333333333333
15374	0
15379	0
15393	1
15402	0.666666666666667
15403	0.333333333333333
15423	0.333333333333333
15430	0.666666666666667
15431	0
15432	0.333333333333333
15441	0.666666666666667
15442	0
15444	0.333333333333333
15452	0.333333333333333
15455	0.333333333333333
15456	0
15457	0
15458	0
15459	0.333333333333333
15460	0
15466	0
15468	0.333333333333333
15474	0
15479	0.333333333333333
15480	0
15491	0
15492	0.333333333333333
15494	1
15495	0.333333333333333
15497	0.666666666666667
15498	0
15531	0.333333333333333
15539	0.333333333333333
15540	0
15542	0.666666666666667
15546	0
15654	0
15662	0
15701	0.333333333333333
15707	0.333333333333333
15709	0.333333333333333
15710	0.333333333333333
15717	0
15730	0.333333333333333
15738	0.333333333333333
15753	0.333333333333333
15780	0
15781	0.333333333333333
15787	0.333333333333333
15788	0
15800	0.666666666666667
15801	1
15809	0.333333333333333
15816	0
15820	0
15821	0.666666666666667
15822	0.333333333333333
15853	0.333333333333333
15855	0.333333333333333
15875	0
15878	0.333333333333333
15884	0.333333333333333
15892	0
