15323	0
15324	0.333333333333333
15327	0.333333333333333
15340	0
15368	0.333333333333333
15369	0.333333333333333
15383	0.666666666666667
15437	0.333333333333333
15449	0.333333333333333
15454	0.333333333333333
15461	0.333333333333333
15462	0
15463	0
15464	0
15466	0.333333333333333
15467	0.666666666666667
15474	0.333333333333333
15482	0
15491	0.333333333333333
15515	0.333333333333333
15518	0.666666666666667
15519	0
15528	0.333333333333333
15529	0.666666666666667
15533	1
15535	0.333333333333333
15536	0.333333333333333
15537	0.333333333333333
15540	0
15542	0
15547	0.333333333333333
15548	0.333333333333333
15554	0.333333333333333
15561	0.333333333333333
15562	0.333333333333333
15563	0.333333333333333
15567	0.333333333333333
15569	0.666666666666667
15575	0.333333333333333
15577	0.333333333333333
15587	0.666666666666667
15589	0.666666666666667
15590	0.666666666666667
15591	0.666666666666667
15592	0.666666666666667
15604	0.666666666666667
15606	0
15607	0
15635	0.333333333333333
15648	0.333333333333333
15654	0
15662	0.666666666666667
15663	0
15669	0.333333333333333
15670	0.666666666666667
15675	0.666666666666667
15676	0.333333333333333
15677	0.333333333333333
15683	0
15684	0
15686	0
