15477	
15478	
15479	
15480	
15481	
15482	
15483	
15484	
15485	
15486	
15487	
15488	
15489	
15490	
15491	
15493	
15494	
15496	
15497	
15498	
15500	
15503	
15504	
15505	
15508	
15509	
15510	
15513	
15514	
15515	
15516	
15517	
15518	
15519	
15520	
15521	
15522	
15523	
15524	
15525	
15526	
15529	
15530	
15531	
15532	
15534	
15535	
15536	
15537	
15538	
15539	
15540	
15541	
15542	
15543	
15569	
15570	
15571	
15572	
15573	
15574	
15575	
15577	
15578	
15579	
15580	
15581	
15582	
15612	
15613	
15615	
15616	
15618	
15619	
15620	
15622	
15623	
15624	
15625	
15626	
15627	
15628	
15629	
15630	
15631	
15632	
15633	
15634	
15635	
15636	
15637	
15638	
15639	
15640	
15641	
15642	
15648	
15722	
15723	
15724	
15725	
15732	
15733	
15735	
15736	
15738	
15739	
15740	
15741	
15742	
15743	
15744	
15745	
15746	
15752	
15753	
15754	
15756	
15760	
15765	
15766	
15767	
15771	
15773	
15774	
15775	
15776	
15779	
15780	
15781	
15782	
15784	
15785	
15786	
15787	
15788	
15791	
15793	
15794	
15795	
15796	
15797	
15798	
15799	
15801	
15802	
15816	
15817	
15818	
15819	
15822	
15824	
15827	
15828	
15829	
15830	
15834	
15835	
15836	
15837	
15838	
15841	
15842	
15843	
15848	
15850	
15851	
15853	
15855	
15856	
15857	
15858	
15859	
15860	
15864	
15865	
15866	
15870	
15871	
15881	
15885	
15890	
15892	
15895	
15898	
15899	
15900	
15901	
15902	
15903	
15907	
15908	
15909	
15910	
15912	
15913	
15914	
15918	
15919	
15920	
15921	
15922	
15923	
15924	
15925	
15926	
15945	
15946	
15947	
15948	
15949	
15950	
15951	
15952	
15953	
15954	
15955	
15956	
15957	
15959	
15960	
15961	
15962	
15963	
15964	
15965	
15966	
15967	
15969	
15970	
15971	
15976	
15977	
15979	
15981	
15982	
15984	
15985	
15987	
15988	
15989	
15990	
15991	
15992	
15993	
15994	
15995	
15996	
15997	
15998	
15999	
16000	
16001	
16007	
16008	
16009	
16010	
16011	
16012	
16013	
16016	
16017	
16018	
16019	
16020	
16021	
16022	
16024	
16025	
16027	
16032	
16033	
16034	
16035	
16036	
16037	
16038	
16039	
16043	
16045	
16046	
16047	
16048	
16049	
16050	
16051	
16052	
16053	
16054	
16055	
16056	
16057	
16058	
16059	
16060	
16061	
16062	
16063	
