14426	
14427	
14428	
14429	
14432	
14433	
14436	
14437	
14438	
14442	
14443	
14448	
14450	
14459	
14460	
14463	
14464	
14465	
14469	
14471	
14472	
14475	
14480	
14481	
14484	
14488	
14489	
14490	
14491	
14494	
14495	
14499	
14500	
14509	
14512	
14514	
14515	
14520	
14521	
14526	
14532	
14533	
14535	
14539	
14540	
14546	
14554	
14555	
14556	
14562	
14566	
14567	
14582	
14587	
14588	
14589	
14590	
14591	
14594	
14596	
14600	
14607	
14608	
14618	
14619	
14621	
14625	
14627	
14628	
14629	
14630	
14633	
14634	
14636	
14640	
14641	
14645	
14657	
14659	
14663	
14670	
14675	
14686	
14687	
14689	
14691	
14699	
14700	
14701	
14704	
14705	
14708	
14709	
14710	
14711	
14712	
14713	
14715	
14716	
14717	
14718	
14719	
14722	
14726	
14727	
14728	
14729	
14734	
14736	
14737	
14742	
14743	
14744	
14746	
14750	
14751	
14755	
14762	
14763	
14764	
14768	
14769	
14771	
14773	
14774	
14776	
14777	
14778	
14781	
14782	
14783	
14790	
14864	
14867	
14868	
14870	
14872	
14874	
14875	
14877	
14879	
14880	
14881	
14882	
14883	
14884	
14886	
14887	
14888	
14889	
14890	
14891	
14892	
14893	
14894	
14895	
14896	
14897	
14898	
14899	
14904	
14905	
14906	
14907	
14908	
14909	
14911	
14914	
14915	
14916	
14917	
14918	
14925	
14928	
14929	
14936	
14939	
14943	
14946	
14948	
14949	
14950	
14952	
14953	
14955	
14957	
14958	
14959	
14960	
14963	
14964	
14965	
14966	
14967	
14968	
14969	
14970	
14971	
14972	
14973	
14974	
14977	
14978	
14979	
14980	
14981	
14983	
14984	
14985	
14986	
14987	
14988	
14989	
14991	
14992	
14993	
14994	
14995	
14996	
14997	
14998	
14999	
15000	
15001	
15002	
15003	
15004	
15005	
15006	
15007	
15008	
15009	
15010	
15012	
15013	
15014	
15016	
15018	
15019	
15020	
15021	
15022	
15023	
15025	
15026	
15027	
15028	
15029	
15032	
15033	
15034	
15035	
15036	
15037	
15040	
15041	
15042	
15046	
15049	
15050	
15051	
15053	
15054	
15058	
15059	
15060	
15061	
15062	
15063	
15064	
15065	
15066	
15067	
15068	
15069	
15070	
15071	
15072	
15073	
15074	
15075	
15094	
15097	
15098	
15105	
15107	
15112	
15115	
15116	
15117	
15119	
15120	
15121	
15136	
15139	
15143	
15176	
15177	
15180	
15181	
15183	
15185	
15186	
15187	
15188	
15189	
15190	
15191	
15194	
15197	
15198	
15201	
15202	
15203	
15204	
15205	
15207	
15208	
15209	
15210	
15211	
15212	
15214	
15215	
15216	
15217	
15223	
15224	
15225	
15226	
15227	
15229	
15233	
15234	
15237	
15238	
15239	
15240	
15245	
15246	
15247	
15248	
15249	
15252	
15253	
15254	
15258	
15260	
15261	
15262	
15263	
15264	
15265	
15266	
15267	
15268	
15269	
15270	
15271	
15272	
15273	
15274	
15275	
15278	
15279	
15281	
15282	
15283	
15284	
15285	
15286	
15287	
15288	
15289	
15290	
15291	
15293	
15295	
15296	
15300	
15301	
15302	
15303	
15304	
15305	
15306	
15307	
15308	
15309	
15310	
15311	
15312	
15313	
15318	
15319	
15320	
15321	
15323	
15324	
15325	
15328	
15329	
15330	
15332	
15333	
15335	
15336	
15337	
15338	
15342	
15343	
15344	
15345	
15346	
15348	
15349	
15350	
15351	
15352	
15353	
15354	
15355	
15356	
15357	
15358	
15359	
15360	
15361	
15362	
15363	
15364	
15365	
15368	
15370	
15371	
15372	
15373	
15375	
15376	
15377	
15378	
15379	
15380	
15383	
15385	
15386	
15387	
15388	
15390	
15391	
15393	
15398	
15401	
15402	
15403	
15404	
15406	
15408	
15410	
15411	
15413	
15414	
15416	
15419	
15420	
15421	
15422	
15423	
15424	
15425	
15426	
15428	
15429	
15431	
15432	
15433	
15434	
15435	
15436	
15437	
15439	
15440	
15442	
15447	
15448	
15449	
15450	
15451	
15452	
15453	
15454	
15455	
15456	
15457	
15458	
15459	
15460	
15461	
15462	
15463	
15464	
15465	
15466	
15467	
15468	
15469	
15472	
15474	
15475	
15476	
15477	
15482	
15484	
15495	
15497	
15499	
15500	
15501	
15503	
15504	
15508	
15535	
15536	
15543	
15547	
