15433	0
15434	0
15435	0.333333333333333
15436	0.333333333333333
15437	0
15438	0
15439	0
15440	0.666666666666667
15441	0
15442	0
15443	0
15444	0
15445	0
15446	0
15447	0.333333333333333
15448	0.333333333333333
15450	0
15451	0.333333333333333
15453	0.666666666666667
15454	0.333333333333333
15455	0.333333333333333
15456	0.666666666666667
15457	0.333333333333333
15458	0.333333333333333
15460	1
15461	0
15462	0.333333333333333
15463	0.666666666666667
15464	0.333333333333333
15465	0.333333333333333
15466	0
15467	0.666666666666667
15469	0.333333333333333
15470	0.666666666666667
15472	0
15473	0.666666666666667
15474	0
15475	0.666666666666667
15476	0.333333333333333
15477	0.333333333333333
15478	0.333333333333333
15480	0.666666666666667
15481	0.333333333333333
15482	1
15484	0.333333333333333
15485	0.666666666666667
15486	0.333333333333333
15487	0.333333333333333
15490	0
15491	0.333333333333333
