15066	
15067	
15068	
15069	
15071	
15072	
15073	
15074	
15075	
15076	
15077	
15078	
15083	
15084	
15089	
15090	
15091	
15092	
15097	
15098	
15100	
15101	
15103	
15104	
15106	
15108	
15109	
15112	
15117	
15121	
15125	
15127	
15128	
15129	
15130	
15131	
15135	
15140	
15141	
15142	
15144	
15154	
15158	
15160	
15163	
15164	
15172	
15180	
15181	
15182	
15184	
15187	
15189	
15190	
15192	
15193	
15194	
15195	
15196	
15197	
15200	
15201	
15203	
15206	
15209	
15210	
15211	
15212	
15213	
15215	
15216	
15217	
15218	
15219	
15221	
15223	
15224	
15225	
15226	
15227	
15228	
15230	
15231	
15235	
15236	
15237	
15238	
15239	
15240	
15241	
15242	
15243	
15244	
15246	
15250	
15251	
15252	
15253	
15254	
15255	
15256	
15257	
15258	
15259	
15260	
15261	
15263	
15264	
15271	
15272	
15273	
15274	
15275	
15276	
15278	
15279	
15280	
15282	
15283	
15285	
15286	
15288	
15289	
15290	
15291	
15292	
15293	
15294	
15295	
15297	
15298	
15299	
15300	
15302	
15303	
15304	
15307	
15308	
15310	
15311	
15313	
15314	
15315	
15316	
15317	
15318	
15319	
15320	
15322	
15324	
15325	
15326	
15327	
15328	
15329	
15330	
15331	
15335	
15339	
15341	
15344	
15345	
15346	
15347	
15349	
15350	
15351	
15352	
15353	
15355	
15356	
15358	
15363	
15364	
15366	
15367	
15368	
15370	
15371	
15372	
15419	
15420	
15421	
15422	
15424	
15425	
15427	
15429	
15433	
15435	
15436	
15438	
15440	
15442	
15443	
15444	
15445	
15446	
15447	
15450	
15451	
15452	
15453	
15454	
15460	
15461	
15463	
15465	
15466	
15468	
15469	
15472	
15478	
15479	
15481	
15485	
15486	
15487	
15489	
15491	
15492	
15496	
15497	
15501	
15503	
15510	
15514	
15516	
15518	
15519	
15524	
15525	
15526	
15527	
15530	
15531	
15535	
15538	
15539	
15540	
15542	
15545	
15546	
15547	
15548	
15551	
15552	
15553	
15554	
15555	
15556	
15560	
15561	
15562	
15563	
15564	
15567	
15568	
15570	
15571	
15572	
15573	
15574	
15575	
15576	
15577	
15579	
15581	
15583	
15585	
15588	
15590	
15591	
15595	
15597	
15598	
