15016	
15019	
15020	
15021	
15022	
15035	
15047	
15052	
15057	
15058	
15059	
15060	
15061	
15062	
15063	
15064	
15065	
15066	
15067	
15068	
15070	
15071	
15072	
15073	
15075	
15089	
15091	
15092	
15094	
15096	
15106	
15107	
15110	
15111	
15112	
15113	
15114	
15115	
15116	
15117	
15118	
15119	
15120	
15121	
15122	
15123	
15127	
15129	
15131	
15132	
15133	
15134	
15135	
15136	
15139	
15141	
15142	
15144	
15145	
15147	
15148	
15149	
15150	
15151	
15152	
15153	
15154	
15155	
15156	
15157	
15159	
15161	
15162	
15163	
15166	
15167	
15170	
15171	
15192	
15193	
15194	
15195	
15196	
15197	
15208	
15209	
15210	
15211	
15212	
15213	
15214	
15217	
15219	
15221	
15222	
15223	
15224	
15225	
15226	
15227	
15228	
15229	
15230	
15232	
15233	
15234	
15235	
15239	
15240	
15241	
15247	
15249	
15250	
15251	
15252	
15254	
15257	
15258	
15259	
15268	
15279	
15281	
15282	
15286	
15287	
15288	
15293	
15294	
15295	
15297	
15298	
15299	
15300	
15301	
15303	
15334	
15352	
15354	
15357	
15358	
15359	
15360	
15361	
15362	
15365	
15366	
15367	
15368	
15369	
15370	
15371	
15372	
15373	
15374	
15376	
15377	
15378	
15379	
15380	
15381	
15383	
15384	
15387	
15388	
15441	
15443	
15444	
15445	
15446	
15448	
15449	
15462	
15465	
15466	
15467	
15470	
15471	
15474	
15475	
15476	
15503	
15504	
15506	
15508	
15511	
15512	
15514	
15583	
15584	
15586	
15594	
15609	
15610	
15613	
15624	
15625	
15626	
15627	
15630	
15633	
15634	
15635	
15636	
15637	
15644	
15645	
15648	
15652	
15654	
15656	
15659	
15660	
15662	
15757	
15758	
15759	
15760	
15761	
15762	
15763	
