15132	
15133	
15134	
15135	
15136	
15137	
15138	
15140	
15141	
15142	
15143	
15144	
15145	
15146	
15148	
15149	
15150	
15151	
15152	
15153	
15154	
15155	
15156	
15157	
15161	
15163	
15164	
15165	
15166	
15167	
15168	
15169	
15172	
15174	
15175	
15176	
15177	
15179	
15180	
15181	
15183	
15186	
15187	
15190	
15191	
15192	
15193	
15194	
15196	
15197	
15198	
15199	
15201	
15202	
15203	
15204	
15205	
15206	
15207	
15208	
15210	
15211	
15212	
15213	
15214	
15215	
15216	
15217	
15218	
15219	
15220	
15222	
15231	
15232	
15233	
15235	
15238	
15240	
15241	
15242	
15243	
15244	
15245	
15246	
15247	
15248	
15249	
15250	
15251	
15253	
15254	
15255	
15256	
15257	
15258	
15259	
15260	
15261	
15262	
15264	
15265	
15266	
15267	
15268	
15269	
15270	
15272	
15273	
15274	
15275	
15277	
15278	
15279	
15280	
15281	
15282	
15283	
15284	
15285	
15286	
15287	
15288	
15290	
15291	
15292	
15293	
15294	
15296	
15297	
15298	
15300	
15301	
15304	
15305	
15306	
15307	
15308	
15309	
15310	
15311	
15312	
15313	
15314	
15315	
15316	
15317	
15319	
15321	
15322	
15323	
15325	
15327	
15328	
15329	
15331	
15332	
15334	
15337	
15339	
15341	
15342	
15343	
15344	
15348	
15350	
15351	
15352	
15353	
15355	
15356	
15357	
15359	
15360	
15361	
15363	
15365	
15366	
15367	
15368	
15369	
15370	
15372	
15373	
15374	
15376	
15378	
15379	
15383	
15385	
15387	
15388	
15390	
15397	
15401	
15402	
15403	
15404	
15407	
15415	
15417	
15422	
15423	
15425	
15426	
15427	
15428	
15430	
15432	
15433	
15436	
15439	
15440	
15441	
15443	
15447	
15460	
15462	
15463	
15464	
15466	
15468	
15470	
15471	
15472	
15477	
15478	
15479	
15480	
15483	
15484	
15485	
15495	
15502	
15506	
15540	
15541	
15555	
15557	
15558	
15562	
15568	
15569	
15573	
15574	
15576	
15579	
15581	
15596	
15597	
15598	
15599	
15600	
15603	
15604	
