14016	
14017	
14018	
14020	
14021	
14023	
14025	
14027	
14031	
14042	
14046	
14047	
14053	
14054	
14055	
14057	
14108	
14109	
14118	
14127	
14129	
14136	
14139	
14141	
14142	
14143	
14145	
14158	
14159	
14160	
14162	
14169	
14221	
14226	
14227	
14228	
14229	
14230	
14239	
14240	
14244	
14247	
14248	
14251	
14262	
14351	
14359	
14360	
14361	
14363	
14374	
14379	
14380	
14381	
14382	
14383	
14384	
14386	
14387	
14388	
14389	
14392	
14394	
14395	
14397	
14405	
14407	
14408	
14418	
14421	
14424	
14436	
14442	
14445	
14448	
14449	
14463	
14464	
14465	
14470	
14471	
14472	
14473	
14479	
14485	
14492	
14494	
14497	
14499	
14500	
14506	
14508	
14510	
14512	
14514	
14515	
14518	
14521	
14527	
14534	
14553	
14568	
14578	
14584	
14586	
14588	
14595	
14596	
14597	
14598	
14599	
14600	
14604	
14609	
14610	
14614	
14617	
14618	
14623	
14624	
14625	
14626	
14630	
14631	
14633	
14636	
14637	
14638	
14641	
14643	
14647	
14653	
14654	
14664	
14666	
14670	
14671	
14673	
14702	
14706	
14707	
14708	
14709	
14718	
14721	
14727	
14732	
14733	
14788	
14791	
14797	
14801	
14806	
14807	
14819	
14820	
14851	
14853	
14854	
14855	
14857	
14860	
14872	
14873	
14877	
14880	
14881	
14882	
14883	
14887	
14893	
14895	
14896	
14897	
14910	
14913	
14914	
14915	
14916	
14918	
14931	
14932	
14933	
14936	
14938	
14942	
14945	
14946	
14947	
14948	
14949	
14951	
14952	
14960	
14961	
14965	
14968	
14976	
15022	
15024	
15026	
15028	
15038	
15040	
15041	
15042	
15044	
15045	
15048	
15049	
15050	
15051	
15054	
15059	
15060	
