13429	0.333333333333333
13430	0.333333333333333
13431	0.222222222222222
13432	0.25
13434	0.266666666666667
13435	0.277777777777778
13436	0.285714285714286
13437	0.333333333333333
13438	0.296296296296296
13439	0.333333333333333
13440	0.333333333333333
13441	0.305555555555556
13443	0.307692307692308
13444	0.30952380952381
13445	0.288888888888889
13446	0.291666666666667
13447	0.274509803921569
13448	0.259259259259259
13449	0.280701754385965
13452	0.3
13453	0.301587301587302
13454	0.318181818181818
13459	0.318840579710145
13460	0.305555555555556
13461	0.333333333333333
13463	0.346153846153846
13464	0.345679012345679
13465	0.345238095238095
13467	0.35632183908046
13468	0.366666666666667
13472	0.376344086021505
13473	0.364583333333333
13475	0.373737373737374
13479	0.372549019607843
13488	0.371428571428572
13499	0.37037037037037
13501	0.378378378378378
13504	0.385964912280702
13507	0.384615384615385
13514	0.4
13515	0.390243902439024
13516	0.388888888888889
13518	0.395348837209302
13522	0.393939393939394
13523	0.392592592592593
13526	0.391304347826087
13529	0.404255319148936
13530	0.402777777777778
13531	0.408163265306123
13533	0.4
13536	0.398692810457516
13540	0.403846153846154
13542	0.408805031446541
13543	0.401234567901235
13548	0.4
13549	0.398809523809524
13550	0.403508771929825
13551	0.408045977011494
13555	0.406779661016949
13561	0.405555555555556
13562	0.404371584699454
13563	0.408602150537634
13565	0.412698412698413
13566	0.411458333333333
13568	0.415384615384616
13569	0.419191919191919
13571	0.412935323383085
13572	0.416666666666667
13573	0.415458937198068
13584	0.414285714285714
13585	0.413145539906103
13586	0.407407407407407
13603	0.406392694063927
13605	0.405405405405405
13607	0.413333333333333
13610	0.407894736842105
13613	0.406926406926407
13615	0.405982905982906
13616	0.40084388185654
13617	0.395833333333333
13619	0.390946502057613
13621	0.386178861788618
13623	0.389558232931727
13626	0.388888888888889
13627	0.392156862745098
13630	0.391472868217054
13633	0.394636015325671
13634	0.393939393939394
13644	0.400749063670412
13645	0.4
13652	0.402930402930403
13657	0.398550724637681
13658	0.39426523297491
13659	0.390070921985816
13660	0.385964912280702
13661	0.388888888888889
13665	0.384879725085911
13666	0.384353741496599
13668	0.383838383838384
13675	0.38
13676	0.376237623762376
13677	0.375816993464052
13678	0.378640776699029
13681	0.378205128205128
13682	0.380952380952381
13683	0.383647798742138
13690	0.383177570093458
13726	0.385802469135803
13730	0.388379204892966
13731	0.387878787878788
13732	0.384384384384384
13733	0.386904761904762
13734	0.383480825958702
13735	0.383040935672515
13736	0.379710144927536
13737	0.376436781609196
13739	0.378917378917379
13740	0.375706214689266
13752	0.378151260504202
13753	0.383333333333333
13754	0.382920110192838
13758	0.379781420765027
13762	0.376693766937669
13764	0.376344086021505
13769	0.376
13770	0.373015873015873
13771	0.377952755905512
13772	0.377604166666667
13774	0.377260981912145
13793	0.374358974358974
13794	0.374045801526718
13795	0.371212121212121
13797	0.368421052631579
13798	0.3681592039801
13801	0.365432098765432
13807	0.365196078431373
13826	0.362530413625304
13827	0.359903381642512
13829	0.364508393285372
13836	0.361904761904762
13841	0.361702127659575
13924	0.359154929577465
13925	0.356643356643357
13942	0.354166666666667
13943	0.354022988505747
13945	0.353881278538813
13946	0.351473922902494
13959	0.353603603603604
13964	0.351230425055928
13965	0.351111111111111
13966	0.353200883002208
13981	0.350877192982456
13982	0.350762527233116
13990	0.348484848484849
14001	0.348387096774194
14002	0.348290598290598
14018	0.348195329087049
14025	0.348101265822785
14032	0.348008385744235
14040	0.347916666666667
14043	0.347826086956522
14051	0.345679012345679
14089	0.34560327198364
14107	0.34349593495935
14117	0.341414141414141
14121	0.34136546184739
14131	0.341317365269461
14164	0.341269841269841
14171	0.341222879684418
14190	0.343137254901961
14191	0.34307992202729
14192	0.34108527131783
14222	0.339113680154143
14223	0.339080459770115
14227	0.340952380952381
14234	0.340909090909091
14248	0.340866290018832
14252	0.340823970037453
14270	0.338919925512104
14271	0.340740740740741
14274	0.342541436464088
14276	0.342490842490843
14277	0.342440801457195
14289	0.342391304347826
14297	0.342342342342342
14298	0.342293906810036
14306	0.342245989304813
14322	0.340425531914894
14325	0.338624338624339
14332	0.33859649122807
14333	0.340314136125655
14334	0.340277777777778
14338	0.340241796200345
14352	0.34020618556701
14353	0.34017094017094
14366	0.340136054421769
14367	0.341793570219966
14421	0.34006734006734
14422	0.338358458961474
14423	0.338333333333333
14446	0.33665008291874
14454	0.336633663366337
14484	0.334975369458128
14486	0.334967320261438
14496	0.334959349593496
14511	0.33495145631068
14512	0.334943639291465
14513	0.336538461538462
14514	0.338118022328549
14518	0.33968253968254
14519	0.341232227488152
14528	0.339622641509434
14529	0.339593114241002
14532	0.339563862928349
14534	0.34108527131783
14579	0.342592592592593
14582	0.342549923195085
14588	0.345565749235474
14591	0.345509893455099
14594	0.345454545454546
14597	0.345399698340875
14599	0.345345345345345
14672	0.345291479820628
14673	0.34375
14688	0.342222222222222
14701	0.343657817109145
14702	0.34654919236417
14706	0.349415204678363
14735	0.349344978165939
14773	0.352173913043478
14796	0.352092352092352
14805	0.350574712643678
14834	0.350500715307582
14857	0.351851851851852
14861	0.353191489361702
14893	0.353107344632768
14909	0.351617440225035
14955	0.351540616246499
14997	0.350069735006974
14999	0.351388888888889
15004	0.349930843706777
15019	0.349862258953168
15055	0.349794238683128
15091	0.349726775956284
15093	0.349659863945578
15122	0.348238482384824
15144	0.349527665317139
15164	0.349462365591398
15192	0.349397590361446
15246	0.348
15247	0.347941567065073
15291	0.346560846560847
15302	0.345191040843215
15322	0.345144356955381
15323	0.345098039215686
15410	0.34375
15411	0.342412451361868
15412	0.34108527131783
15413	0.33976833976834
15414	0.341025641025641
15417	0.343550446998723
15420	0.344783715012723
15422	0.347275031685678
15423	0.345959595959596
15425	0.344654088050315
15427	0.344611528822055
15428	0.347066167290886
15435	0.345771144278607
15437	0.346964064436183
15439	0.348148148148148
15440	0.346863468634686
15441	0.348039215686275
15442	0.349206349206349
15444	0.349148418491484
15445	0.351515151515152
15446	0.351449275362319
15447	0.351383874849579
15448	0.352517985611511
15450	0.352449223416965
15455	0.352380952380952
15456	0.352313167259787
15457	0.352245862884161
15461	0.352179034157833
15468	0.35093896713615
15469	0.352046783625731
15470	0.351981351981352
15473	0.35191637630662
15474	0.350694444444444
15477	0.351787773933103
15486	0.351724137931035
15491	0.352806414662085
15492	0.351598173515982
15499	0.351535836177475
15509	0.352607709750567
15510	0.352542372881356
15514	0.352477477477478
15520	0.354657687991021
15523	0.354586129753915
15524	0.354515050167224
15526	0.354444444444444
15527	0.353266888150609
15528	0.355408388520971
15529	0.354235423542354
15530	0.354166666666667
15531	0.356284153005465
15533	0.356209150326797
15534	0.35613463626493
15536	0.354978354978355
15538	0.355987055016181
15540	0.354838709677419
15541	0.355841371918542
15547	0.357905982905983
15552	0.359957401490948
15554	0.358811040339703
15555	0.357671957671958
15556	0.356540084388186
15559	0.355415352260778
15560	0.354297693920335
15566	0.353187042842215
15574	0.354166666666667
15576	0.353063343717549
15601	0.355072463768116
15602	0.353973168214654
15605	0.354938271604938
15606	0.353846153846154
15609	0.353783231083845
15613	0.35474006116208
15614	0.353658536585366
15615	0.35258358662614
15620	0.351515151515152
15623	0.350453172205438
15624	0.349397590361446
15627	0.349349349349349
15628	0.349301397205589
15630	0.350248756218906
15634	0.351190476190476
15638	0.351137487636004
15639	0.351084812623274
15640	0.350049164208456
15654	0.35
15668	0.350928641251222
15672	0.350877192982456
15687	0.349854227405248
15699	0.349806201550388
15701	0.348792270531401
15702	0.347784200385356
15706	0.346781940441883
15707	0.347701149425287
15708	0.347659980897803
15711	0.348571428571429
15716	0.348528015194682
15717	0.349431818181818
15718	0.351274787535411
15724	0.353107344632768
15730	0.353051643192488
15738	0.354868913857678
15751	0.354808590102708
15752	0.354748603351955
15753	0.356545961002786
15756	0.355555555555556
15759	0.354570637119114
15760	0.355432780847146
15762	0.3544536271809
15766	0.353479853479854
15770	0.353424657534247
15771	0.353369763205829
15780	0.353315168029065
15786	0.354166666666667
15789	0.353206865401987
15790	0.353153153153153
15791	0.353998203054807
15792	0.353942652329749
15793	0.353887399463807
15794	0.353832442067736
15797	0.353777777777778
15803	0.352836879432624
15807	0.352785145888594
15808	0.352733686067019
15809	0.353562005277045
15810	0.352631578947368
15817	0.351706036745407
15819	0.351657940663176
15820	0.352480417754569
15821	0.352430555555556
15822	0.353246753246753
15824	0.352331606217617
15825	0.351421188630491
15827	0.351374570446735
15834	0.351328191945159
15837	0.352136752136752
15842	0.352088661551577
15848	0.352040816326531
15849	0.351993214588634
15851	0.351099830795262
15852	0.351054852320675
15853	0.351010101010101
15854	0.35264483627204
15857	0.352596314907873
15863	0.352548036758563
15864	0.3525
