15106	0
15107	0.444444444444444
15109	0.555555555555556
15110	0.333333333333333
15477	0.222222222222222
15535	0.444444444444444
15537	0.416666666666667
15538	0.546296296296296
15540	0.503703703703704
15545	0.533333333333333
15547	0.555555555555556
15574	0.521367521367521
15684	0.542124542124542
15700	0.46984126984127
15701	0.411111111111111
15703	0.362745098039216
15706	0.359477124183007
15715	0.35672514619883
15725	0.321052631578947
15751	0.385714285714286
15775	0.441558441558442
15801	0.432147562582345
15802	0.423913043478261
