15620	0.333333333333333
15621	0.5
15622	0.666666666666667
15624	0.583333333333333
15626	0.6
15627	0.666666666666667
15628	0.619047619047619
15629	0.666666666666667
15630	0.62962962962963
15631	0.633333333333333
15632	0.606060606060606
15633	0.611111111111111
15638	0.564102564102564
15639	0.547619047619048
15642	0.555555555555556
15643	0.541666666666667
15645	0.568627450980392
15652	0.592592592592593
15655	0.56140350877193
15665	0.566666666666667
15674	0.571428571428571
15675	0.545454545454545
15677	0.536231884057971
15678	0.541666666666667
15679	0.52
15682	0.5
15683	0.506172839506173
15684	0.488095238095238
15685	0.494252873563218
15687	0.5
15691	0.505376344086022
15693	0.489583333333333
15694	0.484848484848485
15695	0.490196078431373
15696	0.485714285714286
15697	0.472222222222222
15699	0.477477477477478
15700	0.482456140350877
15701	0.487179487179487
15702	0.475
15703	0.479674796747968
15704	0.476190476190476
15705	0.472868217054264
15706	0.462121212121212
15708	0.451851851851852
15709	0.442028985507246
15711	0.432624113475177
15712	0.423611111111111
15713	0.421768707482993
15715	0.42
15716	0.411764705882353
15717	0.403846153846154
15718	0.408805031446541
15760	0.41358024691358
15761	0.412121212121212
15762	0.404761904761905
15763	0.403508771929825
15764	0.408045977011494
15765	0.406779661016949
15766	0.411111111111111
15773	0.404371584699454
15775	0.413978494623656
15776	0.412698412698413
15780	0.40625
15781	0.4
15782	0.404040404040404
15783	0.412935323383085
15788	0.406862745098039
15789	0.410628019323672
15793	0.414285714285714
15796	0.417840375586855
15797	0.425925925925926
15800	0.424657534246575
15801	0.427927927927928
15802	0.426666666666667
15803	0.429824561403509
15804	0.428571428571429
15805	0.431623931623932
15808	0.426160337552743
15809	0.420833333333333
15816	0.415637860082305
15817	0.41869918699187
15819	0.421686746987952
15822	0.420634920634921
15824	0.415686274509804
15836	0.414728682170543
15837	0.409961685823755
15838	0.40530303030303
15840	0.404494382022472
15842	0.403703703703704
15843	0.402930402930403
15848	0.402173913043478
15849	0.401433691756272
15850	0.407801418439716
15851	0.403508771929825
15852	0.40625
15854	0.405498281786942
15856	0.404761904761905
15857	0.404040404040404
15858	0.406666666666667
15862	0.405940594059406
15863	0.405228758169935
15865	0.40453074433657
15866	0.403846153846154
15868	0.4
15869	0.40251572327044
15923	0.401869158878505
15924	0.407407407407408
15925	0.406727828746177
15926	0.406060606060606
15927	0.405405405405405
15932	0.404761904761905
15936	0.40117994100295
15941	0.400584795321637
15942	0.397101449275362
15943	0.399425287356322
15947	0.398860398860399
15949	0.398305084745763
15950	0.403361344537815
15951	0.408333333333333
15952	0.40771349862259
15954	0.407103825136612
15955	0.40650406504065
15958	0.405913978494624
15959	0.408
15960	0.407407407407407
15961	0.409448818897638
15962	0.40625
15966	0.405684754521964
15976	0.405128205128205
15978	0.404580152671756
15979	0.404040404040404
15980	0.403508771929825
15981	0.40547263681592
15982	0.402469135802469
15983	0.401960784313726
15984	0.399026763990268
15985	0.398550724637681
15986	0.400479616306954
15987	0.404761904761905
15988	0.401891252955083
15989	0.39906103286385
15990	0.396270396270396
15991	0.395833333333333
15992	0.397701149425287
15993	0.394977168949772
15994	0.396825396825397
15995	0.396396396396396
15997	0.398210290827741
15999	0.397777777777778
16000	0.401766004415011
16001	0.403508771929825
16002	0.407407407407407
16003	0.406926406926407
16004	0.410752688172043
16005	0.41025641025641
16006	0.411889596602972
16007	0.409282700421941
16008	0.408805031446541
16009	0.410416666666667
16010	0.409937888198758
16011	0.409465020576132
16012	0.406952965235174
16013	0.408536585365854
16014	0.408080808080808
16015	0.405622489959839
16018	0.403193612774451
16019	0.404761904761905
16020	0.408284023668639
16021	0.407843137254902
16022	0.407407407407407
16023	0.406976744186047
16025	0.406551059730251
16028	0.404214559386973
16030	0.403809523809524
16032	0.403409090909091
16033	0.404896421845574
16036	0.402621722846442
16037	0.402234636871508
16038	0.4
16042	0.401473296500921
16043	0.401098901098901
16044	0.398907103825137
16045	0.398550724637681
16046	0.4
16047	0.397849462365591
16048	0.397504456327986
16050	0.397163120567376
16052	0.395061728395062
16053	0.396491228070176
16055	0.397905759162304
16056	0.395833333333333
16058	0.395509499136442
16060	0.393470790378007
16062	0.393162393162393
16063	0.391156462585034
16064	0.390862944162437
16065	0.388888888888889
16066	0.388609715242881
16067	0.386666666666667
16068	0.384742951907131
16070	0.384488448844885
16071	0.382594417077176
16073	0.383986928104575
16074	0.382113821138211
16075	0.383495145631068
16076	0.386473429951691
16077	0.386217948717949
16078	0.384370015948963
16080	0.384126984126984
16081	0.383886255924171
16082	0.385220125786164
16083	0.384976525821596
16084	0.386292834890966
16085	0.386046511627907
16086	0.384259259259259
16087	0.384024577572965
16088	0.383792048929664
16089	0.383561643835617
16090	0.381818181818182
16091	0.383107088989442
16092	0.381381381381381
16094	0.381165919282511
16095	0.380952380952381
16096	0.379259259259259
16097	0.380530973451327
