14732	0.333333333333333
14734	0
14735	0.333333333333333
14736	0
14737	0.333333333333333
14740	0.333333333333333
14741	0
14742	0
14744	0
14746	0.333333333333333
14747	0
14748	0.333333333333333
14750	0.333333333333333
14751	0.333333333333333
14752	0.666666666666667
14753	0.666666666666667
14756	0.666666666666667
14757	0
14758	0
14759	0.666666666666667
14760	0.333333333333333
14763	0.666666666666667
14764	0
14765	0.666666666666667
14766	0.333333333333333
14767	0.333333333333333
14768	0.666666666666667
14769	0.666666666666667
14770	0
14771	0.666666666666667
14772	0.666666666666667
14773	0
14774	0.333333333333333
14778	0.333333333333333
14779	0.666666666666667
14782	0.333333333333333
14783	0.333333333333333
14785	0.333333333333333
14786	0
14787	0.333333333333333
14788	0.333333333333333
14791	0
14792	0
14794	0
14795	0.333333333333333
14796	0
14797	0
14798	0
14799	0
14800	0
14801	0
14802	0.333333333333333
14805	0.333333333333333
14806	0
14807	0.333333333333333
14808	0.333333333333333
14809	0
14810	0
14811	0
14812	0
14813	0
14814	0.666666666666667
14815	0.333333333333333
14816	0
14817	0.666666666666667
14818	0
14819	0
14820	0.666666666666667
14821	0.666666666666667
14822	0.333333333333333
14823	0
14824	0
14825	0
14826	0
14827	0
14828	0.333333333333333
14829	0
14830	0
14831	0.333333333333333
14832	0
14833	0
14834	0.666666666666667
14835	0.333333333333333
14836	0
14837	0
14838	0
14839	0.333333333333333
14840	0.333333333333333
14841	0
14842	0.333333333333333
14843	0.333333333333333
14844	0
14845	0
14846	0
14847	0
14848	0
14849	0
14850	0
14851	0
14852	0.333333333333333
14853	0.333333333333333
14854	0
14855	0.333333333333333
14856	0.333333333333333
14857	0.666666666666667
14858	0
14859	0.333333333333333
14860	0.333333333333333
14861	0.333333333333333
14862	0.333333333333333
14863	0.333333333333333
14864	0.333333333333333
14865	0.666666666666667
14866	0.333333333333333
14867	0.333333333333333
14868	0.666666666666667
14869	0.333333333333333
14870	0.666666666666667
14871	0.666666666666667
14872	0
14873	0
14874	0.333333333333333
14875	0
14876	0.333333333333333
14877	0.333333333333333
14878	0.333333333333333
14879	0.666666666666667
14881	0.333333333333333
14882	0.333333333333333
14883	0
14884	0.666666666666667
14885	0
14886	0.333333333333333
14887	0
14889	0.333333333333333
14892	0.333333333333333
14893	0.666666666666667
14894	0
14895	0.333333333333333
14896	0.666666666666667
14897	0
14898	0.333333333333333
14899	0.333333333333333
14900	0.333333333333333
14901	0.333333333333333
14903	0
14904	0.666666666666667
14905	0
14906	0.333333333333333
14907	0.333333333333333
14908	0.333333333333333
14909	0.666666666666667
14911	0.333333333333333
14912	0
14913	0
14914	0.666666666666667
14915	0.333333333333333
14916	1
14917	0
14918	0.333333333333333
14919	0
14921	0.333333333333333
14922	0.333333333333333
14923	1
14924	0.333333333333333
14925	0
14926	0
14927	0.333333333333333
14928	0
14929	0
14930	1
14931	0.333333333333333
14932	1
14935	0.333333333333333
14936	0.333333333333333
14937	1
14938	0.333333333333333
14940	0
14942	0.666666666666667
14945	1
14946	0.333333333333333
14950	0
14951	0.333333333333333
14952	0.666666666666667
14953	0.666666666666667
14954	0.666666666666667
14956	0
14959	0.333333333333333
14970	0.666666666666667
14974	0.333333333333333
14975	0.666666666666667
14976	0.666666666666667
14979	1
14980	0.666666666666667
14983	0.333333333333333
14989	0
14990	0.666666666666667
14993	0.666666666666667
14994	0.333333333333333
14995	0.333333333333333
14996	0
14998	0.666666666666667
14999	0.666666666666667
15002	1
15003	1
15004	0
15005	0.666666666666667
15006	0
15009	0
15011	0.333333333333333
15013	0.333333333333333
15014	0.333333333333333
15015	0
15016	0.333333333333333
15020	0.666666666666667
15021	0
15022	1
15023	0.333333333333333
15026	0.666666666666667
15028	0
15029	0.666666666666667
15030	0.333333333333333
15031	1
15032	0
15033	0
15034	0.666666666666667
15035	0.333333333333333
15036	0
15037	1
15038	0
15039	0.666666666666667
15040	0.666666666666667
15041	0.666666666666667
15042	0
15043	0
15044	0.666666666666667
15046	0.666666666666667
15048	0.666666666666667
15049	0
15051	0
15052	0
15053	0
15055	0
15056	0.333333333333333
15057	0.666666666666667
15058	0.333333333333333
15059	0.333333333333333
15060	0.333333333333333
15061	0
15062	0.666666666666667
15063	0.333333333333333
15064	0.666666666666667
15065	0.666666666666667
15066	0.666666666666667
15067	0
15068	0
15069	1
15070	0
15071	1
15072	0
15074	0
15075	1
15076	0
15077	0.666666666666667
15078	1
15079	0.666666666666667
15080	0
15081	0.333333333333333
15082	0.333333333333333
15083	0.666666666666667
15084	0.666666666666667
15085	0.333333333333333
15087	0
15088	0
15089	0
15090	1
15091	0
15092	0
15093	0.333333333333333
15094	0
15095	0.333333333333333
15096	0
15097	0.333333333333333
15098	0.333333333333333
15099	0
15101	0.666666666666667
15103	0
15104	0.333333333333333
15107	0
15111	0.666666666666667
15127	0.666666666666667
15128	0
15129	0
15130	0.333333333333333
15131	0.333333333333333
15132	0
15133	0.333333333333333
15134	0.333333333333333
15135	0
15136	0.666666666666667
15137	0
15138	0
15139	0
15140	0
15141	0
15142	0
15143	0.333333333333333
15144	0.333333333333333
15145	0.666666666666667
15147	0
15148	0
15149	0.333333333333333
15150	0.333333333333333
15151	0
15152	0
15153	0
15154	0.666666666666667
15155	1
15156	0
15157	0.333333333333333
15158	0
15159	0.333333333333333
15160	0.666666666666667
15162	0.666666666666667
15172	0.666666666666667
15173	1
15174	0
15175	1
15176	0.333333333333333
15178	0
15179	0.666666666666667
15180	0.666666666666667
15181	0
15182	0
15183	1
15185	0.333333333333333
15187	0.333333333333333
15188	0.666666666666667
15189	0.666666666666667
15190	0.666666666666667
15191	0.333333333333333
15192	0
15193	0
15194	0
15195	0
15196	0
15197	0
15198	0
15199	0
15200	0.666666666666667
15201	0
15202	0
15203	0.666666666666667
15204	0.333333333333333
15205	0.333333333333333
15206	0.333333333333333
15207	0
15208	0
15209	0
15210	0.333333333333333
15211	0
15212	0.333333333333333
15213	0
15217	0.333333333333333
15218	0.333333333333333
15219	0.333333333333333
15220	0.333333333333333
15245	0
15246	0.333333333333333
15247	0
15248	0
15249	0.333333333333333
15250	0
15251	0.333333333333333
15252	0
15253	0.666666666666667
15254	0.333333333333333
15255	0
15256	0.333333333333333
15257	0.666666666666667
15258	0.333333333333333
15259	0.666666666666667
15260	0
15261	0.333333333333333
15263	0.333333333333333
15265	0.666666666666667
15266	0
15267	0
15274	1
15275	0
15276	0.333333333333333
15277	0.333333333333333
15278	0
15279	0
15281	0.666666666666667
15282	0.333333333333333
15283	0.333333333333333
15285	1
15286	0
15287	0.666666666666667
15288	0.333333333333333
15289	0.333333333333333
15290	1
15292	0
15293	0
15297	0
15305	0.666666666666667
15306	0.333333333333333
15307	0.333333333333333
15308	0.333333333333333
15309	0
15310	0.666666666666667
15311	0.333333333333333
15313	0.666666666666667
15320	0.666666666666667
15321	0.333333333333333
15322	0.666666666666667
15323	0.333333333333333
15324	0.333333333333333
15337	0.333333333333333
15339	0.333333333333333
15340	0.333333333333333
15342	0.333333333333333
15344	0.333333333333333
15358	0.666666666666667
15359	0.333333333333333
15368	0
15369	0.333333333333333
15370	0
15373	0.333333333333333
15390	1
15401	0
15402	0.333333333333333
15404	0
15405	0.333333333333333
15408	0.666666666666667
15412	0.333333333333333
15414	0.333333333333333
15421	0.333333333333333
15429	0
15431	0.333333333333333
15433	0
15435	0.333333333333333
15442	0.666666666666667
15447	0.666666666666667
15449	0.333333333333333
15452	0.333333333333333
15463	0.333333333333333
15467	0.666666666666667
15469	1
15470	0.333333333333333
15475	0.333333333333333
15476	0.333333333333333
15479	0.333333333333333
15495	0.666666666666667
15498	0.666666666666667
15499	0.333333333333333
15503	0.333333333333333
15504	0.666666666666667
15505	0.666666666666667
15514	0.333333333333333
15519	0
15521	0.666666666666667
15526	0.333333333333333
15543	0.666666666666667
15544	0.333333333333333
15545	0.333333333333333
15547	0.666666666666667
15548	0
15551	0.333333333333333
15552	0.333333333333333
15555	0.333333333333333
15556	0.333333333333333
15558	0.666666666666667
15559	0.333333333333333
15568	0.333333333333333
15569	0.333333333333333
15570	0.333333333333333
15571	0
15572	0
15573	0
15575	0.666666666666667
15576	0.666666666666667
15577	1
15578	0
15579	0.333333333333333
15580	0.666666666666667
15581	0
15582	0.666666666666667
15583	0
