15431	0.666666666666667
15433	0.222222222222222
15434	0.444444444444444
15435	0.266666666666667
15436	0.288888888888889
15441	0.492063492063492
15442	0.452380952380953
15443	0.425925925925926
15444	0.340740740740741
15445	0.339393939393939
15446	0.282828282828283
15447	0.239316239316239
15448	0.252747252747253
15449	0.219047619047619
15450	0.275
15451	0.281862745098039
15452	0.287581699346405
15455	0.257309941520468
15456	0.298245614035088
15460	0.26984126984127
15462	0.305916305916306
15464	0.308300395256917
15465	0.33816425120773
15466	0.337777777777778
15467	0.363076923076923
15474	0.336182336182336
15475	0.335978835978836
15476	0.358784893267652
15477	0.379310344827586
15479	0.397849462365591
15481	0.393817204301075
15499	0.390151515151515
15503	0.406417112299465
15512	0.402240896358544
15513	0.37989417989418
15518	0.377377377377377
15519	0.375059269796112
15520	0.372919478182636
15521	0.370940170940171
15522	0.369105691056911
15524	0.35152922957801
15525	0.350682908822444
15528	0.349894291754757
15529	0.334343434343434
15534	0.348792270531401
15535	0.34813444341659
15536	0.347517730496454
15539	0.346938775510204
15541	0.346394557823129
15544	0.345882352941177
15545	0.358220211161388
15546	0.357281083696178
15547	0.356394129979036
