15361	0
15362	0
15372	0
15373	0.666666666666667
15375	0.333333333333333
15376	0
15380	0
15381	0.333333333333333
15382	0.666666666666667
15383	0
15384	0.333333333333333
15394	0
15395	0
15396	0
15397	0.333333333333333
15422	0.333333333333333
15423	0.333333333333333
15424	0
15430	0
15431	0.333333333333333
15432	0
15433	0.333333333333333
15451	0
15459	0.666666666666667
15460	0.333333333333333
15462	0
15463	0
15464	0.333333333333333
15465	0
15466	0.333333333333333
15467	0
15468	0.333333333333333
15469	0.333333333333333
15470	0.333333333333333
15471	0.666666666666667
15474	0
15475	0.333333333333333
15476	0
15477	0
15478	0.333333333333333
15479	0.333333333333333
15482	0.333333333333333
15483	0
15485	0.333333333333333
15486	0.333333333333333
15487	0.333333333333333
15489	0.666666666666667
15490	0.333333333333333
15491	0.333333333333333
15499	0.333333333333333
15521	0
15523	0.666666666666667
15535	0
15536	0
15537	0
15543	0.333333333333333
15577	0.666666666666667
15578	0
15579	0.666666666666667
15580	0.333333333333333
15581	0
15582	0
15583	0.333333333333333
15584	0.333333333333333
15585	0
15586	0
15587	0
15588	0
15589	0.333333333333333
15590	0
15592	0
15593	0.333333333333333
15594	0
15595	0.666666666666667
15596	0.333333333333333
15597	0.333333333333333
15601	0.333333333333333
15602	0.333333333333333
15603	0.333333333333333
15604	0.333333333333333
15605	0.333333333333333
15607	0
15608	0
15609	0
15610	0
15611	0
15612	0
15613	0
15614	0
15617	0
15618	0.333333333333333
15620	0.333333333333333
15622	0
15623	0
15624	0
15625	0
15626	0
15633	0.333333333333333
15634	0
15635	0
15636	0
15637	0
15638	0
15639	0
15640	0
15641	0
15643	0
15644	0
15645	0
15646	0.333333333333333
15647	0.333333333333333
15648	0.333333333333333
15649	0
15650	0.666666666666667
15652	0.333333333333333
15653	0.666666666666667
15657	0
15658	0.333333333333333
15659	0
15660	0
15661	0.666666666666667
15662	0.333333333333333
15663	0
15664	0.333333333333333
15665	0.333333333333333
15666	0
15667	0.333333333333333
15669	0.333333333333333
15671	0.666666666666667
15672	0.333333333333333
15673	0.333333333333333
15674	0.333333333333333
15675	0.666666666666667
15676	0.666666666666667
15680	0
15681	0.333333333333333
15684	0.333333333333333
15685	0.333333333333333
15686	0.333333333333333
15687	0.333333333333333
15688	0
15689	0.333333333333333
15690	0
15692	0.666666666666667
15693	0.333333333333333
15697	0
15701	0
15702	0.666666666666667
15705	0.333333333333333
15706	0.333333333333333
15707	0.333333333333333
15708	0
15709	0
15712	0
15713	0
15714	0
15715	0.333333333333333
15716	0
15717	0
15718	0.666666666666667
15719	0
15720	0.333333333333333
15721	0
15722	0.333333333333333
15723	0.333333333333333
15725	0
15728	0
15729	0.333333333333333
15730	0.666666666666667
15731	0.333333333333333
15744	0
15745	0
15746	0
15747	0
15748	0.333333333333333
15749	0.666666666666667
15750	0
15751	0
15752	0.333333333333333
15753	0
15754	0.333333333333333
15755	0
15756	0
15757	0
15758	0
15759	0
15760	0
15761	0
15765	0
15767	0.333333333333333
15769	0
15771	0.666666666666667
15773	0.666666666666667
15774	0.333333333333333
15775	0
15777	0.666666666666667
15778	0.666666666666667
15779	0
15781	0
15782	0.333333333333333
15795	0.666666666666667
15796	0.333333333333333
15800	0.666666666666667
15803	0.333333333333333
15806	0.333333333333333
15807	0.333333333333333
15808	0.333333333333333
15809	0
15811	0.666666666666667
15815	0
15818	1
15819	0.333333333333333
