15482	0.333333333333333
15484	0.666666666666667
15485	0.333333333333333
15488	0
15490	0.333333333333333
15491	0.333333333333333
15492	0
15495	0.333333333333333
15496	0.666666666666667
15499	0
15502	0.333333333333333
15503	0.666666666666667
15504	1
15505	0
15506	0
15509	0.333333333333333
15518	1
15530	0.666666666666667
15531	0.333333333333333
15532	0.333333333333333
15558	0.333333333333333
15559	0
15560	0.333333333333333
15561	0
15562	0.666666666666667
15565	0.333333333333333
15566	0
15572	0
15593	0.333333333333333
15596	0.333333333333333
15597	0
15600	0.333333333333333
15603	0.333333333333333
15610	0.333333333333333
15615	0
15617	0.333333333333333
15623	0
15624	0.333333333333333
15632	0.333333333333333
15636	0.333333333333333
15638	0
15642	0.666666666666667
15643	0.333333333333333
15644	0
15645	0
15651	0.666666666666667
15663	0.333333333333333
15684	0
15685	0.333333333333333
15686	0.666666666666667
15688	0.333333333333333
15691	0.333333333333333
15692	0.333333333333333
15693	0.666666666666667
15694	0.333333333333333
15716	0.333333333333333
15720	0.333333333333333
15721	0
15726	0.666666666666667
15727	0.333333333333333
15729	0
15730	0.666666666666667
