15249	0.666666666666667
15250	0.333333333333333
15251	0.666666666666667
15252	0.666666666666667
15253	0.333333333333333
15254	0.333333333333333
15255	0.666666666666667
15256	0.333333333333333
15257	0.333333333333333
15258	0.333333333333333
15259	0.333333333333333
15260	0.333333333333333
15261	0.333333333333333
15262	0.666666666666667
15263	1
15264	0.333333333333333
15265	0.333333333333333
15266	0.333333333333333
15267	0.333333333333333
15268	0.666666666666667
15269	0.666666666666667
15270	0
15271	1
15272	0.666666666666667
15273	0
15274	0.333333333333333
15275	0
15276	0
15277	0
15278	0
15279	0
15281	0.333333333333333
15282	0.333333333333333
15283	0
15284	0.666666666666667
15286	0
15288	0
15289	0.666666666666667
15290	0.666666666666667
15291	0.666666666666667
15292	0.333333333333333
15293	0.333333333333333
15297	0.333333333333333
15299	1
15300	0
15301	0.666666666666667
15302	0.666666666666667
15303	0
15305	0.333333333333333
15306	1
15308	0.333333333333333
15309	0.666666666666667
15310	0.333333333333333
15313	0
15314	0.666666666666667
15315	0
15316	0.333333333333333
15317	0.333333333333333
15318	0.333333333333333
15319	0.333333333333333
15321	0.333333333333333
15322	0.666666666666667
15323	0.666666666666667
15324	0.333333333333333
15327	0.666666666666667
15328	0.333333333333333
15329	0.333333333333333
15330	0.666666666666667
15331	0
15332	0.333333333333333
15333	0
15334	0.333333333333333
15335	0.666666666666667
15336	0.333333333333333
15337	0.333333333333333
15339	0.666666666666667
15340	0
15343	0
15344	0.333333333333333
15346	0.333333333333333
15347	0.333333333333333
15352	0.333333333333333
15353	0
15354	0
15355	0.333333333333333
15359	0.666666666666667
15360	0.333333333333333
15362	0
15366	0.333333333333333
15367	0.333333333333333
15370	0.333333333333333
15371	0.666666666666667
15372	0
15373	0.666666666666667
15374	0
15375	0
15376	0
15377	1
15378	0
15379	0.333333333333333
15380	0.666666666666667
15381	0.333333333333333
15385	0.666666666666667
15386	0.333333333333333
15387	0
15388	0
15392	0.666666666666667
15394	0.333333333333333
15397	0
15399	0.333333333333333
15401	0
15403	0.333333333333333
15405	0.666666666666667
15406	0.333333333333333
15407	0.666666666666667
15409	0
15410	0.333333333333333
15420	0.333333333333333
15421	0.666666666666667
15423	0.333333333333333
15427	0
15428	0
15429	0.666666666666667
15430	0
15431	0.666666666666667
15432	0.333333333333333
15433	0
15440	0
15441	0
15442	0.666666666666667
15443	0
15445	0
15446	0
15447	0.333333333333333
15448	0
15449	0.333333333333333
15450	0.333333333333333
15451	0
15452	0
15453	1
15456	1
15457	1
15460	0.333333333333333
15461	0
15462	0
15463	0.333333333333333
15464	1
15465	0.333333333333333
15468	0.333333333333333
15470	0.333333333333333
15471	0.333333333333333
15472	0.333333333333333
15473	0.333333333333333
15474	0
15478	0.333333333333333
15479	0
15480	0
15481	1
15482	0.333333333333333
15483	0.333333333333333
15484	0.333333333333333
15485	0.333333333333333
15486	0.333333333333333
15487	0.666666666666667
15488	0.333333333333333
15490	0.333333333333333
15491	0.333333333333333
15493	0.333333333333333
15494	0.333333333333333
15495	0.333333333333333
15498	0.333333333333333
15500	0.333333333333333
15502	0.333333333333333
15503	0.333333333333333
15504	0.333333333333333
15505	0.666666666666667
15506	0.666666666666667
15507	0.333333333333333
15508	0
15510	0.333333333333333
15511	0
15512	0
15513	0
15514	0.333333333333333
15515	0
15516	0.333333333333333
15517	0.333333333333333
15520	0.333333333333333
15521	0.333333333333333
15522	0.666666666666667
15523	0.666666666666667
15525	0
15526	0
15527	0.666666666666667
15528	0.333333333333333
15529	0
15530	0
15532	0
15533	0.333333333333333
15534	0.666666666666667
15551	0.666666666666667
15552	0.666666666666667
15559	0.666666666666667
15560	0.666666666666667
15561	0
15562	0
15567	0.666666666666667
15568	0.666666666666667
15569	0.333333333333333
15570	0.333333333333333
15571	0.666666666666667
15587	0.333333333333333
15589	0.666666666666667
15593	0
15594	0.333333333333333
15611	0.333333333333333
15613	0
15614	0
15617	0
15631	0.666666666666667
15637	0.333333333333333
15638	0.333333333333333
15644	0
15647	0
15648	0.666666666666667
15652	0
15653	0.333333333333333
15654	0
15655	0.333333333333333
15658	0.333333333333333
15660	0.333333333333333
15664	0
15665	0
15666	0.333333333333333
15668	0.666666666666667
15673	0.333333333333333
15674	0
15679	0.333333333333333
15680	0
15681	0.666666666666667
15683	0.333333333333333
15684	0
15685	0.333333333333333
15693	0
