15201,1,1,0,0,0.5,0.5
15202,1,1,0,0,0,0
15203,0,1,1,0,1,0
15205,0,1,1,0.5,0.5,1
15206,0,0,0,1,1,1
15207,1,1,0,0.5,0.5,0.5
15208,1,1,0,1,0,1
15209,0,1,1,1,0.5,0.5
15210,0,1,1,0,0.5,1
15212,0,1,1,1,0.5,0
15213,0,1,1,0.5,0.5,1
15214,0,1,1,0,0,0
15215,1,0,0,0,0,0
15216,1,1,0,1,1,1
15217,1,1,1,0.5,0.5,0.5
15218,1,0,0,0,0,0
15219,0,1,1,0,1,1
15220,1,1,1,0.5,0.5,1
15221,0,1,1,0,0.5,0.5
15222,0,1,1,0.5,0.5,1
15223,0,1,1,0,0,0
15224,0,1,1,0.5,0.5,0.5
15225,0,1,1,0,0,0
15226,0,1,1,0,1,0.5
15227,0,1,1,0,0.5,0.5
15228,1,0,0,0,0,0
15230,0,0,1,0,0.5,0
15231,1,1,1,0,0.5,1
15232,0,0,1,0,0,0
15233,1,1,0,0.5,0.5,0
15235,1,0,0,0.5,1,1
15236,0,1,1,0.5,0.5,0.5
15237,1,1,0,0,0,0
15238,1,0,0,1,0.5,1
15239,1,0,1,0,1,1
15240,0,1,1,0.5,0.5,0.5
15242,1,0,1,0,0.5,1
15245,0,0,1,1,0.5,0.5
15247,1,1,1,0,0.5,1
15248,0,1,1,1,0.5,1
15249,0,1,1,1,1,1
15250,1,1,1,0.5,0.5,1
15251,0,1,1,0.5,1,0.5
15252,0,0,1,0.5,0.5,0.5
15253,1,0,1,0,0,0
15254,0,1,1,0.5,0.5,1
15255,1,1,1,0,0,1
15256,0,1,1,1,0.5,0.5
15257,0,1,1,0,0,1
15258,0,0,1,1,0.5,1
15259,1,1,0,0,0,0
15260,0,1,1,0.5,0,0.5
15263,1,0,1,0.5,0,0.5
15264,0,0,1,1,0,1
15265,1,1,1,0,0,0
15266,1,0,1,1,0,1
15267,0,0,1,0,0,0
15268,1,1,1,0.5,0,0.5
15269,0,0,1,0,0,0
15270,0,1,1,0.5,0.5,1
15271,0,1,1,1,0.5,1
15272,0,1,1,0,0,0
15273,1,0,1,0,0.5,1
15274,0,1,1,0,0,0
15275,0,1,1,0,0.5,0.5
15276,0,0,1,0.5,0.5,0.5
15277,1,1,1,0.5,0.5,1
15278,0,1,1,0,0,0
15280,0,0,1,0,0,0
15281,1,0,0,0,0,0
15282,1,0,0,1,0.5,1
15284,1,0,1,0,0,0
15285,0,0,0,0,0,0
15286,0,0,0,1,0,1
15287,1,0,0,0,0,0
15288,0,0,0,0.5,0.5,1
15289,0,0,0,1,0.5,1
15290,0,0,0,0,0,0
15291,1,0,1,0.5,0.5,0.5
15293,1,0,1,1,1,1
15294,1,0,0,0.5,1,0.5
15295,1,0,1,1,0,1
15296,1,0,1,1,1,1
15297,0,0,0,1,0.5,1
15298,1,0,1,0.5,1,1
15299,1,0,0,0,0,0
15301,1,0,0,0,1,1
15303,1,0,1,0,0,1
15304,1,0,0,1,0.5,0.5
15305,0,1,1,0,0,0
15306,1,0,1,0.5,1,1
15307,1,0,1,0,1,1
15308,1,0,1,0.5,0.5,0.5
15310,1,0,1,1,0.5,1
15312,0,0,0,1,0,1
15313,0,1,1,0,0.5,0.5
15315,0,1,1,0,0,0
15317,1,1,0,1,1,1
15318,0,1,1,0.5,0.5,1
15319,1,0,1,0,1,1
15322,0,1,1,0,0,0
15323,0,1,1,1,0,1
15324,0,1,1,1,1,1
15325,0,0,0,1,1,1
15326,0,0,1,0,0,0
15327,0,1,1,0,0,0
15328,1,1,0,0,0.5,1
15329,1,0,1,0,0,0
15332,1,0,0,0.5,0.5,1
15335,0,0,1,0,0,0
15337,1,0,0,0,0,0
15338,1,1,0,1,0.5,1
15339,0,1,1,0,0,0
15340,0,0,0,0,0,0
15341,0,1,1,1,0.5,1
15342,0,1,1,0,0,0
15343,0,0,0,1,1,1
15347,0,0,0,0.5,0.5,0.5
15348,0,0,0,1,1,1
15349,0,0,1,1,0.5,0.5
15350,1,1,0,0,0,0
15351,0,0,1,0,0.5,1
15352,0,1,1,1,0.5,1
15353,0,0,1,1,0,1
15355,0,1,1,0,0,0
15356,1,0,0,0.5,0,1
15357,1,0,0,0.5,0.5,1
15358,0,0,1,1,0.5,1
15359,1,1,0,1,0.5,0
15361,0,0,0,0.5,0.5,1
15362,1,1,0,1,0,1
15364,1,0,0,1,0.5,1
15365,1,0,0,1,0,1
15366,1,1,0,0.5,0.5,1
15367,0,0,1,0,0,0
15368,0,1,1,0,0,0
15369,0,0,1,0.5,0.5,1
15370,0,0,1,0,0,0
15371,1,1,0,0,0,0
15395,1,1,0,1,0,0
15396,0,1,1,0,0,0
15398,0,1,1,0.5,0.5,0.5
15400,1,1,1,1,0.5,0.5
15402,1,1,1,0,1,0
15403,0,0,1,0,0.5,1
15404,1,1,1,1,0.5,0.5
15405,1,1,1,0,0,1
15406,1,1,1,0,0.5,0
15407,1,1,1,0,0,0
15408,0,1,1,0,0,0
15410,1,0,0,0,0,0
15411,1,1,1,1,0,1
15413,1,1,0,0,0,0
15414,1,1,1,1,0,1
15415,1,1,0,1,0.5,0.5
15416,0,0,1,0,0,1
15417,0,0,1,0.5,0,0
15418,1,1,1,0.5,0,0.5
15420,0,0,1,0.5,1,1
15421,0,0,1,0,0,0
15422,1,1,1,1,1,1
15423,1,1,0,0,0,1
15424,1,1,1,0.5,0.5,1
15425,1,1,1,0,0,1
15426,1,1,0,0,0,0
15428,1,1,0,0,1,1
15430,0,0,0,1,0.5,0.5
15431,0,0,0,1,0.5,0.5
15434,1,1,1,1,0,0
15435,0,0,0,0,0,0
15436,0,0,0,1,0.5,0.5
15437,0,0,0,1,0.5,0
15438,0,0,1,1,0.5,1
15439,1,1,1,0.5,0,0.5
15440,0,0,0,1,1,0
15441,0,1,0,0,0,0
15442,1,1,0,0,0,0
15443,1,1,1,0,0,0
15444,0,0,0,0,0,0
15445,0,0,0,1,1,1
15446,0,1,0,1,0,0
15447,0,0,1,1,1,0.5
15448,1,1,1,1,1,0.5
15449,0,0,0,1,1,1
15450,1,1,1,0,0,0
15451,1,1,0,1,0,1
15452,0,0,0,0,0,0
15456,0,0,0,0,0,0
15459,0,1,0,0,0,0
15460,1,1,1,1,0.5,0
15463,1,0,0,1,0.5,0
15464,0,0,1,0.5,0.5,1
15465,1,1,1,0.5,0.5,0.5
15466,0,0,1,1,1,1
15467,0,1,1,0.5,0,0.5
15468,1,0,0,0,0,0
15469,1,1,1,1,0.5,0
15470,0,0,0,0,0,0
15472,0,1,1,0.5,0,0.5
15473,1,1,1,0,0,0
15474,0,1,1,0,0,0
15475,1,1,0,1,1,1
15478,0,0,0,0.5,0.5,0.5
15479,0,0,1,0.5,1,1
15480,1,0,0,1,1,1
15482,0,0,0,1,1,1
15483,0,1,0,0.5,1,1
15484,1,1,1,0.5,1,1
15485,0,1,0,1,1,1
15486,1,1,1,1,1,1
15487,0,0,0,1,0.5,0.5
15488,0,1,1,0,0.5,0
15489,1,1,0,0,0,0
15490,0,1,1,1,1,0
15491,0,0,0,0,1,1
15493,0,0,0,0,0,0
15494,1,0,0,1,1,1
15495,1,0,0,0,0,1
15496,0,1,1,1,0,1
15498,0,0,0,0,0,0
15499,0,0,0,0,0,0
15500,1,0,0,1,0,1
15501,1,1,1,0,0,0
15503,0,0,0,0,0.5,1
15504,0,1,0,0.5,0,1
15506,0,0,0,1,1,1
15507,0,0,1,0,0,0
15508,0,0,0,0,0,0
15509,0,0,0,1,1,1
15510,0,0,0,1,0.5,0.5
15512,0,0,0,0,1,1
15515,0,1,0,0.5,1,1
15516,0,0,0,0.5,0.5,0.5
15517,0,0,1,1,1,1
15518,1,1,1,0,0.5,0.5
15519,0,0,0,1,0.5,1
15520,0,0,0,0,0,0
15522,0,0,0,0,1,0.5
15523,0,0,0,0,1,0.5
15525,0,0,0,0,0.5,0.5
15526,1,1,1,0.5,1,1
15527,0,0,0,0.5,0.5,0.5
15528,1,1,0,0,0.5,1
15529,1,1,1,1,0.5,0
15531,1,1,1,0,0,0
15532,1,1,1,0,0.5,0.5
15533,0,1,1,0,0.5,1
15534,1,1,0,0,0.5,0.5
15535,1,1,1,0,0,0
15536,1,1,1,1,0.5,1
15537,1,1,0,0.5,1,1
15538,1,1,1,0.5,1,1
15539,0,1,1,0.5,1,1
15540,1,1,1,0,0.5,1
15541,1,1,0,0,0,0
15542,1,1,1,0.5,0,1
15544,1,1,1,0,0,0
15546,0,0,0,0.5,0.5,0.5
15550,1,1,0,1,1,1
15553,0,0,0,0,0,0
15554,1,1,0,0,1,1
15555,1,1,1,0,0,0
15557,1,1,0,0,0,0
15558,1,1,0,0,0,0
15560,1,1,1,0,0,0
15562,1,1,0,0,0,0
15563,1,0,0,0,0,0
15566,1,1,0,0,0,0
15568,1,0,1,0,0,0
15569,0,1,1,0,0,0
15573,0,1,1,0,0,0
15574,1,1,0,0,0,0
15589,0,0,0,0,0,0
15597,0,0,0,0,0,0
15603,0,0,0,0,0,0
15604,0,0,0,0.5,0.5,1
15606,0,0,0,0,0,0
15616,1,1,1,0,0,0
15617,0,0,0,0,0,0
15618,0,0,0,0,0,0
15621,0,0,0,0,0,0
15623,0,0,1,1,0,1
15624,1,1,1,1,1,1
15625,1,1,1,0.5,1,1
15626,1,1,1,0,0.5,1
15627,1,0,0,0,0,0
15628,1,1,0,0,0.5,1
15629,1,1,1,0,0,0
15630,1,1,1,0,0,0
15631,0,0,0,1,0.5,1
15632,1,0,0,1,1,0.5
15634,0,0,0,0.5,0,0.5
15636,0,0,0,0,0,0
15637,1,0,0,0,0,0
15638,1,0,0,0,0,0
15639,1,1,0,0,0,0
15642,0,1,0,0,0,0
15645,0,1,1,0,0,0
15646,0,1,0,0,0,0
15647,0,0,0,0,0,0
15651,0,1,0,0,0,0
15653,0,1,0,0,0,0
15658,0,0,0,0,0,0
15659,0,1,0,0,0,0
15660,0,0,0,0,0,0
15661,0,1,1,0,0,0
15664,1,0,0,0,0,0
15665,0,0,0,0,0,0
15666,0,1,1,0,0,0
15671,0,1,0,0.5,0.5,0
15672,1,0,1,0,0,0
15673,0,1,0,0,0,0
15674,0,0,0,0.5,0.5,1
15677,0,1,0,0,0,0
15680,0,0,0,1,0,1
15681,0,1,1,0.5,0.5,1
15685,0,0,0,0,0,0.5
15687,0,1,1,0.5,0.5,0.5
15688,0,1,0,0.5,0,1
15691,0,1,1,0.5,0.5,0.5
15692,0,0,0,0.5,0.5,0.5
15693,0,0,0,1,0.5,0.5
15694,0,0,0,0.5,0.5,0.5
15695,0,0,0,1,1,1
15702,0,1,1,0,1,0
15705,0,0,0,0,1,0
15706,0,0,0,0.5,1,0
15707,0,1,0,0.5,0.5,0.5
15709,1,0,0,1,1,1
15710,1,1,1,0.5,1,0.5
15711,0,1,0,0.5,0.5,0.5
15712,1,1,1,0.5,0.5,0.5
15713,1,1,1,0.5,0.5,0.5
15714,0,1,1,1,0.5,0.5
15716,0,0,0,0.5,0.5,0.5
15720,0,1,1,1,0,1
15721,1,1,1,1,1,0.5
15723,0,1,1,1,1,1
15724,0,0,0,1,1,0.5
15725,1,1,1,0,0,0
15726,0,0,0,0.5,1,0.5
15727,1,1,1,0.5,1,1
15728,0,0,0,0,0,0
15729,1,1,1,0.5,1,1
15730,0,0,0,0,0,0
15731,1,1,1,0.5,0,0
15732,0,1,0,0,0,0
15733,1,1,1,0,0,0
15734,1,0,1,1,1,1
15735,1,0,1,0.5,1,0.5
15737,1,0,1,1,1,0.5
15740,1,1,0,1,1,0.5
15741,1,1,0,0.5,0.5,0.5
15742,1,0,1,0.5,0.5,0.5
15743,1,0,1,0,0,0
15747,1,1,0,1,1,0.5
15748,0,1,0,0,0,0
15749,1,1,0,1,0.5,0.5
15750,1,1,0,1,0,1
15751,1,0,1,0,0,0
15754,1,1,0,0,0,0
15755,1,1,0,0.5,1,1
15756,1,0,1,0,0,0
15757,0,1,1,0,1,1
15758,1,1,1,0.5,0.5,1
15760,1,1,0,1,1,1
15761,0,1,1,1,1,1
15762,0,1,0,0.5,0.5,1
15763,0,0,0,0,0,0
15765,1,1,0,0.5,0,1
15766,0,0,0,0,0,0
15770,0,1,0,0,0,0
15771,0,0,0,0,0,0
15772,1,1,0,0,0.5,1
15775,1,1,0,1,0.5,1
15776,1,1,0,0.5,0.5,1
15778,1,1,0,0.5,1,1
15779,1,1,0,0,0,0
15782,1,0,1,0.5,0.5,1
15784,1,1,1,0,0,0
15785,0,1,1,0,0,0
15786,0,1,0,0,0,0
15789,0,1,1,0.5,1,0.5
15790,0,1,1,0,0,0
15791,1,0,1,0,0,0
15792,0,0,0,0,1,1
15793,1,0,1,0,0,0
15794,0,1,1,0,0,0
15795,0,0,1,1,1,1
15796,1,0,1,1,1,1
15797,1,1,0,0,0.5,1
15799,0,1,1,0,1,1
15800,1,1,1,0.5,0.5,0.5
15801,1,1,1,0,0,0
15806,0,0,0,1,1,1
15808,1,1,1,1,0.5,1
15813,1,1,0,1,1,1
15814,0,0,1,0,0,0
15815,1,1,1,0,1,1
15816,1,1,1,0,1,1
15817,1,1,1,0.5,1,1
15818,1,1,1,1,0,1
15819,1,1,0,1,0.5,1
15820,1,1,1,0,0,0
15821,0,0,1,0,1,1
15822,0,1,0,0.5,0.5,0.5
15823,1,1,0,0,0,0
15832,1,0,0,0,0,0
15833,1,0,0,0,0,0
15886,1,0,0,0,0,0
15888,1,0,1,0,0,0
15893,1,0,0,0,0,0
15911,1,0,0,0,0.5,1
15912,1,0,0,0,1,1
15915,0,1,0,0,1,1
15916,1,1,1,0.5,1,1
15917,1,1,1,0.5,0.5,1
15918,1,1,0,0.5,1,1
15919,1,0,0,0,1,1
15922,0,1,0,0,1,1
15923,1,1,0,0,0,0
15924,1,0,0,0.5,0,0.5
15925,0,1,0,0,0.5,1
15926,1,1,1,1,0.5,1
15929,1,1,1,0.5,0.5,1
15930,1,0,0,0,0,0
15931,1,1,1,0,0,1
15932,1,1,1,0.5,0.5,0.5
15933,1,1,1,0,0,0
15934,1,1,1,1,0,1
15936,1,1,1,0,0,0
15937,1,1,1,0,1,1
15938,1,0,0,0.5,0.5,1
15939,0,0,1,0,0,0
15940,1,1,1,0.5,1,1
15942,1,0,0,1,0,1
15943,0,1,0,0.5,0.5,0.5
15944,1,1,1,0,0,0
15945,1,0,0,0,0,0
15946,1,0,0,1,0.5,0.5
15947,1,0,0,0,0,0
15948,1,0,0,0,0,0
15951,0,0,1,0,0,0
15952,1,1,1,0,0,0.5
15953,1,0,0,1,0.5,1
15954,0,1,1,0,0.5,0
15956,0,0,1,0,0,0
15957,1,1,1,1,0,0
15958,0,0,1,1,0.5,0.5
15959,0,1,0,0.5,0.5,1
15960,0,1,1,1,0,1
15961,1,0,0,0.5,0.5,0.5
15964,0,1,1,1,1,1
15965,0,1,1,0.5,1,1
15966,0,0,1,0.5,0.5,1
15967,1,0,0,0.5,0.5,0.5
15968,1,0,0,1,0.5,1
15969,0,0,1,0,0,0
15971,1,0,0,0.5,0,1
15972,1,0,0,0,0.5,1
15973,0,0,1,0.5,0.5,0.5
15974,0,1,0,0.5,0.5,1
15975,0,1,1,0,0,0
15976,0,0,1,0,0,0
15977,0,0,1,0,0,0
15978,0,0,1,1,0,1
15979,0,0,1,1,0,0.5
15980,0,0,1,1,0,1
15981,1,0,0,1,0.5,0.5
15982,1,0,0,0,0,0
15983,0,0,1,0,0,0
15984,1,0,1,0.5,0,1
15985,0,1,0,0.5,0,1
15986,1,0,1,0.5,0.5,1
15987,1,1,0,1,0,0.5
15988,1,1,1,0.5,0.5,0.5
15989,1,0,1,0,0,0
