14876	0.333333333333333
14883	0.666666666666667
14885	0.333333333333333
14886	0
14888	0
14889	0.666666666666667
14891	0.666666666666667
14895	0.333333333333333
14896	0.333333333333333
14913	0.666666666666667
14916	0
14917	0
14919	0
14939	0.333333333333333
14950	0
14974	0.666666666666667
14975	0.666666666666667
15004	0.666666666666667
15007	0.666666666666667
15024	0
15039	0
15040	1
15043	0
15148	0.333333333333333
15151	0
15212	0
15226	0.333333333333333
15242	0.666666666666667
15259	0
15266	0
15297	0.333333333333333
15372	0
15378	0
15436	0.666666666666667
