14512	0.666666666666667
14516	0.5
14525	0.333333333333333
14528	0.333333333333333
14535	0.4
14543	0.388888888888889
14547	0.380952380952381
14549	0.416666666666667
14579	0.444444444444444
14581	0.433333333333333
14583	0.393939393939394
14591	0.361111111111111
14604	0.333333333333333
14605	0.357142857142857
14607	0.377777777777778
14608	0.375
14609	0.372549019607843
14611	0.388888888888889
14613	0.385964912280702
14614	0.366666666666667
14615	0.349206349206349
14616	0.333333333333333
14617	0.333333333333333
14618	0.333333333333333
14619	0.333333333333333
14620	0.320512820512821
14621	0.320987654320988
14622	0.333333333333333
14623	0.344827586206897
14625	0.355555555555556
14626	0.365591397849462
14627	0.364583333333333
14628	0.373737373737374
14629	0.372549019607843
14631	0.361904761904762
14632	0.361111111111111
14633	0.351351351351351
14634	0.342105263157895
14636	0.333333333333333
14637	0.333333333333333
14638	0.333333333333333
14639	0.325396825396825
14640	0.325581395348837
14641	0.325757575757576
14642	0.325925925925926
14643	0.318840579710145
14644	0.319148936170213
14645	0.3125
14647	0.312925170068027
14648	0.313333333333333
14649	0.30718954248366
14651	0.307692307692308
14652	0.30188679245283
14653	0.302469135802469
14654	0.296969696969697
14658	0.297619047619048
14661	0.304093567251462
14662	0.304597701149425
14663	0.305084745762712
14664	0.305555555555556
14665	0.311475409836066
14667	0.306451612903226
14668	0.306878306878307
14669	0.307291666666667
14670	0.307692307692308
14671	0.303030303030303
14672	0.298507462686567
14674	0.299019607843137
14675	0.29951690821256
14677	0.295238095238095
14678	0.300469483568075
14679	0.300925925925926
14681	0.301369863013699
14685	0.306306306306306
14686	0.306666666666667
14687	0.302631578947369
14689	0.298701298701299
14690	0.294871794871795
14691	0.29957805907173
14692	0.295833333333333
14693	0.292181069958848
14694	0.288617886178862
14696	0.289156626506024
14697	0.285714285714286
14699	0.286274509803922
14702	0.286821705426357
14704	0.283524904214559
14707	0.28030303030303
14708	0.284644194756554
14709	0.288888888888889
14710	0.289377289377289
14711	0.286231884057971
14716	0.293906810035842
14727	0.294326241134752
14731	0.298245614035088
14732	0.302083333333333
14733	0.305841924398625
14734	0.30952380952381
14737	0.313131313131313
14739	0.31
14742	0.313531353135314
14746	0.316993464052288
14747	0.317152103559871
14748	0.320512820512821
14749	0.317460317460318
14750	0.317610062893082
14752	0.320872274143302
14753	0.317901234567901
14754	0.318042813455658
14755	0.321212121212121
14756	0.324324324324324
14757	0.324404761904762
14759	0.324483775811209
14760	0.321637426900585
14761	0.318840579710145
14762	0.32183908045977
14764	0.319088319088319
14766	0.319209039548023
14768	0.319327731092437
14769	0.319444444444444
14771	0.316804407713499
14773	0.314207650273224
14774	0.317073170731707
14775	0.317204301075269
14776	0.322666666666667
14777	0.322751322751323
14778	0.322834645669291
14779	0.3203125
14780	0.320413436692507
14782	0.320512820512821
14783	0.318066157760814
14784	0.318181818181818
14785	0.315789473684211
14786	0.313432835820896
14787	0.316049382716049
14788	0.318627450980392
14789	0.316301703163017
14790	0.318840579710145
14792	0.321342925659472
14793	0.319047619047619
14794	0.316784869976359
14795	0.31924882629108
14797	0.324009324009324
14800	0.324074074074074
14802	0.324137931034483
14805	0.32648401826484
14807	0.326530612244898
14811	0.328828828828829
14819	0.331096196868009
14832	0.331111111111111
14833	0.328918322295806
14838	0.331140350877193
14845	0.331154684095861
14848	0.333333333333333
14852	0.333333333333333
14853	0.331196581196581
14854	0.331210191082803
14856	0.333333333333333
14859	0.335429769392034
14860	0.335416666666667
14863	0.335403726708075
14866	0.335390946502058
14870	0.337423312883436
14872	0.33739837398374
14875	0.339393939393939
14887	0.34136546184739
14889	0.343313373253493
14890	0.347222222222222
14898	0.349112426035503
14902	0.350980392156863
14911	0.352826510721248
14916	0.356589147286822
14921	0.354527938342967
14923	0.354406130268199
14926	0.354285714285714
14928	0.354166666666667
14930	0.355932203389831
14931	0.355805243445693
14932	0.357541899441341
14935	0.355555555555556
14937	0.355432780847146
14938	0.357142857142857
14939	0.357012750455373
14942	0.355072463768116
14945	0.356756756756757
14947	0.35663082437276
14949	0.35650623885918
14950	0.354609929078014
14952	0.354497354497354
14955	0.352631578947368
14961	0.352530541012217
14966	0.350694444444444
14967	0.352331606217617
14970	0.353951890034364
14972	0.352136752136752
14974	0.35374149659864
14983	0.355329949238579
15007	0.355218855218855
15073	0.353433835845896
15074	0.353333333333333
15078	0.354892205638474
15079	0.353135313531353
15136	0.35303776683087
15276	0.354575163398693
15316	0.35609756097561
15317	0.355987055016181
15319	0.35426731078905
15320	0.352564102564103
15321	0.352472089314195
15322	0.353968253968254
15323	0.353870458135861
15324	0.35377358490566
15326	0.353677621283255
15327	0.353582554517134
15329	0.355038759689923
15330	0.354938271604938
15331	0.353302611367128
15332	0.353211009174312
15334	0.353120243531202
15336	0.353030303030303
15338	0.352941176470588
15342	0.354354354354354
15343	0.354260089686099
15344	0.352678571428572
15345	0.352592592592593
15347	0.353982300884956
15348	0.355359765051395
15349	0.35672514619883
15352	0.356622998544396
15353	0.357971014492754
15354	0.357864357864358
15355	0.357758620689655
15356	0.359084406294707
15357	0.36039886039886
15358	0.360283687943262
15360	0.361581920903955
15361	0.361462728551336
15362	0.361344537815126
15363	0.359832635983264
15364	0.358333333333333
15366	0.356846473029046
15367	0.355371900826446
15368	0.353909465020576
15369	0.353825136612022
15370	0.353741496598639
15373	0.353658536585366
15374	0.35357624831309
15376	0.354838709677419
15377	0.35475234270415
15378	0.354666666666667
15379	0.355909694555113
15380	0.355820105820106
15382	0.355731225296443
15383	0.355643044619423
15384	0.355555555555556
15385	0.35546875
15386	0.35538261997406
15390	0.354005167958656
15391	0.353925353925354
15393	0.355128205128205
15394	0.355044699872286
15395	0.353689567430025
15396	0.35234474017744
15397	0.352272727272727
15398	0.352201257861635
15399	0.350877192982456
15400	0.34956304619226
15401	0.348258706467662
15404	0.346964064436183
15405	0.345679012345679
15406	0.345633456334563
15407	0.345588235294118
15408	0.344322344322344
15409	0.343065693430657
15410	0.341818181818182
15411	0.340579710144928
15412	0.339350180505415
15413	0.34052757793765
15414	0.341696535244922
15415	0.340476190476191
15417	0.33926453143535
15424	0.340425531914894
15425	0.340400471142521
15426	0.34037558685446
15427	0.340350877192983
15428	0.341491841491842
15429	0.341463414634146
15430	0.340277777777778
15432	0.340253748558247
15433	0.340229885057471
15434	0.34020618556701
15435	0.339041095890411
15439	0.337883959044369
15440	0.336734693877551
15443	0.335593220338983
15444	0.335585585585586
15445	0.335578002244669
15446	0.335570469798658
15449	0.335562987736901
15452	0.335555555555556
15456	0.335548172757475
15460	0.334437086092715
15461	0.334433443344334
15462	0.334429824561404
15463	0.334426229508197
15464	0.333333333333333
15469	0.332247557003257
15470	0.331168831168831
15471	0.330097087378641
15472	0.329032258064516
15473	0.329046087888532
15474	0.327991452991453
15475	0.32800851970181
15477	0.328025477707006
15480	0.329100529100529
15481	0.329113924050633
15482	0.329127234490011
15483	0.328092243186583
15484	0.327063740856844
15486	0.328125
15489	0.329179646936656
15491	0.32815734989648
15493	0.330237358101135
15496	0.331275720164609
15501	0.33025641025641
15502	0.329243353783231
15504	0.328236493374108
15506	0.329268292682927
15510	0.329280648429585
15511	0.329292929292929
15514	0.329305135951662
15515	0.329317269076305
15516	0.33033033033033
15517	0.332335329341317
15518	0.333333333333333
15523	0.334325396825397
15524	0.335311572700297
15531	0.33629191321499
15534	0.336283185840708
15536	0.335294117647059
15539	0.336265884652982
15540	0.337231968810916
15541	0.336248785228377
15544	0.338178294573643
15547	0.33816425120773
15553	0.33718689788054
15555	0.337175792507205
15556	0.339080459770115
15557	0.33810888252149
15559	0.337142857142857
15561	0.337132003798671
15562	0.336174242424242
15563	0.335221907459868
15565	0.336158192090396
15568	0.336150234741784
15569	0.335205992509363
15570	0.335200746965453
15573	0.334264432029795
15577	0.333333333333333
15580	0.333333333333333
15581	0.332409972299169
15582	0.331491712707182
15585	0.331496786042241
15586	0.330586080586081
15588	0.329680365296804
15589	0.330601092896175
15596	0.329700272479564
15600	0.329710144927536
15601	0.328816621499548
15605	0.327927927927928
15607	0.327942497753819
15608	0.327956989247312
15610	0.327077747989276
15611	0.32620320855615
15612	0.325333333333333
15614	0.324468085106383
15617	0.323607427055703
15618	0.324514991181658
15622	0.325417766051011
15623	0.325438596491228
15624	0.325459317585302
15628	0.324607329842932
15629	0.32550043516101
15631	0.324652777777778
