15271	0.666666666666667
15272	0
15273	0.666666666666667
15274	0
15275	0
15276	0.666666666666667
15277	0.666666666666667
15278	0.333333333333333
15279	1
15281	0.666666666666667
15283	0.333333333333333
15284	0.333333333333333
15287	0.666666666666667
15290	0
15297	0
15298	0
15307	0.666666666666667
15309	0.333333333333333
15310	0
15311	0.666666666666667
15336	0.666666666666667
15337	0.666666666666667
15338	0.666666666666667
15339	0.333333333333333
15340	0.666666666666667
15341	0.333333333333333
15343	0.666666666666667
15345	0.666666666666667
15346	0
15348	0.333333333333333
15352	0.333333333333333
15355	0.333333333333333
15372	0.333333333333333
15373	0
15376	1
15378	0.333333333333333
15379	0.666666666666667
15380	0.333333333333333
15381	0
15383	0.666666666666667
15384	1
15385	0
15386	0.333333333333333
15387	0.666666666666667
15437	1
15442	0.666666666666667
15448	0.333333333333333
15458	1
15463	0.333333333333333
15465	0.333333333333333
15468	0.333333333333333
15472	0.333333333333333
15474	0.333333333333333
15475	0.333333333333333
15478	0.333333333333333
15479	0
15483	0.333333333333333
15499	0.333333333333333
15504	0.333333333333333
15515	0.333333333333333
15516	0
15521	0.666666666666667
15526	0.333333333333333
15531	0.333333333333333
15536	0
15539	0.333333333333333
15543	0.333333333333333
15546	0.333333333333333
15548	0.666666666666667
15549	0.333333333333333
15556	0.333333333333333
15557	0.333333333333333
15559	0.333333333333333
15560	0.333333333333333
15561	0.333333333333333
15575	0.666666666666667
15576	0.333333333333333
15580	0.333333333333333
