14905	1
14906	0.333333333333333
14907	0.333333333333333
14908	0.666666666666667
14909	1
14912	0.666666666666667
14915	0
14916	0
14917	0.333333333333333
14918	0.333333333333333
14919	0.666666666666667
14920	0
14922	0
14923	0
14924	0.333333333333333
14925	0.666666666666667
14928	0.666666666666667
14933	0.333333333333333
14937	0.666666666666667
14943	0
14944	0.666666666666667
14945	0
14946	1
14948	0
14952	0.333333333333333
14953	0
14954	0.333333333333333
14955	0.666666666666667
14956	0.333333333333333
14957	0
14958	0
14959	0
14960	0
14961	0
14962	0.333333333333333
14963	0.666666666666667
14964	0
14965	0
14966	0.333333333333333
14968	0.666666666666667
14971	0.333333333333333
14973	0
14977	0
14978	0.333333333333333
14979	1
14984	0.666666666666667
14985	0.333333333333333
14986	0
14987	0.333333333333333
14988	0.333333333333333
14993	0.333333333333333
14994	0
14998	0.666666666666667
14999	0.666666666666667
15002	0.333333333333333
15005	0.666666666666667
15012	0.666666666666667
15013	1
15014	1
15016	0
15019	0.333333333333333
15020	0.333333333333333
15021	0
15023	0.333333333333333
15024	0
15026	0.666666666666667
15027	0.333333333333333
15028	0.333333333333333
15029	0.666666666666667
15030	0.666666666666667
15033	0
15043	0.666666666666667
15044	0.666666666666667
15046	0.333333333333333
15047	0.333333333333333
15048	0.333333333333333
15049	1
15050	0.666666666666667
15051	0
15052	0.333333333333333
15053	0.666666666666667
15054	0.666666666666667
15055	0.666666666666667
15056	0.666666666666667
15059	0.333333333333333
15060	0.333333333333333
15061	0.333333333333333
15062	0
15068	0.333333333333333
15069	0.333333333333333
15070	0.333333333333333
15071	0
15073	0.333333333333333
15075	0.333333333333333
15076	0
15077	0.666666666666667
15078	0.333333333333333
15079	1
15080	0.666666666666667
15081	0.333333333333333
15084	0.333333333333333
15085	0.666666666666667
15088	1
15089	0.333333333333333
15090	0.666666666666667
15091	0
15092	0.333333333333333
15093	0
15094	0
15096	0
15097	0.333333333333333
15098	0.333333333333333
15099	0.333333333333333
15104	0.333333333333333
15105	0.333333333333333
15108	0.333333333333333
15110	0.666666666666667
15111	0.666666666666667
15113	1
15114	0.666666666666667
15115	0
15116	0
15117	1
15118	0.333333333333333
15119	0
15120	0.333333333333333
15121	0.333333333333333
15122	0.666666666666667
15123	0.333333333333333
15124	0.666666666666667
15125	0.333333333333333
15126	0.333333333333333
15129	0.666666666666667
15131	0
15132	0.666666666666667
15133	0.666666666666667
15135	0
15137	0.333333333333333
15138	0.666666666666667
15139	1
15140	0
15141	0.333333333333333
15142	0
15143	0
15144	0
15145	0.333333333333333
15146	0.666666666666667
15150	0
15151	0.333333333333333
15152	0.666666666666667
15153	0.333333333333333
15154	0.333333333333333
15155	0
15156	0.333333333333333
15157	0.666666666666667
15159	0
15160	0.666666666666667
15161	0.666666666666667
15162	0.333333333333333
15163	0.333333333333333
15166	0.333333333333333
15167	0.666666666666667
15169	0.333333333333333
15170	0
15173	0.333333333333333
15174	0
15176	1
15177	0.333333333333333
15179	0.666666666666667
15181	0.666666666666667
15183	0.666666666666667
15185	0.333333333333333
15188	0
15189	0
15191	0.333333333333333
15192	0.333333333333333
15195	0.333333333333333
15196	0.333333333333333
15197	0.333333333333333
15198	0.333333333333333
15200	0.333333333333333
15201	0.666666666666667
15202	0.666666666666667
15203	0
15204	0.666666666666667
15205	0.333333333333333
15208	0.333333333333333
15209	0.333333333333333
15210	0
15211	0.333333333333333
15212	0.333333333333333
15214	0.666666666666667
15215	0.333333333333333
15216	0.333333333333333
15218	0
15219	0.666666666666667
15220	0.666666666666667
15221	0.666666666666667
15222	0.666666666666667
15223	0.333333333333333
15224	0.666666666666667
15225	0.666666666666667
15226	0.666666666666667
15227	0.666666666666667
15228	0.666666666666667
15229	0.333333333333333
15230	0
15232	0.666666666666667
15233	0.666666666666667
15235	0.333333333333333
15237	0.666666666666667
15238	0
15239	0.333333333333333
15240	0.666666666666667
15243	0.666666666666667
15244	0.333333333333333
15245	0.666666666666667
15246	0.666666666666667
15247	0
15250	0.333333333333333
15252	0
15253	0.333333333333333
15254	0.666666666666667
15255	0.666666666666667
15259	1
15261	0
15262	0.666666666666667
15263	0.666666666666667
15264	0
15265	0.333333333333333
15277	0.666666666666667
15279	0.666666666666667
15280	0.333333333333333
15281	0.333333333333333
15282	0.333333333333333
15283	1
15284	1
15285	0.333333333333333
15286	0.666666666666667
15287	0.333333333333333
15289	0.333333333333333
15290	0.333333333333333
15291	1
15292	0.333333333333333
15293	0
15294	0.666666666666667
15295	0.333333333333333
15296	0.666666666666667
15298	0.333333333333333
15299	0.666666666666667
15300	0
15301	0
15302	0.666666666666667
15305	1
15306	0.666666666666667
15309	0.666666666666667
15311	0.333333333333333
15313	0.666666666666667
15315	1
15317	1
15320	0
15321	0
15322	0.333333333333333
15323	0
15324	0.666666666666667
15325	0.666666666666667
15327	0.666666666666667
15328	0.333333333333333
15329	1
15330	0.333333333333333
15333	0.666666666666667
15335	1
15336	0.666666666666667
15337	0.333333333333333
15338	0
15339	0.666666666666667
15340	0
15341	0.333333333333333
15342	0.666666666666667
15343	1
15344	1
15347	0.666666666666667
15348	1
15349	0
15358	0
15359	0
15360	0
15361	0
15364	0
15365	0.666666666666667
15366	0.666666666666667
15367	0.666666666666667
15370	0.666666666666667
15371	0.666666666666667
15372	0.333333333333333
15373	0.333333333333333
15376	0.333333333333333
15377	0.666666666666667
15379	0.666666666666667
15382	0
15387	0.333333333333333
15391	0.666666666666667
15392	0.666666666666667
15393	0.333333333333333
15394	0
15395	0.666666666666667
15397	0.333333333333333
15398	0.333333333333333
15399	0.666666666666667
15400	0
15401	0.666666666666667
15402	0
15404	0
15405	0
15411	0
15412	0.333333333333333
15418	1
15419	0.666666666666667
15421	0.333333333333333
15424	0.666666666666667
15432	0
15433	0.666666666666667
15434	1
15442	0
15443	0.333333333333333
15446	0.666666666666667
15447	0.333333333333333
15448	0.333333333333333
15449	0.333333333333333
15450	0.333333333333333
15451	1
15453	0.333333333333333
15454	0
15455	1
15457	0.666666666666667
15472	0.666666666666667
15475	0.333333333333333
15476	1
15477	0.666666666666667
15478	0
15480	0.333333333333333
15482	0.666666666666667
15483	0.333333333333333
15484	0.333333333333333
15486	0.333333333333333
15488	0
15489	0.666666666666667
15490	0.333333333333333
15491	0.666666666666667
15492	0.333333333333333
15493	0.333333333333333
15511	0.333333333333333
15513	0.333333333333333
15530	0
15531	0
15533	1
15534	1
15537	1
15540	0
15545	0.333333333333333
15551	0.333333333333333
15552	0
15566	0.666666666666667
15570	0.333333333333333
15571	0.333333333333333
15572	0.333333333333333
15573	0
15584	0
15585	0.333333333333333
15586	1
15593	0.666666666666667
15594	0
15595	0.333333333333333
15596	0.666666666666667
15613	0
15617	0.666666666666667
15618	0
15621	0.333333333333333
15624	0
15628	0.333333333333333
15630	0.666666666666667
15631	0.333333333333333
15635	0.666666666666667
15642	0.333333333333333
15643	0.666666666666667
15644	0.333333333333333
15645	0.333333333333333
15647	0.666666666666667
15648	0.666666666666667
15649	0
15650	0
15651	0.333333333333333
15652	0.333333333333333
15653	0.333333333333333
15654	0.333333333333333
15657	0.333333333333333
15660	0
15661	0.666666666666667
15663	0.666666666666667
15664	0.666666666666667
15667	0.666666666666667
15669	1
15670	0
15671	0.333333333333333
15672	0.666666666666667
15673	0.333333333333333
15674	0
15675	0
15685	1
15686	0.666666666666667
15688	0.666666666666667
15689	0.666666666666667
15690	0.666666666666667
15691	0.666666666666667
15692	0.333333333333333
15693	0.333333333333333
15694	0.333333333333333
15695	0.666666666666667
15697	0
15698	1
