15441	0.333333333333333
15443	0.666666666666667
15444	0.666666666666667
15446	0
15447	0.333333333333333
15449	0
15450	0
15451	0.666666666666667
15464	0.333333333333333
15465	0.333333333333333
15466	0.666666666666667
15467	0.666666666666667
15469	0
15470	0.333333333333333
15471	0
15472	0.666666666666667
15477	0
15492	0
15493	0
15494	0.666666666666667
15515	0.333333333333333
15522	0
15557	0.333333333333333
15558	0.666666666666667
15577	0.333333333333333
15585	0.333333333333333
15610	0
15611	0.666666666666667
15623	0.666666666666667
15624	0.666666666666667
15625	0
15633	0
15641	0
15642	0
15643	1
15648	0
15661	0
15662	0
15663	0.333333333333333
15664	0.333333333333333
15666	0
15667	0.666666666666667
15668	0.333333333333333
15670	0.666666666666667
15671	0.333333333333333
15672	0
15680	0.333333333333333
