15263	0.333333333333333
15264	0.555555555555556
15265	0.444444444444444
15266	0.266666666666667
15267	0.288888888888889
15268	0.396825396825397
15269	0.380952380952381
15270	0.444444444444444
15271	0.488888888888889
15272	0.460606060606061
15279	0.439393939393939
15281	0.474358974358974
15282	0.501831501831502
15283	0.523809523809524
15284	0.541666666666667
15285	0.556372549019608
15287	0.531590413943355
15290	0.510721247563353
15292	0.492982456140351
15293	0.477777777777778
15294	0.434343434343434
15295	0.396574440052701
15296	0.391304347826087
15297	0.36
15298	0.383589743589744
15310	0.404558404558405
15314	0.3994708994709
15316	0.37192118226601
15317	0.369348659003831
15318	0.388530465949821
15319	0.38508064516129
15320	0.361742424242424
15321	0.379679144385027
15322	0.357983193277311
15323	0.356613756613757
15324	0.337337337337337
15325	0.337126600284495
15326	0.336932073774179
15327	0.353418803418803
15328	0.352439024390244
15329	0.35152922957801
15330	0.350682908822444
15331	0.349894291754757
15346	0.349158249158249
15347	0.333977455716586
15356	0.34813444341659
15357	0.347517730496454
15358	0.346938775510204
15360	0.359727891156463
15362	0.34562091503268
15364	0.332327802916038
15365	0.332365747460087
15366	0.320055904961565
15367	0.308417508417509
15369	0.321212121212121
15372	0.321637426900585
15373	0.310546481145392
15374	0.322618351841029
15375	0.311864406779661
15376	0.323497267759563
15378	0.334567248369469
15379	0.345110087045571
15380	0.334325396825397
15381	0.344551282051282
15382	0.334110334110334
15385	0.32413689130107
15386	0.334211296458882
15387	0.324524012503552
15388	0.315251897860594
15389	0.315761234071093
15391	0.316249347939489
15393	0.307584982242517
15398	0.308280883623349
15399	0.30006006006006
15400	0.30093567251462
15401	0.301777170198223
15402	0.302586302586303
15403	0.294925889862599
15404	0.287552742616034
15406	0.280452674897119
15408	0.298002609655726
15409	0.290821823880889
15410	0.291834002677376
15413	0.29281045751634
15415	0.2937528499772
15416	0.294662746146307
15417	0.310693138279345
15418	0.311201906707525
15420	0.311693716188098
15422	0.312169312169312
15423	0.32712215320911
15424	0.327255726975222
15425	0.320292839167239
15426	0.320567375886525
15428	0.313888888888889
15429	0.314289805269187
15430	0.314678448699067
15431	0.321789321789322
15432	0.322020202020202
15433	0.322244224422442
15434	0.315925710218081
15435	0.316263722317406
15437	0.310181727657456
15439	0.316971916971917
15441	0.317280622941
15442	0.311350144007524
15443	0.305584400599977
15444	0.306093555329029
15445	0.300528217959411
15446	0.295113295113295
15448	0.301748176748177
15449	0.296407501053519
15450	0.297055322672463
15452	0.297686244597
15454	0.292553723138431
15456	0.298948816190196
15458	0.293881887102226
15459	0.294544936618715
15460	0.300746965452848
15461	0.306795224977043
15462	0.301765795059387
15463	0.296859034164112
15467	0.302823673398024
15468	0.303311827956989
15470	0.30378835978836
15473	0.299004291130275
15475	0.294332349081365
15476	0.289769056847545
15477	0.290439276485788
15478	0.29618320610687
15479	0.291695581771918
15480	0.297334244702666
15486	0.292896420154865
15487	0.298433757140225
15488	0.294045025417574
15489	0.299484757406612
15490	0.295144398603618
15491	0.290897716609321
15493	0.286742034943474
15496	0.292131036811888
15498	0.28801651516665
15499	0.293312321481336
15501	0.289238539238539
15502	0.285249042145594
15503	0.281341521020312
15504	0.286584040008698
15505	0.287215787215787
15508	0.287834814680452
15509	0.28399701715138
15510	0.280235467255335
15512	0.28093412338794
15515	0.28161908038069
15516	0.290948702713409
15521	0.287194525904203
15522	0.283512544802867
15523	0.292639773531493
15524	0.293154881883415
15526	0.289467399092429
15527	0.285849056603774
15528	0.286438923395445
15529	0.287017866728012
15534	0.283496175111717
15535	0.280038904683525
15536	0.280684897758069
15537	0.281319216258975
15538	0.277950123848688
15539	0.286545955707632
15540	0.283154879308725
15542	0.283745214061956
15543	0.292122463020296
15545	0.288725690194478
15547	0.293094950038088
15548	0.289726042566385
15608	0.29784345922277
15609	0.294458874458875
15610	0.294898133881185
15611	0.291584671702744
15612	0.295775531981671
15614	0.292489137181875
15615	0.289257213014119
15616	0.28974156598466
15617	0.286574991493024
15618	0.290706422744912
15619	0.287563650607129
15620	0.291640027123898
15621	0.29565100722596
15622	0.296051883035613
15623	0.296446395737176
15624	0.29683467929082
15625	0.300707265546064
15626	0.301047120418848
15627	0.297927461139896
15628	0.298292470131581
15629	0.295233060181514
15630	0.295621838478981
15631	0.299388791049415
15632	0.303098668580902
15633	0.303402534558314
15634	0.303701842546064
15635	0.303996683250415
15636	0.307587475165427
15637	0.30784112894048
15638	0.308091052512959
15639	0.305085286146979
15640	0.308595784986976
15641	0.308834795115926
15642	0.31227548618853
15645	0.315666789351
15646	0.315835042150832
15648	0.316000902730761
15649	0.316164416227011
15650	0.319455517170107
15652	0.316469951589078
15653	0.319727595450265
15654	0.319853574504737
15655	0.316905615292712
15656	0.317056328302259
15657	0.320249116780473
15659	0.320368064203681
15660	0.323501988207871
15661	0.323590558884677
15663	0.323677938027714
15664	0.326740337390562
15667	0.329761904761905
15670	0.329793510324484
15671	0.329824698192403
15672	0.326931499085452
15673	0.329898618452974
15674	0.32992848553889
15675	0.329957964740574
15676	0.335734189182465
15677	0.338574811306793
15678	0.335681009500752
15679	0.335661029278051
15680	0.335641303041231
15681	0.332808886981811
15682	0.332813294094009
15685	0.330028245607867
15686	0.330055788005579
15687	0.330082987551867
15689	0.330109849913698
15690	0.332879864866397
15691	0.332883581821044
15692	0.335608341697335
15693	0.332879818594104
15694	0.332883490778228
15695	0.33557529058378
15696	0.335557282895021
15697	0.332872824631861
15699	0.332876494023904
15700	0.332880119732709
15701	0.33288370244892
15702	0.330262570933574
15704	0.330286655344553
15705	0.332914624183007
15707	0.335511916342413
15709	0.340662986758363
15710	0.343180389692018
15711	0.340540540540541
15714	0.337931034482759
15715	0.33789593752742
15716	0.337861240917579
15718	0.337826938587395
15719	0.340308747855918
15720	0.342762566794344
15722	0.340195056930716
15723	0.340143850038199
15725	0.340093214226267
15726	0.337574005231998
15727	0.335082684160175
15728	0.335069821286448
15729	0.335057099762982
15730	0.335044517526269
15731	0.335032072550321
15732	0.33501976284585
15733	0.335007586459478
15734	0.334995541472959
15736	0.33259413974197
15737	0.334980372077146
15738	0.334968649381461
15741	0.337321117589157
15742	0.337292935368268
15743	0.33491763300652
15744	0.332567333827527
15746	0.33490369279843
15747	0.334892749526896
15751	0.334881920247774
15753	0.339484813533257
15758	0.339442389531878
15759	0.339400402891338
15761	0.341641952643224
15773	0.341585238518242
15774	0.343796676804965
15775	0.343725738883124
15776	0.341403267674454
15778	0.339104255770922
15779	0.339065524747851
15780	0.339027182330363
15781	0.343433667781494
15782	0.343366555924696
15783	0.343300110741971
15784	0.343234323432343
15785	0.343169185339587
15786	0.343104687949382
15787	0.345219472124004
15789	0.345142037995075
15810	0.342900855930172
15811	0.340681432914443
15813	0.340634025820371
15815	0.340587076029458
15817	0.342677329815594
15818	0.342617623767784
15819	0.342558488159921
15820	0.342499915748323
15821	0.344551604045275
15822	0.346583875733738
15823	0.348596975047782
15824	0.348501278234525
15825	0.352573145245559
15826	0.354530114226376
15827	0.352328063827454
15828	0.350146465909018
15829	0.354157907477481
15830	0.351978474200696
15831	0.351864086833412
15833	0.351750748891516
15889	0.351638447577136
15890	0.353553512738775
15891	0.355451168217126
15892	0.353303427019439
15893	0.351175093121732
15894	0.351067935405285
15895	0.350961740183297
15898	0.350856495963297
15899	0.348768064439706
15900	0.348676463661627
15907	0.348585675908205
15926	0.348495691586229
15928	0.348406501243565
15929	0.348318095566673
15932	0.350179783116965
15933	0.350081553089072
15935	0.349984179718399
15936	0.351820020222447
15937	0.35171316076066
15938	0.351607225155892
15939	0.353417911601356
15940	0.355213033406888
15941	0.356992768454087
15942	0.358757292090625
15943	0.358612837779504
15945	0.358469611125419
15947	0.362094076599286
15953	0.361932044242858
15954	0.359898718151606
15955	0.35788247883423
15956	0.355883135377056
15957	0.355757509738929
15959	0.355632930981121
15960	0.353662665435519
15961	0.355391969309724
15962	0.355270434125281
15963	0.355149900604446
15964	0.355030357770084
15965	0.35491179479502
15966	0.354794200999588
