14824	0.333333333333333
14825	0.333333333333333
14826	0.666666666666667
14827	0
14828	1
14830	0.666666666666667
14831	0.333333333333333
14833	0.666666666666667
14834	0
14835	0
14836	0.666666666666667
14841	0.333333333333333
14845	0
14847	0.333333333333333
14850	0.666666666666667
14851	0
14852	0
14853	0.333333333333333
14854	0.333333333333333
14855	0.333333333333333
14856	0.333333333333333
14858	0.333333333333333
14860	0
14861	0
14868	0
14872	0
14873	0.333333333333333
14875	0.333333333333333
14886	0
14887	0
14888	0.333333333333333
14890	0.333333333333333
14893	0.333333333333333
14895	0.333333333333333
14896	0
14897	0.333333333333333
14898	0.333333333333333
14899	0
14900	0
14902	0.333333333333333
14904	0
14906	0
14909	0.666666666666667
14910	0
14911	0
14913	0
14917	0
14919	0
14920	0.333333333333333
14921	0.666666666666667
14922	0
14928	0.666666666666667
14930	0
14931	0
14932	0.333333333333333
14933	0.666666666666667
14934	0.666666666666667
14940	0.333333333333333
14942	0.666666666666667
14945	0
14947	0
14948	0.666666666666667
14949	0.333333333333333
14950	0
14951	1
14952	0.666666666666667
14957	0
14958	0.333333333333333
14959	0.666666666666667
14960	0
14961	0.666666666666667
14965	0
14966	0.333333333333333
14968	0
14970	0
14971	0.666666666666667
14973	0
14974	0.333333333333333
14975	0
14980	0
14981	0.666666666666667
14983	0.333333333333333
14988	0.666666666666667
14990	0.333333333333333
14993	0.333333333333333
14997	0.666666666666667
15000	0.333333333333333
15003	0.333333333333333
15004	0.333333333333333
15006	0.666666666666667
15007	0.666666666666667
15009	0.666666666666667
15010	0.333333333333333
15012	0
15014	0.333333333333333
15015	0.666666666666667
15017	0
15018	0.333333333333333
15019	0.666666666666667
15020	0.333333333333333
15021	0.333333333333333
15022	0
15023	0
15026	1
15027	0.333333333333333
15028	0
15029	0
15037	1
15039	0
15041	0.333333333333333
15042	0.333333333333333
15043	0.333333333333333
15044	0.333333333333333
15045	0
15046	0
15047	0.333333333333333
15048	0
15049	0.666666666666667
15050	0
15051	0
15052	0
15054	0
15055	0
15056	0.666666666666667
15057	0
15058	0
15059	0.333333333333333
15060	0.666666666666667
15061	0.333333333333333
15062	0
15064	0
15065	0.333333333333333
15066	0.666666666666667
15067	0.333333333333333
15068	0.333333333333333
15069	0
15070	0
15071	0
15073	0.666666666666667
15074	0
15075	0.333333333333333
15076	0
15077	0.666666666666667
15078	0
15079	0
15082	0.333333333333333
15083	0
15084	0
15085	0.333333333333333
15086	0.666666666666667
15088	0
15089	0
15090	0.333333333333333
15091	0
15095	0
15096	0
15097	0
15098	0
15099	0
15100	0
15101	0
15102	0
15103	0
15105	0
15106	0
15110	0.666666666666667
15112	0
15113	0.333333333333333
15114	0.333333333333333
15115	0
15117	0.333333333333333
15118	0
15119	0.666666666666667
15124	0
15125	0.333333333333333
15126	0
15128	0
15129	0
15130	0
15132	0
15134	0
15136	0
15137	0.333333333333333
15138	0.666666666666667
15140	0
15141	0
15144	0.666666666666667
15145	0
15146	0
15147	0.333333333333333
15149	0
15151	0
15152	0
15153	0.666666666666667
15155	0
15156	0.333333333333333
15158	0
15159	0
15160	0
15162	0.333333333333333
15164	0
15165	0
15166	0.333333333333333
15169	0.666666666666667
15170	0.666666666666667
15172	0
15173	0
15174	0
15175	0
15176	1
15177	0.333333333333333
15179	0.333333333333333
15180	0
15181	0
15182	0
15183	0
15184	0.666666666666667
15186	0.333333333333333
15187	0.333333333333333
15188	0.333333333333333
15189	0.666666666666667
15190	0.333333333333333
15191	0.666666666666667
15193	0
15214	0
15215	0.333333333333333
15216	0
15217	0
15218	0
15222	0.333333333333333
15223	0
15229	0.666666666666667
15230	0.666666666666667
15236	0
15241	0.333333333333333
15244	0
15245	0
15247	0
15250	0
15255	0.333333333333333
15256	0
15258	0
15264	0.333333333333333
15265	0.666666666666667
15266	0
15269	0.666666666666667
15270	0
15271	0
15273	0.666666666666667
15274	0.333333333333333
15275	0
15276	0.333333333333333
15277	0
15278	0.666666666666667
15280	0.666666666666667
15282	0.666666666666667
15283	0
15285	0
15286	1
15287	0.333333333333333
15288	0.333333333333333
15290	0
15292	0
15295	0.333333333333333
15299	0
15302	1
15304	0
15305	0
15309	0
15311	0.333333333333333
15314	0
15316	0
15317	0.333333333333333
15318	0
15319	0.333333333333333
15320	0.333333333333333
15321	0.333333333333333
15323	0
15324	0.333333333333333
15325	0.333333333333333
15326	0.333333333333333
15327	0
15328	0
15330	0
15331	0
15333	0
15336	0
15337	0.333333333333333
15338	0.666666666666667
15339	0.333333333333333
15345	0.333333333333333
15346	0.333333333333333
15347	0.333333333333333
15348	0.666666666666667
15350	0
15351	0
15352	0.333333333333333
15353	0.333333333333333
15354	0
15355	0.333333333333333
15356	1
15357	0
15359	0
15360	0
15362	0
15363	0.666666666666667
15364	0
15365	0.666666666666667
15366	0
15367	0
15368	0.333333333333333
15369	1
15370	0.666666666666667
15371	0
15372	0.333333333333333
15374	0.666666666666667
15376	0.333333333333333
15377	0.333333333333333
15378	0
15381	0.333333333333333
15382	0.333333333333333
15386	0.333333333333333
15387	0.333333333333333
15388	0.333333333333333
15390	0.333333333333333
15393	0
15394	0.333333333333333
15395	0
15396	0.333333333333333
15397	0
15398	0.666666666666667
15401	0.333333333333333
15403	0.666666666666667
15405	0.333333333333333
15406	0.333333333333333
15410	0
15411	0.333333333333333
15414	0.333333333333333
15415	0
15416	0.333333333333333
15417	0.666666666666667
15418	0.666666666666667
15419	0.333333333333333
15420	0.666666666666667
15424	0.333333333333333
15426	0.333333333333333
15429	0
15431	0.333333333333333
15432	0
15433	0.333333333333333
15435	0
15436	0
15439	0.666666666666667
15441	0.333333333333333
15442	0.666666666666667
15444	0.333333333333333
15445	0.333333333333333
15448	0.333333333333333
15449	0.666666666666667
15450	0.333333333333333
15451	0.333333333333333
15453	0.666666666666667
15455	0
15458	0
15459	0.666666666666667
15460	0
15462	0.666666666666667
15464	0.333333333333333
15466	0
15471	0
15472	0
15476	0
15477	0.333333333333333
15479	1
15480	0.333333333333333
15481	0.666666666666667
15483	0.666666666666667
15486	0.666666666666667
15491	1
15492	0.333333333333333
15493	0
15494	0.666666666666667
15501	0.666666666666667
15502	0.333333333333333
15504	0.333333333333333
15505	0.333333333333333
15506	0.333333333333333
15509	0.333333333333333
15511	0.333333333333333
15512	0.333333333333333
15513	0.666666666666667
15517	0.666666666666667
15518	0
15519	0
15520	0.333333333333333
15521	0.666666666666667
15522	0.333333333333333
15523	0.333333333333333
15525	1
15526	0
15527	0
15528	0.333333333333333
15529	1
15531	0
15532	0.666666666666667
15534	0
15537	1
15538	0.333333333333333
15544	1
15546	0.666666666666667
15547	0
15548	0
15549	0.666666666666667
15552	0
15553	0
15554	1
15555	0.333333333333333
15556	0.333333333333333
15558	0
15559	0
15560	0.333333333333333
15572	0
15573	0.666666666666667
15574	0.333333333333333
15575	0.333333333333333
15576	0.333333333333333
15578	0.333333333333333
15579	0.333333333333333
15580	0
15581	0
15583	0
15588	0
15589	0
15590	0.333333333333333
15591	0.666666666666667
15595	0
15598	0.333333333333333
15599	0.333333333333333
15602	0.333333333333333
15605	0
15606	1
15610	0.666666666666667
15611	0
15612	0
15613	0
15615	0
15616	0
15619	0
15620	0.333333333333333
15623	0.333333333333333
15626	0
15627	0
15628	0
15630	0.333333333333333
15631	0
15633	0.333333333333333
15634	0.666666666666667
