14305	
14306	
14307	
14309	
14310	
14311	
14312	
14316	
14317	
14318	
14322	
14323	
14325	
14329	
14343	
14344	
14345	
14346	
14347	
14349	
14350	
14351	
14357	
14360	
14361	
14362	
14364	
14365	
14366	
14367	
14370	
14371	
14373	
14374	
14377	
14380	
14381	
14382	
14383	
14384	
14385	
14386	
14387	
14389	
14392	
14397	
14398	
14399	
14401	
14402	
14403	
14404	
14405	
14406	
14407	
14408	
14412	
14413	
14414	
14415	
14417	
14418	
14419	
14420	
14421	
14422	
14423	
14424	
14425	
14426	
14427	
14428	
14429	
14430	
14435	
14440	
14450	
14451	
14452	
14458	
14459	
14460	
14461	
14463	
14464	
14465	
14466	
14467	
14468	
14469	
14470	
14471	
14473	
14474	
14475	
14476	
14477	
14478	
14479	
14480	
14481	
14482	
14483	
14484	
14485	
14486	
14487	
14488	
14490	
14493	
14495	
14496	
14497	
14498	
14499	
14503	
14505	
14506	
14511	
14512	
14513	
14514	
14518	
14519	
14520	
14521	
14522	
14523	
14524	
14525	
14526	
14527	
14528	
14529	
14530	
14531	
14532	
14533	
14534	
14535	
14536	
14537	
14538	
14539	
14540	
14541	
14542	
14543	
14544	
14545	
14546	
14547	
14548	
14549	
14550	
14551	
14552	
14553	
14554	
14555	
14556	
14557	
14558	
14559	
14560	
14562	
14563	
14564	
14565	
14566	
14567	
14568	
14569	
14570	
14571	
14572	
14573	
14574	
14576	
14578	
14583	
14590	
14591	
14593	
14595	
14596	
14608	
14609	
14610	
14612	
14613	
14614	
14617	
14618	
14619	
14620	
14621	
14622	
14623	
14624	
14625	
14626	
14628	
14629	
14630	
14631	
14632	
14633	
14634	
14638	
14639	
14640	
14641	
14642	
14643	
14644	
14645	
14646	
14647	
14648	
14649	
14650	
14651	
14652	
14653	
14656	
14657	
14658	
14659	
14660	
14661	
14662	
14663	
14664	
14665	
14667	
14668	
14669	
14670	
14671	
14673	
14674	
14675	
14676	
14677	
14678	
14679	
14682	
14683	
14687	
14689	
14690	
14691	
14693	
14694	
14695	
14701	
14702	
14703	
14704	
14705	
14706	
14708	
14709	
14710	
14711	
14712	
14713	
14714	
14715	
14716	
14717	
14718	
14719	
14721	
14722	
14723	
14724	
14725	
14726	
14728	
14729	
14730	
14731	
14732	
14733	
14734	
14735	
14736	
14737	
14738	
14744	
14745	
14746	
14747	
14748	
14750	
14751	
14752	
14753	
14754	
14755	
14757	
14758	
14759	
14760	
14761	
14762	
14763	
14764	
14765	
14767	
14768	
14769	
14770	
14771	
14772	
14773	
14774	
14775	
14776	
14777	
14778	
14779	
14780	
14781	
14782	
14783	
14784	
14785	
14786	
14787	
14788	
14789	
14790	
14791	
14792	
14793	
14794	
14795	
14796	
14797	
14798	
14799	
14800	
14801	
14802	
14803	
14804	
14805	
14806	
14807	
14808	
14809	
14810	
14811	
14812	
14813	
14814	
14815	
14816	
14817	
14818	
14819	
14820	
14821	
14822	
14823	
14824	
14825	
14826	
14827	
14828	
14829	
14830	
14831	
14832	
14833	
14834	
14835	
14836	
14837	
14838	
14839	
14840	
14841	
14842	
14843	
14844	
14845	
14846	
14847	
14848	
14849	
14850	
14851	
14852	
14853	
14854	
14855	
14856	
14857	
14858	
14862	
14863	
14864	
14865	
14866	
14867	
14868	
14874	
14875	
14876	
14877	
14878	
14879	
14880	
14881	
14882	
14883	
14884	
14885	
14886	
14887	
14888	
14889	
14890	
14891	
14892	
14893	
14894	
14895	
14896	
14897	
14898	
14899	
14900	
14901	
14902	
14903	
14904	
14905	
14906	
14907	
14908	
14909	
14910	
14911	
14913	
14914	
14915	
14916	
14917	
14918	
14919	
14920	
14921	
14922	
14923	
14924	
14925	
14926	
14927	
14928	
14929	
14930	
14931	
14932	
14933	
14934	
14935	
14936	
14937	
14939	
14940	
14941	
14944	
14945	
14947	
14948	
14951	
14952	
14953	
14954	
14955	
14956	
14957	
14958	
14959	
14961	
14963	
14964	
14965	
14966	
14967	
14968	
14969	
14970	
14971	
14972	
14973	
14974	
14975	
14976	
14977	
14978	
14979	
14980	
14981	
14982	
14983	
14984	
14985	
14986	
14987	
14988	
14989	
14990	
14991	
14992	
14993	
14994	
14995	
14997	
14998	
14999	
15000	
15001	
15002	
15003	
15004	
15005	
15006	
15007	
15008	
15009	
15010	
15011	
15012	
15013	
15016	
15017	
15018	
15019	
15022	
15023	
15024	
15025	
15026	
15027	
15028	
15029	
15030	
15031	
15032	
15033	
15034	
15035	
15036	
15037	
15038	
15039	
15040	
15041	
15042	
15044	
15045	
15046	
15047	
15048	
15050	
15051	
15052	
15053	
15054	
15055	
15056	
15057	
15058	
15059	
15060	
15061	
15062	
15063	
15064	
15065	
15066	
15067	
15068	
15069	
15070	
15071	
15073	
15074	
15075	
15076	
15077	
15078	
15079	
15080	
15081	
15082	
15083	
15084	
15085	
15086	
15087	
15089	
15091	
15092	
15093	
15094	
15095	
15096	
15097	
15098	
15099	
15100	
15101	
15102	
15103	
15104	
15105	
15106	
15107	
15108	
15109	
15110	
15111	
15112	
15113	
15114	
15115	
15116	
15119	
15120	
15121	
15122	
15123	
15125	
15126	
15127	
15128	
15129	
15130	
15131	
15132	
15133	
15134	
15135	
15136	
15137	
15138	
15139	
15140	
15141	
15142	
15143	
15144	
15145	
15146	
15147	
15148	
15149	
15150	
15151	
15152	
15153	
15154	
15156	
15157	
15161	
15163	
15167	
15168	
15171	
15172	
15173	
15174	
15175	
15176	
15177	
15178	
15179	
15180	
15181	
15182	
15183	
15184	
15185	
15186	
15187	
15188	
15189	
15190	
15191	
15192	
15193	
15194	
15195	
15196	
15197	
15198	
15199	
15200	
15201	
15202	
15203	
15204	
15205	
15206	
15207	
15208	
15209	
15210	
15211	
15212	
15213	
15214	
15215	
15216	
15217	
15218	
15220	
15221	
15222	
15223	
15224	
15225	
15226	
15227	
15228	
15229	
15230	
15231	
15232	
15233	
15234	
15235	
15236	
15237	
15238	
15241	
15242	
15243	
15244	
15245	
15247	
15248	
15249	
15250	
15251	
15252	
15253	
15254	
15255	
15256	
15257	
15258	
15259	
15260	
15261	
15262	
15263	
15264	
15265	
15266	
15267	
15269	
15270	
15271	
15272	
15273	
15274	
15275	
15276	
15277	
15278	
15279	
15280	
15281	
15282	
15283	
15284	
15285	
15286	
15287	
15288	
15289	
15290	
15291	
15292	
15293	
15294	
15295	
15296	
15297	
15298	
15299	
15300	
15301	
15302	
15303	
15304	
15305	
15306	
15307	
15308	
15309	
15310	
15311	
15312	
15313	
15314	
15315	
15316	
15317	
15318	
15319	
15320	
15321	
15322	
15323	
15324	
15325	
15326	
15327	
15328	
15329	
15330	
15331	
15332	
15333	
15334	
15335	
15336	
15337	
15338	
15339	
15340	
15341	
15342	
15343	
15344	
15345	
15346	
15347	
15348	
15349	
15350	
15351	
15352	
15353	
15354	
15355	
15356	
15357	
15358	
15375	
15376	
15377	
15378	
15379	
15380	
15381	
15382	
15383	
15384	
15385	
15387	
15388	
15389	
15390	
15391	
15392	
15393	
15394	
15395	
15396	
15397	
15398	
15399	
15400	
15401	
15402	
15403	
15404	
15405	
15406	
15407	
15408	
15409	
15410	
15411	
15412	
15413	
15414	
15415	
15416	
15417	
15418	
15419	
15420	
15421	
15422	
15425	
15426	
15427	
15428	
15429	
15431	
15432	
15433	
15434	
15435	
15436	
15437	
15438	
15439	
15440	
15441	
15442	
15443	
15444	
15445	
15450	
15451	
15452	
15453	
15454	
15455	
15456	
15457	
15458	
15459	
15460	
15461	
15462	
15463	
15464	
15465	
15466	
15467	
15468	
15469	
15470	
15471	
15472	
15473	
15474	
15475	
15476	
15477	
15478	
15479	
15480	
15481	
15482	
15483	
15484	
15485	
15486	
15487	
15488	
15489	
15490	
15491	
15492	
15493	
15494	
15495	
15496	
15497	
15498	
15499	
15500	
15501	
15502	
15503	
15504	
15506	
15507	
15508	
15509	
15510	
15511	
15512	
15513	
15514	
15515	
15516	
15517	
15518	
15519	
15520	
15521	
15522	
