15616,0,0,1,0,0,0
15617,0,0,0,0,0.5,1
15618,1,1,1,0,0.5,0.5
15619,0,1,0,0.5,0.5,0.5
15620,0,0,0,0.5,0.5,0.5
15621,1,0,0,0,0.5,0.5
15622,0,1,0,0.5,0.5,1
15623,1,0,0,0,0.5,0.5
15624,0,1,1,0.5,0.5,0.5
15625,1,0,0,1,0.5,0.5
15627,0,0,1,0,0,1
15629,0,1,0,0.5,0.5,1
15630,0,0,0,0.5,0.5,1
15631,0,1,0,0.5,0.5,0.5
15632,0,0,0,0.5,0.5,0.5
15633,0,1,1,0.5,0,1
15634,0,1,0,0.5,0.5,0.5
15635,0,1,1,0.5,0.5,1
15637,0,1,1,0,0,1
15639,0,0,1,0.5,0.5,0.5
15640,0,1,1,0.5,0.5,0.5
15641,1,0,1,0.5,0.5,1
15642,1,0,0,0,0.5,0.5
15643,0,1,0,0.5,1,1
15644,1,0,0,0.5,0,0.5
15645,0,0,1,0,0,0.5
15646,0,1,0,0.5,0.5,0.5
15648,0,1,1,0,0.5,1
15649,1,1,1,0,0.5,0.5
15650,0,0,1,0.5,0.5,1
15651,1,0,0,0.5,0.5,1
15652,0,1,1,0.5,0.5,0.5
15653,0,1,1,0.5,0.5,0.5
15654,0,1,1,0,1,1
15655,0,1,1,1,1,0
15656,0,1,1,0,0.5,0.5
15657,1,1,1,0,0.5,0.5
15658,0,1,0,0.5,0.5,0.5
15659,1,1,1,0,0.5,0.5
15661,0,1,1,0,0,1
15662,1,1,1,0.5,0,0.5
15663,0,1,1,0.5,0.5,0.5
15664,0,1,1,0.5,0.5,0.5
15665,0,0,1,0,0.5,0.5
15666,0,0,1,0,0.5,1
15667,0,0,1,0,0.5,0.5
15668,0,0,1,0.5,0.5,1
15669,1,1,0,0.5,0.5,1
15670,0,1,1,0.5,1,1
15671,1,1,0,0.5,0.5,0.5
15672,1,1,1,0.5,0.5,0.5
15673,0,0,1,0.5,1,0.5
15674,1,1,1,0,0.5,0
15675,0,1,1,0.5,0.5,0.5
15677,1,1,0,0.5,0.5,0.5
15678,0,0,1,0,0,1
15681,0,0,1,0.5,0.5,1
15682,0,0,1,0,0,1
15683,0,0,1,0,0.5,0.5
15684,0,1,1,0,0.5,1
15686,1,1,1,0,0.5,0.5
15687,0,1,1,1,1,1
15688,1,1,0,0.5,0,0
15689,0,1,1,0,0,1
15690,1,1,1,0,0.5,0.5
15691,1,1,1,0.5,0.5,0.5
15692,0,1,0,0.5,0.5,1
15693,0,1,0,0.5,0.5,0.5
15694,0,1,0,1,0,0.5
15695,0,1,0,0,0.5,0.5
15696,0,1,0,0,0.5,1
15698,0,1,1,0,1,0
15699,1,1,0,0.5,0.5,1
15700,0,0,1,0,0.5,0.5
15701,1,1,1,0,0,0.5
15702,1,1,1,0,0.5,0.5
15703,0,1,0,0.5,1,1
15704,1,1,0,0,0.5,1
15705,0,0,1,0,0.5,0.5
15709,0,1,0,0,0.5,0.5
15710,0,1,0,0,0.5,0.5
15712,0,1,0,0,0.5,0.5
15713,0,1,0,0,0,1
15714,1,1,1,0,0,0
15715,0,1,0,0.5,0,1
15716,0,1,0,0,0.5,1
15718,0,1,0,0.5,0.5,1
15719,0,1,0,1,0,0.5
15720,0,0,1,0,0,0
15721,0,1,0,0,0.5,0.5
15722,0,0,1,0,0.5,0.5
15723,0,1,0,0,0.5,1
15724,0,1,0,0,0.5,0.5
15725,1,1,0,0,0.5,0
15726,0,1,0,0.5,0.5,0.5
15727,0,1,0,0.5,0.5,0.5
15728,0,1,0,0,0.5,0.5
15729,0,0,1,0,0.5,0.5
15730,0,0,1,0,0.5,0.5
15731,0,1,0,0,0.5,1
15732,0,0,1,0,0.5,0.5
15733,0,1,0,0,0.5,0.5
15734,0,1,0,0,0,1
15736,0,1,0,0.5,0.5,1
15738,0,0,1,0,0.5,0.5
15739,0,1,1,0.5,0.5,0.5
15741,0,1,0,0,0,1
15742,0,1,1,0.5,0.5,0.5
15743,0,1,1,0.5,0.5,0.5
15744,0,0,1,1,0.5,1
15745,0,1,0,0.5,0.5,1
15746,0,1,0,0.5,0.5,0.5
15747,1,1,0,0,0,1
15748,0,0,1,0.5,0.5,0.5
15751,0,0,1,0.5,0.5,0.5
15752,0,0,1,0,0.5,1
15753,0,1,1,1,0.5,0.5
15754,0,0,1,0,0.5,1
15755,0,0,1,0,0.5,1
15756,0,0,1,0,0.5,1
15757,0,1,1,0.5,1,0.5
15758,1,1,0,0.5,0.5,0.5
15759,1,1,0,0,0,0.5
15760,1,1,0,0.5,0.5,1
15761,0,0,1,0,0.5,0.5
15762,0,0,1,0.5,0.5,1
15763,0,1,0,0,0.5,0.5
15764,0,0,1,0,0,0
15765,0,1,0,0,1,1
15768,0,1,1,0.5,0.5,1
15769,1,1,0,0.5,1,0.5
15770,0,1,0,0,0,0
15771,0,1,1,1,1,0.5
15772,0,0,1,0.5,0.5,0.5
15773,1,1,0,0,0.5,1
15774,0,1,0,0,1,0.5
15775,0,1,1,0.5,0.5,0.5
15776,0,1,1,0,1,1
15777,0,0,1,0.5,0.5,0.5
15778,0,1,0,0.5,0.5,1
15779,0,1,0,0,1,1
15781,0,0,1,0,0,0
15782,0,1,0,0.5,0,1
15783,0,1,0,0.5,0,0
15785,0,1,1,0,0,0
15786,0,0,1,0.5,0.5,0.5
15789,0,0,1,0,0,0
15790,0,1,0,0.5,0.5,0.5
15791,0,0,1,0.5,0.5,0.5
15792,0,1,1,0,0,0
15800,1,1,0,0.5,0.5,0.5
15809,0,0,1,0,0,0
15816,0,0,1,0.5,0.5,0.5
15820,0,0,1,0,0.5,0.5
15827,0,0,0,0,1,0.5
15834,1,1,0,0,0.5,1
15836,0,1,0,0.5,0.5,0.5
15842,0,0,0,1,0,0.5
15849,1,1,0,1,0.5,0.5
15850,1,1,0,0,0,0
15851,0,0,0,0,0,0
15852,0,0,0,0,0.5,0.5
15854,0,1,1,0,0,0
15855,0,0,0,0,0,0
15856,1,1,0,0,0.5,1
15858,0,0,0,0,0,0
15859,0,0,0,0.5,1,1
15861,0,0,0,1,0,1
15862,0,0,0,0,0,0
15863,1,1,0,0,0.5,1
15864,0,0,0,0.5,0.5,1
15865,0,0,0,0,0.5,0.5
15866,0,0,0,1,1,1
15867,0,0,1,0.5,0,0.5
15868,0,0,0,0,0.5,0.5
15869,0,0,1,0.5,0,0.5
15870,0,0,0,0.5,1,1
15871,0,0,1,0,0,1
15873,0,0,1,0,0,0
15874,0,1,1,0,0.5,0.5
15875,0,0,1,1,0,1
15876,0,0,1,0.5,0,1
15877,0,0,1,0.5,0,0.5
15879,0,0,0,0,0,1
15880,0,0,0,0,0.5,0.5
15881,0,1,1,0,0.5,1
15882,0,0,0,0,0.5,0.5
15883,0,0,0,0.5,0.5,0.5
15885,0,0,1,0,0,1
15887,0,0,1,0.5,0.5,1
15888,0,0,0,0.5,0.5,0.5
15889,1,1,1,0,1,0.5
15890,0,0,1,0.5,1,1
15891,1,1,1,0,0.5,0.5
15892,1,1,1,0,0,0.5
15893,0,0,0,0.5,1,1
15894,0,0,1,0,1,0.5
15895,0,0,0,0.5,0.5,1
15896,0,0,1,0.5,0,1
15897,0,0,1,0.5,0.5,0.5
15899,1,0,1,0,0,1
15900,0,1,0,0,0,0
15901,0,0,0,0,0.5,0.5
15903,0,0,1,0,0.5,0
15904,1,0,1,0,0,0
15906,0,0,1,1,1,1
15907,1,1,1,0,0.5,1
15908,0,0,0,0,0.5,0.5
15911,1,0,0,0,0.5,0.5
15912,0,0,0,0,0.5,0
15913,0,0,0,0,1,0
15915,1,0,0,0.5,0.5,1
15916,0,0,0,0,0,0
15917,0,0,0,1,1,0.5
15921,0,0,0,1,0.5,1
15922,0,1,0,1,0.5,0
15923,1,0,1,0,0.5,1
15924,1,0,0,0,0,0
15925,1,0,1,0.5,0,1
15926,0,0,0,0,1,0.5
15928,1,0,0,0,0,0
15929,0,0,0,0,0,1
15930,1,0,0,0.5,0.5,0.5
15932,1,1,1,0,0,0
15933,0,0,0,0,0.5,1
15934,0,0,0,0.5,0.5,0
15935,1,0,0,0,1,1
15936,0,0,0,0,1,1
15937,1,0,1,0,0,0.5
15938,0,0,0,0,0,0
15939,1,0,0,0.5,0.5,0.5
15940,0,0,1,0,1,1
15941,1,1,1,0,0.5,0.5
15942,1,0,0,0.5,0.5,0.5
15943,0,0,1,0,0.5,0.5
15944,1,1,1,0,0.5,1
15945,0,1,0,1,0.5,1
15946,1,1,1,0,0.5,0
15947,0,0,1,0,0,0
15948,0,0,0,0,0,0
15953,0,0,0,0,0.5,0.5
15954,0,0,1,0,1,1
15955,0,0,0,0,0,0
15956,1,0,0,0,0.5,0
15957,0,0,0,0,0.5,0
15958,0,0,0,1,0.5,0
15959,0,0,1,0,0,0.5
15960,0,0,0,0,0,0.5
15961,0,0,0,0,0.5,1
15962,1,0,0,0.5,0.5,0.5
15963,0,0,0,0.5,0,0.5
15964,0,0,0,0,0,0
15965,0,0,1,0,1,1
15966,0,0,0,0.5,0.5,0.5
15967,1,0,0,0,0.5,1
15968,1,1,1,1,0.5,0.5
15970,1,0,0,0.5,0,0.5
15971,0,0,0,0,0.5,0.5
15972,1,0,0,0,0.5,0.5
15973,0,0,0,0.5,0.5,0.5
15974,1,1,1,1,0,1
15975,0,0,0,0.5,0.5,1
15976,0,1,0,0.5,0.5,1
15977,1,1,1,0,0,0
15980,1,1,1,0,1,1
16024,0,1,0,1,0,1
16025,0,0,0,0.5,0.5,0.5
16026,1,0,1,0.5,0.5,0.5
16027,0,1,0,0,0.5,0
16028,1,1,1,0.5,0.5,1
16030,1,1,1,1,0.5,1
16031,1,0,1,1,0.5,0.5
16034,0,0,0,0,0.5,1
16035,1,1,1,0,0.5,0.5
16036,1,1,1,0.5,0.5,0.5
16037,1,0,1,0.5,0.5,0.5
16038,1,1,1,0,0.5,1
16039,1,1,1,0,1,1
16041,1,1,1,0.5,0.5,1
16042,1,0,1,0.5,0,0.5
16043,1,1,1,1,0.5,0.5
16044,1,0,1,0.5,0.5,0.5
16045,1,1,1,1,0.5,1
16047,1,1,1,0.5,0.5,0.5
16048,1,1,1,0,0.5,1
16050,1,1,1,0.5,0,0.5
16051,1,1,1,0.5,0,1
16052,1,1,1,0.5,0,1
16054,1,1,1,0,0.5,0.5
16055,1,1,1,0.5,0,0.5
16057,1,1,1,0,0,0.5
16058,0,0,0,0,0.5,0.5
16059,0,0,0,0,0,0
16061,0,0,0,0,0,0
16062,1,1,1,0,1,0.5
16063,1,1,1,0,0,0
16064,0,0,0,0,0,0
16067,1,1,1,0.5,0.5,1
16068,1,1,1,0,0,0
16069,0,0,1,0.5,0.5,0.5
16070,1,1,1,0,0,0
16071,0,0,1,0,0,0
16072,1,1,0,0,1,1
16073,0,0,0,1,1,1
16074,1,1,0,0,1,1
16075,1,0,1,0,0,0
16077,0,0,1,0.5,1,0.5
16078,1,1,0,0.5,0.5,0.5
16079,0,0,1,0.5,0.5,0.5
16080,0,0,0,0,0,0
16081,0,0,1,0.5,0.5,1
