15834	
15835	
15837	
15838	
15839	
15840	
15841	
15842	
15844	
15845	
15848	
15849	
15850	
15851	
15852	
15853	
15854	
15855	
15856	
15857	
15858	
15859	
15860	
15861	
15862	
15863	
15864	
15865	
15866	
15867	
15868	
15869	
15870	
15871	
15872	
15873	
15874	
15875	
15876	
15877	
15878	
15879	
15880	
15881	
15882	
15883	
15884	
15885	
15886	
15887	
15888	
15889	
15892	
15893	
15894	
15895	
15896	
15897	
15898	
15899	
15900	
15901	
15902	
15903	
15904	
15905	
15907	
15909	
15910	
15911	
15912	
15913	
15914	
15915	
15916	
15917	
15918	
15919	
15920	
15921	
15922	
15923	
15924	
15927	
15928	
15929	
15930	
15931	
15932	
15934	
15936	
15939	
15940	
15942	
15943	
15945	
15946	
15947	
15948	
15949	
15951	
15953	
15954	
15955	
15956	
15957	
15958	
15959	
15960	
15961	
15963	
15964	
15965	
15966	
15967	
15968	
15969	
15970	
15971	
15972	
15974	
15977	
15978	
15979	
15980	
15981	
15982	
15983	
15985	
15986	
15987	
15988	
15989	
15990	
15991	
15992	
15993	
15995	
15996	
15997	
15998	
16002	
16003	
16004	
16005	
16006	
16007	
16008	
16009	
16010	
16011	
16012	
16013	
16014	
16015	
16017	
16018	
16019	
16020	
16021	
16022	
16023	
16025	
16026	
16027	
16028	
16029	
16030	
16031	
16032	
16033	
16034	
16035	
16036	
16037	
16039	
16043	
16044	
16045	
16046	
16047	
16048	
16054	
16055	
16056	
16058	
16059	
