15111	0
15113	0
15114	0.666666666666667
15115	0
15118	0
15119	0
15122	0.666666666666667
15123	0.333333333333333
15124	0.333333333333333
15125	0
15126	0
15127	0.333333333333333
15128	0.333333333333333
15129	0
15130	0.333333333333333
15132	0
15133	0
15134	0.333333333333333
15135	0.666666666666667
15136	0.333333333333333
15137	0.333333333333333
15138	0.333333333333333
15139	0
15140	0.666666666666667
15142	0.333333333333333
15143	0
15144	0.333333333333333
15145	0.333333333333333
15150	1
15151	0.333333333333333
15154	0
15156	0.333333333333333
15163	0.333333333333333
15164	1
15165	0.333333333333333
15166	0.666666666666667
15167	0.666666666666667
15168	0.666666666666667
15169	1
15170	0.333333333333333
15171	0.333333333333333
15174	1
15175	0
15176	0.666666666666667
15177	0.666666666666667
15179	0.333333333333333
15180	0.333333333333333
15181	0.333333333333333
15185	0.666666666666667
15186	0.666666666666667
15190	0.333333333333333
15191	0.333333333333333
15192	0.333333333333333
15193	0.666666666666667
15194	0.333333333333333
15195	0.333333333333333
15196	0
15197	0.333333333333333
15198	0
15200	0.666666666666667
15201	0.333333333333333
15203	0.333333333333333
15204	1
15205	0.666666666666667
15206	0.666666666666667
15208	0.333333333333333
15210	0
15214	0.333333333333333
15218	0.333333333333333
15220	0.333333333333333
15221	0.666666666666667
15222	0
15223	0
15224	0
15225	0
15226	0
15227	0.333333333333333
15229	0.333333333333333
15231	0.666666666666667
15232	0.333333333333333
15233	0
15234	0.666666666666667
15235	0
15236	0
15237	0
15238	0.333333333333333
15239	0.666666666666667
15240	0.666666666666667
15242	0.333333333333333
15243	0.666666666666667
15244	0.333333333333333
15245	0.333333333333333
15247	0.333333333333333
15249	0.333333333333333
15250	0.333333333333333
15251	0.333333333333333
15252	0.333333333333333
15253	0.333333333333333
15254	0.666666666666667
15256	0.666666666666667
15257	0.666666666666667
15258	0.666666666666667
15259	0.333333333333333
15260	0.333333333333333
15261	0.333333333333333
15262	0.333333333333333
15263	1
15264	0
15265	0
15269	0.333333333333333
15270	0.333333333333333
15273	0.333333333333333
15276	0.333333333333333
15280	0
15281	0.666666666666667
15282	0.333333333333333
15285	0.333333333333333
15286	0.333333333333333
15287	0.666666666666667
15294	0.666666666666667
15296	0
15297	0.333333333333333
15298	0.333333333333333
15299	0.333333333333333
15300	0.333333333333333
15301	0
15302	0.666666666666667
15305	0
15306	0.333333333333333
15307	0
15308	0
15309	0
15310	0.666666666666667
15311	0
15312	0.333333333333333
15314	0.333333333333333
15315	0
15316	0.666666666666667
15317	1
15318	1
15319	1
15322	0
15323	0
15324	0
15325	1
15328	0.666666666666667
15329	0.333333333333333
15330	0
15331	0.333333333333333
15332	1
15333	0.666666666666667
15334	0.333333333333333
15335	0
15336	0
15337	0
15338	0.666666666666667
15339	0
15340	0
15341	0
15342	1
15343	0.666666666666667
15344	0.666666666666667
15345	0.333333333333333
15346	1
15347	0.333333333333333
15348	0.333333333333333
15349	0.333333333333333
15350	0.333333333333333
15351	0.333333333333333
15352	0.666666666666667
15353	0.333333333333333
15354	0.666666666666667
15355	0.333333333333333
15356	0.333333333333333
15357	0.333333333333333
15358	0
15359	0.333333333333333
15360	0.333333333333333
15365	0.666666666666667
15366	0.666666666666667
15369	0
15370	0.333333333333333
15371	0
15372	0
15373	0.333333333333333
15374	1
15375	0.333333333333333
15377	0
15378	0.666666666666667
15379	0
15380	0.333333333333333
15382	0.333333333333333
15383	0.666666666666667
15384	0.666666666666667
15385	0.333333333333333
15386	0.666666666666667
15387	0.333333333333333
15388	0
15389	0.333333333333333
15390	0.666666666666667
15391	0.333333333333333
15392	0.666666666666667
15393	0.333333333333333
15394	0
15395	0.333333333333333
15397	0.333333333333333
15398	0.666666666666667
15399	0.333333333333333
15400	0.666666666666667
15401	0.333333333333333
15403	0.666666666666667
15404	1
15405	0.333333333333333
15406	0.333333333333333
15407	0.666666666666667
15408	0.333333333333333
15409	0.333333333333333
15411	0.333333333333333
15413	0
15414	1
15415	0.333333333333333
15416	0.333333333333333
15417	0.666666666666667
15418	0.333333333333333
15419	0
15423	0.666666666666667
15424	1
15425	0.333333333333333
15426	0.666666666666667
15427	0.333333333333333
15428	0.333333333333333
15429	0.333333333333333
15430	0.333333333333333
15431	0.666666666666667
15432	0
15433	0.333333333333333
15434	0.666666666666667
15435	0.333333333333333
15436	0.666666666666667
15439	0.666666666666667
15441	0.666666666666667
15442	0.666666666666667
15444	0
15445	1
15448	0.666666666666667
15449	0.333333333333333
15450	0
15451	0.666666666666667
15453	0
15454	0.666666666666667
15455	0.333333333333333
15458	1
15459	0.666666666666667
15460	0.333333333333333
15461	0.666666666666667
15462	0.333333333333333
15463	0.333333333333333
15464	0
15465	0.333333333333333
15466	0.666666666666667
15467	0.666666666666667
15468	0.333333333333333
15469	0
