14668	0.333333333333333
14669	0.333333333333333
14670	0.666666666666667
14671	0.333333333333333
14672	0.666666666666667
14673	0.333333333333333
14674	0
14675	0.333333333333333
14676	0.333333333333333
14681	0.666666666666667
14682	0
14683	0.666666666666667
14684	0.333333333333333
14685	0.333333333333333
14686	0
14687	0.333333333333333
14690	0.333333333333333
14691	0.666666666666667
14692	0
14693	0.666666666666667
14694	0
14695	0.333333333333333
14696	0.333333333333333
14697	0.333333333333333
14698	0.333333333333333
14699	0.666666666666667
14700	0.333333333333333
14701	0.666666666666667
14702	0.333333333333333
14703	0.333333333333333
14704	0.333333333333333
14705	0.333333333333333
14706	0.333333333333333
14707	0
14708	0.333333333333333
14709	0.333333333333333
14710	0
14711	0.333333333333333
14712	0.666666666666667
14713	0.666666666666667
14717	0
14718	0.333333333333333
14719	0
14720	0
14721	0.666666666666667
14723	0
14724	0
14725	0.333333333333333
14726	0.333333333333333
14727	0
14728	0
14729	0.333333333333333
14730	0.333333333333333
14731	0.333333333333333
14733	0.333333333333333
14735	0.666666666666667
14737	0
14742	0
14747	0
14764	0.333333333333333
14765	0.333333333333333
14773	0.333333333333333
14774	0.333333333333333
14775	0
14779	0.333333333333333
14781	0
14782	0
14783	1
14784	0
14785	0.333333333333333
14786	0.333333333333333
14787	0.333333333333333
14788	0.666666666666667
14789	0.333333333333333
14790	0
14792	0.333333333333333
14798	0.666666666666667
14799	0.333333333333333
14806	0.333333333333333
14866	1
14869	0.666666666666667
14870	0
14871	0.333333333333333
14872	0
14873	0.333333333333333
14874	0.666666666666667
14875	0.333333333333333
14877	0.333333333333333
14878	0.666666666666667
14881	0
14882	0
14884	0
14885	0.333333333333333
14887	0.666666666666667
14888	0.666666666666667
14889	0
14890	0.333333333333333
14892	0.333333333333333
14895	0.333333333333333
14896	0.666666666666667
14897	0
14898	1
14900	0.333333333333333
14901	0.333333333333333
14902	0.666666666666667
14903	0.333333333333333
14904	0.333333333333333
14905	0
14906	0.333333333333333
14909	0
14910	0.333333333333333
14911	0
14912	0
14913	0
14914	0.333333333333333
14916	0
14917	0
14920	0
14921	0
14922	0
14923	0
14924	0
14925	0.333333333333333
14926	0.333333333333333
14927	0.333333333333333
14928	0.333333333333333
14929	0
14930	0.333333333333333
14931	0
14932	0
14933	1
14934	0.666666666666667
14935	1
14936	0
14938	0
14939	0
14942	0
14943	0.333333333333333
14944	0
14945	0
14947	0
14948	0
14949	0.333333333333333
14952	0
14954	0
14955	0.333333333333333
14956	0.333333333333333
14957	0
14960	0
14964	0
14966	0
14967	0
14969	0
14971	0
14974	0.333333333333333
14975	0.333333333333333
14976	0.333333333333333
14979	0.666666666666667
14983	0
14984	0
14985	0.333333333333333
14991	0.333333333333333
14995	0.333333333333333
14997	0.333333333333333
14999	0.333333333333333
15001	0.666666666666667
15002	0.333333333333333
15005	1
15006	0.666666666666667
15007	0.333333333333333
15009	0.333333333333333
15010	0.333333333333333
15040	0.333333333333333
15041	0.333333333333333
15042	0.333333333333333
15043	0.333333333333333
15045	0.333333333333333
15046	0
15047	0.333333333333333
15048	0.333333333333333
15049	0
15050	0.333333333333333
15051	0.333333333333333
15053	0
15054	0
15055	0.333333333333333
15056	0
15058	0.666666666666667
15059	0
15060	1
15061	0.333333333333333
15062	0.333333333333333
15063	0.333333333333333
15064	0.333333333333333
15065	0.333333333333333
15066	0.333333333333333
15067	0.333333333333333
15068	0.333333333333333
15069	0
15070	0.333333333333333
15071	0.333333333333333
15072	0
15073	0
15074	0
15075	0
15076	0.666666666666667
15077	0.333333333333333
15078	0.333333333333333
15079	0.666666666666667
15080	0.333333333333333
15081	0.333333333333333
15082	0.333333333333333
15083	0.666666666666667
15084	0
15085	0.333333333333333
15086	0.333333333333333
15087	0
15089	0.333333333333333
15090	0.333333333333333
15091	0.333333333333333
15093	0.333333333333333
15094	0.666666666666667
15096	0.333333333333333
15097	0.333333333333333
15099	0.333333333333333
15100	0.666666666666667
15101	0.666666666666667
15102	0
15104	1
15105	0.333333333333333
15106	0
15107	0.333333333333333
15108	0.666666666666667
15109	0.333333333333333
15110	0.333333333333333
15111	0.666666666666667
15112	1
15113	1
15114	0
15115	0.333333333333333
15117	0.666666666666667
15118	0.333333333333333
15119	0.333333333333333
15120	0.333333333333333
15121	0.333333333333333
15123	0.333333333333333
15124	0
15125	0.333333333333333
15126	0
15129	0
15130	0
15131	0.666666666666667
15132	0.333333333333333
15133	0
15139	0.333333333333333
15141	0
15142	0
15145	0.333333333333333
15146	0.333333333333333
15147	0.333333333333333
15149	0.333333333333333
15151	0
15154	0.333333333333333
15155	0.666666666666667
15156	0.666666666666667
15159	0.666666666666667
15160	0
15161	0
15162	0.666666666666667
15163	0.666666666666667
15166	0.333333333333333
15167	0.333333333333333
15168	0.333333333333333
15169	0
15172	0.666666666666667
15173	0
15174	0
15177	0.333333333333333
15181	0
15182	0.333333333333333
15183	0.666666666666667
15184	0.666666666666667
15185	0.333333333333333
15187	0
15188	0.333333333333333
15194	0.333333333333333
15195	0.666666666666667
15196	0
15198	0.666666666666667
15200	0.666666666666667
15201	1
15202	0.333333333333333
15206	1
15207	0
15208	0.333333333333333
15209	0
15211	0.333333333333333
15212	0.666666666666667
15215	0
15216	0
15218	0
15219	0
15221	0.333333333333333
15222	0
15223	0.333333333333333
15224	0.333333333333333
15225	0.333333333333333
15228	1
15229	0.666666666666667
15230	0.333333333333333
15231	0.333333333333333
15232	0.333333333333333
15233	0.333333333333333
15235	0.333333333333333
15236	0.333333333333333
15237	0.666666666666667
15239	0
15240	0
15241	0
15242	0
15244	0.666666666666667
15245	0
15246	0
15247	1
15249	0.333333333333333
15250	0.333333333333333
15251	0
15253	0.333333333333333
15254	0
15256	0.666666666666667
15257	0.666666666666667
15258	0.333333333333333
15261	0.333333333333333
15263	0.666666666666667
15264	0
15266	0.666666666666667
15268	0
15269	0.333333333333333
15270	0
15271	0.333333333333333
15272	0.333333333333333
15273	0.333333333333333
15274	0.333333333333333
15276	0.333333333333333
15278	0.666666666666667
15279	0
15280	0.333333333333333
15282	0
15283	0
15284	0
15285	0.333333333333333
15287	0.333333333333333
15292	0
15293	0.333333333333333
15294	1
15295	0.333333333333333
15297	0.666666666666667
15298	0.666666666666667
15299	0.666666666666667
15301	0.666666666666667
15302	0
15303	0.666666666666667
15305	0.333333333333333
15306	0
15307	0.666666666666667
15308	0
15309	0.333333333333333
15310	0.666666666666667
15311	0
15312	0.333333333333333
15313	0
15314	0.666666666666667
15315	0.333333333333333
15316	0
15317	0.333333333333333
15318	0
15325	0
15326	0.333333333333333
15327	0
15328	0.666666666666667
15329	0
15331	0.333333333333333
15332	0
15333	0
15334	0
15337	0.666666666666667
15341	0.666666666666667
15342	0
15343	0
15345	0
15346	0.333333333333333
15347	0.333333333333333
15348	0
15349	0
15352	0.666666666666667
15353	0
15354	0.666666666666667
15355	0
15356	0.333333333333333
15357	0.666666666666667
15358	0
15359	0
15360	0.666666666666667
15361	0
15362	0
15363	0.333333333333333
15366	0.333333333333333
15367	0.333333333333333
15368	0
15369	0
15370	0.333333333333333
15371	0.666666666666667
15372	0.666666666666667
15373	0
15374	0.666666666666667
15375	0.333333333333333
15378	0.333333333333333
15379	0.333333333333333
15382	1
15383	0.333333333333333
15384	1
15389	0.333333333333333
15390	0.333333333333333
15391	0
15392	0.333333333333333
15410	0.333333333333333
15411	0.333333333333333
15412	0.666666666666667
15413	0.333333333333333
15414	0.666666666666667
15415	1
15418	0.333333333333333
15419	1
15420	0.666666666666667
15424	0.333333333333333
15425	0.666666666666667
15426	0.333333333333333
15427	0.333333333333333
15428	0.333333333333333
15429	0.333333333333333
15430	0
15431	0.333333333333333
15432	0.333333333333333
15433	0.666666666666667
15434	0.666666666666667
15435	0
15436	0.666666666666667
15437	0.333333333333333
15438	0.333333333333333
15439	0
15440	0
15441	0
15442	0
15444	0.333333333333333
15445	0.333333333333333
15446	0.333333333333333
15447	0
15448	0.333333333333333
15449	0.666666666666667
15450	0.666666666666667
15451	0
15452	0.333333333333333
15453	0.666666666666667
15454	0.333333333333333
15455	0.666666666666667
15456	0.333333333333333
15457	0.333333333333333
15459	0
15460	0.666666666666667
15461	1
15462	0.333333333333333
15463	0
15464	0
15466	0
15467	0.333333333333333
15468	0
15469	0.333333333333333
15470	1
15471	0.333333333333333
15472	0.333333333333333
15473	0.333333333333333
15474	0.666666666666667
15475	0.333333333333333
15476	0.333333333333333
15477	0.666666666666667
15478	0
15479	0.666666666666667
15481	0.666666666666667
15482	0.333333333333333
15483	0.333333333333333
15484	0.666666666666667
15485	0.333333333333333
15486	0.333333333333333
15487	0.333333333333333
15488	0.666666666666667
15489	0
15490	0.333333333333333
15491	0.666666666666667
15492	0.666666666666667
15494	0.333333333333333
15495	1
15496	0
15497	0.666666666666667
15500	0.333333333333333
15501	0
15502	0.666666666666667
15509	0
15510	0
15512	0.333333333333333
15514	0
15516	0.666666666666667
15517	1
15518	0
15519	0.666666666666667
15520	0
15521	0.333333333333333
15522	0.666666666666667
15523	0
15524	0.666666666666667
15525	0
15526	0.333333333333333
15527	0
15529	0.666666666666667
15531	0.333333333333333
15533	1
15534	0.666666666666667
15536	0
15537	0.333333333333333
15538	0.666666666666667
15539	0.333333333333333
15541	0.333333333333333
15542	0.333333333333333
15543	0.666666666666667
15544	0.666666666666667
15545	0.333333333333333
15546	0.333333333333333
15547	0.333333333333333
15548	0.333333333333333
15549	0.666666666666667
15550	0.333333333333333
15552	0
15553	0
15554	0
15555	0.333333333333333
15556	0
15557	0.333333333333333
15558	0.333333333333333
15559	0.333333333333333
15560	0.333333333333333
15561	0.333333333333333
15562	0.666666666666667
15563	0.666666666666667
15565	0.666666666666667
15566	0.666666666666667
15567	0.333333333333333
15568	0.333333333333333
15569	0.333333333333333
15570	0.333333333333333
15571	0.333333333333333
15572	0
15573	0.333333333333333
15574	0
15575	0.666666666666667
15576	0.333333333333333
15578	0.333333333333333
15579	0.666666666666667
15580	0.666666666666667
15581	0
15582	0
15583	0
15585	0
15586	0.666666666666667
15587	0
15588	1
15589	0
15590	0.666666666666667
15591	1
15592	0
15593	0.666666666666667
15594	0.333333333333333
15595	0
15596	0
15597	0.333333333333333
15598	0.333333333333333
15599	0
15600	0
15601	0.333333333333333
15603	0
15604	0.333333333333333
15605	0
15606	0.333333333333333
15607	0.666666666666667
15608	0.333333333333333
15609	0
15610	0
15611	0
15614	0
15615	0
15617	0.333333333333333
15618	0.333333333333333
15619	0.333333333333333
15620	0
15621	0.333333333333333
15622	0.333333333333333
15623	0.333333333333333
15624	0.666666666666667
15628	0.666666666666667
15629	0.333333333333333
15630	0
15631	0.666666666666667
15634	0
15635	1
15636	0
15637	0.333333333333333
15638	0
15639	0.333333333333333
15642	0
15643	0
15644	0
15645	0
15646	0.333333333333333
15647	0
15648	0.333333333333333
15649	0.333333333333333
15650	0.666666666666667
15651	0
15652	0.333333333333333
15653	0.666666666666667
15654	0.666666666666667
15655	0
15656	0.333333333333333
15657	0
15658	0
15659	0.333333333333333
15660	0
15661	0
15663	1
15664	0.333333333333333
15665	0
15666	0
15667	0.333333333333333
15668	0.333333333333333
15669	0
15670	0.333333333333333
15672	0.333333333333333
