13633	0
13638	0
13639	0.222222222222222
13640	0.166666666666667
13677	0.2
13678	0.277777777777778
13679	0.238095238095238
13682	0.208333333333333
13699	0.222222222222222
14250	0.233333333333333
14296	0.242424242424243
14315	0.25
15329	0.256410256410256
15414	0.285714285714286
15415	0.288888888888889
15416	0.291666666666667
15417	0.294117647058824
15418	0.277777777777778
15419	0.298245614035088
15420	0.283333333333333
15421	0.285714285714286
15422	0.287878787878788
15423	0.304347826086957
15424	0.319444444444444
15425	0.32
15426	0.320512820512821
15427	0.320987654320988
15428	0.321428571428572
15429	0.333333333333333
15430	0.344444444444444
15432	0.344086021505376
15434	0.354166666666667
15435	0.353535353535354
15436	0.362745098039216
15438	0.361904761904762
15440	0.361111111111111
15444	0.36036036036036
15451	0.37719298245614
15452	0.376068376068376
15454	0.375
15459	0.365853658536585
15460	0.365079365079365
15461	0.356589147286822
15462	0.348484848484849
15463	0.348148148148148
15464	0.347826086956522
15466	0.340425531914894
15471	0.347222222222222
15472	0.346938775510204
15482	0.36
15495	0.359477124183007
15496	0.352564102564103
15506	0.352201257861635
15537	0.345679012345679
15547	0.351515151515152
15566	0.351190476190476
15573	0.345029239766082
15575	0.344827586206897
15586	0.338983050847458
15613	0.333333333333333
15620	0.333333333333333
15624	0.338709677419355
15626	0.333333333333333
15644	0.333333333333333
15645	0.338461538461539
15649	0.343434343434343
15650	0.343283582089552
15653	0.338235294117647
15654	0.33816425120773
15655	0.333333333333333
15656	0.338028169014085
15661	0.333333333333333
15664	0.337899543378996
15671	0.333333333333333
15682	0.333333333333333
15685	0.337719298245614
15692	0.337662337662338
15699	0.341880341880342
15701	0.341772151898734
15702	0.341666666666667
15708	0.337448559670782
15717	0.345528455284553
15728	0.345381526104418
15731	0.345238095238095
15734	0.345098039215686
15737	0.344961240310078
15758	0.340996168582376
15759	0.34469696969697
15761	0.344569288389513
15766	0.340740740740741
15792	0.344322344322344
15825	0.344202898550725
15826	0.344086021505376
15827	0.343971631205674
15844	0.343859649122807
15845	0.34375
15846	0.347079037800687
15849	0.346938775510204
15854	0.346801346801347
15855	0.346666666666667
15856	0.34983498349835
15857	0.352941176470588
15864	0.352750809061489
15869	0.349358974358974
15870	0.355555555555556
15872	0.352201257861635
15876	0.35202492211838
15885	0.358024691358025
15892	0.363914373088685
15900	0.363636363636364
15923	0.369369369369369
15933	0.366071428571429
15941	0.365781710914454
15943	0.368421052631579
15945	0.368115942028986
15947	0.364942528735632
15949	0.364672364672365
15952	0.361581920903955
15955	0.358543417366947
15956	0.358333333333333
15967	0.360881542699725
15972	0.366120218579235
15980	0.368563685636856
16014	0.368279569892473
16034	0.373333333333333
16038	0.373015873015873
16049	0.375328083989501
16050	0.375
16052	0.377260981912145
16054	0.376923076923077
16057	0.376590330788804
16059	0.373737373737374
16066	0.3734335839599
16068	0.370646766169154
16069	0.37037037037037
16070	0.370098039215686
16071	0.367396593673966
16072	0.364734299516908
16073	0.364508393285372
16074	0.364285714285714
16077	0.361702127659575
16078	0.359154929577465
16079	0.361305361305361
16080	0.363425925925926
16081	0.36551724137931
16084	0.367579908675799
16085	0.36734693877551
16086	0.369369369369369
16088	0.369127516778524
16090	0.368888888888889
16091	0.370860927152318
16092	0.370614035087719
16095	0.368191721132898
16096	0.367965367965368
16099	0.367741935483871
16100	0.367521367521368
16101	0.367303609341826
16102	0.369198312236287
16103	0.373165618448637
16104	0.370833333333333
16105	0.370600414078675
16106	0.368312757201646
16107	0.372188139059305
16108	0.371951219512195
16109	0.371717171717172
16111	0.375502008032129
16113	0.379241516966068
16114	0.380952380952381
16115	0.382642998027613
16116	0.382352941176471
16117	0.382066276803119
16119	0.37984496124031
16120	0.379576107899807
16121	0.377394636015326
16122	0.375238095238095
16123	0.375
16126	0.374764595103578
16128	0.374531835205993
16134	0.374301675977654
16136	0.375925925925926
16137	0.373848987108656
16139	0.377289377289377
16143	0.377049180327869
16145	0.376811594202899
16147	0.374774774774775
16149	0.376344086021505
16150	0.374331550802139
16151	0.374113475177305
16152	0.373897707231041
16156	0.373684210526316
16157	0.37347294938918
16160	0.373263888888889
16161	0.373056994818653
16173	0.371134020618557
16174	0.369230769230769
16176	0.369047619047619
16177	0.368866328257191
16178	0.367003367003367
16181	0.366834170854271
16185	0.366666666666667
16186	0.368159203980099
16187	0.367986798679868
16188	0.367816091954023
16191	0.367647058823529
16192	0.367479674796748
16208	0.367313915857605
16211	0.367149758454106
16212	0.365384615384615
16213	0.363636363636364
16218	0.361904761904762
