14920	
14921	
14924	
14925	
14932	
14933	
14934	
14935	
14936	
14937	
14938	
14939	
14940	
14941	
14942	
14943	
14944	
14945	
14946	
14947	
14948	
14949	
14950	
14951	
14952	
14953	
14954	
14955	
14956	
14957	
14958	
14959	
14961	
14962	
14963	
14966	
14967	
14968	
14969	
14970	
14971	
14974	
14976	
14977	
14978	
14979	
14980	
14981	
14982	
14983	
14984	
14985	
14986	
14987	
14989	
14990	
14991	
14992	
14993	
14995	
14998	
15000	
15001	
15002	
15003	
15004	
15005	
15006	
15007	
15008	
15009	
15011	
15012	
15013	
15014	
15015	
15016	
15017	
15018	
15019	
15020	
15021	
15022	
15023	
15024	
15026	
15027	
15028	
15029	
15030	
15031	
15032	
15033	
15034	
15035	
15036	
15037	
15038	
15039	
15040	
15041	
15042	
15043	
15044	
15045	
15046	
15047	
15048	
15049	
15050	
15051	
15052	
15053	
15054	
15055	
15056	
15057	
15058	
15059	
15061	
15062	
15063	
15064	
15065	
15066	
15067	
15068	
15069	
15071	
15072	
15073	
15074	
15077	
15078	
15079	
15080	
15081	
15082	
15085	
15086	
15087	
15088	
15089	
15090	
15091	
15092	
15093	
15094	
15096	
15097	
15098	
15099	
15100	
15101	
15102	
15103	
15104	
15105	
15106	
15107	
15108	
15109	
15110	
15111	
15112	
15113	
15114	
15115	
15116	
15117	
15118	
15119	
15120	
15121	
15122	
15123	
15125	
15126	
15127	
15128	
15129	
15130	
15131	
15132	
15134	
15135	
15136	
15137	
15138	
15139	
15140	
15141	
15142	
15143	
15144	
15145	
15147	
15149	
15150	
15151	
15152	
15153	
15154	
15156	
15206	
15208	
15211	
15212	
15217	
15221	
15224	
15230	
15231	
15233	
15234	
15235	
15236	
15238	
15240	
15242	
15243	
15245	
15247	
15248	
15249	
15250	
15251	
15253	
