15431	0.666666666666667
15433	0
15434	0.666666666666667
15435	0
15436	0.333333333333333
15441	1
15442	0.333333333333333
15443	0.333333333333333
15444	0
15445	0.333333333333333
15446	0
15447	0
15448	0.333333333333333
15449	0
15450	0.666666666666667
15451	0.333333333333333
15452	0.333333333333333
15455	0
15456	0.666666666666667
15460	0
15462	0.666666666666667
15464	0.333333333333333
15465	0.666666666666667
15466	0.333333333333333
15467	0.666666666666667
15474	0
15475	0.333333333333333
15476	0.666666666666667
15477	0.666666666666667
15479	0.666666666666667
15481	0.333333333333333
15499	0.333333333333333
15503	0.666666666666667
15512	0.333333333333333
15513	0
15518	0.333333333333333
15519	0.333333333333333
15520	0.333333333333333
15521	0.333333333333333
15522	0.333333333333333
15524	0
15525	0.333333333333333
15528	0.333333333333333
15529	0
15534	0.666666666666667
15535	0.333333333333333
15536	0.333333333333333
15539	0.333333333333333
15541	0.333333333333333
15544	0.333333333333333
15545	0.666666666666667
15546	0.333333333333333
15547	0.333333333333333
