15266	
15267	
15268	
15269	
15270	
15271	
15272	
15273	
15325	
15326	
15327	
15328	
15329	
15330	
15331	
15332	
15360	
15362	
15364	
15365	
15366	
15388	
15464	
15465	
15466	
15467	
15468	
15470	
15471	
15546	
15548	
15549	
15550	
15551	
15552	
15557	
15558	
15559	
15565	
15566	
15569	
15570	
15571	
15572	
15573	
15574	
15575	
15579	
15580	
15581	
15582	
15583	
15584	
15585	
15586	
15587	
15588	
15589	
15590	
15591	
15592	
15593	
15594	
15595	
15596	
15597	
15599	
15600	
15601	
15602	
15603	
15604	
15605	
15606	
15607	
15608	
15609	
15610	
15617	
15618	
15619	
15620	
15621	
15622	
15623	
15625	
15626	
15627	
15628	
15629	
15630	
15633	
15634	
15635	
15636	
15637	
15638	
15639	
15640	
15641	
15644	
15645	
15646	
15648	
15649	
15651	
15652	
15653	
15654	
15656	
15657	
15659	
15660	
15662	
15665	
15666	
15667	
15668	
15669	
15672	
15673	
15674	
15675	
15676	
15677	
15678	
15679	
15681	
15682	
15683	
15684	
15685	
15686	
15687	
15688	
15689	
15691	
15692	
15693	
15694	
15695	
15696	
15697	
15698	
15701	
15702	
15703	
15704	
15707	
15709	
15710	
15711	
15712	
15713	
15714	
15715	
15716	
15717	
15718	
15719	
15720	
15721	
15722	
15723	
15724	
15725	
15726	
15731	
15732	
15733	
15734	
15735	
15736	
15737	
15747	
15748	
15749	
15750	
15751	
15752	
15758	
15761	
15762	
15763	
15764	
15770	
15771	
15772	
15780	
15781	
15782	
15783	
15784	
15786	
15787	
15788	
15789	
15790	
15791	
15807	
15808	
15809	
15810	
15836	
15837	
15839	
15842	
15843	
15844	
15845	
15846	
15847	
15849	
15850	
15851	
15852	
15854	
15855	
15859	
15860	
15861	
15862	
15864	
15867	
15869	
15870	
15873	
15874	
15876	
15882	
15883	
15884	
15886	
15887	
15888	
15893	
15894	
15895	
15896	
15897	
15903	
15904	
15905	
15908	
15909	
15910	
15911	
15912	
15913	
15914	
15915	
15916	
15922	
15923	
15929	
15930	
15931	
15932	
15933	
15934	
15936	
15937	
15939	
15940	
15941	
15944	
15947	
15948	
15950	
15951	
15952	
15953	
15956	
15957	
15961	
15964	
15966	
15967	
15969	
15970	
15971	
