15243	0.333333333333333
15244	0.333333333333333
15249	0
15250	0.333333333333333
15251	0.333333333333333
15254	0
15255	0
15257	0.666666666666667
15259	0.333333333333333
15268	0.333333333333333
15276	0
15289	0
15297	0
15304	0.333333333333333
15317	0.333333333333333
15360	0
15363	0
15364	0
15366	0.333333333333333
15392	0.333333333333333
15393	0.666666666666667
15394	0.666666666666667
15399	0.666666666666667
15401	0.333333333333333
15406	1
15408	0.333333333333333
15410	0.666666666666667
15414	0
15415	0.333333333333333
15473	0.666666666666667
15480	0.666666666666667
15485	0
