15432	0.666666666666667
15433	0.444444444444444
15435	0.555555555555556
15440	0.6
15442	0.622222222222222
15447	0.634920634920635
15449	0.55952380952381
15454	0.435185185185185
15461	0.348148148148148
15463	0.345454545454545
15464	0.343434343434343
15467	0.290598290598291
15469	0.296703296703297
15474	0.257142857142857
15475	0.225
15476	0.198529411764706
15477	0.176470588235294
15484	0.228070175438597
15485	0.23859649122807
15486	0.215873015873016
15489	0.226551226551227
15495	0.206851119894598
15496	0.189613526570048
15498	0.201111111111111
15499	0.211282051282051
15503	0.195631528964862
15504	0.181657848324515
15505	0.192118226600985
15509	0.179310344827586
15527	0.189247311827957
15651	0.198252688172043
15820	0.186237373737374
15832	0.175282234105764
15833	0.203361344537815
15844	0.229100529100529
15845	0.234734734734735
15856	0.2574679943101
15857	0.278452541610436
15859	0.264529914529915
15864	0.267886178861789
15865	0.286875725900116
15866	0.289036544850498
15877	0.291050035236082
15891	0.292929292929293
15917	0.280193236714976
15918	0.268270120259019
