14341	0.666666666666667
14344	0
14345	0.333333333333333
14354	0.333333333333333
14357	0.333333333333333
14358	0.333333333333333
14361	0.333333333333333
14369	1
14370	0.333333333333333
14372	0.333333333333333
14373	0.333333333333333
14374	0.333333333333333
14375	0.333333333333333
14376	0
14377	0.666666666666667
14382	0
14383	0.333333333333333
14385	0.333333333333333
14387	0.666666666666667
14393	0.333333333333333
14394	0.333333333333333
14398	0
14399	0.333333333333333
14400	0
14406	0
14407	0.333333333333333
14408	0.333333333333333
14409	0.333333333333333
14410	0.333333333333333
14418	0.333333333333333
14420	1
14421	0.333333333333333
14425	0.333333333333333
14428	0.333333333333333
14432	0.666666666666667
14436	0
14437	0.666666666666667
14455	0.333333333333333
14474	0
14476	0
14480	0.333333333333333
14482	0.333333333333333
14488	0
14491	0.666666666666667
14496	0.333333333333333
14498	0.666666666666667
14502	0.333333333333333
14503	0
14507	0
14511	0.333333333333333
14518	0.666666666666667
14520	0.666666666666667
14533	0
14547	0.333333333333333
14549	0
14558	0.666666666666667
14559	0
14560	0.333333333333333
14562	0.333333333333333
14565	0.666666666666667
14567	0.333333333333333
14573	0
14582	0.333333333333333
14586	0.333333333333333
14587	0.333333333333333
14593	0.333333333333333
14594	0.333333333333333
14596	0
14598	0
14600	0.333333333333333
14601	0.666666666666667
14603	0.666666666666667
14604	0
14605	0.666666666666667
14609	0
14610	0
14612	0
14614	0
14615	0
14616	0.333333333333333
14618	0.666666666666667
14619	0
14620	0.333333333333333
14622	0.333333333333333
14623	0
14625	0.333333333333333
14627	0.333333333333333
14629	0.333333333333333
14632	0
14636	0.333333333333333
14637	0.333333333333333
14638	0
14641	0
14642	0
14643	0.333333333333333
14644	0.333333333333333
14646	0
14648	0.666666666666667
14651	0
14652	0.333333333333333
14654	0.333333333333333
14655	0
14658	0.666666666666667
14659	0
14662	0.666666666666667
14664	0.666666666666667
14665	0.666666666666667
14670	0.666666666666667
14673	0
14676	0.666666666666667
14677	0
14679	0.333333333333333
14680	0
14683	0
14687	0
14690	0
14692	0
14693	0.333333333333333
14694	0
14698	0
14701	0.666666666666667
14717	0.333333333333333
14726	0.333333333333333
14728	0.666666666666667
14750	0
14762	0
14774	0
14781	0
14874	0.666666666666667
14875	0
14876	0
14878	0
14881	0.666666666666667
14882	0.333333333333333
14888	0
14889	0
14891	0
14893	0
14894	0
14895	0
14899	0.333333333333333
14901	0
14902	0
14909	0
14922	0.666666666666667
14924	0
14926	0
14928	0.333333333333333
14930	0.666666666666667
14932	0
14934	0
14942	0.333333333333333
14943	0.333333333333333
14945	0.333333333333333
14952	0
14953	0
14955	0.666666666666667
14959	0.666666666666667
14960	0.666666666666667
14961	0.333333333333333
14963	0.666666666666667
14965	0
14966	0
14968	0.333333333333333
14969	0.333333333333333
14977	0.333333333333333
14980	0.333333333333333
14990	0
14991	0
14992	0.333333333333333
14993	0
14994	0
14995	0.666666666666667
14996	0.333333333333333
14998	0.333333333333333
14999	0.333333333333333
15003	0.666666666666667
15005	0
15006	0
15007	0
15013	0
15014	0
15016	0.666666666666667
15027	0
15035	0.333333333333333
15040	0.666666666666667
15042	1
15044	1
15046	0.333333333333333
15050	0.666666666666667
15052	0.333333333333333
15053	0.666666666666667
15054	0.333333333333333
15055	0
15056	0.333333333333333
15057	0
15062	0.666666666666667
15064	0.333333333333333
15071	0.333333333333333
15074	0.333333333333333
15075	0
15079	0.333333333333333
15084	0
15096	0.333333333333333
15097	0.333333333333333
15099	0
15103	0
15106	0.333333333333333
15107	0.333333333333333
15112	0.333333333333333
15116	0.333333333333333
15117	0.333333333333333
15119	0.333333333333333
15135	0
15136	0
15137	0.333333333333333
15144	0.666666666666667
15145	0.666666666666667
15146	0.333333333333333
15147	0
15160	0.333333333333333
15182	0
15195	0.666666666666667
15197	0.333333333333333
15212	0
15213	0.333333333333333
15214	0.666666666666667
15215	0.333333333333333
15216	0.333333333333333
15217	0
15218	0
15219	0
15223	0.333333333333333
15224	0.666666666666667
15225	0.333333333333333
15226	0
15227	0
15228	0.666666666666667
15229	0.333333333333333
15230	0
15232	0.333333333333333
15233	0.333333333333333
15237	0
15239	0
15241	0
15243	0.333333333333333
15249	0
15250	0
15251	0.333333333333333
15252	0
15253	0
15254	0
15255	0
15257	0
15258	0
15261	0
15262	0.333333333333333
15266	0
15270	0
15271	0.333333333333333
15277	0
15278	0
15280	0.333333333333333
15281	0.666666666666667
15282	0.333333333333333
15284	0
15288	0.666666666666667
15291	0.666666666666667
15292	0
15294	0.333333333333333
15296	0.666666666666667
15297	0
15298	0.333333333333333
15299	0
15300	0.666666666666667
15301	0.333333333333333
15302	0.333333333333333
15303	1
15304	0
15306	0.333333333333333
15308	0.666666666666667
15309	0
15312	0.333333333333333
15314	0
15315	0
15317	0.666666666666667
15318	0.333333333333333
15320	0.333333333333333
15326	0.666666666666667
15327	0.333333333333333
15330	0.666666666666667
15337	0.666666666666667
15342	0.333333333333333
15343	0
15344	0.333333333333333
15345	0.333333333333333
15346	0.333333333333333
15348	0.333333333333333
15350	0.666666666666667
15351	0
15352	0.666666666666667
15360	0.666666666666667
15361	0.333333333333333
15363	0.333333333333333
15364	0.333333333333333
15365	0
15366	0
15368	0.333333333333333
15369	0
15373	0.666666666666667
15378	0.666666666666667
15381	0
15382	0
15383	0.333333333333333
15384	0
15389	0.333333333333333
15390	0.333333333333333
15395	0.333333333333333
