15471	
15472	
15473	
15474	
15475	
15477	
15478	
15479	
15481	
15482	
15483	
15484	
15485	
15486	
15487	
15488	
15489	
15490	
15493	
15494	
15495	
15496	
15499	
15500	
15501	
15502	
15503	
15504	
15505	
15507	
15508	
15509	
15510	
15512	
15513	
15514	
15515	
15517	
15519	
15520	
15521	
15522	
15523	
15524	
15527	
15528	
15529	
15531	
15532	
15533	
15534	
15535	
15536	
15538	
15539	
15540	
15541	
15542	
15543	
15546	
15547	
15548	
15549	
15551	
15553	
15554	
15555	
15557	
15558	
15559	
15560	
15561	
15562	
15563	
15564	
15565	
15566	
15567	
15574	
15575	
15576	
15584	
15601	
15602	
15603	
15604	
15605	
15612	
15613	
15614	
15617	
15618	
15621	
15625	
15626	
15633	
15637	
15638	
15639	
15641	
15642	
15644	
15645	
15646	
15647	
15648	
15649	
15650	
15651	
15653	
15655	
15656	
15658	
15660	
15661	
15664	
15665	
15668	
15669	
15672	
15679	
15680	
15683	
15684	
15687	
15688	
15689	
15690	
15697	
15700	
15701	
15702	
15703	
15712	
15716	
15719	
15732	
15733	
15738	
15742	
15743	
15744	
15748	
15758	
15759	
15762	
15767	
15774	
15776	
15778	
15789	
15807	
15813	
15819	
15833	
15850	
15855	
15858	
15859	
15860	
15863	
15872	
15896	
15897	
15898	
15899	
15903	
15932	
15937	
15939	
15944	
15952	
15955	
15960	
15961	
15962	
15963	
15964	
15965	
15966	
15968	
15972	
15976	
15977	
15978	
15979	
15980	
15981	
15982	
15984	
15986	
15987	
15989	
15990	
15994	
16003	
16019	
16025	
16026	
16027	
16028	
16033	
16038	
16039	
16040	
16043	
16044	
16045	
16047	
16048	
16049	
16051	
16054	
16056	
16057	
16058	
16059	
16060	
16061	
16064	
