15229	
15230	
15231	
15233	
15234	
15235	
15236	
15242	
15247	
15250	
15251	
15252	
15253	
15254	
15255	
15256	
15257	
15258	
15259	
15270	
15273	
15274	
15275	
15276	
15278	
15279	
15281	
15283	
15284	
15285	
15286	
15287	
15288	
15289	
15291	
15292	
15293	
15294	
15296	
15297	
15301	
15304	
15308	
15309	
15310	
15314	
15315	
15316	
15317	
15318	
15319	
15320	
15323	
15324	
15325	
15326	
15327	
15329	
15335	
15352	
15355	
15358	
15360	
15377	
15378	
15380	
15381	
15388	
15389	
15391	
15392	
15393	
15397	
15398	
15400	
15406	
15407	
15412	
15415	
15419	
15421	
15422	
15423	
15424	
15425	
15426	
15428	
15436	
15437	
15440	
15445	
15446	
15449	
15450	
15453	
15457	
15459	
15463	
15464	
15469	
15472	
15474	
15475	
15482	
15485	
15486	
15487	
15490	
15499	
15500	
15507	
15508	
15513	
15514	
15521	
15522	
15523	
15524	
15526	
15530	
15533	
15534	
15535	
15536	
15539	
15541	
15553	
15554	
15561	
15562	
15564	
15565	
15568	
15574	
15576	
15579	
15582	
15583	
15586	
15588	
15590	
15592	
15593	
15595	
15610	
15611	
15614	
15619	
15637	
15639	
15658	
15687	
15691	
15692	
15694	
15696	
15697	
15698	
15720	
15721	
15722	
15733	
15734	
15736	
15737	
15768	
15798	
15803	
15818	
15819	
