14921	
14922	
14923	
14941	
14942	
14943	
14944	
14945	
14947	
14948	
14953	
14954	
14964	
14965	
14966	
14970	
14972	
14973	
14974	
14975	
14982	
14983	
14984	
14985	
14986	
14987	
14988	
14989	
14990	
14991	
14992	
14993	
14994	
14995	
14996	
14999	
15001	
15002	
15003	
15016	
15017	
15020	
15022	
15024	
15025	
15026	
15029	
15030	
15031	
15033	
15036	
15037	
15038	
15040	
15041	
15042	
15043	
15044	
15045	
15046	
15047	
15048	
15049	
15050	
15051	
15053	
15054	
15055	
15056	
15057	
15065	
15066	
15073	
15075	
15076	
15077	
15079	
15080	
15081	
15082	
15084	
15085	
15086	
15087	
15088	
15089	
15090	
15091	
15092	
15093	
15098	
15099	
15100	
15103	
15104	
15106	
15110	
15112	
15287	
15288	
15289	
15290	
15291	
15292	
15293	
15295	
15296	
15297	
15298	
15299	
15300	
15301	
15302	
15314	
15318	
15321	
15339	
15342	
15388	
15389	
15392	
15393	
15394	
15395	
15398	
15399	
15400	
15401	
15402	
15403	
15404	
15405	
15406	
15407	
15408	
15409	
15412	
15413	
15414	
15415	
15416	
15417	
15420	
15427	
15428	
15429	
15431	
15432	
15435	
15441	
15443	
15450	
15451	
15454	
15456	
15457	
15459	
15465	
15467	
15468	
15469	
15470	
15471	
15472	
15475	
15476	
15477	
15479	
15480	
15482	
15483	
15484	
15485	
15487	
15488	
15490	
15492	
15493	
15495	
15496	
15498	
15499	
15500	
15501	
15502	
15503	
15504	
15505	
15506	
15507	
15508	
15509	
15513	
15514	
15517	
15518	
15519	
15520	
15521	
15527	
15529	
15530	
15532	
15534	
15537	
15538	
15539	
15540	
15544	
15545	
15546	
15547	
15548	
15549	
15551	
15552	
15553	
15554	
15555	
15556	
15557	
15558	
15559	
15560	
15561	
15562	
15563	
15564	
15566	
15567	
15605	
15639	
15641	
15650	
15662	
15665	
15668	
15669	
15670	
15671	
15675	
15676	
15685	
15686	
15694	
15695	
15722	
15724	
15740	
15741	
15748	
15749	
15750	
15751	
15752	
15753	
15754	
15755	
15756	
15757	
15758	
15759	
15760	
15761	
15762	
15763	
15765	
15766	
15768	
15769	
15770	
15771	
15772	
15773	
15774	
15775	
15776	
15779	
15783	
15784	
15787	
15790	
15791	
15800	
15801	
15802	
15803	
15805	
15808	
15809	
15812	
15813	
15814	
15816	
15817	
15818	
15820	
15821	
15822	
15823	
15826	
15828	
15833	
15834	
15835	
15838	
15840	
15843	
15845	
15846	
15847	
15848	
15854	
15855	
15856	
15857	
15858	
15860	
15861	
15863	
15864	
15865	
15867	
15869	
15870	
15871	
15872	
15875	
15878	
15884	
15891	
15892	
15893	
15894	
15895	
15900	
15907	
15909	
15910	
15913	
15914	
15915	
15917	
15918	
15919	
15920	
15921	
15923	
15925	
15926	
15927	
15928	
15929	
15931	
15932	
15933	
15934	
15935	
15936	
15939	
15944	
15945	
15946	
15947	
15954	
15955	
15956	
15957	
15958	
15959	
15965	
15966	
15971	
15972	
15974	
15976	
15978	
15979	
15980	
15981	
15982	
15983	
15984	
15988	
15989	
15990	
15991	
15992	
15993	
15994	
15995	
15996	
15997	
15998	
15999	
16000	
16001	
