14754	0.666666666666667
15058	0.666666666666667
15063	0.555555555555556
15066	0.416666666666667
15067	0.4
15075	0.388888888888889
15114	0.333333333333333
15116	0.291666666666667
15211	0.296296296296296
15215	0.3
15229	0.303030303030303
15230	0.277777777777778
15235	0.307692307692308
15242	0.30952380952381
15248	0.333333333333333
15261	0.354166666666667
15276	0.352941176470588
15327	0.351851851851852
15375	0.333333333333333
15376	0.333333333333333
15393	0.333333333333333
15403	0.333333333333333
15404	0.318840579710145
15405	0.305555555555556
15406	0.306666666666667
15407	0.307692307692308
15408	0.296296296296296
15410	0.30952380952381
15413	0.32183908045977
15422	0.333333333333333
15423	0.333333333333333
15425	0.34375
15438	0.333333333333333
15461	0.323529411764706
15464	0.323809523809524
15468	0.324074074074074
