491,439,474,235,57,64,644,490,418,939,0.607530301338019,0.620185908191777
492,491,182,381,416,78,92,744,71,752,0.573119999006087,0.701716754426317
493,492,491,105,859,888,117,126,307,922,0.558806159038591,0.66185823482827
494,493,492,491,958,747,764,454,470,460,0.567161993133076,0.699357742922838
495,494,493,492,491,654,734,52,721,991,0.596655638566907,0.721108124173396
496,495,494,493,492,491,904,856,706,843,0.601583659378122,0.744237724464788
497,496,495,527,493,492,491,958,552,219,0.604583912834299,0.699357742922838
498,497,496,494,1000,493,492,491,760,347,0.616636871047667,0.773373992445311
498,240,496,494,411,493,492,491,652,655,0.608927631510712,0.744237724464788
499,497,478,495,494,441,913,546,491,701,0.634466736537883,0.616525730955396
500,498,497,496,495,494,493,492,5,491,0.614054016681125,0.773373992445311
500,73,497,886,495,494,493,492,642,491,0.601266575744882,0.773373992445311
500,498,931,496,683,495,494,493,492,606,0.612578359164683,0.701094148057691
498,499,767,682,496,559,495,494,493,492,0.617451674255327,0.698639067801297
941,500,642,497,585,496,893,495,494,493,0.618797427321018,0.740800120015999
942,941,498,825,497,707,496,960,495,494,0.620177760450332,0.769544082431635
942,941,498,257,497,478,496,406,495,494,0.640981128605147,0.739190637738686
942,941,498,62,497,697,496,305,495,494,0.612712410212421,0.695768053965572
943,942,499,498,897,497,281,496,403,495,0.653078212128509,0.74260478821085
745,942,499,498,527,964,497,496,202,495,0.65374650928906,0.662198743249658
326,943,500,499,317,497,498,97,135,496,0.649594252343627,0.685078049895884
943,944,466,500,498,59,499,497,496,389,0.631707002380105,0.704236276682885
944,945,497,494,499,498,500,948,989,227,0.608988507962513,0.699188754749982
945,946,496,941,500,499,493,498,497,364,0.608366646951921,0.746434698224526
946,947,941,942,495,500,492,499,498,497,0.61377350116208,0.750264608238201
947,948,942,943,492,494,493,500,499,498,0.592733521000302,0.74260478821085
76,949,943,944,897,493,492,362,500,499,0.620195599451685,0.746434698224526
948,950,944,945,495,500,941,492,403,753,0.58602290140035,0.773373992445311
949,500,945,946,290,493,942,492,403,479,0.577046495102092,0.727980421897255
950,396,946,947,897,941,943,842,500,300,0.614017172762797,0.749043582138818
401,552,947,948,495,942,944,491,498,500,0.568322831604248,0.777203902458987
402,401,948,949,897,943,945,406,941,491,0.627525940944264,0.773373992445311
835,401,948,673,939,943,945,406,941,183,0.600875396845561,0.737269424134278
402,393,949,239,897,944,946,499,942,491,0.615735121930771,0.74260478821085
402,747,950,949,897,945,947,960,943,491,0.611772609864258,0.777203902458987
402,132,950,949,897,945,947,960,206,491,0.6151717718336,0.777203902458987
402,806,950,998,897,945,947,960,943,491,0.602484561216002,0.773373992445311
402,671,950,949,518,945,834,960,943,491,0.587840837666255,0.750264608238201
402,156,875,949,897,945,947,400,944,491,0.592900450334382,0.696150288488323
403,402,950,176,941,946,948,960,945,499,0.579478755234434,0.746434698224526
404,403,705,950,942,947,949,406,91,497,0.640999328933386,0.703187652936514
405,404,496,497,943,948,950,780,946,941,0.636008105940161,0.746434698224526
405,404,496,19,943,948,950,941,946,651,0.610806985049741,0.746434698224526
406,405,948,497,944,949,492,942,947,605,0.611458219507972,0.750264608238201
407,406,496,973,945,950,353,943,948,415,0.649941732884031,0.694771788460683
408,407,401,497,946,496,950,944,949,941,0.622411293441051,0.777203902458987
408,407,401,497,946,496,950,944,949,941,0.622411293441051,0.777203902458987
408,407,401,497,946,496,950,944,949,941,0.622411293441051,0.777203902458987
408,407,401,497,946,496,950,944,949,941,0.622411293441051,0.777203902458987
918,407,401,497,946,496,950,944,949,692,0.606130390890043,0.773373992445311
408,407,401,497,474,496,950,944,949,941,0.623004025220287,0.72790197043355
774,407,401,497,946,496,950,944,949,941,0.619233109239079,0.773373992445311
408,637,401,497,158,496,950,944,949,54,0.614265206495881,0.744007574450514
505,407,401,497,946,496,950,810,949,941,0.619721522497846,0.777203902458987
408,407,401,497,946,496,950,944,900,151,0.63153695211274,0.744237724464788
408,407,401,497,946,496,950,944,949,941,0.622411293441051,0.777203902458987
408,407,401,497,946,496,950,944,949,941,0.622411293441051,0.777203902458987
408,407,401,497,946,496,950,944,949,941,0.622411293441051,0.777203902458987
408,407,401,497,946,496,950,944,949,941,0.622411293441051,0.777203902458987
408,407,401,497,890,496,950,944,949,941,0.63324584689508,0.777203902458987
408,407,401,497,619,496,950,944,949,941,0.619130915331832,0.773373992445311
408,407,401,497,946,496,950,944,949,941,0.622411293441051,0.777203902458987
408,767,401,497,946,496,950,944,949,941,0.611311100258097,0.781033812472662
408,407,401,497,946,496,950,720,949,941,0.635100342109151,0.777203902458987
943,407,401,497,946,496,950,944,949,941,0.614754098935717,0.777203902458987
408,407,401,497,946,496,950,944,949,941,0.622411293441051,0.777203902458987
334,407,401,497,946,496,950,944,831,941,0.599808775908662,0.769544082431635
408,407,401,497,946,496,950,944,395,941,0.61265148138105,0.777203902458987
678,407,401,497,534,496,950,944,949,941,0.614819112919617,0.773373992445311
809,407,401,497,946,496,950,944,949,941,0.60986316292032,0.777203902458987
408,407,401,497,946,496,950,944,949,941,0.622411293441051,0.777203902458987
408,34,401,497,946,496,950,512,894,941,0.634563279691651,0.735294059422563
408,407,401,497,946,496,950,944,949,941,0.622411293441051,0.777203902458987
44,407,401,497,946,496,950,944,949,454,0.606962219997685,0.728724160917635
408,407,401,497,946,496,950,944,949,941,0.622411293441051,0.777203902458987
408,407,401,497,946,496,602,944,949,941,0.619531626248114,0.736072969034097
408,407,401,497,946,571,950,944,949,341,0.583897517298465,0.781033812472662
408,407,401,497,946,496,950,944,949,941,0.622411293441051,0.777203902458987
408,407,401,497,946,496,950,944,949,941,0.622411293441051,0.777203902458987
408,407,401,497,946,496,950,944,949,941,0.622411293441051,0.777203902458987
408,407,401,785,946,496,950,944,949,941,0.618920148967128,0.744007574450514
408,407,401,497,946,496,950,944,949,959,0.628253120349874,0.777203902458987
408,407,401,497,946,496,950,944,949,941,0.622411293441051,0.777203902458987
408,407,401,379,946,496,950,944,949,941,0.616656292716436,0.749043582138818
408,407,401,497,946,496,950,944,949,941,0.622411293441051,0.777203902458987
408,407,401,497,946,496,950,944,949,941,0.622411293441051,0.777203902458987
408,407,401,497,948,496,950,944,949,941,0.620967263974364,0.773373992445311
408,407,401,497,946,496,950,944,949,301,0.619108278352339,0.736072969034097
408,407,401,815,946,496,950,944,949,941,0.614785736931712,0.777203902458987
408,407,401,497,946,496,950,944,367,941,0.604955612292697,0.777203902458987
912,407,401,384,946,496,950,502,949,941,0.623459233934393,0.740800120015999
408,407,401,497,946,496,950,944,949,941,0.622411293441051,0.777203902458987
408,407,401,497,946,496,950,944,949,941,0.622411293441051,0.777203902458987
408,407,286,497,946,496,950,944,949,941,0.62634597931749,0.72790197043355
408,407,401,497,946,496,950,944,949,941,0.622411293441051,0.777203902458987
408,407,401,497,946,496,950,944,949,941,0.622411293441051,0.777203902458987
408,407,588,497,946,496,950,944,949,941,0.634045329419043,0.739718138336915
408,407,401,497,946,496,950,944,949,941,0.622411293441051,0.777203902458987
408,407,401,707,946,496,950,944,949,941,0.621505579166125,0.773373992445311
408,407,401,497,946,496,950,944,949,941,0.622411293441051,0.777203902458987
434,407,401,497,946,496,950,944,949,941,0.610466809371713,0.777203902458987
408,343,401,497,946,496,950,944,949,941,0.615681446067207,0.781033812472662
408,407,401,497,946,496,950,944,949,941,0.622411293441051,0.777203902458987
241,407,401,497,532,496,950,944,949,941,0.621854994517475,0.734336370943883
408,407,401,497,946,496,950,164,949,941,0.626795035635583,0.777203902458987
408,407,401,497,946,496,950,944,949,139,0.625057994092186,0.777203902458987
408,407,401,497,946,496,950,944,949,941,0.622411293441051,0.777203902458987
408,353,401,497,946,447,950,55,949,941,0.607081393366086,0.717298430244003
408,407,401,497,946,496,950,944,949,689,0.613471351910724,0.777203902458987
408,407,401,497,946,496,950,944,949,941,0.622411293441051,0.777203902458987
408,407,401,497,946,496,950,944,949,941,0.622411293441051,0.777203902458987
408,407,401,497,946,496,950,944,949,941,0.622411293441051,0.777203902458987
408,407,401,195,581,496,950,944,949,941,0.6095704548425,0.740800120015999
408,407,401,497,946,496,950,944,949,941,0.622411293441051,0.777203902458987
408,407,401,497,946,496,950,944,949,941,0.622411293441051,0.777203902458987
408,407,401,497,946,496,950,944,949,941,0.622411293441051,0.777203902458987
408,458,401,793,946,496,950,944,949,941,0.625842356899816,0.781033812472662
223,407,401,497,946,496,950,944,949,941,0.607671110869051,0.773373992445311
408,407,401,497,946,90,692,944,949,941,0.604488061192787,0.777203902458987
408,407,401,497,946,496,950,944,949,941,0.622411293441051,0.777203902458987
408,407,401,497,946,496,950,944,949,941,0.622411293441051,0.777203902458987
408,407,802,497,946,496,950,944,949,941,0.623874315643796,0.773373992445311
408,407,401,497,946,666,870,944,949,941,0.600088506346252,0.720299619723182
408,407,401,547,946,496,51,944,949,941,0.631049193900208,0.769544082431635
408,407,401,418,946,496,950,944,949,941,0.617880544654679,0.744630030029675
408,407,401,497,946,496,950,944,949,941,0.622411293441051,0.777203902458987
408,407,401,497,946,496,950,944,949,941,0.622411293441051,0.777203902458987
408,407,401,497,946,496,950,944,949,941,0.622411293441051,0.777203902458987
408,407,401,497,946,147,950,944,949,941,0.601137626847816,0.752873492152494
408,407,401,750,946,496,950,944,949,941,0.631562951789468,0.777203902458987
408,407,401,497,946,496,950,944,297,941,0.621778899103474,0.777203902458987
408,407,401,497,946,496,950,944,949,941,0.622411293441051,0.777203902458987
232,407,401,497,946,415,950,944,949,941,0.595065493854765,0.735005480917346
408,407,469,497,946,380,950,944,949,941,0.592788712654571,0.752873492152494
408,86,401,497,946,496,950,944,949,941,0.623166107370217,0.777203902458987
408,407,401,497,731,496,984,944,949,941,0.620144503215376,0.773373992445311
408,407,401,618,314,496,950,944,949,941,0.646805272641631,0.744237724464788
408,407,401,497,946,496,817,944,949,941,0.614704182718035,0.777203902458987
408,407,401,497,946,496,950,944,949,941,0.622411293441051,0.777203902458987
408,407,401,497,946,496,950,944,949,941,0.622411293441051,0.777203902458987
408,907,401,497,946,200,950,944,949,941,0.62315786101883,0.752289850057027
408,407,401,497,946,496,962,944,949,941,0.628956763746933,0.777203902458987
408,407,401,497,946,496,950,944,949,941,0.622411293441051,0.777203902458987
408,407,401,497,946,496,950,944,949,92,0.634811677103915,0.739718138336915
408,407,401,497,946,311,950,944,482,941,0.583393758384023,0.777203902458987
408,407,401,497,946,496,950,944,949,941,0.622411293441051,0.777203902458987
408,407,401,497,946,496,950,944,949,941,0.622411293441051,0.777203902458987
408,407,401,497,946,496,950,944,949,941,0.622411293441051,0.777203902458987
408,407,401,497,946,496,950,944,949,941,0.622411293441051,0.777203902458987
408,643,658,497,946,496,950,944,949,941,0.625952266888565,0.777203902458987
408,407,401,497,946,12,950,944,949,941,0.592424812880231,0.732554070931311
408,407,401,497,946,496,950,944,949,941,0.622411293441051,0.777203902458987
387,407,401,497,946,496,950,738,949,941,0.622809904737941,0.733447360576731
408,407,401,836,946,496,950,944,949,941,0.61096978009586,0.777203902458987
408,407,401,497,946,496,950,944,949,941,0.622411293441051,0.777203902458987
832,407,401,497,946,496,950,944,949,941,0.614299931287845,0.773373992445311
408,407,401,497,946,19,950,944,817,941,0.576279596244147,0.781033812472662
408,475,401,497,946,496,950,944,949,941,0.624090573447065,0.777203902458987
408,372,401,497,946,496,950,944,949,941,0.613170810469304,0.752873492152494
408,407,401,497,946,496,950,944,949,941,0.622411293441051,0.777203902458987
408,407,401,497,946,496,950,944,949,941,0.622411293441051,0.777203902458987
206,407,289,497,946,496,950,944,949,941,0.622026185946721,0.777203902458987
408,407,401,497,946,496,950,905,949,941,0.64396169829319,0.777203902458987
408,407,401,497,946,496,950,303,949,941,0.632892177522541,0.773373992445311
408,407,401,497,946,496,950,869,949,941,0.636171216867107,0.744630030029675
408,407,401,390,946,496,950,944,949,941,0.616522453027689,0.735005480917346
408,407,401,497,946,496,950,944,949,941,0.622411293441051,0.777203902458987
408,407,401,497,946,496,950,944,949,941,0.622411293441051,0.777203902458987
408,407,401,497,946,496,855,944,949,941,0.626446973895927,0.773373992445311
408,407,401,882,946,496,811,944,949,941,0.610161408456995,0.769544082431635
408,407,161,497,946,496,950,944,949,941,0.621270177569456,0.777203902458987
408,407,401,497,58,496,950,944,949,941,0.619088161557365,0.777203902458987
408,407,401,497,946,496,950,944,772,28,0.610030049225538,0.773373992445311
408,407,401,497,946,496,950,944,949,941,0.622411293441051,0.777203902458987
408,407,401,497,946,885,950,200,949,941,0.616234026083291,0.748459940043351
408,565,401,497,946,496,950,944,949,941,0.618100844545982,0.777203902458987
761,407,401,497,946,496,950,944,949,941,0.618116156623479,0.777203902458987
408,407,401,497,946,69,950,944,949,941,0.601903283456359,0.781033812472662
408,407,401,497,946,496,222,944,949,230,0.620704240581399,0.769544082431635
408,407,401,497,946,496,950,944,557,941,0.60195668207595,0.744237724464788
408,407,401,497,946,496,950,944,949,941,0.622411293441051,0.777203902458987
408,407,401,497,946,496,950,944,949,823,0.619944867436374,0.773373992445311
408,407,401,497,946,496,950,944,949,90,0.625308012854637,0.773373992445311
408,407,401,497,939,496,950,944,949,732,0.622276064260412,0.737269424134278
408,407,401,497,946,496,950,944,949,941,0.622411293441051,0.777203902458987
408,407,935,497,946,496,950,944,949,941,0.631117969732371,0.744007574450514
637,407,401,497,946,496,950,944,949,941,0.624591853787057,0.744007574450514
408,407,401,497,946,496,950,944,949,941,0.622411293441051,0.777203902458987
408,407,401,497,946,496,950,944,949,941,0.622411293441051,0.777203902458987
408,407,401,497,946,496,950,944,949,941,0.622411293441051,0.777203902458987
408,407,401,497,946,496,950,944,949,941,0.622411293441051,0.777203902458987
408,407,401,497,946,496,950,944,949,941,0.622411293441051,0.777203902458987
408,407,401,497,946,496,950,944,949,941,0.622411293441051,0.777203902458987
258,407,401,497,946,496,950,944,949,941,0.611965708159327,0.777203902458987
408,407,632,497,946,496,950,944,949,941,0.621884002527344,0.773373992445311
408,407,401,497,946,496,879,944,949,941,0.632133273592447,0.777203902458987
408,407,401,497,946,496,950,944,949,941,0.622411293441051,0.777203902458987
408,407,401,358,946,496,353,944,949,941,0.599337024513279,0.769544082431635
408,407,401,497,946,496,950,944,949,941,0.622411293441051,0.777203902458987
408,407,401,497,946,496,950,944,949,941,0.622411293441051,0.777203902458987
408,407,401,497,946,496,950,944,717,941,0.61370340786287,0.773373992445311
408,407,786,497,946,496,950,944,949,941,0.612059562144902,0.744007574450514
408,407,401,497,946,496,950,944,949,941,0.622411293441051,0.777203902458987
408,407,401,497,946,496,950,944,949,941,0.622411293441051,0.777203902458987
408,407,401,497,946,496,950,944,949,941,0.622411293441051,0.777203902458987
408,407,401,497,48,23,950,944,949,941,0.591860812333039,0.777203902458987
408,407,401,497,946,496,950,944,949,941,0.622411293441051,0.777203902458987
408,174,401,497,946,496,950,944,660,941,0.613921878534737,0.777203902458987
556,407,401,635,946,496,950,944,949,941,0.621275042476127,0.773373992445311
408,407,401,497,946,496,950,944,839,941,0.60438985612112,0.749043582138818
863,407,401,497,946,496,950,944,949,941,0.636023955392283,0.777203902458987
408,407,401,497,946,496,950,944,949,941,0.622411293441051,0.777203902458987
408,407,401,497,946,496,950,944,960,941,0.605587061601382,0.777203902458987
408,848,401,497,946,496,950,944,949,941,0.616563488386869,0.741996190971234
408,34,401,497,946,496,950,944,949,941,0.623229451280106,0.735294059422563
408,482,401,497,946,496,950,944,949,941,0.619302555402383,0.781033812472662
408,407,401,497,946,496,950,944,708,941,0.614760825413124,0.773373992445311
408,407,401,497,291,496,950,944,949,941,0.620429579842885,0.777203902458987
408,407,401,497,946,496,950,773,779,941,0.62749078530512,0.734896010979216
408,407,401,497,946,496,344,944,949,994,0.620445876739477,0.773373992445311
408,407,401,71,946,496,950,944,949,941,0.61758882280758,0.777203902458987
408,407,401,497,327,496,950,944,949,854,0.637906066444334,0.773373992445311
142,949,401,497,946,496,950,944,372,941,0.601770272144659,0.749043582138818
408,29,401,497,946,496,950,944,949,941,0.625713545646568,0.781033812472662
408,407,401,387,946,496,950,944,949,941,0.611981792041811,0.733447360576731
408,407,401,497,229,496,950,944,949,941,0.61497973321927,0.773373992445311
408,407,401,497,946,496,950,944,949,941,0.622411293441051,0.777203902458987
408,385,401,497,946,496,216,944,949,941,0.640425798781713,0.781033812472662
408,407,792,270,946,496,950,944,949,941,0.600390374465909,0.749043582138818
408,407,401,497,946,496,950,944,343,941,0.60825503533142,0.777203902458987
408,407,401,497,946,496,950,944,949,941,0.622411293441051,0.777203902458987
408,407,401,497,946,496,950,944,949,941,0.622411293441051,0.777203902458987
408,407,401,497,946,496,950,944,903,941,0.606497049091529,0.773373992445311
408,407,401,497,946,496,950,944,949,941,0.622411293441051,0.777203902458987
408,407,401,497,252,496,950,944,949,322,0.627088220921193,0.773373992445311
408,407,401,497,946,496,950,944,949,941,0.622411293441051,0.777203902458987
408,407,401,497,946,496,950,944,949,941,0.622411293441051,0.777203902458987
408,678,401,497,946,496,950,944,949,941,0.618619569649242,0.777203902458987
408,407,401,497,946,496,950,944,949,941,0.622411293441051,0.777203902458987
408,407,393,497,946,496,950,944,949,941,0.626579751061771,0.773373992445311
408,407,401,497,946,496,950,944,949,941,0.622411293441051,0.777203902458987
408,407,401,497,946,496,950,944,949,941,0.622411293441051,0.777203902458987
408,407,401,497,946,496,950,944,949,941,0.622411293441051,0.777203902458987
408,407,401,497,946,496,950,944,949,941,0.622411293441051,0.777203902458987
408,407,401,497,946,496,649,944,949,941,0.623275096836571,0.777203902458987
408,407,401,497,946,620,950,944,949,941,0.603034509608773,0.777203902458987
408,613,401,497,946,496,950,944,949,941,0.621197546132624,0.781033812472662
408,407,401,497,190,496,950,944,949,249,0.627993038117668,0.777203902458987
408,407,401,497,946,277,950,944,949,69,0.592512814622027,0.781033812472662
408,407,401,497,946,496,950,944,949,941,0.622411293441051,0.777203902458987
287,407,401,497,956,502,950,944,949,941,0.590041253252249,0.731731880447225
408,407,401,497,946,496,950,944,949,215,0.618716778591137,0.773373992445311
408,407,401,497,946,496,950,944,949,941,0.622411293441051,0.777203902458987
408,76,401,497,946,496,950,944,949,941,0.624090573447065,0.781033812472662
408,407,401,497,946,809,950,944,949,941,0.5896106380218,0.781033812472662
408,948,401,497,946,496,950,944,949,941,0.623467525761295,0.777203902458987
769,407,203,497,946,496,950,944,949,941,0.628322278855578,0.734336370943883
408,407,401,642,946,496,950,944,949,941,0.624148685562679,0.777203902458987
408,407,401,497,946,496,950,944,949,941,0.622411293441051,0.777203902458987
408,407,401,749,946,496,950,944,949,941,0.620537490195226,0.724150511883579
315,407,401,497,946,496,950,944,949,941,0.612269611075968,0.777203902458987
408,407,401,775,946,496,950,944,949,941,0.619465730577547,0.773373992445311
408,407,401,776,285,496,950,944,949,941,0.632464822257173,0.728724160917635
408,407,401,497,946,496,950,944,949,119,0.61199669055781,0.777203902458987
408,407,401,497,946,496,950,944,949,941,0.622411293441051,0.777203902458987
408,407,401,497,946,180,232,944,949,941,0.602696064011035,0.724938034187072
408,407,401,497,946,496,950,944,949,941,0.622411293441051,0.777203902458987
408,407,401,497,946,496,950,944,949,103,0.62286379133927,0.773373992445311
771,407,401,497,946,496,950,944,949,941,0.615691313070706,0.773373992445311
620,407,401,497,946,496,950,944,949,941,0.618244946965206,0.773373992445311
408,407,401,497,946,496,950,944,949,192,0.619943382032495,0.777203902458987
408,407,783,497,946,496,950,944,949,941,0.610722675396772,0.744007574450514
408,165,401,497,946,496,950,944,949,941,0.632973126998794,0.781033812472662
408,407,401,497,464,496,950,944,949,941,0.638532893557651,0.777203902458987
408,407,723,497,946,496,950,944,949,180,0.63645935063908,0.721108124173396
408,407,401,497,110,496,950,944,949,941,0.613831448803897,0.777203902458987
408,407,401,497,878,496,950,944,949,629,0.62630912933251,0.773373992445311
408,407,131,372,946,496,950,944,949,941,0.62203602853923,0.711557818016747
465,407,401,800,946,496,950,944,949,941,0.618650303410101,0.777203902458987
408,407,401,497,946,496,950,944,949,941,0.622411293441051,0.777203902458987
408,407,401,497,989,496,950,124,141,941,0.631765469862222,0.726434619287304
408,407,401,497,946,78,285,944,124,941,0.619412980642052,0.781033812472662
408,407,401,497,946,496,950,529,949,941,0.636741052288293,0.727067861545069
408,407,401,497,946,496,950,944,949,941,0.622411293441051,0.777203902458987
408,407,401,494,946,496,950,944,949,941,0.619476312281788,0.773373992445311
408,407,401,497,946,341,950,944,949,941,0.585979076996081,0.781033812472662
408,407,401,497,946,496,312,944,949,941,0.634995610110971,0.777203902458987
408,407,57,497,946,496,950,944,949,941,0.619212181369843,0.738166280957558
199,407,401,909,946,496,950,944,949,941,0.618131624552186,0.697593975181761
408,407,401,497,946,496,950,944,949,941,0.622411293441051,0.777203902458987
408,407,401,497,946,496,950,944,949,941,0.622411293441051,0.777203902458987
408,407,401,497,749,496,950,944,949,941,0.623204301826237,0.724150511883579
408,407,401,497,946,496,950,944,949,941,0.622411293441051,0.777203902458987
408,407,401,982,946,496,950,944,949,941,0.622381277517368,0.777203902458987
305,407,401,167,946,496,950,944,949,941,0.620905313536316,0.728964381974045
408,407,401,565,946,496,856,944,949,941,0.615484320537593,0.773373992445311
408,407,401,497,946,496,950,944,949,941,0.622411293441051,0.777203902458987
408,407,401,497,946,496,950,944,949,941,0.622411293441051,0.777203902458987
408,407,730,497,946,496,950,944,949,941,0.625032134965651,0.773373992445311
408,407,401,497,946,496,950,944,949,941,0.622411293441051,0.777203902458987
408,407,401,497,946,911,950,684,949,941,0.615120499445825,0.781033812472662
733,407,401,497,946,496,950,944,949,941,0.613842906626907,0.777203902458987
408,407,401,497,946,496,950,944,949,941,0.622411293441051,0.777203902458987
408,407,401,497,946,496,950,944,949,941,0.622411293441051,0.777203902458987
408,407,401,497,946,496,950,944,949,941,0.622411293441051,0.777203902458987
408,407,401,497,801,496,950,944,949,941,0.600238537177213,0.724150511883579
408,407,401,84,946,496,670,944,949,941,0.606483493582359,0.769544082431635
408,407,401,497,946,496,749,944,949,941,0.626608745674343,0.724150511883579
408,407,401,497,946,496,950,944,949,941,0.622411293441051,0.777203902458987
408,407,401,497,946,496,950,944,949,941,0.622411293441051,0.777203902458987
959,407,401,497,946,496,950,944,468,941,0.610143705968872,0.777203902458987
408,407,401,497,946,496,950,944,949,431,0.607526784012875,0.777203902458987
408,407,401,497,737,496,950,944,949,941,0.632072900675382,0.727603227119055
482,407,401,497,573,496,668,600,949,941,0.626404492894527,0.777203902458987
408,407,401,497,946,496,724,944,949,941,0.627718400788989,0.773373992445311
408,407,401,51,946,205,950,944,949,941,0.593123426764682,0.773373992445311
585,407,401,497,946,496,950,944,949,941,0.607389724570336,0.744630030029675
408,407,401,497,946,496,950,944,949,941,0.622411293441051,0.777203902458987
451,407,401,497,946,496,950,944,949,941,0.622037667809046,0.777203902458987
408,407,401,497,946,496,950,620,949,941,0.629676457625541,0.773373992445311
408,525,401,497,235,173,950,944,949,941,0.59280859702985,0.781033812472662
408,407,401,497,946,496,950,944,949,941,0.622411293441051,0.777203902458987
408,407,401,708,946,68,950,944,949,941,0.590807428969034,0.777203902458987
408,407,401,497,946,496,950,944,949,941,0.622411293441051,0.777203902458987
408,407,401,497,946,496,950,944,949,941,0.622411293441051,0.777203902458987
408,407,401,497,946,929,950,992,949,941,0.600520081750375,0.748459940043351
408,407,401,497,946,496,950,944,949,460,0.621661158842851,0.777203902458987
408,407,401,497,946,496,950,944,949,941,0.622411293441051,0.777203902458987
408,407,132,497,946,496,447,944,915,941,0.623810170098247,0.744237724464788
277,954,401,497,946,496,318,944,949,941,0.633438333255575,0.781033812472662
408,407,401,497,946,496,950,944,949,941,0.622411293441051,0.777203902458987
408,407,401,497,946,496,950,944,949,941,0.622411293441051,0.777203902458987
408,407,401,497,946,496,950,944,949,941,0.622411293441051,0.777203902458987
163,407,401,497,946,496,950,944,949,941,0.633454827819377,0.777203902458987
408,407,401,497,946,496,950,944,949,941,0.622411293441051,0.777203902458987
408,407,401,497,946,496,234,944,439,941,0.628492037744043,0.777203902458987
408,407,401,497,604,496,950,944,949,237,0.619892292194838,0.769544082431635
619,407,401,497,946,496,950,944,949,941,0.618898814566204,0.773373992445311
408,407,401,497,946,496,950,944,949,941,0.622411293441051,0.777203902458987
408,407,401,497,946,496,950,460,949,941,0.628936215668165,0.777203902458987
408,407,401,497,946,496,528,944,949,941,0.631263275641032,0.777203902458987
408,407,401,497,273,496,185,944,949,941,0.629168491839675,0.744007574450514
408,407,401,497,946,496,950,944,949,941,0.622411293441051,0.777203902458987
408,85,954,497,946,496,950,944,949,941,0.624916674332134,0.781033812472662
408,407,401,497,946,496,950,944,949,941,0.622411293441051,0.777203902458987
794,586,401,497,946,496,950,615,949,941,0.620644593052311,0.700408575067781
408,407,401,497,946,496,950,944,949,941,0.622411293441051,0.777203902458987
408,407,401,497,946,300,950,944,949,941,0.595102336201894,0.752873492152494
408,407,401,497,946,496,950,944,949,23,0.621543007998075,0.777203902458987
408,407,401,497,946,496,950,944,949,941,0.622411293441051,0.777203902458987
408,137,401,497,946,115,950,944,949,941,0.583621087147632,0.784863722486338
408,407,401,497,946,496,950,489,949,941,0.631894264690993,0.777203902458987
408,407,401,497,946,479,950,944,949,941,0.603623349049853,0.781033812472662
408,407,401,497,946,496,950,944,949,941,0.622411293441051,0.777203902458987
408,407,401,497,946,496,950,944,949,941,0.622411293441051,0.777203902458987
408,407,401,497,946,496,950,944,949,941,0.622411293441051,0.777203902458987
408,407,401,497,946,496,950,944,949,941,0.622411293441051,0.777203902458987
333,407,401,497,946,496,950,944,834,941,0.609578287510618,0.777203902458987
408,668,401,497,946,919,950,944,949,941,0.607641815956044,0.784863722486338
408,407,401,497,946,496,160,944,12,941,0.614191851142343,0.690710896197334
408,407,401,497,946,496,950,944,949,941,0.622411293441051,0.777203902458987
408,407,401,497,946,496,950,944,949,941,0.622411293441051,0.777203902458987
408,407,401,497,946,496,950,944,949,941,0.622411293441051,0.777203902458987
408,407,418,497,946,496,950,944,949,941,0.624194039841654,0.744630030029675
408,407,401,497,946,664,950,944,949,941,0.603602881701949,0.752873492152494
408,407,401,461,946,496,700,944,949,941,0.616031773557813,0.769544082431635
408,407,401,497,946,496,234,944,949,365,0.622095943368554,0.777203902458987
408,525,971,497,883,496,950,944,949,941,0.652385921233231,0.781033812472662
408,407,401,848,946,496,950,944,949,941,0.61411777432111,0.738166280957558
408,407,401,497,946,496,950,944,949,941,0.622411293441051,0.777203902458987
408,407,401,497,766,496,170,944,949,941,0.622539592804341,0.777203902458987
408,407,401,497,946,496,950,944,949,941,0.622411293441051,0.777203902458987
408,407,401,497,946,496,950,944,949,941,0.622411293441051,0.777203902458987
408,407,401,497,946,496,950,944,949,785,0.622463937535508,0.744007574450514
330,407,401,497,946,496,950,944,949,941,0.612914527994866,0.777203902458987
408,407,401,497,946,496,950,944,949,941,0.622411293441051,0.777203902458987
408,407,401,497,946,496,950,944,949,943,0.618093436354893,0.777203902458987
408,407,401,497,946,496,950,944,949,941,0.622411293441051,0.777203902458987
408,407,401,497,946,496,950,944,949,941,0.622411293441051,0.777203902458987
408,407,401,497,59,496,950,944,949,941,0.621931494438593,0.777203902458987
408,407,401,497,946,496,950,944,949,941,0.622411293441051,0.777203902458987
408,407,401,497,946,496,785,944,949,941,0.623482819018223,0.744007574450514
408,407,401,497,946,496,950,944,949,941,0.622411293441051,0.777203902458987
408,407,401,497,946,496,950,944,949,632,0.619185745458218,0.773373992445311
408,407,401,497,946,496,950,944,949,941,0.622411293441051,0.777203902458987
408,407,12,497,946,496,950,944,949,941,0.619305783266729,0.728724160917635
408,407,401,497,946,496,950,944,949,358,0.612995007501203,0.773373992445311
408,407,401,497,946,496,950,944,949,426,0.623241933301014,0.724150511883579
408,580,401,497,946,496,950,944,314,941,0.651310775037031,0.748459940043351
408,407,401,497,946,496,950,944,949,941,0.622411293441051,0.777203902458987
408,407,401,497,946,496,950,704,949,941,0.631202176917108,0.773373992445311
408,407,401,497,946,496,950,944,861,941,0.64720389043317,0.777203902458987
408,59,401,497,946,496,950,944,949,941,0.624090573447065,0.781033812472662
408,407,401,497,946,496,950,944,949,941,0.622411293441051,0.777203902458987
408,407,401,497,946,496,950,944,949,941,0.622411293441051,0.777203902458987
408,407,401,497,946,496,950,944,949,941,0.622411293441051,0.777203902458987
408,407,401,497,946,496,550,944,949,941,0.620490306076796,0.773373992445311
408,407,401,497,882,496,950,944,949,941,0.620079642586741,0.773373992445311
408,407,401,497,946,496,950,944,949,941,0.622411293441051,0.777203902458987
408,407,401,497,946,496,950,944,839,941,0.60438985612112,0.749043582138818
408,407,401,497,946,496,950,944,949,128,0.626312910892179,0.777203902458987
408,407,401,497,946,496,950,944,949,941,0.622411293441051,0.777203902458987
408,407,401,497,946,496,642,944,313,941,0.648748509345105,0.777203902458987
408,407,401,497,946,496,950,564,949,941,0.628798607842331,0.773373992445311
408,407,401,497,946,496,950,471,949,941,0.625777143471687,0.777203902458987
408,407,401,613,946,496,950,944,949,941,0.618849344189994,0.777203902458987
408,407,401,497,946,496,950,944,949,941,0.622411293441051,0.777203902458987
408,407,401,497,58,496,950,944,949,941,0.619088161557365,0.777203902458987
408,407,401,497,946,496,950,944,949,941,0.622411293441051,0.777203902458987
408,407,401,497,946,496,88,780,949,941,0.652939778293059,0.777203902458987
561,407,305,473,946,496,950,944,949,941,0.599006615727866,0.725134471960369
408,407,401,497,946,496,950,944,949,941,0.622411293441051,0.777203902458987
408,407,401,497,946,496,950,222,949,941,0.630016748953924,0.773373992445311
408,931,401,497,946,496,950,944,949,941,0.624966971332402,0.736914288405211
408,407,401,497,946,496,950,944,949,941,0.622411293441051,0.777203902458987
408,407,401,497,946,496,950,944,181,941,0.618744348761665,0.744007574450514
209,407,401,497,946,496,950,944,949,941,0.621932541426206,0.739718138336915
408,407,401,497,946,496,950,944,949,941,0.622411293441051,0.777203902458987
408,407,401,497,946,496,950,944,949,941,0.622411293441051,0.777203902458987
408,407,401,497,946,496,292,944,949,951,0.62246877426569,0.733642510111964
408,407,401,497,946,496,950,944,949,941,0.622411293441051,0.777203902458987
408,407,401,497,946,496,950,944,949,941,0.622411293441051,0.777203902458987
408,407,401,497,946,496,950,944,949,955,0.623217996888687,0.777203902458987
408,407,401,497,946,496,950,944,949,941,0.622411293441051,0.777203902458987
408,407,401,497,946,496,950,944,949,941,0.622411293441051,0.777203902458987
408,407,401,497,946,496,950,944,949,941,0.622411293441051,0.777203902458987
408,407,401,497,946,496,950,944,459,941,0.623122091969339,0.773373992445311
408,407,401,497,946,496,950,944,949,640,0.622335583017516,0.777203902458987
408,407,401,497,946,496,950,944,949,941,0.622411293441051,0.777203902458987
408,407,401,497,946,496,950,119,949,941,0.619661262838429,0.777203902458987
408,407,401,497,946,496,950,486,949,941,0.6195217995388,0.777203902458987
926,407,554,497,896,496,950,944,949,941,0.603844639632168,0.765714172417959
408,407,401,497,946,544,950,944,949,941,0.593928270343561,0.777203902458987
408,407,401,497,946,496,950,944,70,941,0.612629651941089,0.733642510111964
408,407,401,497,946,496,950,944,949,941,0.622411293441051,0.777203902458987
408,407,401,497,946,496,442,944,949,941,0.629633114007611,0.777203902458987
408,407,401,497,946,496,950,944,949,941,0.622411293441051,0.777203902458987
313,407,401,497,409,496,950,944,949,941,0.646701576214245,0.773373992445311
408,407,401,497,409,496,950,944,201,941,0.62004725099918,0.773373992445311
408,407,401,497,409,496,950,944,949,437,0.628137800514957,0.773373992445311
408,407,401,83,409,496,950,944,949,941,0.611713545223553,0.773373992445311
408,407,315,497,409,496,950,944,949,941,0.626806258517031,0.773373992445311
408,407,401,497,588,496,950,944,949,941,0.62551213432344,0.739718138336915
408,407,401,497,409,496,950,944,949,941,0.62533679924171,0.773373992445311
408,407,233,497,409,496,950,944,896,941,0.615210867635996,0.765714172417959
325,407,401,497,409,496,950,944,949,941,0.620556055197423,0.720320601869903
408,847,401,497,946,496,950,944,949,795,0.622523833690873,0.752873492152494
408,407,401,497,660,313,950,944,406,941,0.644159636494468,0.777203902458987
408,407,401,497,307,496,950,944,406,941,0.618045895499073,0.777203902458987
408,407,401,497,946,496,950,944,406,941,0.627744760514786,0.777203902458987
408,407,401,497,946,496,950,944,2,105,0.636322863513051,0.773373992445311
408,407,401,497,946,496,908,944,406,941,0.630885777988456,0.777203902458987
408,407,401,497,946,496,950,944,406,941,0.627744760514786,0.777203902458987
408,407,401,497,946,496,950,944,406,941,0.627744760514786,0.777203902458987
408,407,401,497,946,496,950,952,406,941,0.632519888738099,0.773373992445311
408,407,401,785,946,496,950,944,406,941,0.625206775082257,0.744007574450514
408,407,373,497,946,496,950,944,406,941,0.63304982194913,0.731542698521037
408,407,401,497,946,840,950,944,406,941,0.595705093638876,0.743020547752362
408,407,401,497,946,496,950,944,406,941,0.627744760514786,0.777203902458987
408,407,401,718,946,496,950,944,406,941,0.636055245773888,0.749043582138818
408,578,401,497,946,496,950,944,406,550,0.611271750922861,0.777203902458987
408,407,401,351,946,496,950,944,523,941,0.61093573548736,0.773373992445311
408,407,401,497,946,496,194,944,406,941,0.634997718064462,0.777203902458987
408,407,401,497,946,496,950,944,406,941,0.627744760514786,0.777203902458987
408,407,401,497,946,496,950,944,406,941,0.627744760514786,0.777203902458987
408,407,401,497,946,496,851,239,406,941,0.652106662820031,0.777203902458987
408,796,401,489,946,496,950,944,406,941,0.604156238936241,0.781033812472662
408,407,401,497,946,496,950,535,406,941,0.635218993408673,0.777203902458987
408,407,401,497,691,496,950,944,298,941,0.613658929454633,0.777203902458987
408,407,986,497,946,496,950,944,406,941,0.634728886984526,0.777203902458987
408,407,401,497,946,496,950,944,406,480,0.631711928264414,0.738239635524829
408,407,401,967,946,496,718,944,406,941,0.641076803633433,0.749043582138818
408,407,401,497,946,597,950,944,406,941,0.584756441458715,0.752873492152494
408,407,401,497,946,496,950,944,406,941,0.627744760514786,0.777203902458987
408,407,401,497,946,496,950,944,406,941,0.627744760514786,0.777203902458987
408,407,401,497,946,496,950,944,699,941,0.616171278425655,0.739190637738686
408,407,401,497,414,496,950,944,406,941,0.63279083985514,0.777203902458987
408,407,401,497,946,302,950,944,406,941,0.603035655304609,0.735294059422563
408,407,401,497,946,496,950,944,406,941,0.627744760514786,0.777203902458987
408,407,182,497,946,496,950,944,406,941,0.62337992267672,0.777203902458987
408,407,401,497,946,496,950,944,406,941,0.627744760514786,0.777203902458987
408,407,401,497,595,496,950,944,929,941,0.596585771471341,0.740800120015999
408,407,401,497,946,496,664,944,406,941,0.640947625622428,0.749043582138818
408,661,401,497,946,496,950,944,406,289,0.620502430044139,0.781033812472662
408,407,401,497,946,496,950,944,406,941,0.627744760514786,0.777203902458987
342,407,401,497,946,496,950,944,406,941,0.625713112593108,0.777203902458987
408,407,401,497,946,496,950,944,406,941,0.627744760514786,0.777203902458987
408,407,401,497,946,496,890,944,406,941,0.648530366687268,0.777203902458987
408,407,952,497,946,496,950,944,406,941,0.629076989335577,0.773373992445311
408,407,401,497,946,496,950,944,406,941,0.627744760514786,0.777203902458987
408,407,401,497,946,496,950,932,406,941,0.639938102665,0.744630030029675
408,407,401,414,946,496,950,944,406,941,0.629430280374368,0.777203902458987
408,407,401,497,946,496,950,944,406,941,0.627744760514786,0.777203902458987
408,407,401,497,170,496,950,944,406,941,0.620984471408397,0.777203902458987
408,857,401,497,946,496,950,944,406,941,0.620379161914355,0.781033812472662
408,407,401,497,946,496,950,944,406,941,0.627744760514786,0.777203902458987
408,972,401,497,946,793,950,944,406,941,0.614361496736201,0.784863722486338
408,407,401,497,946,496,950,99,406,941,0.618135013786353,0.773373992445311
408,407,401,497,946,496,950,944,406,941,0.627744760514786,0.777203902458987
408,407,401,497,374,859,950,944,620,46,0.586993201658782,0.728724160917635
408,407,401,497,687,496,950,944,406,941,0.629180837265466,0.777203902458987
408,407,401,497,946,496,950,944,406,941,0.627744760514786,0.777203902458987
408,407,401,497,109,919,950,944,406,941,0.626915135348823,0.777203902458987
408,407,401,497,946,496,950,944,406,941,0.627744760514786,0.777203902458987
805,407,401,497,946,496,409,944,406,6,0.625981477874557,0.769544082431635
408,407,401,497,946,496,950,944,406,941,0.627744760514786,0.777203902458987
408,407,401,497,357,496,950,944,406,941,0.622145527619811,0.777203902458987
408,407,401,497,946,496,950,944,406,941,0.627744760514786,0.777203902458987
408,407,401,497,946,496,950,944,406,941,0.627744760514786,0.777203902458987
187,407,401,497,946,496,950,634,406,941,0.65377088735359,0.724150511883579
408,407,401,497,946,496,199,944,406,941,0.640857157448627,0.736558242115919
408,407,401,497,946,496,950,944,406,941,0.627744760514786,0.777203902458987
408,407,401,497,946,496,950,944,406,941,0.627744760514786,0.777203902458987
408,407,401,497,946,496,950,944,406,941,0.627744760514786,0.777203902458987
408,407,401,497,946,496,950,944,406,941,0.627744760514786,0.777203902458987
408,407,401,497,946,496,420,944,406,941,0.62782140559583,0.773373992445311
408,16,39,497,946,496,950,944,406,941,0.642588926085219,0.781033812472662
408,407,401,497,946,496,950,944,406,941,0.627744760514786,0.777203902458987
408,407,401,497,946,496,950,944,406,941,0.627744760514786,0.777203902458987
780,407,401,497,946,496,763,944,406,941,0.6542891554975,0.777203902458987
408,407,401,497,946,776,950,482,406,941,0.609255660084666,0.732554070931311
408,407,401,497,946,496,950,944,406,941,0.627744760514786,0.777203902458987
575,407,401,497,946,496,950,944,406,941,0.628797062772244,0.777203902458987
408,407,401,497,946,992,950,944,406,941,0.589838209308006,0.781033812472662
408,407,401,411,946,496,687,300,406,941,0.620056251889918,0.749043582138818
408,407,401,497,946,496,950,944,406,183,0.642045007383086,0.777203902458987
408,407,401,497,946,496,950,944,406,941,0.627744760514786,0.777203902458987
408,407,401,497,946,496,950,944,406,941,0.627744760514786,0.777203902458987
408,407,401,497,946,496,950,944,406,941,0.627744760514786,0.777203902458987
408,407,401,497,946,496,950,944,406,941,0.627744760514786,0.777203902458987
408,407,401,497,946,496,950,944,406,941,0.627744760514786,0.777203902458987
408,407,401,394,946,496,950,456,406,941,0.607501130604827,0.777203902458987
938,407,401,497,946,496,950,944,406,941,0.621038345649604,0.773373992445311
408,407,401,497,946,496,950,944,406,941,0.627744760514786,0.777203902458987
408,407,401,497,946,496,950,944,406,941,0.627744760514786,0.777203902458987
408,407,401,497,899,496,950,944,406,941,0.638111957100149,0.777203902458987
408,407,401,497,899,496,950,944,406,941,0.638111957100149,0.777203902458987
408,407,401,497,899,496,950,944,406,941,0.638111957100149,0.777203902458987
408,407,401,497,899,496,950,944,406,941,0.638111957100149,0.777203902458987
408,407,401,497,899,496,950,944,406,328,0.646903931966557,0.777203902458987
408,407,401,497,652,496,950,944,406,941,0.626082855175422,0.777203902458987
408,407,401,497,899,496,950,944,406,941,0.638111957100149,0.777203902458987
408,407,909,497,899,496,950,944,302,703,0.631679689446727,0.69249988247473
408,407,401,497,899,496,950,944,406,941,0.638111957100149,0.777203902458987
408,407,401,497,899,496,210,944,406,649,0.654411787265292,0.740352906641313
408,407,401,497,899,496,950,944,406,941,0.638111957100149,0.777203902458987
408,407,401,497,899,496,950,944,406,941,0.638111957100149,0.777203902458987
15,407,590,497,899,496,400,944,406,941,0.643368122700427,0.728724160917635
408,979,58,497,899,496,143,944,406,941,0.652963990830048,0.752873492152494
408,407,869,497,899,496,950,944,406,941,0.653503574452912,0.744630030029675
408,407,401,497,899,496,950,944,406,400,0.642525352523592,0.728724160917635
408,407,401,497,899,167,950,944,406,941,0.624238857821559,0.781033812472662
408,407,401,497,899,496,950,944,406,941,0.638111957100149,0.777203902458987
815,407,401,497,899,496,236,944,406,941,0.621865534975705,0.777203902458987
408,407,929,497,899,496,950,944,406,941,0.644931505806792,0.744630030029675
408,407,401,497,252,496,950,944,406,853,0.642189449905419,0.769544082431635
408,407,401,497,899,496,950,208,406,941,0.653440144448662,0.744630030029675
408,407,401,497,849,496,950,944,406,479,0.63887187059696,0.773373992445311
408,407,401,497,9,496,950,944,406,941,0.608088722474915,0.777203902458987
408,407,401,497,899,496,950,944,690,941,0.623011925868365,0.777203902458987
408,481,401,928,899,36,950,944,483,941,0.564323378533901,0.752289850057027
408,407,401,497,899,496,950,944,406,941,0.638111957100149,0.777203902458987
408,407,401,415,899,496,950,944,406,941,0.633610557237133,0.735005480917346
408,407,401,468,484,496,950,944,406,829,0.617734053327696,0.777203902458987
408,407,401,497,899,496,950,544,406,941,0.648481801263227,0.773373992445311
408,407,401,497,899,496,950,886,406,941,0.653272308891021,0.773373992445311
408,407,401,981,515,496,950,944,406,941,0.62851726744938,0.74260478821085
408,407,401,497,899,496,950,944,617,941,0.621767450888659,0.744237724464788
408,407,401,497,899,496,950,944,406,941,0.638111957100149,0.777203902458987
408,407,910,970,899,496,950,944,406,941,0.6575417524341,0.738166280957558
408,407,401,497,328,496,950,685,406,941,0.632234874791021,0.777203902458987
408,407,401,523,899,886,950,944,406,941,0.62754934986268,0.777203902458987
408,407,401,497,899,496,950,944,406,941,0.638111957100149,0.777203902458987
408,407,401,497,899,496,950,944,406,941,0.638111957100149,0.777203902458987
135,407,401,497,899,496,950,944,406,981,0.636521790832902,0.773373992445311
408,407,401,497,899,496,950,944,406,941,0.638111957100149,0.777203902458987
457,407,401,497,899,496,633,944,406,941,0.636920978422224,0.713238370216053
408,938,401,497,899,496,950,944,406,747,0.645233958782453,0.777203902458987
408,407,401,497,899,496,950,944,406,941,0.638111957100149,0.777203902458987
408,407,401,497,899,496,950,944,406,994,0.642525352523592,0.773373992445311
408,841,401,497,899,680,298,944,726,941,0.586682357247967,0.700407914832349
408,407,401,497,899,496,950,944,406,941,0.638111957100149,0.777203902458987
408,407,401,497,899,496,579,944,406,941,0.643657432492106,0.744237724464788
408,407,401,497,899,496,950,944,406,941,0.638111957100149,0.777203902458987
408,407,401,570,899,496,950,944,406,941,0.620828235438015,0.744007574450514
408,407,92,497,899,467,950,944,406,941,0.634230620777159,0.739718138336915
408,407,401,497,899,496,950,944,406,941,0.638111957100149,0.777203902458987
408,407,401,497,899,496,950,944,406,941,0.638111957100149,0.777203902458987
408,407,18,497,899,743,950,944,406,941,0.626233763671979,0.752873492152494
408,407,401,497,899,496,950,603,406,941,0.669506449168807,0.733642510111964
648,407,401,497,899,496,950,944,406,941,0.658072850737105,0.744007574450514
408,407,401,497,899,496,950,944,406,941,0.638111957100149,0.777203902458987
408,407,401,497,899,496,950,864,67,941,0.639390675092665,0.739718138336915
408,407,401,497,899,496,94,22,406,941,0.685062978867455,0.739718138336915
408,407,401,497,899,496,950,277,406,941,0.641535427577097,0.777203902458987
408,407,401,497,899,496,950,824,406,941,0.648614176188393,0.773373992445311
109,407,464,882,899,496,950,944,406,748,0.657759381401888,0.736577904437436
408,407,401,497,899,496,950,944,406,941,0.638111957100149,0.777203902458987
408,407,401,497,899,496,950,944,406,941,0.638111957100149,0.777203902458987
408,329,401,794,899,496,950,944,410,941,0.616780534356378,0.746434698224526
408,407,401,497,899,496,950,944,406,941,0.638111957100149,0.777203902458987
408,943,401,80,899,496,950,944,406,941,0.617526333724444,0.781033812472662
408,407,401,497,899,496,950,944,406,621,0.645776866071921,0.744237724464788
408,407,401,497,899,496,950,191,406,941,0.656878809831915,0.746434698224526
408,407,401,497,899,496,950,944,406,941,0.638111957100149,0.777203902458987
408,407,755,497,455,496,950,944,406,941,0.658650153512189,0.773373992445311
408,407,401,497,899,496,950,944,406,941,0.638111957100149,0.777203902458987
408,407,401,497,899,496,950,944,406,941,0.638111957100149,0.777203902458987
408,407,401,497,899,496,950,944,358,941,0.62003494026415,0.773373992445311
408,407,854,497,899,496,950,944,406,941,0.645060385290012,0.773373992445311
408,407,401,497,899,496,950,944,406,941,0.638111957100149,0.777203902458987
408,407,401,497,899,496,950,944,406,941,0.638111957100149,0.777203902458987
408,407,401,497,899,829,950,944,406,941,0.600113285116898,0.781033812472662
408,407,401,497,899,496,950,944,406,626,0.63687116933516,0.777203902458987
408,19,401,826,613,496,950,944,406,941,0.617293478378408,0.781033812472662
408,407,401,497,899,496,950,944,654,941,0.629275974592515,0.724938034187072
740,258,401,497,899,496,31,944,459,941,0.612457337499221,0.777203902458987
408,407,401,497,899,496,950,944,406,941,0.638111957100149,0.777203902458987
280,407,401,497,899,496,950,944,406,941,0.636843028373908,0.736072969034097
408,407,83,497,899,496,950,944,406,941,0.633638231419463,0.777203902458987
408,407,401,497,404,496,950,944,406,2,0.656125217533339,0.773373992445311
408,407,138,497,404,496,950,944,406,941,0.645346294676153,0.777203902458987
408,46,401,670,404,496,950,944,406,941,0.621770168978494,0.777203902458987
620,665,401,497,404,496,950,944,406,941,0.646158501980956,0.749043582138818
408,407,401,497,404,496,950,944,406,452,0.636275015851082,0.730475788186848
408,407,401,646,899,496,950,944,406,941,0.642633843363652,0.744630030029675
408,273,401,497,899,496,950,944,406,941,0.645731693193341,0.74783748446419
174,407,401,497,899,496,56,944,406,941,0.623021346747731,0.749043582138818
408,407,401,497,899,496,950,944,406,941,0.638111957100149,0.777203902458987
90,407,401,497,899,496,950,944,406,941,0.641592926135447,0.773373992445311
408,407,401,497,62,496,950,944,406,941,0.635074363250975,0.777203902458987
408,407,401,409,899,476,950,944,406,941,0.620942933031081,0.777203902458987
408,802,401,497,516,496,950,944,406,926,0.625583404349537,0.773373992445311
408,407,401,497,899,496,950,944,406,941,0.638111957100149,0.777203902458987
408,407,401,497,899,496,950,944,406,941,0.638111957100149,0.777203902458987
69,407,401,497,899,496,950,944,406,941,0.638700395367151,0.777203902458987
408,980,401,497,899,496,950,944,406,941,0.635617720172749,0.781033812472662
408,407,401,497,899,496,950,944,406,941,0.638111957100149,0.777203902458987
408,407,401,497,899,496,950,944,406,941,0.638111957100149,0.777203902458987
408,407,401,497,499,496,919,315,406,941,0.676419274679166,0.746434698224526
408,407,401,497,899,496,950,944,406,941,0.638111957100149,0.777203902458987
408,407,401,497,899,496,950,944,406,941,0.638111957100149,0.777203902458987
408,407,401,497,899,496,950,944,406,941,0.638111957100149,0.777203902458987
408,407,401,497,899,496,950,944,406,941,0.638111957100149,0.777203902458987
408,407,401,497,899,496,950,944,406,941,0.638111957100149,0.777203902458987
408,407,401,497,899,496,950,944,406,941,0.638111957100149,0.777203902458987
408,407,344,497,239,666,723,944,277,941,0.59596708743107,0.749043582138818
408,375,401,497,899,496,950,944,406,941,0.637067975087522,0.732554070931311
408,407,401,497,899,933,950,961,406,941,0.6262921640782,0.781033812472662
408,407,401,497,899,496,950,831,406,941,0.644059909335159,0.773373992445311
408,407,401,497,899,496,950,944,406,941,0.638111957100149,0.777203902458987
408,407,401,497,899,496,950,182,406,941,0.645294365119787,0.777203902458987
408,407,401,497,899,496,950,944,406,941,0.638111957100149,0.777203902458987
408,407,401,497,590,496,950,944,406,941,0.635468095575354,0.777203902458987
408,640,401,497,899,496,950,944,406,941,0.638111957100149,0.781033812472662
408,407,401,497,899,496,144,944,113,941,0.599933733188166,0.73313805641651
408,407,401,497,899,496,950,944,406,941,0.638111957100149,0.777203902458987
145,407,401,497,899,496,950,944,406,941,0.634842482097783,0.773373992445311
522,407,401,497,899,590,950,944,406,941,0.608893577673925,0.781033812472662
408,407,401,497,899,496,922,944,406,941,0.643952620480658,0.746434698224526
408,407,401,497,899,496,950,134,543,265,0.633237254341392,0.777203902458987
408,407,401,497,899,496,950,944,406,941,0.638111957100149,0.777203902458987
464,109,401,497,899,496,950,944,406,941,0.65564291899878,0.777203902458987
408,407,401,497,899,496,404,944,406,335,0.648388219875225,0.777203902458987
408,407,401,497,194,496,404,944,406,941,0.641379258214291,0.777203902458987
408,407,401,233,549,496,404,944,406,941,0.621353916804147,0.769544082431635
408,407,401,497,899,496,404,944,406,941,0.641560937129233,0.777203902458987
408,407,401,497,899,496,404,944,406,941,0.641560937129233,0.777203902458987
408,407,401,497,899,496,404,944,406,941,0.641560937129233,0.777203902458987
408,407,401,497,899,496,404,944,406,941,0.641560937129233,0.777203902458987
408,407,401,497,899,496,404,944,406,941,0.641560937129233,0.777203902458987
408,407,401,497,899,496,404,944,406,941,0.641560937129233,0.777203902458987
408,407,401,399,899,300,404,944,406,941,0.612423309288905,0.749043582138818
408,407,401,497,899,496,404,944,406,941,0.641560937129233,0.777203902458987
408,407,401,497,899,496,404,944,49,941,0.597840322357988,0.777203902458987
408,407,401,497,899,496,404,944,406,941,0.641560937129233,0.777203902458987
408,407,401,497,899,496,54,944,406,273,0.649936881110464,0.744007574450514
408,407,367,497,899,496,404,944,406,941,0.648270913900598,0.777203902458987
408,407,401,497,899,496,404,944,406,941,0.641560937129233,0.777203902458987
408,407,401,497,899,496,876,944,95,941,0.626315314850737,0.777203902458987
408,407,401,497,899,496,404,944,406,941,0.641560937129233,0.777203902458987
408,407,401,497,899,496,404,944,406,941,0.641560937129233,0.777203902458987
408,407,401,497,899,496,74,944,321,941,0.611677730754324,0.738166280957558
614,407,401,497,899,496,404,944,406,941,0.643532319388947,0.746434698224526
241,376,401,497,899,496,404,944,406,919,0.668724806867369,0.713835870651066
104,407,401,497,899,496,404,944,406,941,0.633721626031098,0.777203902458987
408,407,401,497,899,496,404,944,406,941,0.641560937129233,0.777203902458987
408,407,401,497,899,496,404,944,406,941,0.641560937129233,0.777203902458987
408,407,401,497,899,496,404,944,406,266,0.63823564830137,0.777203902458987
408,407,401,497,899,496,404,944,406,941,0.641560937129233,0.777203902458987
455,407,401,497,899,496,843,944,406,941,0.643210143501276,0.777203902458987
472,407,401,256,899,496,404,148,406,746,0.652687871921422,0.769544082431635
408,407,907,497,899,496,128,944,406,941,0.656826262378926,0.777203902458987
408,407,401,497,899,496,404,54,406,941,0.656754388329584,0.777203902458987
408,407,504,497,543,807,404,944,406,941,0.617505330811886,0.777203902458987
408,407,401,987,899,787,404,944,406,941,0.611025211277607,0.74783748446419
765,407,401,497,899,496,918,944,406,941,0.62904104583741,0.773373992445311
408,407,401,497,899,496,404,944,558,941,0.611867016561796,0.777203902458987
408,407,401,497,899,496,404,944,406,941,0.641560937129233,0.777203902458987
408,407,401,497,899,496,404,944,406,941,0.641560937129233,0.777203902458987
408,517,401,497,899,496,404,944,406,941,0.640163268644801,0.781033812472662
49,257,401,497,899,496,404,944,406,941,0.620832933183067,0.781033812472662
462,407,401,497,899,496,404,944,176,941,0.615815137259656,0.773373992445311
408,407,401,497,534,496,771,944,406,941,0.628831048266975,0.773373992445311
408,407,401,497,899,496,404,944,406,941,0.641560937129233,0.777203902458987
408,407,401,497,899,496,404,944,406,941,0.641560937129233,0.777203902458987
408,407,401,497,899,496,404,944,406,94,0.674557621778808,0.739718138336915
408,407,401,497,899,496,404,944,406,941,0.641560937129233,0.777203902458987
408,407,401,497,899,496,404,944,406,941,0.641560937129233,0.777203902458987
408,407,401,497,899,496,404,944,406,941,0.641560937129233,0.777203902458987
408,407,401,497,899,496,404,944,406,961,0.637597419510983,0.777203902458987
408,407,401,504,899,871,404,944,406,941,0.622433453795118,0.781033812472662
408,407,401,497,899,496,404,944,406,941,0.641560937129233,0.777203902458987
408,407,401,497,899,496,404,775,406,941,0.653652060893811,0.773373992445311
408,407,401,497,899,939,404,944,406,941,0.616843265371776,0.741099334147954
408,407,401,497,899,496,906,944,406,941,0.640024249474066,0.749043582138818
408,407,401,497,899,496,404,944,406,941,0.641560937129233,0.777203902458987
408,407,401,497,899,496,469,944,406,941,0.634758236216417,0.777203902458987
408,407,401,497,899,496,404,944,406,941,0.641560937129233,0.777203902458987
408,746,401,497,899,496,404,944,406,941,0.632454698620846,0.777203902458987
408,407,401,497,899,496,404,944,406,941,0.641560937129233,0.777203902458987
496,407,401,497,614,252,404,944,406,941,0.643513519261883,0.74260478821085
408,313,401,497,899,496,404,944,406,941,0.667628873846972,0.781033812472662
408,407,401,174,539,496,404,944,406,941,0.634474529468671,0.773373992445311
408,407,45,497,500,496,404,944,406,709,0.64021810024699,0.745213672125142
408,407,401,497,899,496,404,944,406,941,0.641560937129233,0.777203902458987
408,407,106,497,899,496,404,944,406,941,0.649528692098767,0.749043582138818
408,407,401,497,899,496,527,944,226,941,0.604814143499596,0.728724160917635
408,407,401,193,998,496,404,944,406,941,0.637869636030121,0.777203902458987
408,407,401,497,899,496,404,944,406,876,0.641066656211414,0.777203902458987
408,407,401,497,899,752,404,944,406,941,0.617105450091854,0.781033812472662
188,407,401,497,899,496,404,944,406,692,0.629916048246037,0.777203902458987
353,407,955,497,899,496,404,944,406,941,0.64421157602227,0.773373992445311
408,407,401,54,899,496,404,944,406,941,0.632567419743829,0.777203902458987
408,407,401,58,899,496,404,944,457,976,0.596146458245173,0.74260478821085
408,407,401,497,899,496,404,944,406,941,0.641560937129233,0.777203902458987
408,407,401,497,899,496,404,944,406,941,0.641560937129233,0.777203902458987
800,407,401,497,899,496,404,944,406,941,0.634304315923693,0.777203902458987
891,407,401,497,899,496,404,253,406,941,0.643057551378367,0.727347869288566
408,407,401,497,899,496,101,944,406,941,0.644484933623682,0.777203902458987
408,407,401,497,92,496,404,944,406,941,0.65100056106767,0.739718138336915
408,407,389,497,899,496,404,944,406,941,0.648810319322913,0.735005480917346
446,407,401,497,899,496,404,944,52,941,0.635510437528953,0.777203902458987
408,407,656,497,463,496,404,944,406,941,0.650539554656856,0.724894250903959
408,407,401,497,899,720,830,944,406,941,0.619871496945297,0.781033812472662
408,407,401,497,899,496,404,944,406,941,0.641560937129233,0.777203902458987
408,407,401,497,559,155,404,944,406,941,0.614447306128476,0.777203902458987
408,407,401,497,899,496,404,944,406,941,0.641560937129233,0.777203902458987
408,407,401,497,899,496,404,944,406,941,0.641560937129233,0.777203902458987
408,407,401,497,899,496,163,944,406,941,0.65128115658658,0.777203902458987
408,407,401,64,899,496,404,944,406,941,0.634027379111737,0.777203902458987
408,407,401,497,899,496,454,944,406,941,0.638421996871437,0.728724160917635
408,407,401,497,899,496,404,944,406,941,0.641560937129233,0.777203902458987
693,407,401,497,899,496,404,944,406,941,0.631688707356673,0.773373992445311
408,407,401,497,899,496,404,944,406,941,0.641560937129233,0.777203902458987
408,597,401,497,899,496,404,944,406,941,0.62892513565153,0.752873492152494
408,407,401,497,899,496,404,944,406,941,0.641560937129233,0.777203902458987
408,407,401,497,155,496,404,944,406,941,0.635101279236829,0.773373992445311
222,407,401,497,899,496,404,944,406,941,0.637922565773502,0.773373992445311
408,407,401,497,899,496,404,944,406,941,0.641560937129233,0.777203902458987
408,407,401,497,899,370,914,944,406,941,0.61599689401605,0.714860227432193
408,496,401,497,899,457,404,944,406,941,0.638081564770524,0.750264608238201
335,407,401,497,899,496,404,944,406,941,0.64016749726506,0.777203902458987
408,407,401,474,899,496,404,944,406,941,0.64062002781575,0.72790197043355
408,407,401,497,899,496,404,944,406,941,0.641560937129233,0.777203902458987
408,407,401,497,899,496,404,944,406,941,0.641560937129233,0.777203902458987
275,407,401,497,899,496,404,944,406,941,0.636127361473069,0.777203902458987
408,407,401,497,899,496,404,944,406,941,0.641560937129233,0.777203902458987
408,407,401,497,899,496,404,944,406,444,0.646237219744605,0.777203902458987
408,407,401,497,899,496,404,944,274,941,0.609976538840562,0.749043582138818
408,407,401,84,899,496,404,944,406,941,0.630770432566134,0.773373992445311
466,407,876,497,899,496,404,944,406,941,0.655977733381613,0.777203902458987
408,407,401,497,762,496,404,944,406,941,0.627154733187923,0.728724160917635
408,407,401,497,899,496,404,944,406,941,0.641560937129233,0.777203902458987
408,407,561,497,899,496,404,944,406,941,0.652888132876662,0.773373992445311
408,407,401,497,899,496,404,944,406,941,0.641560937129233,0.777203902458987
408,407,401,883,899,496,404,944,406,941,0.654109678834343,0.777203902458987
408,407,401,497,899,496,404,944,406,941,0.641560937129233,0.777203902458987
408,263,401,497,899,496,404,647,406,941,0.647598463593327,0.73143313713273
408,407,401,497,899,496,404,944,406,941,0.641560937129233,0.777203902458987
408,407,401,275,899,496,404,944,406,941,0.635717711321346,0.777203902458987
408,407,401,497,899,296,404,944,406,941,0.623570793679687,0.781033812472662
408,407,401,497,899,496,404,944,406,941,0.641560937129233,0.777203902458987
408,407,401,497,899,77,404,944,406,941,0.617349809499988,0.781033812472662
408,87,401,497,899,496,404,944,406,941,0.643070180659452,0.781033812472662
408,407,401,497,899,496,404,944,406,941,0.641560937129233,0.777203902458987
408,407,401,497,899,496,404,944,406,941,0.641560937129233,0.777203902458987
408,407,401,497,899,496,404,944,406,941,0.641560937129233,0.777203902458987
408,407,401,497,899,496,404,944,406,941,0.641560937129233,0.777203902458987
408,407,401,919,899,496,404,944,406,478,0.671018286200195,0.739190637738686
408,407,401,497,899,496,404,944,406,941,0.641560937129233,0.777203902458987
408,407,401,497,899,694,404,944,406,765,0.628534410065251,0.781033812472662
408,407,401,497,899,496,404,944,406,941,0.641560937129233,0.777203902458987
408,407,401,497,899,496,404,944,406,941,0.641560937129233,0.777203902458987
408,991,401,497,899,894,404,944,406,941,0.622265424526067,0.784863722486338
408,407,401,497,831,496,404,944,406,941,0.632468900011748,0.773373992445311
408,407,401,497,899,496,404,944,406,941,0.641560937129233,0.777203902458987
408,407,401,497,899,667,404,944,406,941,0.63727179150395,0.752873492152494
408,407,401,862,899,608,404,944,406,308,0.61366021464487,0.752873492152494
408,237,401,497,899,496,404,944,406,941,0.642936858055133,0.777203902458987
408,407,401,861,899,496,404,944,406,941,0.663794858199704,0.777203902458987
408,407,401,497,899,496,404,944,858,941,0.625237296770137,0.777203902458987
408,407,401,497,899,254,636,944,406,941,0.609825392060369,0.777203902458987
408,407,401,497,899,496,404,944,406,941,0.641560937129233,0.777203902458987
408,407,401,497,899,496,404,944,406,941,0.641560937129233,0.777203902458987
408,407,401,497,899,496,404,944,406,941,0.641560937129233,0.777203902458987
408,407,401,497,899,496,404,944,406,941,0.641560937129233,0.777203902458987
408,407,401,497,899,496,404,944,406,997,0.637961347650533,0.773373992445311
408,407,401,937,899,496,404,944,406,963,0.637082127738349,0.773373992445311
408,475,401,497,899,496,52,944,406,941,0.637437647512647,0.777203902458987
408,407,401,497,899,577,404,944,406,881,0.621323450601399,0.781033812472662
123,407,401,497,899,496,404,300,406,941,0.636399567499728,0.749043582138818
408,407,401,497,899,496,404,944,406,941,0.641560937129233,0.777203902458987
408,407,401,497,899,496,404,944,406,941,0.641560937129233,0.777203902458987
408,196,401,497,899,496,404,944,406,264,0.644217813041965,0.752873492152494
408,407,401,497,899,496,404,944,406,941,0.641560937129233,0.777203902458987
408,407,648,458,899,496,404,944,406,941,0.670954580492343,0.744007574450514
182,407,401,497,899,496,404,944,406,941,0.637135461753108,0.777203902458987
408,407,401,497,899,496,854,944,406,941,0.637524132851589,0.773373992445311
408,407,401,497,899,496,404,944,688,941,0.615883225763026,0.777203902458987
408,407,401,497,899,496,404,944,272,801,0.595904984312065,0.724150511883579
408,407,401,497,899,496,404,944,406,941,0.641560937129233,0.777203902458987
408,407,401,497,899,496,404,944,406,941,0.641560937129233,0.777203902458987
408,407,401,497,899,411,404,944,406,941,0.624544924913702,0.781033812472662
408,407,98,497,899,496,404,944,406,941,0.644490000904599,0.773373992445311
408,407,401,497,899,496,404,944,406,941,0.641560937129233,0.777203902458987
408,407,401,497,899,496,404,944,406,941,0.641560937129233,0.777203902458987
408,407,171,497,899,496,404,944,708,941,0.635191694482132,0.773373992445311
408,579,401,497,742,496,404,944,406,941,0.633363480081696,0.748067634478464
408,407,401,497,899,496,404,944,406,941,0.641560937129233,0.777203902458987
408,214,401,497,899,496,404,918,406,433,0.674241562535576,0.735868374447796
408,407,401,497,899,211,404,944,406,941,0.621298975223887,0.748459940043351
408,407,401,497,899,496,404,944,406,941,0.641560937129233,0.777203902458987
408,407,401,497,899,496,404,944,406,941,0.641560937129233,0.777203902458987
994,407,401,497,899,496,404,944,406,941,0.637659727726535,0.773373992445311
408,407,401,497,899,496,404,944,406,941,0.641560937129233,0.777203902458987
408,407,401,497,899,496,404,944,354,941,0.616455289956758,0.773373992445311
408,407,401,497,899,496,404,83,406,941,0.645615151595174,0.777203902458987
408,407,401,497,899,496,404,944,406,941,0.641560937129233,0.777203902458987
408,407,815,497,899,496,404,944,406,941,0.636057451833629,0.777203902458987
408,407,401,497,899,496,404,944,406,941,0.641560937129233,0.777203902458987
408,407,401,497,899,496,404,944,406,525,0.652767355750426,0.777203902458987
408,407,401,497,899,496,404,944,406,941,0.641560937129233,0.777203902458987
408,407,401,497,332,496,656,1000,406,941,0.658587615435944,0.729609604106926
408,407,401,497,416,900,755,944,406,941,0.613070045742491,0.731542698521037
408,407,401,497,899,496,404,944,406,941,0.641560937129233,0.777203902458987
408,407,401,497,899,496,404,944,406,941,0.641560937129233,0.777203902458987
408,407,401,497,498,496,404,944,406,941,0.629654943310154,0.777203902458987
408,407,401,497,899,496,404,944,406,941,0.641560937129233,0.777203902458987
408,407,401,497,899,496,404,944,406,941,0.641560937129233,0.777203902458987
408,407,401,497,899,724,404,669,406,941,0.637700339049886,0.746434698224526
408,407,401,497,899,876,404,944,406,941,0.611615432238602,0.781033812472662
408,407,401,497,899,771,404,944,406,941,0.617105450091854,0.777203902458987
408,407,401,497,899,496,663,944,406,941,0.637194293235255,0.777203902458987
408,407,401,497,899,496,404,944,406,526,0.642507365682232,0.773373992445311
408,407,401,497,899,496,404,944,406,714,0.648737368025584,0.773373992445311
408,407,401,497,899,496,404,944,915,941,0.621463504884149,0.777203902458987
408,503,401,497,899,496,51,944,406,941,0.630427100400563,0.744007574450514
408,407,401,497,899,496,404,944,406,941,0.641560937129233,0.777203902458987
408,407,401,497,899,496,126,944,406,941,0.639262612431024,0.777203902458987
408,407,401,497,899,496,404,944,406,941,0.641560937129233,0.777203902458987
408,407,401,497,899,496,404,944,406,941,0.641560937129233,0.777203902458987
408,819,139,497,899,496,404,944,161,941,0.620508677108606,0.781033812472662
408,407,401,23,899,496,404,944,406,941,0.641653278019547,0.777203902458987
408,407,401,497,899,496,404,944,406,941,0.641560937129233,0.777203902458987
546,412,54,497,899,496,404,944,406,941,0.638886178451134,0.777203902458987
408,407,401,497,413,496,404,944,406,941,0.635633195846686,0.777203902458987
408,407,401,497,899,496,404,944,406,941,0.641560937129233,0.777203902458987
408,407,401,497,899,496,404,944,406,941,0.641560937129233,0.777203902458987
408,407,401,497,884,496,404,944,406,675,0.64587182504816,0.773373992445311
408,407,401,497,899,496,404,944,406,941,0.641560937129233,0.777203902458987
938,407,47,497,899,496,404,944,406,941,0.653976442115608,0.773373992445311
408,407,401,497,412,496,404,944,406,941,0.644001059068016,0.777203902458987
947,407,401,186,899,496,404,944,406,941,0.632380182344114,0.777203902458987
536,407,401,497,899,496,404,944,406,941,0.632546555334167,0.777203902458987
507,407,401,497,899,496,55,944,406,941,0.625871675283054,0.70220584004129
408,407,401,497,899,496,404,875,406,941,0.657111749734929,0.777203902458987
408,407,401,497,322,496,404,944,406,941,0.642512650380339,0.777203902458987
408,407,401,497,111,496,404,944,406,941,0.628419563828354,0.777203902458987
408,407,401,497,899,496,404,944,406,941,0.641560937129233,0.777203902458987
408,407,401,497,899,496,404,944,406,941,0.641560937129233,0.777203902458987
408,407,401,497,899,496,404,944,406,484,0.64028760613753,0.777203902458987
408,407,401,497,899,496,404,944,533,941,0.606971927681083,0.777203902458987
408,407,401,497,355,496,404,944,406,941,0.636436184033845,0.777203902458987
408,407,401,497,899,496,404,944,903,941,0.609369088492814,0.773373992445311
408,407,401,497,899,496,404,944,406,941,0.641560937129233,0.777203902458987
408,407,401,497,899,496,404,944,406,941,0.641560937129233,0.777203902458987
408,407,401,497,899,496,404,944,406,941,0.641560937129233,0.777203902458987
408,407,401,497,899,496,404,944,406,941,0.641560937129233,0.777203902458987
408,850,401,497,899,496,404,944,406,941,0.627349372262602,0.777203902458987
408,407,401,497,899,496,607,944,406,941,0.665889942381657,0.777203902458987
408,407,401,754,899,496,404,944,406,941,0.64029365797728,0.744630030029675
408,407,401,497,745,496,404,944,972,941,0.636381008849754,0.777203902458987
144,407,401,497,899,496,404,944,406,941,0.629137695049315,0.777203902458987
408,407,401,497,899,496,404,944,406,941,0.641560937129233,0.777203902458987
408,770,401,333,899,496,404,944,406,941,0.649787184016185,0.781033812472662
408,407,401,497,899,496,781,944,406,941,0.635229200793877,0.777203902458987
408,407,401,497,46,496,404,944,406,941,0.631405258078992,0.777203902458987
408,407,401,497,899,496,66,944,406,941,0.633200921365032,0.746434698224526
272,407,401,149,21,496,404,458,406,941,0.645967524862381,0.73026452930098
408,407,401,497,899,496,404,944,406,941,0.641560937129233,0.777203902458987
408,407,3,183,899,496,404,944,406,941,0.654172501609546,0.740352906641313
408,407,227,497,899,496,404,564,406,941,0.670672187093224,0.733787868998119
408,407,401,497,899,496,404,944,406,941,0.641560937129233,0.777203902458987
408,407,401,497,877,496,404,944,406,941,0.656299807342192,0.773373992445311
408,407,401,497,899,496,404,944,406,941,0.641560937129233,0.777203902458987
408,407,401,515,899,237,404,944,406,941,0.610746248098266,0.746434698224526
408,407,168,497,899,496,404,944,406,941,0.657901250621364,0.777203902458987
408,407,792,497,899,511,404,881,406,941,0.62092981524291,0.777203902458987
408,407,622,497,899,496,404,944,406,941,0.651844439304499,0.737617779011795
408,407,401,497,899,496,404,944,435,941,0.616329429853992,0.777203902458987
65,347,401,497,849,496,404,750,406,941,0.655188448995662,0.777203902458987
408,407,401,497,899,7,404,944,406,941,0.61052945908204,0.777203902458987
408,136,401,497,899,496,404,944,406,941,0.645196814041337,0.752873492152494
408,407,994,497,899,496,404,944,406,941,0.651825363915335,0.773373992445311
408,268,511,497,899,496,404,944,406,110,0.64823025939937,0.777203902458987
761,591,401,497,899,496,204,944,406,941,0.655433077578805,0.736072969034097
408,407,87,497,899,496,404,944,406,941,0.65454892127558,0.777203902458987
408,407,401,497,899,496,396,944,406,941,0.647391240071293,0.777203902458987
710,407,401,497,899,37,404,944,406,941,0.613993633526969,0.741099334147954
408,797,401,497,899,496,404,944,406,941,0.63777896683795,0.777203902458987
408,407,401,497,899,496,404,944,406,941,0.641560937129233,0.777203902458987
408,407,401,497,899,496,404,944,406,941,0.641560937129233,0.777203902458987
408,407,401,497,899,496,404,944,109,941,0.616407348123776,0.773373992445311
408,407,401,497,899,496,404,944,827,941,0.615255721513853,0.777203902458987
408,522,401,497,899,496,404,944,406,941,0.636238030257551,0.781033812472662
408,407,401,497,899,496,404,944,406,883,0.663613026755287,0.777203902458987
408,309,401,497,899,496,783,944,299,941,0.604401293727683,0.74783748446419
408,407,401,583,899,496,404,944,406,941,0.64406058693152,0.744630030029675
408,407,401,497,796,403,404,944,406,941,0.594713717564591,0.781033812472662
408,407,401,497,899,496,404,944,406,941,0.641560937129233,0.777203902458987
408,407,401,497,899,496,404,944,406,941,0.641560937129233,0.777203902458987
408,407,742,497,899,496,404,944,406,941,0.646140758972474,0.777203902458987
607,407,401,497,899,496,404,944,406,941,0.664512006239741,0.777203902458987
408,407,401,497,899,496,404,944,406,941,0.641560937129233,0.777203902458987
408,407,351,497,899,496,404,944,406,941,0.650807091190642,0.773373992445311
408,407,401,497,899,496,404,944,406,941,0.641560937129233,0.777203902458987
56,407,401,497,899,616,404,944,114,941,0.572853468382013,0.716077404144619
408,407,401,497,899,235,404,944,406,941,0.606250675555535,0.777203902458987
598,407,401,497,899,496,404,944,406,941,0.651796320982027,0.777203902458987
408,407,401,497,899,496,818,944,406,941,0.636167132705348,0.777203902458987
408,347,401,497,899,496,404,279,406,941,0.65596674789807,0.777203902458987
408,407,401,497,899,463,404,944,578,941,0.605602998823159,0.732554070931311
408,407,401,497,899,496,404,944,406,941,0.641560937129233,0.777203902458987
408,407,401,497,899,496,404,944,406,941,0.641560937129233,0.777203902458987
408,407,401,497,899,496,404,944,406,941,0.641560937129233,0.777203902458987
408,407,401,497,667,496,404,272,406,941,0.66108645216377,0.749043582138818
408,407,401,497,899,496,404,944,406,941,0.641560937129233,0.777203902458987
408,407,401,497,757,496,404,944,406,941,0.634431085568877,0.773373992445311
408,407,401,497,899,496,122,603,632,40,0.646950186988582,0.729812600098288
408,671,178,497,899,724,404,944,406,941,0.627005307634553,0.781033812472662
389,407,401,497,899,496,404,944,406,941,0.632766301268039,0.735005480917346
408,407,401,497,899,496,404,624,365,941,0.631540498158545,0.739718138336915
408,407,401,497,899,496,404,944,406,941,0.641560937129233,0.777203902458987
408,407,401,497,899,496,404,148,549,941,0.633009527617654,0.773373992445311
143,407,401,497,899,778,404,944,406,941,0.616652410876916,0.719677164144021
408,407,401,497,899,496,404,944,406,941,0.641560937129233,0.777203902458987
408,407,401,497,899,496,404,944,406,941,0.641560937129233,0.777203902458987
408,407,401,497,899,496,404,944,406,941,0.641560937129233,0.777203902458987
408,407,401,497,899,496,404,944,406,941,0.641560937129233,0.777203902458987
408,407,401,899,530,496,404,944,406,941,0.62466886373823,0.777203902458987
408,407,401,497,25,496,404,944,26,941,0.636090811629609,0.777203902458987
408,407,401,497,899,496,404,944,406,941,0.641560937129233,0.777203902458987
408,407,401,497,899,496,404,944,406,941,0.641560937129233,0.777203902458987
408,407,401,497,899,496,404,944,406,941,0.641560937129233,0.777203902458987
772,407,401,497,899,2,404,944,406,941,0.642696534888339,0.777203902458987
408,407,401,497,899,496,404,944,63,941,0.621463504884149,0.777203902458987
408,454,401,497,109,496,404,944,406,941,0.635171894554721,0.728724160917635
408,407,401,497,899,496,599,944,406,941,0.628892915316023,0.773373992445311
408,407,401,497,899,496,404,944,406,941,0.641560937129233,0.777203902458987
408,407,595,497,474,496,404,944,406,941,0.648463647093247,0.724072060419874
746,407,401,497,899,496,404,944,406,941,0.631919439468879,0.773373992445311
408,407,401,497,899,496,404,944,406,941,0.641560937129233,0.777203902458987
408,407,401,497,899,496,404,944,406,941,0.641560937129233,0.777203902458987
967,670,401,497,899,496,404,944,406,941,0.639230874065916,0.777203902458987
408,407,401,497,899,496,404,944,406,941,0.641560937129233,0.777203902458987
408,407,401,497,899,496,404,944,406,941,0.641560937129233,0.777203902458987
408,407,401,497,899,496,404,944,406,941,0.641560937129233,0.777203902458987
408,407,401,497,899,496,404,944,406,941,0.641560937129233,0.777203902458987
408,407,401,497,899,496,404,944,406,941,0.641560937129233,0.777203902458987
602,407,401,497,899,496,437,944,406,941,0.635195595725571,0.736072969034097
408,407,401,864,899,496,404,944,406,941,0.648417293974629,0.739718138336915
408,407,401,497,57,77,404,944,947,941,0.586761035430045,0.741996190971234
408,407,401,497,899,496,404,944,406,941,0.641560937129233,0.777203902458987
408,407,896,497,594,496,404,944,406,941,0.639727281820729,0.769544082431635
408,407,401,497,899,496,404,944,300,941,0.618334171911385,0.749043582138818
408,407,401,497,899,496,404,944,406,941,0.641560937129233,0.777203902458987
408,901,751,497,899,496,404,944,317,941,0.645328943354325,0.706562869774965
408,407,401,497,899,496,404,944,406,941,0.641560937129233,0.777203902458987
408,407,401,497,899,496,404,944,406,941,0.641560937129233,0.777203902458987
408,407,401,497,899,496,404,944,406,941,0.641560937129233,0.777203902458987
408,407,401,497,899,496,404,944,973,941,0.617602392763905,0.744630030029675
408,407,401,497,899,496,404,944,406,941,0.641560937129233,0.777203902458987
633,407,401,497,899,496,404,944,406,941,0.643198149452313,0.744007574450514
408,407,401,497,899,496,683,944,406,941,0.644680988549289,0.777203902458987
408,407,920,497,899,496,404,944,406,941,0.663166921543057,0.777203902458987
408,407,693,497,899,496,404,944,406,941,0.645660134505924,0.773373992445311
408,407,401,497,899,496,404,944,560,941,0.614829100871866,0.773373992445311
408,407,401,497,899,496,404,944,309,535,0.610543941011594,0.777203902458987
408,407,401,497,899,496,404,944,406,941,0.641560937129233,0.777203902458987
