621,399,483,986,656,539,628,490,14,915,0.617472948461177,0.738797205886682
622,621,672,223,614,351,613,314,60,469,0.676693818563962,0.721941976053705
623,622,621,252,83,68,140,93,364,7,0.716427891192347,0.73873922067018
624,707,622,621,477,452,362,663,774,257,0.677531749497047,0.755858985965207
625,584,623,622,621,394,652,6,80,823,0.643157251370587,0.737139784878787
626,386,624,623,80,621,562,793,700,90,0.673070234818612,0.722693218594148
627,623,625,624,622,618,621,932,169,907,0.797945576035671,0.746591574182517
627,623,625,624,452,622,621,617,974,771,0.835729422263232,0.727949271547241
627,623,625,624,622,368,621,686,19,975,0.810182735601076,0.730358274548086
627,40,625,624,622,968,621,228,22,185,0.716189526720167,0.746227318854736
627,623,625,624,75,622,621,423,958,298,0.789342160524843,0.7473050470283
627,623,625,624,150,622,621,23,122,561,0.779009801527066,0.772018888951437
627,623,625,624,978,622,621,193,788,211,0.810512335271989,0.729971013366039
964,623,625,624,561,622,482,846,621,233,0.715293863240083,0.745499742725605
627,623,898,624,279,207,396,621,622,363,0.713554510908572,0.736021900176947
627,623,625,871,135,622,621,846,785,241,0.774151382339183,0.777667677624956
627,597,625,282,623,622,621,340,124,771,0.753166402551518,0.752143882344082
627,623,625,32,624,622,621,332,121,161,0.800498035131257,0.744032470856293
627,623,625,266,624,622,621,979,667,911,0.773099606843648,0.730910410087491
627,623,625,969,624,622,621,937,493,705,0.780881470612454,0.711631619773998
627,623,625,270,132,116,621,622,311,604,0.765413430833851,0.758497229724837
627,28,625,376,294,622,621,747,623,431,0.77965301456048,0.755391515972523
627,623,625,383,826,622,621,554,214,918,0.801573202953327,0.738927684480451
627,623,546,625,599,622,621,982,945,992,0.748921597504261,0.7283511716068
627,623,625,626,788,622,621,215,495,551,0.779332778467315,0.733483778610156
628,624,625,627,541,622,621,998,623,268,0.735923075589278,0.725471669971214
629,625,626,628,30,623,621,177,624,412,0.690954100362805,0.74248471656107
630,626,627,629,625,624,622,47,80,621,0.722776990585378,0.761239638023093
665,627,628,719,626,625,623,622,225,480,0.767127017267208,0.719390182591942
627,628,629,630,455,626,624,611,625,754,0.681455772892307,0.758344741215358
627,629,630,376,457,566,625,623,626,622,0.761654800399485,0.756843631857627
627,630,625,376,537,980,626,624,309,623,0.776348466836214,0.75395660377858
33,630,625,376,627,515,626,624,596,623,0.806405370268687,0.759708782118299
627,630,625,376,606,118,626,624,201,623,0.72774610687254,0.742796143503591
627,630,625,376,33,943,626,200,227,623,0.796037741914073,0.755286697587843
627,630,625,376,291,529,626,624,491,623,0.77630588007878,0.738039973477915
627,630,625,376,961,210,626,386,518,623,0.766192389769169,0.755468473177299
627,630,625,143,465,277,626,420,384,623,0.729456710366986,0.755803168883098
627,623,625,376,781,437,57,914,679,624,0.797429973433154,0.750408591407343
627,623,625,376,243,610,784,45,285,624,0.735462399966291,0.710780858442247
627,630,548,376,880,919,77,625,9,879,0.640729420368262,0.747035749875766
627,629,630,624,544,485,846,626,153,625,0.736733321881745,0.751847531780018
627,623,625,626,546,47,885,502,344,108,0.660404734550946,0.733084305514232
627,623,625,624,742,946,211,85,782,626,0.706168676057589,0.740089376916432
371,629,173,624,627,616,499,408,638,836,0.710859469668453,0.705783420246578
372,623,625,376,628,627,702,846,201,295,0.744552956627763,0.744318363409594
373,623,625,102,629,628,832,627,962,641,0.731287746622396,0.716045790729268
374,371,625,376,630,629,627,628,44,445,0.671914704198844,0.771707045010197
375,372,630,371,622,790,629,528,627,934,0.767019559717869,0.740989799262383
375,372,630,371,624,574,309,629,524,627,0.725893995007767,0.779610801572933
375,372,630,371,622,800,393,819,628,137,0.662629089593206,0.737983555108833
376,373,625,372,624,946,717,630,629,966,0.69731055105927,0.770050020135181
377,374,625,373,933,630,88,624,623,628,0.736087075901226,0.765512887931139
378,375,625,374,623,622,630,75,779,629,0.710444582192415,0.781196526200475
225,376,371,733,83,622,626,623,630,214,0.752902993560092,0.737220254311348
379,377,372,375,623,739,625,624,626,630,0.780644040915635,0.746560427818138
379,377,372,375,623,622,542,624,626,630,0.775606789332476,0.729575178566363
379,377,372,75,623,622,625,624,626,407,0.765780775705526,0.751444327581754
678,503,372,375,623,622,625,624,626,771,0.797463308205415,0.748466119883412
379,377,372,375,623,622,625,624,199,687,0.850257116578244,0.759651324629457
607,377,372,375,623,622,625,203,199,425,0.861761534571719,0.711433857707777
379,377,372,375,623,622,625,624,199,249,0.847287547223661,0.76455135580894
379,377,372,94,623,622,625,624,241,249,0.816694627805989,0.728633715451531
379,377,372,375,623,622,625,624,199,249,0.847287547223661,0.76455135580894
379,377,372,375,623,722,625,624,199,249,0.841451777981549,0.770869108038581
379,377,372,375,623,622,625,624,199,249,0.847287547223661,0.76455135580894
379,377,900,375,623,622,625,624,199,249,0.820920500297816,0.770345480283334
379,143,372,293,623,622,625,943,199,249,0.735173309218191,0.744639911652714
379,377,372,375,623,551,625,624,199,249,0.829217334976583,0.755294043122297
379,377,486,375,623,622,625,624,199,118,0.826381261225396,0.759312906141962
282,377,372,375,890,622,625,624,199,249,0.783305051657037,0.751180231485106
379,377,372,375,623,240,625,624,199,249,0.836814191109398,0.760007826777391
379,377,372,940,380,622,192,624,199,161,0.703972935396662,0.755568933916758
379,377,372,375,623,622,402,624,199,249,0.830735384229822,0.759927975373927
379,377,372,375,623,622,625,624,199,249,0.847287547223661,0.76455135580894
379,356,372,375,623,622,625,624,199,249,0.820527943631102,0.766741650839061
379,377,840,375,623,622,625,624,199,249,0.860300363375029,0.758644115320128
936,377,372,375,623,622,625,624,199,249,0.84965427761555,0.767407683277943
379,377,372,375,623,622,625,624,199,249,0.847287547223661,0.76455135580894
379,377,372,375,623,622,625,624,199,249,0.847287547223661,0.76455135580894
379,377,372,375,623,622,625,624,199,249,0.847287547223661,0.76455135580894
599,377,372,375,907,622,625,737,36,249,0.768158944011722,0.742152132005066
379,377,372,375,623,622,625,624,581,249,0.836273711540108,0.760187332444895
379,891,372,375,623,622,625,624,199,749,0.855900342193847,0.759749159775698
379,377,372,375,623,622,625,624,199,249,0.847287547223661,0.76455135580894
379,377,372,375,623,622,625,624,199,249,0.847287547223661,0.76455135580894
379,377,372,375,623,622,625,624,199,149,0.844519363472751,0.768461065590543
379,377,759,562,623,622,625,986,199,249,0.755781885895277,0.723887001612289
379,377,372,375,623,622,625,624,199,249,0.847287547223661,0.76455135580894
379,377,372,375,623,622,625,624,199,249,0.847287547223661,0.76455135580894
379,377,372,375,623,622,625,624,199,249,0.847287547223661,0.76455135580894
379,377,124,375,623,622,625,624,199,249,0.827947783987079,0.759005146671406
379,377,372,375,472,459,625,624,199,249,0.78859365588862,0.783441096825855
379,377,372,375,623,622,625,624,199,249,0.847287547223661,0.76455135580894
379,377,372,276,623,622,247,624,199,249,0.806438661318899,0.74825354038145
880,377,372,375,623,622,625,624,199,249,0.83617643611255,0.764735841228419
379,377,372,375,651,622,625,624,199,249,0.806757991245572,0.772563125423023
379,377,372,375,623,622,625,624,199,249,0.847287547223661,0.76455135580894
379,377,818,375,623,622,625,624,199,249,0.821532780996083,0.76060715090327
379,377,372,375,623,622,625,624,199,249,0.847287547223661,0.76455135580894
