941,592,943,310,885,625,703,537,787,343,0.588316228031425,0.752990419908701
942,941,399,353,73,626,686,470,460,377,0.568378795994248,0.795140021475885
943,942,941,495,130,317,500,360,56,679,0.604902163270075,0.796353957079624
944,943,942,941,336,150,987,604,393,605,0.585811534494204,0.845022941527712
945,944,972,942,941,132,720,171,475,531,0.604853919987778,0.86156946175199
946,945,944,943,942,941,275,940,721,418,0.596853175139335,0.844950645876205
947,946,945,944,943,588,941,860,751,300,0.588153827574606,0.768897916311807
948,507,946,945,944,942,278,941,708,245,0.578035069696871,0.782227176899407
949,947,43,946,945,943,942,815,941,69,0.592464351909877,0.878115981976267
949,947,161,946,945,943,942,44,941,219,0.56962076602964,0.894662502200545
950,948,947,300,946,944,943,942,68,941,0.57288172188128,0.848403409649767
132,949,948,947,541,945,944,943,942,172,0.575459418192109,0.878115981976267
949,950,121,948,947,946,945,944,943,942,0.588312175240039,0.86156946175199
945,947,949,73,948,246,803,466,944,462,0.586040615214402,0.828476421303434
949,944,950,882,216,947,946,945,998,943,0.580962990320684,0.878115981976267
949,944,950,806,955,948,947,946,945,571,0.578107838263501,0.86156946175199
949,782,948,813,747,52,986,947,946,944,0.600519408263448,0.834171247596159
949,407,950,406,636,759,159,948,947,945,0.637372685586893,0.8047267191073
946,949,944,635,394,674,948,75,94,123,0.607031194150312,0.805277228136277
949,950,568,718,588,897,755,943,948,29,0.623997192135433,0.775564655809776
491,944,950,949,419,758,411,507,556,946,0.597495534567619,0.831939033223747
492,945,948,950,949,70,966,758,642,947,0.602704184352924,0.833813007281417
493,947,491,946,950,949,753,670,742,948,0.578529746345479,0.845022941527712
494,944,492,942,945,950,949,789,73,784,0.574821992840139,0.80944771353034
495,491,493,947,941,943,950,949,358,826,0.594554807518401,0.878115981976267
495,491,493,947,941,943,950,949,751,252,0.619026942504699,0.878115981976267
495,491,493,947,941,943,950,949,978,139,0.606031325866873,0.894662502200545
495,491,493,947,941,943,950,949,798,261,0.603557540441915,0.878115981976267
495,361,493,947,941,943,389,855,949,347,0.598102721854654,0.834171247596159
495,491,493,947,941,943,950,939,928,949,0.600310775682784,0.819998924126206
495,491,493,947,941,943,588,949,950,125,0.608163998892346,0.85491678880911
495,491,493,947,941,943,950,949,580,181,0.622682320193657,0.825994233754618
495,491,493,947,941,943,950,535,772,105,0.596255157432518,0.894662502200545
495,491,493,947,941,943,950,949,514,646,0.615733131097728,0.861497166100483
495,608,493,947,941,943,950,949,433,215,0.611559618815678,0.848403409649767
495,491,493,947,941,943,950,949,863,733,0.609031993636368,0.894662502200545
495,970,616,947,941,943,28,949,804,950,0.607773915326748,0.827765008317441
495,491,493,947,941,943,950,579,299,163,0.615197336522679,0.860858048765996
495,491,493,947,941,943,950,949,169,607,0.631405715769427,0.894662502200545
495,491,493,947,941,943,950,949,169,182,0.601076913544104,0.894662502200545
495,491,900,947,941,943,950,949,169,858,0.61381424930773,0.894662502200545
495,491,900,947,941,943,950,949,169,462,0.609190616070438,0.878115981976267
495,491,891,947,941,943,950,701,169,620,0.601373300342468,0.844584440420185
495,491,900,947,941,943,950,949,169,770,0.615887181860102,0.894662502200545
495,491,900,307,941,943,123,949,169,606,0.597446042106253,0.864949929874045
495,491,170,947,932,943,725,949,169,91,0.60113116127291,0.804654423455794
495,428,900,947,941,943,950,949,169,728,0.620478330830782,0.878115981976267
495,491,900,947,941,943,950,949,646,691,0.614014765436045,0.861497166100483
736,491,900,947,37,943,950,949,169,484,0.600833178656461,0.878115981976267
495,100,900,947,941,438,950,949,169,943,0.626325264220805,0.844311528541718
495,491,448,947,941,943,950,949,169,707,0.623154392680032,0.878115981976267
495,491,461,947,941,943,950,949,169,57,0.602434956078263,0.837229865988389
495,491,944,947,941,943,950,949,169,361,0.603056455427288,0.894662502200545
559,491,900,947,941,943,950,949,169,551,0.603194906504542,0.878115981976267
495,491,900,947,941,943,950,949,169,194,0.611259456272352,0.894662502200545
495,491,900,947,993,943,286,758,169,819,0.592182128612728,0.810830232498209
28,491,900,947,941,943,950,949,169,385,0.625317606813185,0.878115981976267
495,491,900,947,941,713,950,949,169,943,0.609934215688177,0.878115981976267
495,491,900,947,941,943,950,949,169,617,0.616935157519801,0.860858048765996
369,491,991,947,941,943,972,949,273,896,0.614807311115254,0.842613049630403
495,491,900,947,941,261,950,727,169,943,0.60136898665619,0.878115981976267
495,491,900,947,941,943,950,949,355,421,0.608294711982663,0.878115981976267
495,491,900,947,941,943,950,949,169,259,0.611993080094295,0.894662502200545
495,491,900,947,941,943,950,949,169,455,0.622766005708084,0.894662502200545
495,491,988,947,941,943,950,949,169,605,0.631898565302474,0.853536771942038
495,491,900,947,941,943,950,949,928,147,0.609157943780584,0.831784593773983
495,388,900,947,941,943,950,949,169,330,0.615591697470008,0.894662502200545
495,491,900,947,941,943,950,949,169,47,0.61466987637838,0.894662502200545
495,491,900,947,941,943,950,949,169,153,0.608275069147906,0.861497166100483
495,491,900,947,941,943,950,949,169,24,0.626436855593668,0.894662502200545
495,877,900,947,941,943,950,949,169,616,0.623875300569824,0.844311528541718
495,491,900,947,941,943,950,949,169,59,0.61049248453576,0.894662502200545
214,491,900,947,941,943,950,949,169,165,0.628719516074221,0.851655483734523
495,491,900,947,941,943,950,949,169,12,0.603103750109192,0.837819759555856
495,491,900,947,941,943,950,949,169,88,0.61360247348346,0.894662502200545
495,491,917,947,941,268,299,949,169,943,0.614813729685913,0.843160796443794
495,491,900,947,941,880,950,949,721,943,0.608850364957463,0.848403409649767
1000,491,900,947,941,943,950,949,169,631,0.60319445794929,0.823052613963167
495,610,900,947,941,943,950,949,503,227,0.621884603438942,0.801487319371895
495,491,900,947,941,943,950,949,169,860,0.609262179155255,0.838356202029742
495,491,440,175,941,943,950,949,169,334,0.604451391075426,0.878115981976267
722,491,900,947,941,943,950,432,169,778,0.618990835891669,0.786248520363183
495,491,900,947,941,943,950,949,169,923,0.606334327857188,0.854726107870171
495,491,900,947,941,943,950,949,169,956,0.620942000388436,0.894662502200545
495,491,900,947,941,943,950,949,169,956,0.620942000388436,0.894662502200545
495,491,900,947,941,943,950,949,169,956,0.620942000388436,0.894662502200545
495,491,900,947,941,943,950,949,169,956,0.620942000388436,0.894662502200545
495,491,900,947,941,482,950,949,169,928,0.607779968671922,0.861497166100483
495,491,900,947,941,943,950,949,169,956,0.620942000388436,0.894662502200545
495,490,900,947,941,943,950,949,169,956,0.620182691344157,0.894662502200545
495,491,900,947,941,943,950,949,169,956,0.620942000388436,0.894662502200545
495,491,900,947,941,943,78,949,169,956,0.611063195482838,0.894662502200545
495,860,900,947,941,943,950,994,169,956,0.614435528067985,0.821809681805464
495,491,900,947,47,943,950,949,169,956,0.626189185544908,0.894662502200545
495,491,900,947,941,943,950,949,169,956,0.620942000388436,0.894662502200545
495,491,900,947,941,943,950,949,169,956,0.620942000388436,0.894662502200545
495,491,900,947,941,943,838,867,169,956,0.612656996298701,0.864949929874045
495,491,900,947,941,943,950,949,169,956,0.620942000388436,0.894662502200545
627,491,900,947,941,943,950,949,169,956,0.611914684900675,0.837819759555856
495,491,900,947,941,943,950,949,169,54,0.609072461083232,0.894662502200545
495,491,900,947,941,943,950,949,751,956,0.632166411894263,0.894662502200545
760,491,900,947,941,943,619,949,169,956,0.613877328690485,0.878115981976267
495,491,900,947,941,346,950,949,169,956,0.624767729788076,0.850948913237576
495,491,900,947,941,943,393,949,169,742,0.609828267188289,0.878115981976267
107,491,900,947,941,943,950,949,169,956,0.619045070070249,0.878115981976267
495,491,900,947,357,943,950,949,169,956,0.624638772568593,0.894662502200545
495,491,900,947,941,943,950,949,557,956,0.618797163949434,0.860858048765996
495,491,900,947,941,944,950,949,169,273,0.614388626109328,0.85915956985468
495,491,900,947,941,943,950,99,169,80,0.585741719468903,0.878115981976267
495,491,900,947,941,943,950,949,169,956,0.620942000388436,0.894662502200545
495,491,900,947,478,943,950,949,169,956,0.618878919292703,0.8546119446432
495,491,900,947,941,943,950,684,169,956,0.624820847614369,0.894662502200545
495,491,900,947,941,943,950,949,169,956,0.620942000388436,0.894662502200545
495,491,900,947,941,943,950,949,169,956,0.620942000388436,0.894662502200545
495,491,682,947,941,943,950,949,169,956,0.625777588093081,0.84447586740015
495,491,900,947,941,943,950,949,169,956,0.620942000388436,0.894662502200545
495,491,900,947,941,943,950,949,169,368,0.606744703633737,0.878115981976267
495,856,900,947,941,943,950,149,169,956,0.608487347601955,0.894662502200545
495,491,900,947,941,943,950,949,169,956,0.620942000388436,0.894662502200545
495,491,900,947,941,943,950,949,169,956,0.620942000388436,0.894662502200545
495,491,900,947,143,943,950,949,169,956,0.620428514153335,0.864949929874045
495,491,900,947,941,943,950,949,169,956,0.620942000388436,0.894662502200545
495,491,900,947,941,943,950,949,142,929,0.607410460123511,0.844950645876205
495,491,900,947,941,943,950,949,169,956,0.620942000388436,0.894662502200545
495,491,900,862,650,943,950,949,169,956,0.635312744331495,0.878115981976267
495,491,900,947,941,289,885,949,169,956,0.618409466749006,0.894662502200545
649,491,900,947,941,330,950,949,169,972,0.621526645534655,0.894662502200545
495,491,900,947,941,943,921,949,169,956,0.62076859520915,0.894662502200545
495,491,900,947,941,943,950,949,169,956,0.620942000388436,0.894662502200545
406,491,900,947,941,943,950,949,169,956,0.635701553442378,0.894662502200545
484,491,900,317,941,943,950,949,815,956,0.613734865778128,0.85915956985468
495,491,764,947,941,943,950,949,169,956,0.620237122589492,0.894662502200545
495,491,900,947,941,943,950,949,169,956,0.620942000388436,0.894662502200545
792,491,900,947,352,943,910,949,169,956,0.623762356577675,0.853776386212666
495,491,900,947,941,943,950,949,169,956,0.620942000388436,0.894662502200545
495,491,900,947,941,943,950,949,169,956,0.620942000388436,0.894662502200545
495,491,900,947,941,943,950,949,169,956,0.620942000388436,0.894662502200545
495,491,900,947,941,943,950,949,169,956,0.620942000388436,0.894662502200545
495,491,900,947,941,943,950,949,169,539,0.606248098685062,0.878115981976267
495,491,900,947,941,943,950,949,169,956,0.620942000388436,0.894662502200545
495,491,900,947,941,482,950,949,169,956,0.616170358231097,0.894662502200545
495,491,900,947,544,943,950,949,169,956,0.620963180107596,0.878115981976267
495,491,900,947,941,943,896,949,169,956,0.609892805073868,0.878115981976267
495,491,900,947,941,943,950,949,169,956,0.620942000388436,0.894662502200545
756,491,900,947,941,943,487,949,169,956,0.604932488936405,0.894662502200545
495,491,900,947,941,173,950,949,169,956,0.611548051581271,0.894662502200545
495,491,900,947,941,943,950,949,169,956,0.620942000388436,0.894662502200545
495,491,900,947,941,943,950,949,169,956,0.620942000388436,0.894662502200545
495,491,134,947,941,756,950,949,169,956,0.620472777240052,0.894662502200545
495,491,900,417,459,943,562,949,169,830,0.592918272004426,0.813707847485671
495,491,900,947,941,943,788,949,169,75,0.60720179304573,0.84101348082933
495,491,900,947,941,943,950,949,169,956,0.620942000388436,0.894662502200545
307,491,900,947,941,943,950,949,828,956,0.59563619680887,0.878115981976267
495,491,900,890,941,282,950,11,169,956,0.616958979137374,0.878115981976267
902,491,900,947,941,943,950,949,169,501,0.602698607169847,0.86156946175199
495,491,900,947,941,943,950,949,169,956,0.620942000388436,0.894662502200545
495,491,900,947,941,943,950,949,169,185,0.607343228367255,0.894662502200545
346,491,900,947,941,943,950,159,723,956,0.616454237091934,0.777559650368608
495,491,900,947,941,943,950,949,169,956,0.620942000388436,0.894662502200545
495,491,900,947,941,943,950,949,169,956,0.620942000388436,0.894662502200545
495,491,900,947,941,943,950,949,169,956,0.620942000388436,0.894662502200545
495,491,900,947,941,943,950,949,169,956,0.620942000388436,0.894662502200545
495,491,900,947,734,943,950,949,169,956,0.615469495005184,0.878115981976267
495,491,900,947,941,943,950,949,169,956,0.620942000388436,0.894662502200545
844,491,900,947,941,943,891,949,169,956,0.620189992391283,0.878115981976267
495,491,900,947,941,943,950,949,169,956,0.620942000388436,0.894662502200545
495,144,900,947,941,943,950,949,169,956,0.617105450017576,0.894662502200545
495,491,900,947,941,943,950,949,169,956,0.620942000388436,0.894662502200545
495,491,900,947,941,943,950,949,169,956,0.620942000388436,0.894662502200545
495,491,900,947,941,943,950,679,169,956,0.619848774502201,0.878115981976267
495,491,900,947,941,943,950,908,169,956,0.616111027469343,0.894662502200545
731,491,900,947,81,943,950,949,169,956,0.618245661115576,0.878115981976267
495,491,900,947,941,943,950,949,169,956,0.620942000388436,0.894662502200545
495,491,900,947,941,943,950,949,169,956,0.620942000388436,0.894662502200545
495,491,900,947,941,75,950,949,169,529,0.610030391937741,0.842088022314032
495,596,900,947,941,287,950,949,169,956,0.601056388442314,0.840542804824709
495,491,900,947,941,943,950,949,169,956,0.620942000388436,0.894662502200545
495,491,900,947,941,943,950,949,169,956,0.620942000388436,0.894662502200545
495,491,519,947,941,943,950,949,169,956,0.621436142827134,0.894662502200545
495,500,860,947,941,943,950,949,169,956,0.619654948818143,0.821809681805464
495,491,900,947,941,943,950,949,406,956,0.639480672228027,0.894662502200545
495,491,900,947,941,100,950,949,169,956,0.61848816686685,0.878115981976267
495,846,583,947,941,943,950,949,934,956,0.622261928768814,0.828404125651928
495,491,900,947,941,943,950,949,169,956,0.620942000388436,0.894662502200545
495,491,900,947,941,943,286,949,169,956,0.614361945353106,0.840542804824709
495,491,900,947,941,943,950,949,169,956,0.620942000388436,0.894662502200545
495,491,900,947,941,943,950,949,169,956,0.620942000388436,0.894662502200545
495,491,943,947,941,143,950,949,169,956,0.622237836362578,0.864949929874045
150,491,900,947,941,943,950,949,350,956,0.61984471661538,0.842613049630403
495,491,724,947,941,943,950,949,169,542,0.629483121869313,0.878115981976267
495,491,900,947,941,943,950,949,169,956,0.620942000388436,0.894662502200545
495,491,900,947,941,943,950,949,169,956,0.620942000388436,0.894662502200545
495,491,900,947,941,943,950,949,169,956,0.620942000388436,0.894662502200545
495,491,724,278,941,943,950,949,169,956,0.613065008635978,0.878115981976267
495,491,900,947,941,943,950,949,169,117,0.615349100485277,0.894662502200545
495,491,622,947,72,944,413,949,169,956,0.627219684453484,0.83699025171776
495,491,900,947,941,943,950,949,169,956,0.620942000388436,0.894662502200545
495,491,900,947,941,943,950,949,169,956,0.620942000388436,0.894662502200545
495,33,900,947,941,782,950,949,169,956,0.614554724856531,0.809831651832558
495,491,900,947,941,943,950,949,169,956,0.620942000388436,0.894662502200545
495,338,900,947,941,805,950,949,629,956,0.613291513182356,0.878115981976267
495,491,900,947,941,943,950,949,917,956,0.62625579199838,0.843160796443794
495,491,900,947,81,943,736,949,169,956,0.61787355483475,0.878115981976267
495,491,900,947,941,943,950,949,987,956,0.628072405314893,0.894662502200545
495,491,900,947,941,943,950,949,169,74,0.607779827226744,0.853776386212666
495,491,900,947,941,943,950,949,169,956,0.620942000388436,0.894662502200545
495,491,900,947,431,943,950,949,169,956,0.621447222263835,0.894662502200545
495,491,36,947,941,943,950,949,169,956,0.620657851103313,0.894662502200545
495,491,900,947,941,701,950,949,169,956,0.616980019049677,0.861130960644463
495,491,900,947,941,943,950,949,169,956,0.620942000388436,0.894662502200545
495,491,900,947,941,620,89,949,169,956,0.615377042323564,0.86156946175199
495,491,900,947,941,943,780,949,169,956,0.633040759141333,0.894662502200545
495,491,900,947,941,943,428,949,169,956,0.625911403853956,0.894662502200545
495,491,900,947,941,943,950,949,169,956,0.620942000388436,0.894662502200545
495,491,900,947,941,943,950,949,169,956,0.620942000388436,0.894662502200545
495,491,900,947,941,943,950,949,169,956,0.620942000388436,0.894662502200545
495,491,900,994,941,943,950,949,169,957,0.610186859855562,0.821273239331578
495,491,900,947,941,288,950,949,169,956,0.603229057580954,0.878115981976267
495,491,900,947,941,943,950,949,169,956,0.620942000388436,0.894662502200545
495,491,900,947,941,943,950,949,169,767,0.611020998049838,0.894662502200545
495,491,900,947,941,164,950,949,727,956,0.608816255060725,0.894662502200545
495,491,900,290,941,943,950,679,169,956,0.601509906494556,0.821809681805464
495,491,900,947,941,943,950,949,169,956,0.620942000388436,0.894662502200545
495,491,900,947,941,943,989,949,169,601,0.605651416201479,0.878115981976267
495,491,900,947,941,943,950,949,169,538,0.616243968736644,0.894662502200545
471,491,900,947,941,943,950,949,169,187,0.616678060454737,0.838356202029742
812,663,900,947,941,943,950,949,78,687,0.595518898369781,0.894662502200545
495,491,118,947,941,943,950,949,169,956,0.622287184637002,0.894662502200545
495,491,900,947,941,943,950,949,169,956,0.620942000388436,0.894662502200545
495,491,900,947,941,943,308,949,169,956,0.623244306685175,0.894662502200545
495,491,900,947,718,943,821,949,169,588,0.609588090442119,0.82520421648261
495,491,900,947,941,943,950,949,169,956,0.620942000388436,0.894662502200545
495,491,900,947,941,943,869,949,169,310,0.60579709269303,0.844950645876205
495,491,900,947,941,943,950,949,169,4,0.613524534011138,0.894662502200545
495,491,900,947,941,943,950,949,169,956,0.620942000388436,0.894662502200545
495,491,900,947,941,943,950,949,169,956,0.620942000388436,0.894662502200545
495,491,900,947,941,943,75,192,169,956,0.603794206412986,0.894662502200545
495,491,900,947,941,257,950,949,169,956,0.61302926832872,0.894662502200545
495,340,273,91,941,943,950,336,169,956,0.615444327930261,0.802316827209991
495,491,900,947,941,943,950,949,169,956,0.620942000388436,0.894662502200545
495,491,900,947,941,943,950,949,169,956,0.620942000388436,0.894662502200545
495,491,900,947,941,115,950,949,169,956,0.621652901827435,0.894662502200545
495,491,900,947,422,943,950,949,169,956,0.618642963154561,0.894662502200545
495,380,900,947,941,943,950,949,169,956,0.61682115097077,0.864949929874045
495,491,900,947,941,943,950,949,169,956,0.620942000388436,0.894662502200545
495,491,900,947,941,643,950,107,169,956,0.614772597095465,0.86156946175199
495,491,900,947,941,943,950,949,169,956,0.620942000388436,0.894662502200545
495,491,282,947,941,943,950,949,169,956,0.619585065883664,0.894662502200545
495,491,900,947,941,943,950,949,169,956,0.620942000388436,0.894662502200545
495,491,900,947,941,943,950,949,169,956,0.620942000388436,0.894662502200545
495,491,900,947,941,157,950,949,169,956,0.615669971049227,0.864949929874045
495,491,900,947,941,943,950,949,169,956,0.620942000388436,0.894662502200545
495,491,900,947,941,943,950,949,169,956,0.620942000388436,0.894662502200545
495,491,900,260,941,943,950,949,169,956,0.626920711585548,0.894662502200545
495,491,900,947,143,943,950,949,169,956,0.620428514153335,0.864949929874045
495,491,900,947,941,943,950,949,169,956,0.620942000388436,0.894662502200545
495,491,900,947,941,943,950,949,169,956,0.620942000388436,0.894662502200545
495,491,900,947,941,835,950,949,718,956,0.619086518588669,0.864949929874045
495,491,900,947,594,663,950,949,169,520,0.589942551160563,0.878115981976267
495,782,900,947,941,943,950,949,169,956,0.620156154553706,0.850717767820437
495,491,900,947,941,943,950,949,169,956,0.620942000388436,0.894662502200545
495,491,900,947,941,943,950,949,898,956,0.619367094920226,0.894662502200545
495,491,900,947,941,943,950,949,169,956,0.620942000388436,0.894662502200545
495,491,900,938,941,605,950,949,169,956,0.620230992986352,0.878115981976267
495,491,900,947,941,943,950,949,169,956,0.620942000388436,0.894662502200545
495,491,900,947,941,943,950,949,169,956,0.620942000388436,0.894662502200545
495,491,900,947,941,943,950,949,169,956,0.620942000388436,0.894662502200545
495,491,900,947,941,943,424,949,169,956,0.619321572481978,0.878115981976267
495,491,350,947,941,943,950,949,169,956,0.622287184637002,0.85915956985468
495,491,527,947,941,943,950,949,169,956,0.623865555622777,0.837819759555856
495,644,73,252,632,943,950,949,169,956,0.61294553944824,0.86156946175199
495,491,900,947,941,943,950,949,169,956,0.620942000388436,0.894662502200545
495,491,900,947,941,943,950,949,730,795,0.622178816108256,0.878115981976267
495,491,900,947,941,943,950,949,588,956,0.629240767286909,0.85491678880911
495,491,900,947,941,943,950,949,169,956,0.620942000388436,0.894662502200545
495,532,900,947,941,943,140,949,169,956,0.611702223852269,0.844950645876205
495,491,900,947,941,943,950,949,169,956,0.620942000388436,0.894662502200545
495,491,900,947,941,943,950,949,169,956,0.620942000388436,0.894662502200545
495,491,900,947,941,943,950,949,386,477,0.60276256022418,0.894662502200545
495,491,900,947,941,943,950,949,169,722,0.619986627352719,0.85491678880911
720,491,900,947,941,943,950,949,169,956,0.622891327329388,0.894662502200545
495,491,900,947,941,943,950,949,169,956,0.620942000388436,0.894662502200545
495,491,900,947,941,943,950,949,169,956,0.620942000388436,0.894662502200545
495,602,900,824,941,943,950,949,169,956,0.615534653044685,0.834402393013298
495,491,900,947,941,943,950,949,169,956,0.620942000388436,0.894662502200545
495,491,163,947,941,943,950,949,169,956,0.63574465055552,0.894662502200545
495,491,900,947,941,943,950,949,981,956,0.625430261714895,0.878115981976267
495,491,900,947,941,943,950,949,169,956,0.620942000388436,0.894662502200545
495,491,839,947,941,943,125,949,169,956,0.603365458878611,0.864949929874045
495,491,885,947,941,943,950,787,169,956,0.612943859037932,0.85915956985468
495,491,900,947,941,943,950,949,155,951,0.608756186372403,0.878115981976267
495,491,900,947,941,943,950,949,169,956,0.620942000388436,0.894662502200545
495,491,900,947,941,943,950,949,169,956,0.620942000388436,0.894662502200545
495,491,900,947,941,943,950,949,169,956,0.620942000388436,0.894662502200545
495,491,900,947,941,943,950,949,169,956,0.620942000388436,0.894662502200545
495,491,900,947,941,943,950,949,169,956,0.620942000388436,0.894662502200545
495,491,900,947,941,943,950,949,169,644,0.619203972320208,0.894662502200545
665,491,900,947,941,943,950,183,169,956,0.634684334864246,0.864949929874045
495,491,900,947,941,943,950,949,169,956,0.620942000388436,0.894662502200545
733,491,900,590,941,943,950,949,572,956,0.607371842114174,0.853536771942038
495,491,900,947,941,943,950,949,169,956,0.620942000388436,0.894662502200545
495,491,900,947,941,943,790,949,169,956,0.632830762644306,0.864949929874045
495,491,900,143,941,943,950,949,169,956,0.613800533026214,0.864949929874045
495,491,642,947,941,943,950,949,169,956,0.627323647818183,0.894662502200545
495,491,900,947,941,943,950,949,169,956,0.620942000388436,0.894662502200545
495,491,900,947,941,943,950,949,169,956,0.620942000388436,0.894662502200545
495,491,900,947,909,943,950,949,169,956,0.61590700833397,0.854726107870171
495,491,900,947,941,943,950,949,169,956,0.620942000388436,0.894662502200545
495,491,900,947,941,943,950,949,169,956,0.620942000388436,0.894662502200545
495,491,900,947,941,943,950,949,169,956,0.620942000388436,0.894662502200545
495,491,900,947,941,943,950,949,169,956,0.620942000388436,0.894662502200545
495,491,900,947,941,943,950,949,169,956,0.620942000388436,0.894662502200545
335,491,900,947,941,943,950,949,169,956,0.615599162695046,0.894662502200545
495,491,330,947,941,943,812,949,169,956,0.615057715970879,0.894662502200545
495,724,900,947,941,943,950,949,169,956,0.621649966912083,0.878115981976267
495,491,900,204,941,943,950,949,169,956,0.608974549182564,0.850948913237576
495,491,900,947,941,943,950,949,169,956,0.620942000388436,0.894662502200545
495,491,900,947,941,943,950,150,169,956,0.618012884297555,0.878115981976267
495,491,900,947,941,33,950,949,169,956,0.615498048003852,0.853776386212666
495,491,900,947,941,943,950,949,169,956,0.620942000388436,0.894662502200545
495,491,900,947,941,943,950,949,169,956,0.620942000388436,0.894662502200545
495,491,900,947,941,943,950,949,169,956,0.620942000388436,0.894662502200545
495,491,900,947,941,943,950,949,169,956,0.620942000388436,0.894662502200545
495,491,900,947,941,943,950,949,169,956,0.620942000388436,0.894662502200545
326,491,900,819,941,505,950,949,169,956,0.610027796402538,0.894662502200545
495,491,33,947,941,943,950,125,169,956,0.602575703511337,0.853776386212666
495,491,900,947,941,943,950,949,169,956,0.620942000388436,0.894662502200545
495,491,900,947,941,943,950,949,169,956,0.620942000388436,0.894662502200545
495,491,900,947,941,943,950,453,169,135,0.599300480040882,0.878115981976267
495,777,900,947,941,948,950,949,169,956,0.611237490157381,0.878115981976267
495,491,900,947,941,943,950,949,169,956,0.620942000388436,0.894662502200545
495,491,900,947,677,943,950,949,169,956,0.620963180107596,0.878115981976267
495,491,900,947,941,943,950,949,169,956,0.620942000388436,0.894662502200545
495,491,900,947,941,943,950,949,169,956,0.620942000388436,0.894662502200545
495,491,900,947,941,943,950,901,169,956,0.618852135127934,0.852270313751708
495,491,900,947,941,943,950,548,169,956,0.613285319129736,0.878115981976267
495,491,900,947,941,943,950,949,169,956,0.620942000388436,0.894662502200545
495,491,900,947,941,943,950,949,169,956,0.620942000388436,0.894662502200545
610,83,900,947,941,943,950,949,169,956,0.621332792680125,0.878115981976267
495,491,900,947,941,943,950,949,169,956,0.620942000388436,0.894662502200545
495,491,106,947,941,943,950,949,103,956,0.618947006614712,0.848403409649767
495,491,900,947,941,943,235,949,169,956,0.621564089449669,0.878115981976267
495,123,900,947,941,943,950,949,169,956,0.614852104522124,0.894662502200545
495,491,900,947,941,943,950,896,169,956,0.613106449290968,0.878115981976267
495,491,900,947,941,573,950,949,169,956,0.614992460702064,0.894662502200545
495,491,900,947,941,943,950,621,83,956,0.612169899202169,0.860858048765996
495,491,900,947,941,943,950,521,169,422,0.617818997216372,0.878115981976267
495,491,900,743,941,943,950,949,56,956,0.614475563740657,0.864949929874045
495,712,900,947,68,580,950,949,169,956,0.631212492430877,0.861497166100483
495,75,900,947,941,452,950,949,169,956,0.613481761356556,0.845687859382563
495,491,900,947,941,943,950,949,169,956,0.620942000388436,0.894662502200545
495,491,900,947,941,451,950,949,66,956,0.620791362831263,0.861130960644463
495,491,750,108,941,943,432,949,169,956,0.621204306552181,0.844950645876205
495,491,415,947,941,943,950,949,169,956,0.627802674202898,0.850717767820437
495,491,900,947,941,943,950,949,169,956,0.620942000388436,0.894662502200545
495,491,900,947,941,943,950,949,169,956,0.620942000388436,0.894662502200545
495,491,900,947,941,943,950,949,169,956,0.620942000388436,0.894662502200545
495,491,900,947,941,943,950,949,169,956,0.620942000388436,0.894662502200545
213,491,900,947,941,943,950,949,169,342,0.623452916568385,0.860858048765996
495,491,900,947,941,943,950,949,169,956,0.620942000388436,0.894662502200545
495,491,900,947,941,943,950,949,169,956,0.620942000388436,0.894662502200545
495,491,900,947,941,891,950,949,169,956,0.61685926464069,0.894662502200545
495,491,900,947,941,943,950,949,169,956,0.620942000388436,0.894662502200545
495,491,900,947,941,943,950,949,169,956,0.620942000388436,0.894662502200545
495,491,900,947,941,943,950,949,169,269,0.60614891355846,0.878115981976267
495,491,900,947,941,943,950,949,169,956,0.620942000388436,0.894662502200545
495,491,900,947,941,833,950,949,169,956,0.615126165468055,0.878115981976267
495,491,900,947,941,943,950,291,169,430,0.599486387048105,0.894662502200545
495,491,900,947,941,943,950,949,169,956,0.620942000388436,0.894662502200545
495,491,136,980,941,943,950,949,169,956,0.631601640401041,0.864949929874045
495,491,900,947,941,943,950,949,169,956,0.620942000388436,0.894662502200545
495,491,900,947,941,943,950,949,169,956,0.620942000388436,0.894662502200545
495,238,900,947,941,943,950,949,169,956,0.619900854906252,0.878115981976267
465,491,900,947,462,943,950,949,169,956,0.615573545163124,0.878115981976267
495,491,900,947,941,943,950,949,169,956,0.620942000388436,0.894662502200545
495,601,900,947,941,943,950,949,169,956,0.617015258846586,0.894662502200545
495,491,900,947,941,943,950,949,169,956,0.620942000388436,0.894662502200545
495,491,900,708,941,943,950,949,89,956,0.61353095052833,0.86156946175199
495,491,638,410,941,943,950,949,169,956,0.615054706162688,0.848403409649767
495,839,900,947,941,943,950,949,169,956,0.617929451858185,0.864949929874045
967,491,900,947,941,943,950,949,169,642,0.622696587438926,0.894662502200545
495,491,900,947,941,943,950,949,169,654,0.617401861487913,0.839599134187445
495,491,401,947,941,943,950,949,169,956,0.621870026684706,0.894662502200545
495,491,454,947,941,943,950,949,169,956,0.621035267460287,0.837819759555856
495,491,900,947,941,943,950,905,169,921,0.62544432300951,0.894662502200545
495,491,900,947,4,943,950,949,169,956,0.620994273198265,0.894662502200545
495,491,900,947,941,943,950,949,169,956,0.620942000388436,0.894662502200545
495,471,900,947,941,943,950,949,169,956,0.620660511565172,0.894662502200545
495,491,900,947,941,943,950,768,169,956,0.614858379411092,0.878115981976267
495,491,900,947,941,943,950,949,169,956,0.620942000388436,0.894662502200545
495,491,900,947,941,943,950,570,169,956,0.614239659842279,0.85915956985468
495,491,900,947,941,943,950,949,169,956,0.620942000388436,0.894662502200545
495,491,900,947,941,234,950,949,169,956,0.619054968980128,0.894662502200545
971,491,900,947,941,943,950,949,169,956,0.629952569578698,0.894662502200545
495,491,900,947,941,943,950,949,169,274,0.605825881775257,0.864949929874045
495,491,900,947,941,943,950,949,169,956,0.620942000388436,0.894662502200545
495,491,900,947,941,943,950,949,169,956,0.620942000388436,0.894662502200545
495,491,900,947,941,943,950,949,169,956,0.620942000388436,0.894662502200545
495,491,900,947,941,943,950,949,169,956,0.620942000388436,0.894662502200545
495,491,900,947,941,943,950,949,169,956,0.620942000388436,0.894662502200545
495,491,925,947,941,943,950,949,169,956,0.622168823889899,0.878115981976267
495,491,919,54,500,943,950,949,169,876,0.640680018868317,0.878115981976267
495,491,900,947,941,943,311,949,169,956,0.615393201475386,0.878115981976267
495,41,900,947,941,943,950,949,169,956,0.624954839323067,0.853776386212666
495,491,385,947,941,398,950,949,169,956,0.647150495951087,0.894662502200545
495,491,900,947,590,943,950,949,169,956,0.621819112629822,0.894662502200545
740,491,900,947,941,943,950,949,169,956,0.615565822917631,0.894662502200545
495,491,900,947,797,943,950,949,169,956,0.613414698290103,0.878115981976267
495,491,726,947,941,943,950,949,169,956,0.622552596494169,0.878115981976267
495,865,900,947,941,943,950,949,169,956,0.617038619181018,0.878115981976267
495,491,900,947,941,943,950,949,169,956,0.620942000388436,0.894662502200545
495,491,900,947,941,633,394,949,169,956,0.62562394835208,0.85915956985468
495,491,852,947,941,943,950,949,169,956,0.623786584674064,0.864949929874045
495,491,900,947,941,943,950,949,169,956,0.620942000388436,0.894662502200545
495,491,900,947,941,943,950,949,169,956,0.620942000388436,0.894662502200545
495,491,900,947,807,943,950,949,169,956,0.62069109029004,0.878115981976267
495,491,900,947,941,943,950,949,270,956,0.621739416863936,0.864949929874045
495,491,900,947,941,943,950,949,169,956,0.620942000388436,0.894662502200545
495,491,900,947,99,943,950,949,169,956,0.61705375220546,0.878115981976267
580,491,900,947,941,98,950,949,169,956,0.626168171464234,0.844950645876205
495,491,900,947,941,943,950,949,169,956,0.620942000388436,0.894662502200545
495,491,900,947,941,943,950,949,169,956,0.620942000388436,0.894662502200545
495,491,900,947,941,694,950,949,169,956,0.626252402511564,0.894662502200545
495,491,900,947,941,943,338,949,169,956,0.611070073590263,0.894662502200545
495,491,900,947,941,943,950,949,386,956,0.623185398606763,0.894662502200545
495,491,900,947,126,943,950,949,169,956,0.617485755185809,0.894662502200545
495,491,521,947,941,667,950,949,169,956,0.642007695727305,0.848403409649767
495,491,940,947,941,943,141,949,169,956,0.631918588951551,0.845448820301637
495,491,900,947,941,943,950,949,169,956,0.620942000388436,0.894662502200545
495,491,900,947,941,943,950,949,169,956,0.620942000388436,0.894662502200545
495,384,824,947,941,943,950,949,169,956,0.629641393212551,0.844950645876205
495,491,900,947,941,943,271,949,169,956,0.61746230725102,0.894662502200545
495,491,900,947,941,943,961,949,169,956,0.612731279879609,0.894662502200545
495,865,900,305,941,943,950,949,169,956,0.608170169708419,0.827422367417221
495,873,900,947,941,943,950,949,169,956,0.621043284842691,0.850948913237576
600,494,900,947,941,652,950,949,169,956,0.613857509713245,0.878115981976267
495,491,900,947,941,943,950,949,595,956,0.622862960237525,0.878115981976267
495,491,900,947,941,439,950,949,169,956,0.626096834835553,0.894662502200545
495,491,900,947,941,943,950,949,169,956,0.620942000388436,0.894662502200545
495,491,900,947,941,943,950,949,169,956,0.620942000388436,0.894662502200545
495,491,900,947,473,512,950,949,9,110,0.595205101997937,0.894662502200545
495,142,900,947,941,943,950,949,169,956,0.621031212947338,0.878115981976267
495,491,900,947,412,943,950,949,169,956,0.617406877132356,0.894662502200545
495,491,900,947,771,943,950,949,169,956,0.621856334158606,0.878115981976267
495,491,900,947,941,943,950,949,169,956,0.620942000388436,0.894662502200545
495,491,945,947,941,943,950,949,985,956,0.632178953748679,0.894662502200545
406,491,900,947,941,943,950,949,169,956,0.635701553442378,0.894662502200545
495,491,584,947,999,943,950,949,169,956,0.627138280760742,0.894662502200545
495,491,548,947,941,943,950,949,169,956,0.620877722570263,0.878115981976267
495,491,900,947,941,919,950,949,169,956,0.645332862253908,0.894662502200545
495,491,900,947,941,943,244,949,169,956,0.619887159691348,0.861497166100483
495,491,900,947,941,943,950,834,169,410,0.608578220723294,0.878115981976267
495,491,900,947,941,943,950,949,169,956,0.620942000388436,0.894662502200545
495,491,900,321,941,943,950,949,169,956,0.611978774188823,0.894662502200545
495,491,900,947,941,943,950,949,169,956,0.620942000388436,0.894662502200545
495,491,900,947,941,943,950,949,169,956,0.620942000388436,0.894662502200545
495,491,900,947,941,167,950,949,169,956,0.616723475044488,0.894662502200545
495,491,900,947,941,943,950,949,169,956,0.620942000388436,0.894662502200545
495,491,900,947,941,943,950,949,253,956,0.615529894233509,0.842412108209113
495,491,900,947,941,943,950,949,169,956,0.620942000388436,0.894662502200545
495,491,947,38,457,943,950,949,169,956,0.626709821605228,0.861130960644463
495,491,900,947,941,943,950,949,169,956,0.620942000388436,0.894662502200545
495,491,900,947,941,943,950,949,169,956,0.620942000388436,0.894662502200545
495,491,900,947,941,943,950,949,169,956,0.620942000388436,0.894662502200545
495,491,900,947,941,943,950,949,169,956,0.620942000388436,0.894662502200545
495,491,900,947,990,943,950,949,169,956,0.620038010236443,0.894662502200545
495,491,900,947,941,943,950,949,333,956,0.617764593477601,0.894662502200545
280,491,900,947,941,943,566,949,169,956,0.614209987452023,0.834402393013298
495,116,900,947,941,250,950,949,169,935,0.596877322256197,0.805039872478844
495,491,900,179,941,943,950,949,169,956,0.609713431572416,0.894662502200545
495,491,900,947,844,943,950,949,890,956,0.633428950395505,0.878115981976267
495,59,900,947,941,943,950,949,169,956,0.621043284842691,0.894662502200545
495,491,900,947,941,943,950,949,169,956,0.620942000388436,0.894662502200545
495,540,900,278,941,943,950,635,169,956,0.614492659760182,0.878115981976267
852,491,900,947,941,179,950,949,169,956,0.611303997066814,0.864949929874045
495,491,84,947,941,943,950,875,169,956,0.610057476436194,0.878115981976267
495,491,900,947,941,943,950,949,169,956,0.620942000388436,0.894662502200545
495,491,900,947,818,943,950,949,169,956,0.624817156562598,0.894662502200545
495,491,900,947,941,943,950,949,169,555,0.615244091706353,0.894662502200545
495,491,900,947,941,943,950,949,169,956,0.620942000388436,0.894662502200545
971,491,900,947,941,943,950,949,169,956,0.629952569578698,0.894662502200545
648,491,900,947,941,943,950,949,285,956,0.651793481696512,0.85915956985468
495,491,566,676,941,68,950,949,169,956,0.612475536360036,0.86156946175199
495,491,900,947,941,943,760,771,169,956,0.609861149341624,0.878115981976267
495,491,434,947,941,943,950,949,169,956,0.621433700948169,0.894662502200545
570,491,900,947,941,943,950,949,169,956,0.61802060503982,0.85915956985468
495,491,900,947,941,943,950,949,169,956,0.620942000388436,0.894662502200545
495,491,900,947,941,943,950,949,169,956,0.620942000388436,0.894662502200545
495,491,900,947,941,943,950,949,169,956,0.620942000388436,0.894662502200545
495,491,900,791,941,943,950,949,169,956,0.615486036215674,0.894662502200545
495,491,900,947,941,943,950,949,169,956,0.620942000388436,0.894662502200545
495,491,741,470,207,943,950,949,169,956,0.637637404994354,0.894662502200545
495,491,812,906,941,943,950,949,169,956,0.609197534686453,0.864949929874045
495,491,900,947,941,943,950,949,169,956,0.620942000388436,0.894662502200545
495,491,900,947,36,943,950,961,169,956,0.610175528196744,0.894662502200545
495,491,900,947,941,943,950,949,169,956,0.620942000388436,0.894662502200545
495,491,900,947,941,943,950,765,169,956,0.608445448097074,0.894662502200545
495,491,900,947,941,943,145,949,169,956,0.619692480680566,0.878115981976267
495,491,900,947,941,943,950,949,169,956,0.620942000388436,0.894662502200545
495,553,900,947,941,943,950,949,169,540,0.611115305916043,0.878115981976267
495,491,900,947,941,943,950,949,169,956,0.620942000388436,0.894662502200545
495,491,714,947,941,943,643,949,169,956,0.622943982055576,0.86156946175199
495,491,697,947,941,943,84,269,169,956,0.595293713723733,0.826066529406125
495,491,900,947,941,943,950,949,169,956,0.620942000388436,0.894662502200545
495,491,900,947,941,943,950,949,169,956,0.620942000388436,0.894662502200545
962,491,900,947,941,943,950,709,171,956,0.614824668600543,0.864949929874045
495,491,900,947,941,943,950,949,169,837,0.614732815456917,0.878115981976267
495,491,900,947,941,943,950,949,169,956,0.620942000388436,0.894662502200545
495,491,900,947,941,943,950,949,169,956,0.620942000388436,0.894662502200545
495,491,900,947,941,178,950,949,169,956,0.611951775825041,0.894662502200545
495,366,900,947,941,943,950,949,169,956,0.62266356938687,0.878115981976267
495,366,900,947,18,943,950,949,169,956,0.619822876252985,0.848403409649767
495,491,900,947,941,126,950,949,169,346,0.612644520401915,0.850948913237576
495,491,900,947,941,943,950,949,169,956,0.620942000388436,0.894662502200545
495,491,900,947,941,169,950,949,867,956,0.618250643711468,0.864949929874045
356,491,853,947,941,943,245,949,972,956,0.647703056383169,0.828404125651928
495,491,900,947,941,943,950,949,169,956,0.620942000388436,0.894662502200545
495,82,900,947,941,517,950,949,169,956,0.616481794700511,0.861497166100483
495,491,900,947,941,943,950,949,169,519,0.610802830417919,0.894662502200545
495,491,900,947,941,943,950,949,761,400,0.608312896131739,0.837819759555856
495,491,900,947,941,943,950,949,169,956,0.620942000388436,0.894662502200545
495,491,900,947,941,943,950,949,169,956,0.620942000388436,0.894662502200545
495,491,900,963,692,943,950,949,169,956,0.627842358779542,0.894662502200545
495,491,900,947,941,943,950,949,169,956,0.620942000388436,0.894662502200545
495,491,900,947,941,943,950,949,737,956,0.626357063309928,0.843010872357886
495,971,900,947,941,113,950,350,169,956,0.617286968181523,0.813449172341406
495,491,900,947,736,943,950,949,516,956,0.622129585362755,0.878115981976267
495,491,900,947,344,943,607,949,169,956,0.635211624342744,0.894662502200545
495,491,900,947,941,943,425,192,169,956,0.609517757316334,0.861497166100483
495,491,900,675,434,943,950,353,169,956,0.600710157784478,0.86156946175199
495,491,900,36,941,943,950,949,169,956,0.616075038498611,0.894662502200545
495,491,900,156,941,943,950,949,169,956,0.613722217044018,0.861497166100483
495,491,900,947,941,260,950,949,169,956,0.628436552164677,0.894662502200545
495,617,900,245,941,943,950,949,169,956,0.615195659886706,0.827692712665934
739,491,900,922,941,943,950,949,169,956,0.610582516173878,0.861130960644463
495,491,900,947,451,943,950,949,934,956,0.622575659347098,0.878115981976267
495,491,900,947,941,943,950,949,765,956,0.61629965264439,0.894662502200545
495,409,900,947,941,943,773,949,169,956,0.624338252531608,0.834051821275075
495,169,900,947,941,572,950,949,89,956,0.622897049016729,0.83699025171776
495,491,900,947,828,943,678,949,169,956,0.615019643442588,0.86156946175199
495,491,900,381,941,943,950,949,169,956,0.607383086821473,0.894662502200545
495,491,900,947,941,948,950,949,169,956,0.61393988789047,0.878115981976267
450,491,900,947,941,943,950,949,169,956,0.637423775846792,0.894662502200545
650,491,900,947,941,943,950,949,505,956,0.643204846100487,0.878115981976267
495,491,900,947,941,943,950,949,169,956,0.620942000388436,0.894662502200545
654,491,900,947,941,943,950,949,169,956,0.620656123098253,0.839599134187445
495,491,900,947,941,943,950,949,169,956,0.620942000388436,0.894662502200545
495,118,900,947,941,943,950,949,169,956,0.622353529044578,0.894662502200545
495,226,900,947,674,943,950,949,465,956,0.618426145069417,0.878115981976267
495,491,900,947,941,943,950,949,169,956,0.620942000388436,0.894662502200545
495,491,900,947,941,943,950,949,169,956,0.620942000388436,0.894662502200545
495,595,900,947,550,943,950,199,169,956,0.614011714282722,0.8193074759327
495,491,900,947,941,943,950,949,169,956,0.620942000388436,0.894662502200545
495,491,900,947,941,943,950,949,169,956,0.620942000388436,0.894662502200545
495,491,900,947,941,943,950,949,169,956,0.620942000388436,0.894662502200545
495,491,900,947,941,943,59,949,169,956,0.617793809305252,0.894662502200545
495,491,900,947,934,943,950,949,169,956,0.619684703988164,0.878115981976267
495,491,900,947,941,943,950,949,169,956,0.620942000388436,0.894662502200545
495,491,900,947,941,943,950,949,169,956,0.620942000388436,0.894662502200545
495,491,900,947,941,943,950,949,169,956,0.620942000388436,0.894662502200545
495,491,900,947,941,943,950,949,169,956,0.620942000388436,0.894662502200545
495,491,900,262,941,943,950,949,42,956,0.604569416222426,0.878115981976267
495,491,900,153,941,943,950,949,169,956,0.613863283114194,0.861497166100483
495,491,900,947,941,943,950,949,169,956,0.620942000388436,0.894662502200545
495,491,900,648,941,943,950,949,169,956,0.629801614665919,0.85915956985468
495,491,900,947,941,943,950,949,169,956,0.620942000388436,0.894662502200545
495,491,900,947,941,943,950,949,169,956,0.620942000388436,0.894662502200545
495,491,900,947,941,943,950,949,169,956,0.620942000388436,0.894662502200545
495,491,900,822,243,349,950,949,169,956,0.60249304949761,0.840542804824709
495,491,900,947,941,943,950,949,597,956,0.616706524059878,0.864949929874045
495,491,900,947,941,943,950,67,169,956,0.610661028250769,0.894662502200545
495,491,900,947,941,943,950,949,169,982,0.616827831845963,0.894662502200545
495,491,900,136,941,943,950,949,169,956,0.625864985396843,0.864949929874045
443,491,747,125,941,943,950,949,169,956,0.604981362342951,0.894662502200545
495,491,900,947,941,943,950,949,169,956,0.620942000388436,0.894662502200545
495,491,900,947,760,943,950,949,513,956,0.62466294531067,0.894662502200545
495,491,900,947,941,943,950,949,169,956,0.620942000388436,0.894662502200545
495,491,900,947,941,943,950,949,169,956,0.620942000388436,0.894662502200545
495,491,900,947,941,943,950,949,169,956,0.620942000388436,0.894662502200545
495,491,900,947,941,943,950,949,169,956,0.620942000388436,0.894662502200545
495,491,900,947,86,943,950,949,169,956,0.619616927330301,0.878115981976267
613,491,477,947,941,943,950,949,169,956,0.600656671292811,0.894662502200545
495,491,900,947,378,943,950,949,169,651,0.610249812211878,0.864949929874045
495,491,900,947,432,943,950,374,169,956,0.618843797287545,0.861497166100483
495,491,900,947,941,943,950,949,169,956,0.620942000388436,0.894662502200545
835,491,900,869,941,943,950,949,169,956,0.608908629318473,0.861497166100483
495,373,900,947,941,943,950,949,169,956,0.623360505732987,0.846888970977078
495,491,900,947,941,943,950,949,169,956,0.620942000388436,0.894662502200545
495,490,900,947,941,943,950,949,169,284,0.610681703181905,0.861130960644463
495,287,900,947,941,943,950,949,572,956,0.620096280883506,0.799417074566201
495,491,724,947,941,943,950,949,169,956,0.62275003778857,0.878115981976267
495,491,900,947,941,943,950,949,169,956,0.620942000388436,0.894662502200545
495,491,217,947,941,943,950,949,169,956,0.618142942496372,0.894662502200545
495,949,900,947,941,943,950,506,169,956,0.619900854906252,0.894662502200545
562,491,274,947,941,943,90,949,169,956,0.620269860511037,0.83185688942549
208,30,900,947,941,319,950,949,169,956,0.608637959550126,0.798619257673921
495,491,900,947,941,943,950,949,169,956,0.620942000388436,0.894662502200545
495,491,900,947,941,943,950,949,169,956,0.620942000388436,0.894662502200545
481,491,900,947,594,943,950,949,169,956,0.62159409849872,0.878115981976267
495,491,900,947,941,943,950,949,169,956,0.620942000388436,0.894662502200545
495,491,900,947,941,943,950,949,169,956,0.620942000388436,0.894662502200545
495,491,900,947,941,943,950,949,509,956,0.622454925083727,0.878115981976267
495,491,988,947,941,884,950,949,169,956,0.644868714076498,0.853536771942038
495,491,900,947,941,943,950,949,169,578,0.606350281707221,0.894662502200545
495,491,900,947,941,943,950,949,169,956,0.620942000388436,0.894662502200545
495,721,900,947,941,943,950,949,169,303,0.608959684503818,0.86156946175199
495,491,900,947,941,943,950,949,169,752,0.60543893321944,0.894662502200545
495,491,900,947,941,351,950,170,169,956,0.599139336072182,0.878115981976267
495,491,900,947,941,943,294,949,169,956,0.617714632704082,0.861497166100483
495,491,900,947,941,943,950,251,169,956,0.61661100255863,0.850359527505695
495,895,127,947,941,943,950,949,169,956,0.622091364658854,0.894662502200545
495,491,900,947,941,943,950,949,169,464,0.634035623985125,0.894662502200545
495,491,900,510,907,943,950,949,169,956,0.621248822282173,0.878115981976267
495,491,900,947,941,943,950,949,534,956,0.623053818165581,0.894662502200545
495,491,900,947,941,943,950,949,169,956,0.620942000388436,0.894662502200545
495,491,900,947,941,943,950,949,169,956,0.620942000388436,0.894662502200545
495,491,900,219,941,943,950,949,169,956,0.613719379041093,0.894662502200545
495,491,900,947,941,943,950,530,514,956,0.614308406862968,0.894662502200545
495,491,926,109,941,943,597,949,169,956,0.606973591071997,0.83185688942549
495,771,900,947,941,943,350,949,169,956,0.614029015412718,0.842613049630403
495,491,900,895,941,943,950,949,169,956,0.616639739980046,0.894662502200545
495,491,900,947,941,943,950,949,169,956,0.620942000388436,0.894662502200545
495,491,900,947,941,943,950,949,169,956,0.620942000388436,0.894662502200545
495,491,900,947,941,943,950,949,169,956,0.620942000388436,0.894662502200545
495,491,900,947,941,943,851,949,169,956,0.618426434249579,0.894662502200545
495,491,900,757,941,36,950,949,169,956,0.610751380849236,0.878115981976267
665,491,900,947,941,943,950,949,646,956,0.625932318828677,0.831784593773983
495,491,277,947,941,943,950,949,169,956,0.617632731773634,0.894662502200545
495,491,900,947,941,943,950,949,169,956,0.620942000388436,0.894662502200545
495,491,900,947,941,943,950,949,169,956,0.620942000388436,0.894662502200545
495,491,900,947,941,943,950,949,360,956,0.628913071175923,0.894662502200545
495,491,900,947,941,943,950,949,169,956,0.620942000388436,0.894662502200545
495,255,900,947,941,943,950,53,169,956,0.614305977300604,0.878115981976267
495,491,392,947,941,943,950,949,169,956,0.621565637146223,0.894662502200545
495,491,900,947,66,943,950,949,169,129,0.617039500267715,0.861130960644463
495,491,900,947,941,943,950,949,169,956,0.620942000388436,0.894662502200545
495,491,900,947,941,943,950,949,169,956,0.620942000388436,0.894662502200545
495,491,900,947,941,943,950,949,169,956,0.620942000388436,0.894662502200545
495,491,900,947,941,943,950,949,169,956,0.620942000388436,0.894662502200545
495,491,900,947,941,943,950,949,169,956,0.620942000388436,0.894662502200545
495,491,900,947,941,943,950,949,169,956,0.620942000388436,0.894662502200545
495,491,900,947,834,943,950,949,169,956,0.623179055270826,0.894662502200545
495,491,900,880,941,943,950,949,169,487,0.597842141678834,0.864949929874045
495,491,900,136,941,943,950,394,169,956,0.615021680428294,0.864949929874045
495,491,900,947,941,943,950,949,169,956,0.620942000388436,0.894662502200545
495,491,900,947,548,943,950,949,169,956,0.619286808137567,0.878115981976267
495,491,900,947,941,943,895,949,169,699,0.612057500889673,0.8546119446432
495,491,900,947,941,943,950,949,169,956,0.620942000388436,0.894662502200545
495,491,900,92,941,943,950,949,169,956,0.618460761344382,0.85491678880911
495,491,900,947,941,943,950,949,169,956,0.620942000388436,0.894662502200545
495,491,900,326,941,943,950,949,169,956,0.614373745190643,0.894662502200545
495,491,900,947,941,943,950,949,169,956,0.620942000388436,0.894662502200545
495,491,900,947,941,943,988,949,169,956,0.639777529588097,0.853536771942038
495,491,900,947,941,943,950,385,169,956,0.639085976601708,0.894662502200545
495,491,900,947,941,943,950,949,169,956,0.620942000388436,0.894662502200545
643,491,900,947,941,943,950,949,169,956,0.623962695575252,0.878115981976267
495,450,900,947,941,943,950,949,169,956,0.642419817750449,0.894662502200545
495,491,900,947,517,943,950,949,169,956,0.627693003575329,0.894662502200545
495,491,900,267,941,943,950,949,169,956,0.609211446362984,0.894662502200545
495,491,900,417,941,943,950,949,169,956,0.603046085231157,0.846800887934226
935,491,900,947,941,943,950,949,169,242,0.607840351853487,0.842613049630403
495,491,900,947,941,833,950,949,169,956,0.615126165468055,0.878115981976267
495,491,900,947,195,943,950,949,169,956,0.621888471175332,0.878115981976267
495,491,900,947,941,943,950,949,169,360,0.616325425920589,0.894662502200545
495,491,900,947,941,943,950,949,169,151,0.626008201984118,0.860858048765996
495,491,900,6,941,943,391,949,169,956,0.616693072974639,0.894662502200545
495,491,900,947,941,943,950,949,786,956,0.614475428249924,0.85915956985468
495,491,900,947,941,943,950,949,169,956,0.620942000388436,0.894662502200545
495,267,900,947,941,943,950,949,169,956,0.616724230256042,0.894662502200545
495,491,900,947,941,943,950,949,169,956,0.620942000388436,0.894662502200545
495,362,900,947,941,943,950,949,169,956,0.626143341495547,0.894662502200545
495,491,900,947,941,943,950,949,169,956,0.620942000388436,0.894662502200545
495,491,900,947,941,943,950,844,169,97,0.599992502683677,0.848403409649767
495,491,900,947,941,943,950,949,169,956,0.620942000388436,0.894662502200545
495,491,252,947,941,943,572,949,169,71,0.610978141595385,0.83699025171776
617,22,948,947,941,943,950,949,169,956,0.618064601720937,0.844311528541718
730,491,900,518,941,943,950,949,169,956,0.612204542739216,0.844584440420185
495,491,900,947,941,943,719,949,169,956,0.619300100595563,0.894662502200545
495,491,900,947,941,943,168,949,169,956,0.615870154423477,0.894662502200545
495,491,900,947,941,943,686,949,169,956,0.618860110513327,0.878115981976267
495,491,900,947,941,247,950,949,603,956,0.638149173785922,0.816555074071145
495,491,900,38,941,943,223,949,169,956,0.610853079014831,0.878115981976267
495,491,900,947,941,943,950,949,316,956,0.620879298456491,0.894662502200545
495,491,900,947,941,943,950,949,169,956,0.620942000388436,0.894662502200545
495,491,900,947,941,943,950,949,169,956,0.620942000388436,0.894662502200545
495,491,900,947,941,943,950,949,169,956,0.620942000388436,0.894662502200545
495,491,900,947,941,943,950,949,169,956,0.620942000388436,0.894662502200545
495,491,900,947,941,943,950,949,169,956,0.620942000388436,0.894662502200545
495,491,470,947,941,943,950,222,169,30,0.597405084568212,0.844950645876205
495,491,900,947,941,441,950,10,169,956,0.618834216619815,0.860858048765996
106,491,431,947,941,943,325,949,169,956,0.610862112449418,0.808643629703242
495,491,900,947,941,943,950,949,169,956,0.620942000388436,0.894662502200545
495,491,900,947,941,943,692,602,169,956,0.609342683437814,0.850948913237576
495,491,900,947,941,943,950,949,169,956,0.620942000388436,0.894662502200545
495,491,900,947,467,943,950,949,169,956,0.621646998699817,0.878115981976267
495,491,900,947,941,943,950,949,169,956,0.620942000388436,0.894662502200545
495,491,900,947,941,943,950,949,169,956,0.620942000388436,0.894662502200545
920,491,900,947,941,943,950,949,169,956,0.623894737952897,0.894662502200545
495,491,900,947,941,943,950,949,809,956,0.619255644871694,0.894662502200545
495,491,900,947,941,943,603,949,169,956,0.634013190943909,0.850359527505695
495,491,900,947,941,943,950,949,169,956,0.620942000388436,0.894662502200545
495,491,900,947,941,943,950,949,169,956,0.620942000388436,0.894662502200545
495,491,900,947,941,943,950,949,169,956,0.620942000388436,0.894662502200545
495,220,900,443,941,943,950,949,169,956,0.607181790402794,0.878115981976267
495,491,900,947,941,943,950,949,211,956,0.623841680573305,0.861497166100483
495,491,900,947,941,943,950,949,169,956,0.620942000388436,0.894662502200545
495,491,900,947,941,943,950,949,169,956,0.620942000388436,0.894662502200545
495,491,900,947,941,651,950,949,169,956,0.61413372336802,0.894662502200545
797,491,900,947,941,943,654,949,169,956,0.616011118576317,0.823052613963167
495,491,900,947,941,943,950,949,169,956,0.620942000388436,0.894662502200545
495,491,900,947,941,943,950,949,169,956,0.620942000388436,0.894662502200545
495,491,900,947,941,943,950,949,169,956,0.620942000388436,0.894662502200545
495,491,900,947,941,943,950,949,169,956,0.620942000388436,0.894662502200545
218,491,900,947,941,943,950,949,169,956,0.625232608959885,0.861497166100483
495,491,900,165,941,943,950,949,620,956,0.62586846189764,0.878115981976267
495,491,900,947,941,943,950,949,169,956,0.620942000388436,0.894662502200545
495,491,900,891,941,943,950,949,169,956,0.615103010550321,0.894662502200545
495,491,971,947,395,943,950,949,241,956,0.643281003505627,0.853776386212666
495,491,900,947,941,943,950,949,169,956,0.620942000388436,0.894662502200545
495,491,900,947,941,943,950,949,169,956,0.620942000388436,0.894662502200545
495,491,900,947,941,943,950,216,169,956,0.611599759902526,0.894662502200545
495,708,900,947,560,629,950,949,169,956,0.613423733571797,0.86156946175199
495,491,900,947,941,943,950,949,169,956,0.620942000388436,0.894662502200545
495,491,900,947,941,20,950,949,169,956,0.615721803323049,0.894662502200545
495,491,900,947,536,943,950,949,169,956,0.624689547934618,0.894662502200545
495,491,900,947,941,943,950,949,169,956,0.620942000388436,0.894662502200545
495,491,900,947,941,943,950,949,169,956,0.620942000388436,0.894662502200545
493,949,900,486,941,943,950,699,879,956,0.604822241323255,0.8546119446432
495,491,900,947,941,943,950,949,169,54,0.609072461083232,0.894662502200545
495,491,452,947,999,943,950,15,169,956,0.618506429476564,0.845687859382563
495,491,900,947,941,943,950,949,169,956,0.620942000388436,0.894662502200545
495,491,900,947,941,943,950,949,999,956,0.624445876901807,0.894662502200545
495,491,900,947,941,943,173,949,169,956,0.613671146097128,0.894662502200545
495,491,900,947,941,943,950,949,169,956,0.620942000388436,0.894662502200545
495,491,900,947,941,712,950,949,169,956,0.616833911726915,0.894662502200545
495,969,900,947,941,943,950,949,169,956,0.627562532650044,0.894662502200545
495,491,900,947,941,943,950,949,169,956,0.620942000388436,0.894662502200545
495,491,900,320,941,446,950,949,169,956,0.633550560384718,0.894662502200545
495,491,673,947,941,943,950,949,169,956,0.622645913461161,0.878115981976267
495,491,900,947,990,943,372,949,169,956,0.620094373120245,0.864949929874045
640,491,900,947,941,943,807,949,169,543,0.59979276208388,0.878115981976267
495,491,900,947,941,943,950,949,169,956,0.620942000388436,0.894662502200545
495,491,900,947,941,943,950,949,169,956,0.620942000388436,0.894662502200545
495,491,900,947,941,943,950,683,169,956,0.61565415155255,0.894662502200545
495,491,900,947,941,943,950,949,169,956,0.620942000388436,0.894662502200545
495,491,900,366,941,943,950,838,169,956,0.609134981708486,0.878115981976267
495,491,900,947,941,943,950,949,481,956,0.626449477724852,0.894662502200545
495,491,900,947,308,943,605,949,169,956,0.624459536681764,0.894662502200545
495,491,900,947,937,943,950,949,169,956,0.617643751070901,0.878115981976267
495,423,900,947,569,943,950,949,169,956,0.625892157226224,0.838065424418922
495,491,900,947,941,943,950,949,169,956,0.620942000388436,0.894662502200545
495,491,900,947,941,943,950,945,169,956,0.615004675269047,0.894662502200545
495,254,900,963,941,943,950,949,169,956,0.630927154787961,0.878115981976267
495,491,900,947,941,943,950,949,169,956,0.620942000388436,0.894662502200545
495,491,900,947,304,943,950,949,169,956,0.61823796625134,0.894662502200545
495,491,900,947,941,943,950,949,287,956,0.617546773978382,0.840542804824709
495,491,900,745,941,943,950,949,169,956,0.614373745190643,0.894662502200545
495,491,900,947,941,170,950,986,169,956,0.608027299322273,0.894662502200545
495,491,900,947,941,943,950,949,169,956,0.620942000388436,0.894662502200545
495,491,900,947,941,943,950,115,169,956,0.618001689797608,0.894662502200545
42,491,900,947,941,943,950,949,169,956,0.612160795022196,0.894662502200545
688,491,900,947,941,943,950,488,169,956,0.607554755625878,0.894662502200545
495,491,900,947,941,943,950,949,169,956,0.620942000388436,0.894662502200545
495,491,900,947,941,943,950,949,169,956,0.620942000388436,0.894662502200545
495,491,900,947,941,943,950,949,169,956,0.620942000388436,0.894662502200545
307,491,900,947,941,943,950,949,169,956,0.61599804611749,0.894662502200545
495,491,900,947,513,943,950,949,169,956,0.621848488647286,0.894662502200545
495,491,900,878,941,943,950,949,169,956,0.614373616941026,0.878115981976267
495,491,227,947,941,943,950,949,169,956,0.62275003778857,0.853536771942038
304,491,900,947,566,943,950,949,169,956,0.618269379458748,0.878115981976267
495,491,900,947,970,499,950,545,169,956,0.637918527341556,0.844584440420185
495,491,900,947,941,943,950,949,169,956,0.620942000388436,0.894662502200545
495,491,900,947,941,943,950,949,169,956,0.620942000388436,0.894662502200545
495,491,900,947,941,79,950,949,169,956,0.609512422040168,0.861497166100483
495,261,173,947,941,943,950,949,169,956,0.62285591300333,0.878115981976267
495,491,900,947,941,943,950,949,169,956,0.620942000388436,0.894662502200545
495,491,900,947,941,943,48,949,169,956,0.612721132413083,0.878115981976267
495,491,900,947,941,943,331,949,169,956,0.614507131208584,0.894662502200545
495,491,916,947,941,943,950,949,169,694,0.618129756944889,0.894662502200545
660,491,900,947,941,943,950,949,169,956,0.62257914720641,0.878115981976267
495,50,900,947,941,943,950,949,169,956,0.62177910659767,0.878115981976267
495,491,834,947,941,943,950,949,388,956,0.630506924390877,0.894662502200545
495,491,363,947,941,943,950,949,169,956,0.618673220878806,0.894662502200545
495,491,900,947,941,943,950,949,169,956,0.620942000388436,0.894662502200545
864,491,900,947,457,943,950,949,395,956,0.61689146886437,0.821385247253028
495,491,900,947,941,943,950,949,169,956,0.620942000388436,0.894662502200545
495,491,900,947,941,943,950,949,169,173,0.606340426853797,0.894662502200545
495,491,900,947,941,943,950,949,169,759,0.634950866150367,0.894662502200545
495,491,900,947,941,943,950,949,169,956,0.620942000388436,0.894662502200545
495,491,900,947,941,943,854,189,169,956,0.613557424191121,0.878115981976267
495,491,900,947,941,943,614,949,169,956,0.619321572481978,0.861130960644463
495,491,900,947,941,547,950,949,267,956,0.625647645322582,0.878115981976267
495,491,900,947,941,943,106,949,169,956,0.618112370724797,0.864949929874045
495,491,900,947,941,943,950,949,169,912,0.612083245663549,0.878115981976267
495,491,900,947,941,943,950,949,169,956,0.620942000388436,0.894662502200545
495,491,900,947,941,943,950,949,350,956,0.622858879816363,0.85915956985468
495,491,900,947,941,943,950,949,169,956,0.620942000388436,0.894662502200545
736,491,900,947,941,943,950,949,169,956,0.614723227905988,0.878115981976267
495,491,900,947,941,943,950,949,169,956,0.620942000388436,0.894662502200545
495,491,900,852,941,711,950,949,169,956,0.618890770683834,0.864949929874045
495,491,900,947,941,835,950,949,169,956,0.613505833178189,0.894662502200545
495,714,900,947,941,943,950,624,169,956,0.614812135985517,0.838370268584832
495,491,624,947,941,943,950,949,169,956,0.624035129434864,0.85491678880911
495,491,900,947,941,943,950,949,169,956,0.620942000388436,0.894662502200545
495,491,900,947,941,943,950,949,169,956,0.620942000388436,0.894662502200545
337,491,900,947,941,943,950,949,169,956,0.622564782947375,0.894662502200545
495,491,900,947,941,943,950,949,169,956,0.620942000388436,0.894662502200545
495,491,900,947,941,943,529,949,169,956,0.624032718914854,0.842088022314032
495,491,900,935,941,943,950,949,169,956,0.616071718262315,0.85915956985468
495,491,900,947,941,943,950,949,169,956,0.620942000388436,0.894662502200545
495,491,900,947,941,943,950,949,169,956,0.620942000388436,0.894662502200545
495,491,934,947,652,943,950,949,169,43,0.620134681255716,0.86156946175199
495,491,900,947,941,943,950,949,169,855,0.610094858521679,0.878115981976267
495,491,900,947,941,943,950,949,169,956,0.620942000388436,0.894662502200545
495,491,900,947,941,943,950,949,169,956,0.620942000388436,0.894662502200545
495,491,900,947,941,943,950,949,169,956,0.620942000388436,0.894662502200545
495,491,900,947,941,943,950,949,169,63,0.611800827803596,0.894662502200545
495,491,900,947,941,943,950,949,683,680,0.606888160523585,0.860858048765996
495,491,748,947,941,163,950,949,169,956,0.624938430740611,0.860858048765996
495,491,900,947,941,943,950,949,169,956,0.620942000388436,0.894662502200545
495,491,900,947,941,943,950,949,169,956,0.620942000388436,0.894662502200545
495,491,506,947,941,943,950,949,169,956,0.621057905839718,0.894662502200545
495,491,900,947,395,943,487,949,169,956,0.629694993989805,0.894662502200545
914,491,977,947,941,943,875,949,169,956,0.616874333917372,0.8546119446432
495,491,900,677,941,943,950,949,169,956,0.614236018914153,0.878115981976267
495,98,900,947,941,943,950,949,169,956,0.61765032025836,0.878115981976267
495,491,900,947,941,943,950,949,169,956,0.620942000388436,0.894662502200545
495,491,900,947,941,943,950,949,169,956,0.620942000388436,0.894662502200545
495,491,900,877,941,943,950,949,169,956,0.627313686912034,0.878115981976267
495,270,900,947,941,943,950,949,169,956,0.620519196811106,0.864949929874045
901,491,900,947,941,712,950,949,169,956,0.619736349939161,0.852270313751708
495,556,900,947,941,943,950,949,169,956,0.629432406453699,0.894662502200545
853,491,535,947,941,476,950,982,169,956,0.630358221049793,0.878115981976267
495,491,900,947,941,238,950,949,169,956,0.614628624765648,0.878115981976267
495,491,900,947,941,943,950,949,427,956,0.62277313039502,0.856331408807348
495,491,900,947,941,730,950,949,169,956,0.618033220839735,0.878115981976267
495,491,900,947,941,943,950,949,169,956,0.620942000388436,0.894662502200545
495,491,900,947,941,943,950,949,169,956,0.620942000388436,0.894662502200545
495,491,900,947,941,943,950,949,169,956,0.620942000388436,0.894662502200545
495,491,900,947,941,943,950,949,169,423,0.609952205129235,0.878115981976267
495,491,900,947,941,943,950,949,169,956,0.620942000388436,0.894662502200545
495,344,900,947,941,943,950,949,169,956,0.615918411531778,0.894662502200545
495,771,900,947,941,943,77,949,169,956,0.616054440038149,0.878115981976267
495,855,900,947,941,943,950,949,169,956,0.621064162649891,0.878115981976267
495,491,271,947,941,693,950,949,169,956,0.612628293086752,0.878115981976267
495,491,900,947,941,943,950,949,169,411,0.613464015020916,0.894662502200545
495,491,900,947,941,943,950,949,169,956,0.620942000388436,0.894662502200545
495,491,900,947,941,943,950,385,169,956,0.639085976601708,0.894662502200545
495,454,900,947,941,657,950,949,169,956,0.619030866481046,0.798942986449526
495,491,967,947,941,884,950,949,169,956,0.641216517218508,0.894662502200545
495,491,900,947,941,943,950,949,169,956,0.620942000388436,0.894662502200545
170,491,900,947,941,943,950,949,169,956,0.607651672154447,0.894662502200545
495,491,900,947,941,943,986,949,965,956,0.629714732443528,0.894662502200545
495,491,900,517,941,943,950,949,169,956,0.62398126700748,0.894662502200545
495,491,900,947,707,943,950,949,169,956,0.613452819269325,0.878115981976267
495,491,900,947,941,943,950,949,169,956,0.620942000388436,0.894662502200545
495,491,900,947,941,943,950,949,169,956,0.620942000388436,0.894662502200545
495,491,900,947,412,943,950,949,169,956,0.617406877132356,0.894662502200545
495,491,900,87,941,943,950,949,169,956,0.613800533026214,0.894662502200545
495,491,900,947,941,943,950,949,169,956,0.620942000388436,0.894662502200545
495,491,900,947,941,254,950,949,169,956,0.617730199901121,0.878115981976267
495,491,900,947,941,509,950,949,169,956,0.617322164747324,0.878115981976267
495,491,900,947,941,943,950,949,169,956,0.620942000388436,0.894662502200545
495,491,900,947,941,943,950,949,169,956,0.620942000388436,0.894662502200545
495,491,900,947,941,699,950,949,904,956,0.620882167011026,0.820807491208651
495,491,672,947,941,943,950,949,169,956,0.6126355874174,0.840292622628816
495,491,900,947,440,943,950,949,169,956,0.614245736843573,0.894662502200545
495,491,900,947,6,943,950,949,169,956,0.617332253378433,0.894662502200545
495,528,644,947,941,943,950,949,169,956,0.63693780567993,0.894662502200545
485,491,900,947,941,943,950,949,169,956,0.619626902890215,0.878115981976267
495,491,900,947,941,943,842,949,169,956,0.615551576073916,0.894662502200545
495,491,900,947,941,943,950,949,449,956,0.629727879555181,0.894662502200545
495,491,900,947,941,943,950,949,45,956,0.613999338020929,0.894662502200545
495,491,900,947,941,943,950,172,169,55,0.595853550111441,0.861130960644463
495,491,900,947,941,943,950,949,169,956,0.620942000388436,0.894662502200545
318,491,900,947,941,943,602,694,314,956,0.650342309095099,0.850948913237576
495,491,900,947,941,943,950,949,169,956,0.620942000388436,0.894662502200545
997,491,900,947,941,943,950,949,169,956,0.612316103480436,0.878115981976267
495,491,900,947,941,943,784,949,169,956,0.619503132619015,0.85915956985468
495,491,621,947,941,943,950,949,169,98,0.607497193342877,0.844311528541718
495,491,900,947,941,925,950,949,169,956,0.616190647562146,0.878115981976267
495,491,900,947,941,943,950,949,169,956,0.620942000388436,0.894662502200545
495,491,900,947,941,943,950,949,593,956,0.625038641659948,0.894662502200545
495,491,576,947,941,943,950,949,169,586,0.616628732702786,0.812699535882613
495,491,900,981,941,943,950,949,169,956,0.622677581585757,0.878115981976267
495,491,900,827,941,943,950,949,169,956,0.612727898161228,0.894662502200545
495,491,900,947,941,943,950,808,169,956,0.626103845739439,0.894662502200545
495,491,900,947,941,149,950,949,169,956,0.610435413563919,0.894662502200545
495,491,900,947,27,943,561,949,169,956,0.614620794518825,0.827040987929527
495,491,900,947,941,339,950,949,169,956,0.61393988789047,0.894662502200545
495,491,900,947,941,943,950,949,169,956,0.620942000388436,0.894662502200545
495,491,900,947,941,943,950,949,169,897,0.637186532191929,0.878115981976267
495,119,900,947,311,943,950,949,169,956,0.604724243861157,0.878115981976267
495,491,790,947,941,943,950,949,169,956,0.634660467788391,0.864949929874045
495,476,900,947,941,943,950,949,169,956,0.620718032897343,0.894662502200545
495,491,900,947,941,943,950,949,169,956,0.620942000388436,0.894662502200545
495,491,900,947,924,943,950,949,169,249,0.612071602431774,0.894662502200545
495,491,28,947,941,943,950,949,385,956,0.647520099748489,0.878115981976267
495,491,900,947,941,943,950,949,169,956,0.620942000388436,0.894662502200545
495,491,900,947,941,943,950,810,169,956,0.611293020837093,0.894662502200545
495,491,900,947,941,943,950,949,334,956,0.621938484424842,0.878115981976267
495,491,900,947,941,943,950,949,169,719,0.612319613380951,0.894662502200545
495,491,82,947,941,943,950,949,169,956,0.622698170607979,0.861497166100483
495,491,900,947,760,943,950,949,169,956,0.619505671541472,0.894662502200545
495,491,488,947,941,943,950,600,169,956,0.596571746255392,0.894662502200545
495,491,900,947,941,943,570,949,169,956,0.617406554872033,0.85915956985468
495,491,748,947,941,943,950,949,169,956,0.611882067336942,0.860858048765996
495,491,900,947,941,943,950,949,169,707,0.60378633575139,0.878115981976267
495,491,900,947,941,943,950,949,169,956,0.620942000388436,0.894662502200545
495,491,900,947,941,943,950,949,169,956,0.620942000388436,0.894662502200545
495,491,900,947,941,943,950,949,169,956,0.620942000388436,0.894662502200545
495,491,900,947,941,943,950,949,169,956,0.620942000388436,0.894662502200545
495,491,900,947,941,943,950,949,169,956,0.620942000388436,0.894662502200545
495,491,900,947,941,943,950,949,902,956,0.622864439685975,0.878115981976267
992,491,900,947,941,943,774,949,169,956,0.605656508030022,0.878115981976267
495,491,900,947,941,943,856,101,169,359,0.593518130235278,0.878115981976267
392,491,900,947,941,943,950,949,169,956,0.618053051949608,0.894662502200545
495,491,900,947,941,624,950,949,169,956,0.621848619773779,0.85491678880911
495,491,900,947,941,662,950,949,185,956,0.612360599445326,0.864949929874045
495,491,900,947,941,943,950,949,169,956,0.620942000388436,0.894662502200545
495,491,900,947,941,943,779,204,169,956,0.60687830094065,0.850948913237576
495,289,900,53,324,883,950,949,169,956,0.611209367507836,0.878115981976267
495,491,900,947,941,8,950,949,169,956,0.616136648874308,0.878115981976267
495,491,900,947,241,943,950,949,169,956,0.621335248138949,0.853776386212666
495,491,900,947,941,943,950,949,169,956,0.620942000388436,0.894662502200545
495,574,900,712,941,943,345,949,169,956,0.616554734276984,0.894662502200545
495,216,900,947,637,943,950,949,169,956,0.61759413186985,0.85915956985468
254,491,900,947,941,943,436,413,169,956,0.60606237382496,0.878115981976267
495,491,900,947,941,943,950,949,169,956,0.620942000388436,0.894662502200545
495,491,900,947,941,943,950,949,169,956,0.620942000388436,0.894662502200545
644,859,973,947,941,943,950,158,169,696,0.611366671766472,0.771561383007238
495,426,900,947,941,943,950,949,169,956,0.620878797662653,0.838356202029742
495,491,900,947,967,943,950,949,169,956,0.63202212170974,0.894662502200545
495,491,900,947,941,943,950,949,169,956,0.620942000388436,0.894662502200545
495,491,900,947,941,943,950,949,169,956,0.620942000388436,0.894662502200545
495,491,900,947,941,943,950,949,169,956,0.620942000388436,0.894662502200545
495,491,323,947,941,943,359,73,169,956,0.629265581621609,0.86156946175199
495,491,900,947,350,943,149,949,169,556,0.619371762329822,0.85915956985468
495,491,900,947,941,943,950,949,169,956,0.620942000388436,0.894662502200545
495,491,900,947,941,943,950,949,169,956,0.620942000388436,0.894662502200545
495,491,900,947,941,943,950,949,543,956,0.626508730328604,0.894662502200545
495,491,678,947,941,943,950,949,169,956,0.62136827599958,0.878115981976267
495,491,900,947,941,943,950,949,169,956,0.620942000388436,0.894662502200545
495,491,900,947,941,943,950,949,169,956,0.620942000388436,0.894662502200545
495,491,194,947,941,943,950,949,169,956,0.622161395831837,0.894662502200545
628,491,900,947,941,943,950,949,169,956,0.614999762147806,0.894662502200545
495,4,900,947,941,943,950,949,169,956,0.621593813932137,0.894662502200545
495,281,900,947,941,943,950,949,169,956,0.619989377904428,0.878115981976267
495,491,900,947,941,943,950,949,169,956,0.620942000388436,0.894662502200545
875,491,900,188,627,878,950,949,169,956,0.589258698341103,0.821273239331578
495,761,900,947,941,943,950,949,169,956,0.621633155561889,0.894662502200545
495,491,900,947,760,943,950,949,169,956,0.619505671541472,0.894662502200545
495,825,900,947,941,943,950,949,169,956,0.6213522566244,0.878115981976267
495,491,791,484,502,943,950,949,169,956,0.617033734919573,0.894662502200545
495,491,900,947,941,943,950,949,169,956,0.620942000388436,0.894662502200545
495,491,900,947,941,943,950,949,169,956,0.620942000388436,0.894662502200545
495,799,900,947,941,943,950,949,169,956,0.617121299188269,0.894662502200545
495,195,900,947,339,943,950,949,169,956,0.620666300176746,0.878115981976267
495,491,900,947,941,943,950,949,169,956,0.620942000388436,0.894662502200545
495,491,900,947,317,943,950,949,169,956,0.623015882651723,0.85915956985468
495,491,900,947,310,943,950,949,169,956,0.615526316162557,0.878115981976267
651,491,939,947,941,943,950,949,169,956,0.617434769019139,0.853164260226268
385,491,900,947,941,943,950,949,169,956,0.642192463329558,0.894662502200545
495,491,900,947,941,943,950,949,169,956,0.620942000388436,0.894662502200545
495,491,900,947,941,943,950,949,169,956,0.620942000388436,0.894662502200545
495,491,900,570,941,943,950,949,169,956,0.61404015544401,0.85915956985468
495,491,900,947,622,943,950,949,169,956,0.615100935025853,0.853536771942038
495,491,900,947,941,943,950,949,169,956,0.620942000388436,0.894662502200545
495,491,900,947,941,943,950,524,169,956,0.615834219132574,0.894662502200545
495,490,900,947,941,943,950,949,169,956,0.620182691344157,0.894662502200545
495,491,900,947,941,943,950,949,169,956,0.620942000388436,0.894662502200545
495,203,900,947,941,943,950,949,169,956,0.635378041481873,0.853776386212666
495,491,900,947,941,943,950,949,169,956,0.620942000388436,0.894662502200545
495,491,900,947,941,943,950,949,169,956,0.620942000388436,0.894662502200545
495,491,900,947,941,943,950,109,169,956,0.608990833538542,0.878115981976267
495,491,900,947,941,943,950,949,169,956,0.620942000388436,0.894662502200545
495,491,900,561,213,943,950,949,169,956,0.597419036106284,0.844311528541718
495,491,53,947,941,943,950,707,169,956,0.610923353834946,0.86156946175199
495,491,900,947,941,943,950,949,169,956,0.620942000388436,0.894662502200545
495,491,900,947,941,943,950,949,169,956,0.620942000388436,0.894662502200545
495,491,900,947,941,964,950,949,169,956,0.621868433819924,0.894662502200545
495,491,900,947,941,943,950,949,169,956,0.620942000388436,0.894662502200545
495,491,900,604,941,884,950,244,169,956,0.620413272762772,0.844950645876205
495,491,900,947,941,943,950,949,169,956,0.620942000388436,0.894662502200545
495,491,900,947,82,943,950,894,169,956,0.608756345353322,0.861497166100483
495,491,900,947,941,943,950,949,169,956,0.620942000388436,0.894662502200545
495,491,900,947,376,714,950,949,169,956,0.608038049240394,0.848403409649767
495,491,900,947,941,943,950,949,169,956,0.620942000388436,0.894662502200545
495,491,900,947,941,943,950,949,861,956,0.663127937409931,0.894662502200545
495,491,900,947,941,915,711,949,169,956,0.636265065727612,0.894662502200545
495,491,308,947,941,943,950,949,284,956,0.630151258674261,0.861130960644463
495,491,900,947,941,943,950,949,169,956,0.620942000388436,0.894662502200545
495,491,900,947,941,943,950,949,169,956,0.620942000388436,0.894662502200545
495,491,900,947,941,943,950,949,169,956,0.620942000388436,0.894662502200545
495,491,900,947,941,645,950,949,505,956,0.627778476358482,0.861497166100483
495,491,900,947,941,894,950,949,169,956,0.611565851067281,0.894662502200545
3,491,900,947,299,943,950,949,169,956,0.614899513086705,0.856677897459072
495,552,288,762,898,943,950,949,169,956,0.615514582994162,0.821273239331578
495,491,900,947,941,943,950,949,169,956,0.620942000388436,0.894662502200545
441,491,779,947,941,826,113,949,169,956,0.59403559303101,0.815147651252722
