621,411,489,419,565,17,369,235,472,896,0.564298741630766,0.785244523457502
622,621,580,594,887,396,398,259,291,964,0.649602449848497,0.732268751941568
623,622,621,94,504,509,286,776,391,292,0.811859290287089,0.746531913830268
871,622,621,635,974,856,885,336,512,218,0.600906600352975,0.764212194144768
623,598,622,621,190,104,184,838,97,21,0.683254604631884,0.765062781931372
624,623,123,622,621,748,547,489,485,69,0.718651516960796,0.759963613763156
625,624,623,334,622,621,477,746,117,326,0.718864624609095,0.76203288918317
626,625,624,623,415,622,86,621,359,483,0.767010214065488,0.780422477638015
626,625,624,623,226,622,621,115,318,142,0.700184814879375,0.745810580924745
627,626,625,624,623,127,622,621,4,692,0.739442143004649,0.767235524502538
628,678,471,593,624,623,966,622,621,953,0.674067105685485,0.723368385070868
629,627,626,625,879,624,623,706,622,621,0.744997698560205,0.775800395257741
630,628,627,626,625,14,624,124,623,622,0.76693150694912,0.772585784339586
630,678,628,627,626,625,970,623,624,712,0.719934029359927,0.770790255322256
629,711,496,628,82,626,625,624,28,623,0.668607172797837,0.718072354584933
726,629,745,401,627,768,626,625,393,624,0.653310015154505,0.780523697308247
377,630,629,26,628,627,323,626,625,447,0.714173069174478,0.786758046660855
371,628,630,629,334,205,627,625,626,927,0.695079402756153,0.803330500963524
372,216,627,710,629,628,469,774,907,625,0.673523816076717,0.772806201372889
373,627,626,92,630,629,628,25,843,115,0.672170397824333,0.752731509517053
374,371,415,630,625,352,629,627,26,626,0.694131316091357,0.8167678627839
375,372,371,626,164,630,694,628,627,398,0.694649366407811,0.775649998429962
376,373,372,625,371,624,630,629,42,627,0.775906599527038,0.798654800574255
197,373,372,625,371,624,630,629,628,627,0.808482797856116,0.796834196378457
376,373,372,625,371,624,630,629,628,627,0.77954704885627,0.795524966483779
376,373,372,625,371,624,940,629,628,627,0.755726678049021,0.777645098133879
376,373,372,625,286,624,630,629,628,627,0.782930871793322,0.793497775363591
376,373,372,625,371,624,630,629,628,627,0.77954704885627,0.795524966483779
972,373,372,625,371,509,630,494,52,627,0.764577894423073,0.786280990910663
126,373,180,625,280,624,448,629,628,627,0.754466054298811,0.783308475096554
376,373,372,625,371,624,630,629,628,627,0.77954704885627,0.795524966483779
376,373,372,625,371,624,630,629,628,627,0.77954704885627,0.795524966483779
376,373,372,625,371,624,630,629,628,627,0.77954704885627,0.795524966483779
376,373,372,625,371,624,630,629,628,627,0.77954704885627,0.795524966483779
208,373,372,625,371,271,630,629,628,627,0.756208583056678,0.804621779253625
376,373,372,625,371,561,630,629,628,627,0.748765123266469,0.805968005026764
376,373,372,625,371,624,630,629,628,627,0.77954704885627,0.795524966483779
376,373,372,625,371,736,630,629,628,627,0.756621865279653,0.805429123270744
376,373,372,625,371,624,630,629,628,627,0.77954704885627,0.795524966483779
376,373,358,625,371,842,630,629,628,627,0.745097632716646,0.80387368456692
376,373,431,625,371,624,630,629,628,627,0.762498978594885,0.788384948755217
376,373,372,625,371,569,630,629,400,627,0.823011250264459,0.796635290283183
376,373,372,625,371,624,34,629,628,627,0.806510473105095,0.794153196739538
376,373,372,625,371,624,630,629,628,627,0.77954704885627,0.795524966483779
376,373,372,625,371,624,630,629,465,627,0.778847037412204,0.801149625279903
376,373,372,735,371,624,153,629,628,627,0.761268308644732,0.785039944830629
376,373,372,625,371,624,630,629,628,627,0.77954704885627,0.795524966483779
376,373,372,625,371,624,630,629,628,627,0.77954704885627,0.795524966483779
376,373,372,625,371,624,630,629,628,627,0.77954704885627,0.795524966483779
376,728,372,625,371,624,630,629,628,627,0.758452555730407,0.793677138984941
376,59,372,625,371,624,630,629,628,542,0.675854140113183,0.769520538646905
376,373,372,625,371,624,630,629,628,627,0.77954704885627,0.795524966483779
376,831,372,625,147,624,630,629,628,627,0.718088688800843,0.794350090934544
376,373,372,233,371,624,630,629,628,627,0.759126679771549,0.788381275944346
376,373,372,625,371,624,812,629,926,627,0.782289517780481,0.796019406326129
376,373,372,625,371,624,630,629,628,627,0.77954704885627,0.795524966483779
376,373,372,625,371,624,630,629,628,190,0.723855667738657,0.797844116927868
268,373,201,625,371,624,630,629,628,627,0.731962643825407,0.77739099376807
376,373,372,625,371,624,630,629,628,757,0.742516533973484,0.794585261124236
376,373,696,625,371,624,630,629,628,627,0.78574698182433,0.798308875103552
376,373,828,625,371,624,630,629,628,627,0.783716655311039,0.801462722730119
376,373,372,643,371,624,630,629,628,627,0.763837909048794,0.792077718578255
501,373,372,681,371,624,630,629,628,627,0.79090383740574,0.776654718922771
376,373,372,625,371,141,630,629,628,627,0.786693140304399,0.81015311525615
376,373,372,625,371,624,630,629,628,158,0.730790155331763,0.784072772472728
376,373,235,625,371,624,630,629,628,627,0.785190878926845,0.790025543434102
376,373,997,625,371,624,630,629,628,627,0.787037305207958,0.794279171527067
376,373,372,625,371,624,630,629,628,627,0.77954704885627,0.795524966483779
862,373,372,625,371,187,630,629,628,627,0.771588898370885,0.799651489135661
376,21,372,625,371,624,630,629,628,627,0.779762304844257,0.796970106668332
376,373,372,625,371,705,324,629,628,48,0.691013625170248,0.791548270338054
376,373,372,625,371,624,630,320,628,627,0.778793694751558,0.787823001175802
376,373,372,625,505,624,630,629,288,627,0.753158811851173,0.792748113032145
376,373,372,625,371,624,630,629,628,627,0.77954704885627,0.795524966483779
376,373,372,994,371,624,630,629,628,627,0.763055050778141,0.788381275944346
376,373,372,625,371,624,630,629,628,627,0.77954704885627,0.795524966483779
376,373,372,625,371,624,630,629,628,627,0.77954704885627,0.795524966483779
376,382,372,625,371,624,630,629,628,627,0.760209376652723,0.792752699646055
376,373,372,625,371,974,630,629,628,627,0.742045737655227,0.784757215013859
376,373,372,625,371,624,630,629,628,627,0.77954704885627,0.795524966483779
376,373,738,625,371,624,630,629,628,633,0.744965555118026,0.78629903901692
376,373,372,625,253,624,630,629,628,627,0.779853636311148,0.786280173589819
376,373,372,625,371,624,630,629,628,627,0.77954704885627,0.795524966483779
376,373,372,625,371,624,630,578,628,627,0.772378691760562,0.792860683836798
53,373,372,625,371,624,630,629,628,627,0.780017114794188,0.795267690072885
376,373,372,625,371,624,630,225,628,627,0.8182006700766,0.796980104651154
376,373,372,625,371,624,630,774,628,627,0.800245232931663,0.796324154326253
376,373,779,625,371,624,630,629,628,627,0.77053905412544,0.804697208500104
14,373,372,625,371,624,630,629,628,627,0.799241874699997,0.802068663550104
376,373,482,625,371,624,630,629,628,627,0.76146686989291,0.805096266363102
376,690,372,625,371,624,630,629,628,627,0.739128086822999,0.775286599905356
376,373,372,642,371,624,630,629,628,627,0.745266464079838,0.778667914774797
872,373,372,625,371,624,630,629,628,627,0.755773545651451,0.793360078337652
376,373,372,625,371,624,561,812,628,627,0.769864199057414,0.792558402643064
376,373,372,625,371,624,630,629,628,627,0.77954704885627,0.795524966483779
376,373,372,625,371,624,630,629,628,627,0.77954704885627,0.795524966483779
376,373,372,625,371,624,630,629,628,627,0.77954704885627,0.795524966483779
376,373,770,625,371,624,630,629,628,867,0.715857909062731,0.77587172018614
727,373,372,625,371,789,630,629,628,627,0.753524342792264,0.81065123740747
376,373,372,600,371,662,630,629,628,70,0.699323931957347,0.796193766305198
