941,335,359,780,923,816,171,783,758,225,0.963798595446984,0.718600799085156
942,941,788,334,266,331,949,352,860,37,0.959897018813726,0.758350683891576
943,942,941,89,816,775,764,853,195,129,0.969327924419883,0.774216412201688
944,943,942,941,602,113,642,299,964,610,0.972533831989788,0.76335702781074
945,944,943,942,941,165,562,373,545,872,0.961758066906711,0.781913140910358
946,945,944,943,237,941,306,207,386,908,0.969683121681461,0.818382027191132
946,945,944,943,942,941,561,355,61,698,0.965652219621304,0.809818461502371
946,945,944,943,942,941,288,773,401,728,0.943407924115155,0.780974110520103
947,946,945,944,943,294,941,482,237,559,0.946580148876179,0.795087758673366
948,947,946,945,944,942,10,941,383,892,0.948314662717135,0.79058139651496
949,948,947,946,945,943,942,908,941,417,0.982448120805182,0.779816527339575
950,949,948,947,629,944,943,942,58,941,0.969765934526105,0.797305195593074
950,989,949,948,946,945,944,943,942,651,0.974731886872549,0.8026004354599
950,994,949,948,946,945,944,943,942,764,0.9526068487521,0.803766597057987
950,700,476,949,947,946,945,37,943,942,0.961569618048759,0.800632397365814
949,950,455,59,948,947,946,944,717,943,0.986728210511812,0.78641900881968
949,927,950,943,948,947,946,944,979,611,0.947814858573925,0.787100536933951
950,755,948,488,949,789,947,945,944,943,0.990831354794342,0.77611236570622
950,897,948,935,664,299,987,946,945,944,0.949849757640524,0.747882127816511
946,950,949,826,852,948,153,947,369,945,0.966101486146215,0.767309065934754
949,483,947,950,970,70,948,497,946,468,0.964926705289225,0.773147946273203
946,949,944,947,950,40,227,960,753,163,0.938129748239839,0.76208149887502
945,497,793,948,949,76,950,127,947,946,0.965930936889085,0.795346071041163
945,112,949,181,946,27,943,948,776,947,0.956700869590017,0.702248957059358
943,948,64,946,945,949,405,416,461,450,0.965420837115919,0.750944940888094
950,945,943,949,947,396,354,494,948,181,0.98595877581747,0.771819412742801
950,945,943,584,949,777,947,350,442,600,0.923531193657629,0.78133363831419
647,950,941,948,947,691,944,949,483,312,0.963017476391709,0.79851497533417
675,950,941,948,947,389,942,177,949,250,0.994444444444444,0.745338267945344
947,944,339,1,948,950,945,247,18,593,0.957074946051185,0.748867507983415
949,942,947,216,860,944,432,950,157,948,0.976860700796055,0.739159806556295
948,946,945,949,851,560,944,942,950,200,0.963015319550055,0.780734916347014
944,950,946,948,947,945,260,530,912,537,0.9168851702907,0.758138919872089
948,947,941,943,114,365,950,945,944,949,0.97039177353634,0.800669255609442
948,947,941,943,466,970,950,945,944,919,0.97113811408313,0.78582503920637
948,947,982,943,941,860,950,809,942,243,0.956828770203555,0.76601326951347
950,943,941,949,942,811,944,81,422,71,0.957991925014778,0.808171270282292
950,943,941,949,844,589,626,546,335,786,0.938788373372603,0.775043292130109
948,945,942,23,688,943,782,907,941,950,0.99503096005,0.783044569164214
948,945,942,31,465,943,944,868,941,950,0.984507329079975,0.805577936458327
948,945,469,942,829,506,944,88,941,950,0.970502181805174,0.804218612368777
948,238,942,649,351,943,944,327,941,950,0.977281876225823,0.790702167311081
948,945,942,811,535,943,944,27,941,950,0.973618095477865,0.783727200445075
948,945,11,942,678,943,944,721,941,950,0.97691748112595,0.802912972903723
948,945,942,794,468,943,944,154,941,950,0.980090359614889,0.79681170918708
948,945,942,285,470,943,944,866,941,950,0.953027721633226,0.802221387283905
323,945,942,469,823,943,944,580,941,950,0.958733100788661,0.768780101539282
715,945,942,312,982,946,889,943,941,923,0.953603407516658,0.746577061794665
948,945,942,305,6,943,944,949,873,396,0.980047829972953,0.757677725792709
948,288,942,19,17,622,944,945,943,949,0.940962908157304,0.787820421720727
948,945,950,942,664,941,944,355,503,943,0.988392987336935,0.78202255212179
948,945,950,894,942,941,944,355,611,943,0.963303669936999,0.805618626724005
948,446,950,942,120,941,156,355,944,943,0.977281876225823,0.78030680144969
948,945,950,942,100,941,944,355,926,197,0.970553985961634,0.782617247915707
948,945,950,942,6,943,944,459,904,80,0.962231356989915,0.784426554745746
948,945,950,942,435,941,944,355,947,873,0.972492370746057,0.791346677158588
948,945,950,710,942,941,944,355,947,47,0.979524554772784,0.78741966102499
948,945,950,942,360,941,808,355,947,336,0.966696129408126,0.798047705927313
948,945,950,942,881,941,944,355,947,776,0.987037037037037,0.786154698978289
948,318,950,942,266,941,944,355,947,190,0.973115566354818,0.799647065602621
948,945,950,942,132,941,944,355,947,937,0.970007425799387,0.809829905504242
948,945,950,942,736,941,882,355,947,934,0.958097123179632,0.799752285435786
638,945,950,942,899,941,944,355,947,629,0.927431790384364,0.787695842755704
948,945,513,942,68,941,81,355,944,595,0.971390944790757,0.814309454727022
948,945,950,942,843,941,944,355,429,995,0.965619569266779,0.790877868682154
948,945,950,942,274,941,944,355,783,875,0.954372906008425,0.78298843901123
948,945,950,942,105,943,946,355,944,941,0.972293519415141,0.813317137376175
948,945,950,942,725,943,946,355,944,941,0.958372048732922,0.812686036750119
948,945,950,942,635,943,946,355,944,941,0.972293519415141,0.805495093751656
948,945,950,942,69,943,946,355,744,941,0.946007354327285,0.80803784022597
948,945,950,942,965,943,946,355,944,941,0.956179943524768,0.805416651954102
948,945,950,942,946,943,135,355,944,941,0.972293519415141,0.810825171676924
948,945,950,942,41,943,946,355,944,941,0.972293519415141,0.790289621350633
948,945,950,942,944,943,946,355,633,941,0.972293519415141,0.78953706052933
948,945,950,942,938,943,946,355,944,941,0.9521102240715,0.802264262789512
948,945,48,942,751,943,946,355,944,941,0.952390007164297,0.803767544811562
948,945,950,942,66,943,479,355,944,344,0.978697607495643,0.796884536474667
948,945,950,942,740,943,829,355,944,329,0.950023648974402,0.812703361822351
948,44,950,942,144,943,946,355,944,922,0.946880813903667,0.788946074682465
904,945,950,942,166,943,946,355,944,210,0.972293519415141,0.771904099612403
948,945,950,942,714,943,239,355,944,443,0.950990713434829,0.800027394694671
609,945,950,942,272,943,946,355,948,586,0.961683187332776,0.776999921792269
948,945,950,942,576,941,669,355,944,943,0.97504075106881,0.784360013522613
948,945,950,942,431,941,944,355,775,825,0.967348646804603,0.808648742242124
948,945,950,314,942,934,944,355,249,731,0.971428345286521,0.7855980125247
948,945,950,942,156,941,890,355,944,334,0.9868548394871,0.786985366233263
948,945,950,942,752,229,944,585,314,521,0.969406737270437,0.760939116558978
948,945,588,955,942,941,944,355,358,950,0.979626170194165,0.789194874121376
948,24,950,942,44,941,944,355,769,276,0.974598145630004,0.785937361949068
948,214,950,942,10,941,944,355,700,44,0.965310934206989,0.777462017057979
948,945,899,942,70,941,898,355,944,950,0.959199816134544,0.782798761472695
948,945,950,942,829,941,944,355,509,388,0.972123505045183,0.808549718953688
948,945,950,942,526,941,944,355,446,967,0.977777777777778,0.790962183412481
681,945,950,942,571,941,944,355,342,608,0.960459421458929,0.769110848443491
948,945,950,942,293,801,944,355,910,941,0.949622762279277,0.74849975572178
948,945,950,942,87,943,635,882,944,10,0.95183551635843,0.802341901503857
34,945,950,942,975,941,445,490,944,342,0.978679132966183,0.746830214494689
948,945,950,942,626,943,946,411,947,736,0.922376496606711,0.802315791144095
948,945,950,942,600,941,581,431,944,110,0.942854496213384,0.797661602337043
948,945,950,942,557,943,90,854,941,388,0.987623552642593,0.778845942461426
948,945,950,942,561,886,574,120,941,60,0.951542002706789,0.802036424768953
948,945,950,942,66,943,854,440,941,128,0.983919848938889,0.795786140236677
948,945,950,942,344,943,256,244,941,480,0.996243758867873,0.763079544538639
948,368,950,942,10,943,781,440,941,595,0.981588673369741,0.805072279889004
948,945,950,942,372,943,941,881,129,280,0.983297560454135,0.767520446294523
948,945,950,942,630,943,914,286,941,608,0.988888888888889,0.735584174469248
948,945,950,942,571,943,468,399,941,670,0.969902132829802,0.805525720635373
948,945,950,942,887,943,925,982,941,249,0.973309216358736,0.780967571153024
948,945,950,942,485,943,444,800,941,819,0.970725447857024,0.810110799563665
948,945,950,942,640,943,215,243,941,513,0.985190062661977,0.798798511534717
948,945,950,942,923,943,4,536,941,262,0.973714556450992,0.782997227847852
948,945,950,942,834,943,284,543,941,285,0.973737651388953,0.78369725259444
948,945,950,942,91,943,10,778,941,21,0.980976392671474,0.736215794173256
891,945,950,942,324,943,734,136,569,990,0.879082082464466,0.757159101332074
948,945,950,944,942,947,662,479,941,216,0.977169994018008,0.796701602454057
948,945,950,944,942,825,769,492,941,651,0.966561043222473,0.809027557659278
948,945,950,944,942,947,544,931,941,421,0.975012370306826,0.780630129506921
948,945,950,944,942,947,653,351,941,716,0.969237991105046,0.802896560759907
427,945,950,613,942,947,943,247,868,601,0.98873127660362,0.76637866379237
948,945,972,944,942,947,876,628,941,659,0.976664937751839,0.777259888824238
948,945,950,944,942,947,858,68,941,378,0.961988339006215,0.789674008270965
948,945,950,944,942,947,555,860,941,364,0.946307467685397,0.780187682585629
948,945,125,944,942,941,369,801,603,724,0.95913215669921,0.746727360544322
948,945,950,942,894,941,873,915,944,115,0.986305678967874,0.785447233265959
948,945,950,942,944,941,153,863,198,811,0.99092781576747,0.786102642549547
948,945,950,942,944,941,89,80,542,758,0.976680899817023,0.800821402233205
948,945,950,942,476,941,527,990,944,780,0.976464781579851,0.77211071935836
948,945,950,942,944,941,254,897,545,632,0.939978372465407,0.790748752022481
948,945,950,942,944,941,452,609,630,949,0.980893996433192,0.765697515763427
948,945,950,942,944,941,383,506,902,999,0.995800394744342,0.784413813510953
948,945,950,942,944,941,643,996,214,652,0.981432240912516,0.776520631009627
948,945,950,942,944,941,893,433,767,534,0.960929702160293,0.808529355507869
948,945,950,942,944,941,357,160,777,58,0.976250052780182,0.789000661723965
948,804,950,942,944,941,506,46,440,88,0.982528605256154,0.804582290493172
948,945,950,80,944,941,506,942,30,600,0.97277344444494,0.795734298980366
948,366,950,942,944,838,506,274,390,168,0.932182704712357,0.769893868831592
948,945,564,942,944,941,711,418,293,262,0.955864109140526,0.77213562508148
948,945,950,942,944,236,137,724,558,682,0.974619874438946,0.772906576491142
948,945,950,942,351,638,73,105,944,761,0.958580190714634,0.797448967267146
948,945,707,942,139,941,908,780,80,29,0.983488789748589,0.795564482666825
948,945,950,942,47,941,336,720,289,339,0.973147628406966,0.805972825403195
948,945,617,942,480,941,954,766,717,972,0.985190062661977,0.736017377973767
948,945,950,942,966,941,927,670,540,937,0.953137229253085,0.801961635755384
239,945,950,942,282,941,879,583,107,185,0.918739797259006,0.778320884257724
948,945,950,943,942,941,656,503,885,735,0.971479448491096,0.794311799940276
948,945,950,943,942,941,909,239,175,319,0.95790161797778,0.763285878142243
948,945,950,129,351,943,225,942,941,442,0.983297560454135,0.785409238890248
707,945,950,129,351,943,140,942,941,730,0.983297560454135,0.785202551097678
948,945,950,129,351,943,942,248,941,141,0.975536652620764,0.772267723982389
676,945,950,129,351,943,944,942,287,30,0.915856349769238,0.765214851597827
948,945,749,45,944,941,950,261,354,942,0.967853411043953,0.772269703505064
948,945,950,704,943,941,946,944,659,2,0.958471710329241,0.769468917218715
948,945,950,811,944,947,357,351,941,943,0.974112150699253,0.801304315255735
948,945,950,7,944,947,357,351,941,943,0.958880403356141,0.801273881140951
948,945,950,567,944,947,357,351,941,457,0.935882677579655,0.790248495181856
948,945,950,280,360,271,944,355,628,943,0.986728210511812,0.782044284532338
948,945,950,151,360,941,944,355,152,943,0.987401184233026,0.773763275022316
948,945,763,872,360,941,944,355,992,943,0.966815121229786,0.803288536359938
948,945,950,955,360,941,944,355,414,943,0.995800394744342,0.805990863426975
948,945,950,507,588,358,944,355,250,943,0.97005148713412,0.737561916927813
948,945,950,382,360,941,944,355,997,18,0.975771700790741,0.782557007135499
948,945,950,151,360,941,944,355,788,946,0.983900532078207,0.74977757040075
948,945,950,633,343,941,944,355,813,399,0.981173031211112,0.777662416727643
948,945,950,738,360,941,944,355,529,180,0.991743190614674,0.739488252565974
948,945,950,506,333,941,944,59,646,21,0.978454907436936,0.765237593652197
948,945,950,565,733,941,942,319,944,218,0.954487826682249,0.76870648567339
948,945,841,970,360,943,944,988,941,950,0.962342053085411,0.740357203792348
844,945,950,357,942,947,946,631,944,943,0.947088646693077,0.779827142200041
948,945,950,912,944,941,868,546,947,943,0.97798814533169,0.800844813884848
948,453,950,945,296,941,447,871,947,943,0.963554356045311,0.782978232832081
948,945,950,942,944,941,688,469,947,943,0.976448958466437,0.807171172770104
948,945,950,942,944,718,820,33,947,943,0.975827976623207,0.768570508401381
948,945,950,942,944,941,936,171,947,943,0.984507086083294,0.785109164606824
948,474,950,942,944,941,935,945,947,943,0.983217555499523,0.762768268908648
948,945,13,942,944,941,895,355,947,943,0.962014267369767,0.81049733515325
948,906,950,942,826,941,847,355,947,943,0.972995812854507,0.778677413824101
948,945,950,942,720,941,997,337,947,943,0.962962962962963,0.79700826977506
948,945,950,942,944,941,478,355,947,943,0.982837431781379,0.788537007122276
341,945,950,942,944,941,948,642,947,943,0.971573142340694,0.808560888470183
948,945,950,942,944,941,332,355,947,943,0.982837431781379,0.788647284974754
948,945,572,942,944,941,994,355,947,943,0.970007425799387,0.793396924638161
501,945,950,942,944,941,948,355,947,943,0.970007425799387,0.809455814786445
501,945,950,942,944,941,948,355,947,943,0.970007425799387,0.809455814786445
501,945,950,942,944,941,948,355,947,943,0.970007425799387,0.809455814786445
501,945,950,942,944,941,948,355,947,943,0.970007425799387,0.809455814786445
501,945,950,942,944,941,948,355,947,943,0.970007425799387,0.809455814786445
501,945,950,942,944,941,949,355,947,943,0.965038385849388,0.80727971333742
501,945,950,942,944,941,948,355,947,943,0.970007425799387,0.809455814786445
501,945,950,942,944,941,948,355,947,943,0.970007425799387,0.809455814786445
501,945,950,942,944,941,948,355,947,943,0.970007425799387,0.809455814786445
501,596,301,942,944,941,948,355,947,943,0.946437199759836,0.788157754783297
501,945,950,942,801,941,948,355,947,943,0.974207031055045,0.782006241957152
501,945,950,942,944,941,948,355,947,30,0.974207031055045,0.794417715576394
501,945,950,942,944,941,948,355,947,943,0.970007425799387,0.809455814786445
501,945,950,942,944,941,948,255,947,943,0.983217555499523,0.805264138834348
742,945,950,942,944,941,948,355,947,943,0.965731451474594,0.809847005158579
501,945,950,942,944,941,948,355,947,256,0.974207031055045,0.795308641812047
501,945,950,942,944,941,948,355,947,943,0.970007425799387,0.809455814786445
501,945,950,942,356,941,948,355,947,943,0.974207031055045,0.805439500621456
501,945,610,942,944,941,948,355,947,943,0.965950221669719,0.804563028184241
501,945,30,942,944,941,948,355,947,943,0.970007425799387,0.798377044546599
501,379,950,942,944,941,555,355,947,943,0.96030885290001,0.792736607392136
501,945,950,942,944,941,948,355,947,745,0.970007425799387,0.807380604792965
501,582,950,942,944,941,948,355,947,943,0.970007425799387,0.777814016960824
501,945,950,942,944,941,948,355,947,943,0.970007425799387,0.809455814786445
501,945,950,942,944,941,948,355,947,943,0.970007425799387,0.809455814786445
501,945,950,942,944,941,597,355,947,943,0.954996102857692,0.797404612148193
501,945,950,706,944,941,948,602,947,943,0.974471420247209,0.787113602074809
501,945,950,942,944,941,948,355,947,943,0.970007425799387,0.809455814786445
501,945,950,942,808,315,948,355,947,943,0.963282994970663,0.801556541999243
501,945,950,942,944,941,948,355,947,943,0.970007425799387,0.809455814786445
501,945,950,942,944,941,948,355,947,943,0.970007425799387,0.809455814786445
501,945,950,942,944,941,948,355,947,943,0.970007425799387,0.809455814786445
501,945,950,942,944,941,948,355,947,943,0.970007425799387,0.809455814786445
501,945,950,942,944,941,948,791,947,943,0.982130430929451,0.809127875838036
501,945,987,942,580,941,948,355,947,943,0.964268951155046,0.785999040161116
501,945,950,942,944,941,948,355,947,943,0.970007425799387,0.809455814786445
501,945,950,942,944,941,948,355,947,943,0.970007425799387,0.809455814786445
501,945,950,942,944,941,948,355,947,943,0.970007425799387,0.809455814786445
501,945,950,942,944,941,948,355,947,943,0.970007425799387,0.809455814786445
501,945,950,942,944,316,948,355,947,943,0.961508413976417,0.803932979325741
501,945,950,942,944,941,948,355,947,22,0.964268951155046,0.807900140892518
501,945,950,942,944,941,948,355,947,175,0.962328753636715,0.807222682769256
501,945,950,942,944,941,948,355,947,943,0.970007425799387,0.809455814786445
501,945,950,911,944,941,948,355,947,943,0.969902350942541,0.803989984473794
501,945,950,942,944,941,550,355,947,943,0.955192610984573,0.810315105694598
501,184,950,942,944,941,948,355,35,943,0.932632944630984,0.80844020157313
496,371,950,942,944,941,948,355,947,943,0.982837431781379,0.76971224131413
501,945,950,942,944,527,948,355,947,943,0.966068987117324,0.780421478400866
477,945,950,942,944,941,948,355,947,943,0.968023218279067,0.812868189281654
501,945,950,942,944,941,948,355,947,943,0.970007425799387,0.809455814786445
628,945,950,942,944,941,948,355,947,943,0.973765247548849,0.809719857362366
501,945,950,942,944,941,948,355,947,943,0.970007425799387,0.809455814786445
501,945,950,942,944,941,948,355,947,943,0.970007425799387,0.809455814786445
185,945,587,942,660,941,948,355,397,943,0.953424399989251,0.766698788181931
501,945,950,276,944,941,948,355,947,680,0.972725549573564,0.778197299255044
501,945,950,942,944,809,948,355,203,943,0.94963765674152,0.783376682107959
501,945,950,942,944,868,948,355,947,943,0.975562981354943,0.804590972165559
501,945,950,942,944,941,948,355,947,943,0.970007425799387,0.809455814786445
501,945,950,942,593,941,948,895,947,943,0.978344976522651,0.800925586616396
501,945,822,942,944,941,948,355,947,943,0.965158139349699,0.784736216368319
501,945,950,942,944,941,948,355,947,943,0.970007425799387,0.809455814786445
501,945,950,942,944,941,948,355,599,943,0.970713694905254,0.811152935997066
501,945,950,942,944,751,948,517,947,943,0.988773111055079,0.79607502273961
501,945,950,942,964,941,948,275,947,515,0.978406936966955,0.786091850558796
501,945,950,476,659,941,948,355,947,943,0.976645398512453,0.786611675134332
501,945,950,850,944,941,948,106,947,943,0.958741240336703,0.789203228881712
501,424,950,942,944,941,948,355,947,943,0.970007425799387,0.80261641316639
501,945,6,942,944,941,948,355,947,943,0.955952858420861,0.811993824506297
501,945,950,942,944,941,17,355,947,943,0.960069345899388,0.81257272266838
501,945,950,942,944,152,948,355,947,943,0.967163770843627,0.803381759961367
501,945,950,942,944,941,948,355,127,943,0.975562981354943,0.813567516378312
501,945,950,942,589,941,948,824,947,943,0.980389877065918,0.791530969659482
501,945,950,942,944,941,948,355,947,943,0.970007425799387,0.809455814786445
501,945,950,942,944,171,948,355,196,943,0.96982522824945,0.805472723368334
501,945,950,942,944,941,733,355,947,943,0.946437199759836,0.809227448731776
501,945,950,942,944,941,948,355,947,943,0.970007425799387,0.809455814786445
501,945,950,942,944,941,948,355,947,100,0.95919570811335,0.804917587654157
501,945,950,868,944,941,311,355,947,943,0.967476753306796,0.80194624272613
288,945,769,942,944,941,948,98,947,943,0.965215298063691,0.804460122043963
409,945,950,942,944,941,948,355,947,943,0.975324949517125,0.805717493652152
501,945,950,681,944,539,948,355,947,943,0.954205340073463,0.777756426947905
501,945,950,942,944,941,948,355,947,943,0.970007425799387,0.809455814786445
501,496,950,942,944,941,948,355,947,943,0.970007425799387,0.791949905657023
501,945,950,942,757,941,386,355,947,587,0.957278104809331,0.787721821041868
501,945,950,942,944,941,948,355,947,943,0.970007425799387,0.809455814786445
501,945,950,942,944,941,948,355,947,943,0.970007425799387,0.809455814786445
501,743,950,942,944,941,948,355,947,943,0.960935241566857,0.801304479196497
501,309,950,942,944,941,948,355,947,943,0.947401620423556,0.807053187367431
501,945,950,942,944,941,948,355,947,943,0.970007425799387,0.809455814786445
501,945,950,942,944,941,948,355,947,943,0.970007425799387,0.809455814786445
501,945,950,942,944,941,948,355,947,943,0.970007425799387,0.809455814786445
764,945,950,942,944,941,948,254,947,943,0.97206091816144,0.809263421688827
501,945,910,942,944,941,948,323,947,943,0.972062219405764,0.767598897836628
501,945,950,942,944,941,948,355,947,943,0.970007425799387,0.809455814786445
501,945,950,859,944,941,633,355,947,943,0.970144950230036,0.75943263277753
501,736,950,942,944,941,948,355,947,943,0.970007425799387,0.8062947543422
501,945,950,942,944,941,948,355,947,943,0.970007425799387,0.809455814786445
501,852,950,942,944,941,948,355,400,563,0.970690402378071,0.764883199177527
501,945,950,942,944,941,948,355,947,943,0.970007425799387,0.809455814786445
501,945,950,942,944,941,948,355,947,943,0.970007425799387,0.809455814786445
501,945,950,942,944,941,948,355,947,943,0.970007425799387,0.809455814786445
501,945,950,942,944,941,948,355,947,943,0.970007425799387,0.809455814786445
501,945,950,942,944,941,948,355,947,943,0.970007425799387,0.809455814786445
501,945,950,942,944,941,948,355,947,969,0.962332738218267,0.803678478911347
501,945,421,942,944,941,948,355,947,943,0.960513431561768,0.809326322007871
501,10,950,861,944,906,948,355,947,943,0.943317160496132,0.768523014232442
501,945,950,942,944,485,948,355,648,943,0.956046082055877,0.777970683884771
501,837,950,942,944,941,948,576,947,943,0.981172654956256,0.784179796468285
501,945,950,942,944,941,948,355,947,943,0.970007425799387,0.809455814786445
501,945,950,942,944,941,948,355,947,943,0.970007425799387,0.809455814786445
501,945,950,942,964,941,948,355,947,943,0.963095919943934,0.807462821119101
501,945,950,942,944,941,948,355,947,943,0.970007425799387,0.809455814786445
501,945,795,942,944,81,948,355,947,943,0.9600990866586,0.805526147773749
501,945,950,866,944,941,948,355,947,943,0.953623672303154,0.807919793400097
501,945,950,942,944,664,948,355,947,943,0.975562981354943,0.791444381645266
501,945,747,942,944,941,948,355,947,943,0.955624901454944,0.81399172524173
501,945,933,942,944,941,948,355,947,943,0.970007425799387,0.813257688402134
295,477,950,942,944,941,948,355,84,943,0.950234844597913,0.808878774513828
501,945,644,942,944,941,948,355,947,943,0.960935241566857,0.808387581011722
791,945,950,942,944,941,948,30,947,943,0.982130430929451,0.796190554270314
501,178,950,411,944,941,948,355,947,746,0.969357744605357,0.79858428700359
501,945,988,942,944,593,948,355,947,943,0.96982522824945,0.775163842798506
501,945,950,942,944,941,948,355,947,943,0.970007425799387,0.809455814786445
501,945,950,942,944,941,948,355,947,943,0.970007425799387,0.809455814786445
501,945,950,942,944,941,414,355,947,730,0.974207031055045,0.809256362310498
501,945,950,942,944,941,853,355,947,943,0.970007425799387,0.806057546223472
501,945,950,905,944,941,948,615,947,404,0.971383509688792,0.78848375018708
501,945,950,942,493,941,948,355,947,943,0.965742567932188,0.808753217063522
501,945,950,942,944,941,948,355,947,943,0.970007425799387,0.809455814786445
501,945,950,942,944,941,948,355,947,943,0.970007425799387,0.809455814786445
501,945,950,942,944,941,948,355,947,943,0.970007425799387,0.809455814786445
501,945,950,942,944,941,948,578,947,943,0.973891756297791,0.804219715491188
501,945,991,942,944,941,948,355,947,943,0.953340759132721,0.809197928503325
501,597,950,942,944,941,948,355,947,943,0.954996102857692,0.793196889473861
501,604,950,942,944,941,948,355,947,514,0.969357744605357,0.799978555214646
501,945,950,484,944,862,948,355,947,337,0.941500144907241,0.799427322190633
501,945,950,942,446,941,948,930,947,943,0.994444444444444,0.78066132560699
501,945,950,942,944,941,577,355,676,585,0.937475726276733,0.797081626436243
554,945,950,942,944,941,948,355,947,943,0.966998436977198,0.808860894308733
501,945,950,942,944,507,948,355,947,943,0.966837700272817,0.787430117840597
501,945,950,942,944,941,948,355,947,943,0.970007425799387,0.809455814786445
501,945,950,942,944,784,948,355,947,943,0.972049339510311,0.791527858165538
501,945,950,381,944,941,948,355,947,943,0.977414833206795,0.809006642180405
501,945,950,942,944,941,948,355,947,943,0.970007425799387,0.809455814786445
501,945,950,942,782,941,948,30,947,943,0.994444444444444,0.770887587997881
501,945,950,942,496,941,948,355,947,943,0.974207031055045,0.792473381916844
501,945,950,942,944,941,948,355,947,943,0.970007425799387,0.809455814786445
925,510,950,942,944,941,948,355,947,943,0.982837431781379,0.806150652911749
501,945,950,942,944,941,731,355,947,943,0.970007425799387,0.80964334435173
501,945,950,942,944,941,948,355,947,943,0.970007425799387,0.809455814786445
501,945,750,942,944,941,948,355,947,843,0.964508458155668,0.805684781235319
501,945,620,942,944,941,948,355,947,565,0.963298852395881,0.801455664688154
691,945,950,942,987,941,948,355,947,943,0.968493429555222,0.806963077980337
501,945,950,204,944,941,948,355,947,943,0.977414833206795,0.78676487649643
501,945,950,942,944,941,948,355,480,943,0.975562981354943,0.79303063391878
501,945,950,942,944,941,948,355,947,943,0.970007425799387,0.809455814786445
667,945,950,942,944,941,948,355,947,943,0.97289935188138,0.786347774427953
501,945,950,942,887,941,948,355,947,943,0.965807820543729,0.788189934342017
501,945,950,942,944,941,948,432,947,943,0.990244839188786,0.785738591132442
501,945,950,942,944,941,948,355,947,943,0.970007425799387,0.809455814786445
501,945,950,942,944,941,948,355,947,943,0.970007425799387,0.809455814786445
501,945,950,942,944,941,948,355,947,512,0.974207031055045,0.801660406422081
501,945,950,942,662,941,948,355,947,943,0.961377025073054,0.794718912013944
501,945,950,942,944,941,948,355,947,943,0.970007425799387,0.809455814786445
501,945,950,942,944,941,948,355,947,761,0.974207031055045,0.811289631731807
314,945,693,942,944,941,948,355,947,943,0.977099678675886,0.797192617587075
501,945,950,942,585,941,948,355,947,943,0.966799623647638,0.794306017578503
501,945,950,942,944,941,948,355,947,943,0.970007425799387,0.809455814786445
501,945,950,942,944,941,948,355,947,943,0.970007425799387,0.809455814786445
501,945,950,942,944,941,948,355,947,943,0.970007425799387,0.809455814786445
501,945,950,942,944,941,948,355,947,943,0.970007425799387,0.809455814786445
501,945,950,942,944,941,948,355,947,760,0.974207031055045,0.808393962282788
501,945,950,942,944,941,948,355,947,90,0.974207031055045,0.799240081789468
501,945,950,942,944,941,948,435,947,415,0.975256808774275,0.781280998765125
351,945,531,942,944,941,948,355,947,943,0.982837431781379,0.808448458940821
501,945,950,942,944,941,948,355,220,943,0.96982522824945,0.807725344068118
501,945,431,942,992,941,948,355,947,943,0.941152878453346,0.808417669100996
501,67,950,942,944,941,948,355,962,943,0.948411642138466,0.805773228215897
501,945,950,942,944,941,948,355,947,943,0.970007425799387,0.809455814786445
349,945,359,942,944,941,948,355,947,943,0.968494151094071,0.812333937019159
501,945,950,942,944,941,948,355,947,943,0.970007425799387,0.809455814786445
501,945,950,942,944,941,948,355,947,943,0.970007425799387,0.809455814786445
501,945,950,942,944,941,948,355,947,943,0.970007425799387,0.809455814786445
501,850,950,942,944,941,948,355,947,943,0.959392817552733,0.804691623159869
501,945,950,942,944,941,948,355,947,943,0.970007425799387,0.809455814786445
501,917,950,942,944,941,948,723,947,943,0.983829836197791,0.773695698798811
501,945,950,942,944,941,948,355,947,943,0.970007425799387,0.809455814786445
501,945,950,942,944,941,948,355,947,339,0.96282298811405,0.810012283738687
501,945,950,942,944,941,948,355,947,943,0.970007425799387,0.809455814786445
501,945,950,942,944,941,948,355,947,943,0.970007425799387,0.809455814786445
501,945,950,942,944,941,948,476,947,943,0.985275799238787,0.805872342818514
501,945,950,942,944,941,948,378,925,943,0.98184562867747,0.794056276730888
584,945,950,942,944,941,422,355,947,943,0.96382716764885,0.810472206969739
421,945,950,942,944,941,948,355,947,576,0.977543042799418,0.792527629503465
501,945,950,942,944,941,948,355,947,943,0.970007425799387,0.809455814786445
501,945,950,942,944,735,948,355,947,943,0.970007425799387,0.807860531274328
37,945,950,942,944,941,948,355,947,943,0.979408468448888,0.812994005136431
501,945,950,942,944,941,948,355,947,943,0.970007425799387,0.809455814786445
501,945,950,942,944,941,948,602,947,943,0.990244839188786,0.7883919496978
252,945,950,942,944,941,948,355,947,943,0.982837431781379,0.807684340872463
501,945,950,960,944,941,948,355,947,943,0.963476394524731,0.803762551907389
501,945,950,942,944,941,948,355,947,943,0.970007425799387,0.809455814786445
501,945,950,942,944,941,948,355,947,943,0.970007425799387,0.809455814786445
501,945,950,302,944,941,948,355,947,943,0.964286006065986,0.783445533425967
501,945,950,942,944,941,948,355,947,943,0.970007425799387,0.809455814786445
501,945,950,942,998,941,948,355,947,579,0.956062662589985,0.788179713462687
501,945,950,942,944,941,948,355,947,727,0.954856124123965,0.805889064090598
501,945,950,942,944,941,948,355,947,943,0.970007425799387,0.809455814786445
501,945,950,942,944,941,948,355,947,943,0.970007425799387,0.809455814786445
501,945,950,942,944,941,948,355,947,943,0.970007425799387,0.809455814786445
501,945,950,232,944,941,27,355,543,943,0.966645596101677,0.779294667294583
501,898,950,942,944,941,948,355,947,943,0.946437199759836,0.802110696179659
501,945,950,942,944,941,948,355,947,943,0.970007425799387,0.809455814786445
501,945,950,942,944,941,948,355,933,943,0.975562981354943,0.812240470489465
501,945,950,942,944,941,948,355,947,943,0.970007425799387,0.809455814786445
501,945,729,906,944,941,948,355,947,943,0.973357629077127,0.784843019106744
501,945,950,942,944,941,92,355,947,943,0.970007425799387,0.787111146807554
501,945,950,942,35,941,948,355,947,943,0.931276994331087,0.809979291046264
501,945,950,942,639,941,503,355,947,943,0.974207031055045,0.795860482733045
501,945,950,942,944,941,948,355,947,943,0.970007425799387,0.809455814786445
501,945,398,942,944,941,948,355,947,185,0.969237991105046,0.812290442203864
501,945,950,942,376,941,948,355,947,943,0.968469277949553,0.790284475742659
501,945,950,942,944,841,948,355,462,943,0.960895368505566,0.783878371401213
501,945,950,942,944,941,948,355,17,943,0.965624901454944,0.812954394796222
431,945,950,942,944,941,948,355,947,667,0.960571770363472,0.784707239274306
501,945,810,942,944,253,948,355,947,943,0.924947237332775,0.787890055608914
501,945,950,942,944,941,948,355,947,943,0.970007425799387,0.809455814786445
501,945,950,766,944,941,948,355,947,226,0.97587668535696,0.800839324969542
501,945,950,942,21,941,948,355,947,943,0.974207031055045,0.782695478353781
501,945,98,942,944,941,948,355,947,943,0.966251184667261,0.810194145490255
501,945,950,942,918,941,948,355,947,943,0.960873697721712,0.806895039731813
501,945,950,942,944,941,948,355,947,881,0.974207031055045,0.809761225269702
501,945,950,942,944,941,948,355,947,526,0.959392216240231,0.806644317387766
501,945,950,942,944,941,948,355,947,943,0.970007425799387,0.809455814786445
501,945,950,942,944,941,948,372,947,943,0.97798814533169,0.788811937502913
501,533,950,942,944,941,948,355,947,943,0.961608215288071,0.806387211791454
501,945,950,942,944,941,69,355,947,943,0.954331592793896,0.810954401212482
501,673,950,942,944,941,948,355,947,943,0.970007425799387,0.806245076093088
501,945,891,942,944,941,784,355,947,943,0.948698962041573,0.794423759969424
501,945,950,942,963,941,948,355,361,943,0.974207031055045,0.803675508527228
501,945,950,942,18,941,948,355,947,943,0.969237991105046,0.794474171679418
501,945,950,942,944,941,876,129,947,943,0.979289694697944,0.803080184797248
501,945,950,942,944,941,948,355,947,943,0.970007425799387,0.809455814786445
501,945,950,942,897,941,948,355,947,943,0.974207031055045,0.79059499326319
501,945,950,942,944,941,948,355,947,943,0.970007425799387,0.809455814786445
501,945,950,942,944,941,948,355,947,943,0.970007425799387,0.809455814786445
501,945,950,942,944,941,948,355,947,943,0.970007425799387,0.809455814786445
501,945,950,942,944,941,948,355,806,943,0.966490797122412,0.810674420811051
501,945,950,942,944,941,948,355,947,943,0.970007425799387,0.809455814786445
501,945,950,942,944,271,948,355,947,943,0.969147978363947,0.808284999879151
501,945,950,942,944,941,948,355,947,943,0.970007425799387,0.809455814786445
501,279,950,942,944,941,948,355,947,542,0.961456720782003,0.800824377654681
501,945,950,759,944,941,948,355,947,943,0.970387549517532,0.794726511642139
501,236,540,942,944,885,948,355,947,943,0.971363376099285,0.810131573412131
501,945,950,942,944,941,948,355,947,943,0.970007425799387,0.809455814786445
501,945,950,942,944,941,948,355,947,943,0.970007425799387,0.809455814786445
501,945,950,942,944,941,948,355,947,943,0.970007425799387,0.809455814786445
501,945,950,942,944,941,948,355,947,943,0.970007425799387,0.809455814786445
501,945,950,942,944,941,948,355,947,943,0.970007425799387,0.809455814786445
501,945,950,942,944,941,775,355,947,943,0.966251184667261,0.80911293264647
501,398,950,105,944,941,948,355,947,943,0.973486462200203,0.806364302608806
501,945,950,942,944,941,948,355,947,943,0.970007425799387,0.809455814786445
501,945,950,942,944,941,948,355,947,943,0.970007425799387,0.809455814786445
501,945,950,942,944,941,948,355,947,943,0.970007425799387,0.809455814786445
501,155,950,942,944,941,948,355,947,943,0.965158139349699,0.805934574543266
501,945,950,942,944,941,948,352,947,600,0.959720696285547,0.810539905038088
501,945,950,942,944,941,948,355,947,943,0.970007425799387,0.809455814786445
501,945,950,942,944,843,948,355,164,172,0.937234007729232,0.811991549431544
501,945,950,942,944,941,948,355,947,943,0.970007425799387,0.809455814786445
501,945,950,942,944,941,948,355,947,943,0.970007425799387,0.809455814786445
501,945,950,942,944,941,948,355,947,943,0.970007425799387,0.809455814786445
501,945,950,942,944,941,948,748,947,943,0.990244839188786,0.787374821155639
501,945,950,942,944,941,948,355,947,943,0.970007425799387,0.809455814786445
501,945,950,942,944,941,948,355,947,943,0.970007425799387,0.809455814786445
501,945,950,942,944,941,948,355,947,943,0.970007425799387,0.809455814786445
501,945,950,942,944,941,948,355,143,943,0.975562981354943,0.798359238539493
501,945,950,117,944,941,948,355,947,943,0.977414833206795,0.80643276113099
501,945,950,942,944,941,948,355,947,943,0.970007425799387,0.809455814786445
501,945,950,942,944,941,948,355,947,943,0.970007425799387,0.809455814786445
501,375,950,942,944,941,948,355,947,943,0.96260001839198,0.777657427681505
501,945,950,942,944,699,948,355,947,943,0.953340759132721,0.789186357567922
501,945,950,51,944,941,948,355,947,943,0.973215227951137,0.806936396528556
501,945,950,942,944,941,948,355,947,943,0.970007425799387,0.809455814786445
501,945,950,940,944,941,179,355,947,943,0.971677080101302,0.798722017289824
501,945,950,942,944,941,67,355,244,943,0.948411642138466,0.799972686529236
501,945,950,942,944,941,948,355,947,943,0.970007425799387,0.809455814786445
501,945,540,942,851,941,372,355,947,943,0.974207031055045,0.795987800969373
501,945,950,942,944,941,948,355,947,943,0.970007425799387,0.809455814786445
501,945,950,412,507,941,948,355,947,943,0.976645398512453,0.783681580556344
880,945,950,942,944,941,948,355,947,943,0.975430024373971,0.794353854145779
501,945,950,942,944,941,948,355,947,943,0.970007425799387,0.809455814786445
501,945,950,942,944,941,948,355,947,27,0.96273152484406,0.782802365695061
501,945,950,942,944,941,948,519,947,943,0.984507086083294,0.806990564618958
501,945,950,942,217,941,948,176,947,943,0.963243773194551,0.808209859969482
501,765,950,366,944,951,948,731,947,943,0.965864408455565,0.799599640849568
501,945,950,942,41,941,948,355,947,943,0.974207031055045,0.786734604471678
501,945,950,942,944,941,948,355,947,943,0.970007425799387,0.809455814786445
501,945,711,942,944,941,693,355,947,943,0.956211545077038,0.80120935520006
501,945,950,206,944,803,948,763,947,943,0.995800394744342,0.801260169203753
501,945,950,942,944,941,948,355,947,943,0.970007425799387,0.809455814786445
501,139,950,942,944,941,948,355,947,943,0.970007425799387,0.807053187367431
501,254,950,942,267,941,948,355,947,943,0.974207031055045,0.805090283116282
501,945,950,942,944,941,948,355,947,943,0.970007425799387,0.809455814786445
544,277,950,942,944,941,948,355,947,943,0.965908505535665,0.809658181270579
413,945,950,942,944,713,948,355,537,943,0.961515308940385,0.777946139233227
501,945,950,942,944,941,948,355,947,943,0.970007425799387,0.809455814786445
501,945,950,568,944,941,948,355,947,943,0.967232635656858,0.80676158155366
501,945,950,942,944,941,957,355,947,943,0.957679844281479,0.780852048618767
501,945,294,942,944,372,948,355,947,943,0.957883688923262,0.778789860451727
501,945,950,732,944,941,948,355,947,943,0.968342648974264,0.807244784246188
501,945,950,942,222,941,948,355,947,943,0.974207031055045,0.807072190611757
501,945,950,333,944,941,948,355,459,943,0.969276067730224,0.800661316223654
791,945,950,942,944,941,948,355,947,943,0.974723023522043,0.812632051144195
501,945,950,942,944,941,948,355,947,943,0.970007425799387,0.809455814786445
501,945,950,904,539,941,948,355,947,943,0.972725549573564,0.78806892475119
501,945,859,942,944,941,948,355,947,943,0.962737542822629,0.784187128027574
501,945,950,942,944,941,948,574,947,400,0.97585438016753,0.783789093497918
501,827,950,942,944,941,948,355,211,943,0.956991925408001,0.790576916678446
501,945,391,942,944,941,850,355,947,943,0.948805777997552,0.810246995498678
501,945,950,942,505,941,948,355,947,943,0.970278660048453,0.808059301236918
501,945,950,942,153,941,948,493,947,943,0.985979981321587,0.791761926294447
501,945,950,942,944,941,265,355,947,943,0.956862265286487,0.811341053709659
501,945,950,942,944,941,948,355,947,943,0.970007425799387,0.809455814786445
842,27,950,942,944,941,948,355,947,943,0.968022616966564,0.784698143077263
501,945,950,942,944,941,948,355,947,943,0.970007425799387,0.809455814786445
501,945,950,942,944,342,948,377,133,943,0.961960722429318,0.770439752476614
501,417,950,942,944,941,948,355,250,943,0.969147978363947,0.75718043352323
384,945,950,942,944,941,948,355,947,943,0.982837431781379,0.788385599696064
501,945,950,942,944,941,948,355,947,943,0.970007425799387,0.809455814786445
501,945,950,942,944,941,948,355,947,943,0.970007425799387,0.809455814786445
708,945,950,942,944,941,948,355,947,943,0.982837431781379,0.807673344360471
670,945,950,942,944,234,948,355,947,943,0.979726195995654,0.809062513532945
985,596,950,942,411,941,948,355,947,943,0.963466810997485,0.801012217129089
501,945,950,942,944,941,948,15,947,943,0.982130430929451,0.806173564632978
53,945,950,942,944,941,948,355,947,943,0.971443413000132,0.810129985620831
501,248,950,942,944,941,948,355,947,943,0.970007425799387,0.800834221742278
501,945,950,942,944,576,948,355,947,943,0.975562981354943,0.79352308254534
501,945,950,326,944,941,948,839,947,943,0.966079054792795,0.792022696694201
501,945,950,942,944,941,948,355,947,943,0.970007425799387,0.809455814786445
501,945,950,942,944,941,948,58,156,943,0.989861256035177,0.792864541618817
501,945,950,942,944,941,160,355,947,943,0.970007425799387,0.793343000618195
501,945,950,942,944,467,948,355,947,943,0.95162186426184,0.805346315839933
501,945,950,942,944,941,948,355,947,943,0.970007425799387,0.809455814786445
501,945,950,942,944,941,948,355,947,943,0.970007425799387,0.809455814786445
501,945,950,942,944,941,948,355,947,943,0.970007425799387,0.809455814786445
501,945,950,942,944,941,734,355,947,943,0.956862265286487,0.809614853273186
501,945,950,942,944,941,948,355,217,943,0.941705128863514,0.813857400018384
501,945,950,942,944,941,948,355,947,943,0.970007425799387,0.809455814786445
501,945,950,942,146,941,948,355,947,943,0.968469277949553,0.808888476253868
501,945,950,942,944,941,948,355,947,943,0.970007425799387,0.809455814786445
501,945,990,942,944,941,948,355,947,943,0.970007425799387,0.813916131536484
501,789,950,942,944,386,948,762,947,377,0.982590731809754,0.732233848489339
501,945,950,942,944,941,948,355,947,943,0.970007425799387,0.809455814786445
501,945,950,942,944,941,948,906,947,943,0.981172654956256,0.792594531294122
501,945,950,942,944,941,948,355,947,943,0.970007425799387,0.809455814786445
501,945,950,942,635,941,948,355,832,943,0.979762586610601,0.801915825486551
501,945,950,942,944,941,948,355,947,943,0.970007425799387,0.809455814786445
501,945,950,942,944,941,948,355,947,943,0.970007425799387,0.809455814786445
501,945,950,942,944,941,948,743,947,943,0.981172654956256,0.801548365277306
501,945,950,942,944,941,948,355,947,943,0.970007425799387,0.809455814786445
501,945,950,942,184,941,948,355,947,848,0.967179747365782,0.782152402850318
501,602,651,942,944,941,948,355,947,943,0.970007425799387,0.791351566991523
501,945,950,942,944,941,948,355,947,943,0.970007425799387,0.809455814786445
501,945,986,942,944,941,948,355,947,943,0.964451870243832,0.811274058214478
501,945,950,942,944,941,948,355,132,943,0.975562981354943,0.813413611661062
724,945,950,942,944,941,948,355,947,943,0.982837431781379,0.80513516773727
501,945,950,942,944,941,948,355,947,943,0.970007425799387,0.809455814786445
501,674,950,942,944,941,948,355,947,943,0.953837261997178,0.804376714259048
501,945,950,942,944,941,948,355,491,943,0.958036867252836,0.813976931442579
501,945,950,942,944,941,948,355,947,943,0.970007425799387,0.809455814786445
501,945,950,741,944,941,948,355,947,173,0.945465332297484,0.795433264289443
501,945,950,942,208,941,948,355,947,943,0.974207031055045,0.790222600056419
158,150,950,942,944,614,948,355,947,943,0.973381664395239,0.778590646142349
501,945,950,522,944,941,948,355,947,943,0.960748166540128,0.806894499334236
501,945,950,666,944,941,948,746,947,943,0.958845697972832,0.789518999341512
501,945,950,405,944,941,948,355,947,552,0.951672311634894,0.790794951292277
501,945,950,942,944,941,948,355,947,943,0.970007425799387,0.809455814786445
501,945,950,942,944,941,16,355,947,943,0.961118536910498,0.809596201255159
501,945,950,942,944,941,948,355,947,943,0.970007425799387,0.809455814786445
30,945,950,942,944,941,948,658,947,943,0.984507086083294,0.79342650388039
501,945,950,942,944,941,235,355,947,724,0.953237530606441,0.801278991469021
501,945,950,942,944,941,948,355,947,943,0.970007425799387,0.809455814786445
501,636,950,942,944,941,948,355,947,943,0.96260001839198,0.809411662224136
501,945,950,942,944,941,916,355,947,943,0.956804542341842,0.811554394281464
501,945,950,942,944,941,948,713,947,943,0.973305240692235,0.805039184863645
501,945,950,942,944,941,948,355,947,943,0.970007425799387,0.809455814786445
501,945,950,942,944,941,948,355,947,943,0.970007425799387,0.809455814786445
501,945,950,942,944,941,981,355,947,943,0.956323893981582,0.80478008867522
501,945,950,942,944,941,948,355,947,943,0.970007425799387,0.809455814786445
501,945,73,942,944,382,948,355,947,943,0.971118536910498,0.805174519874659
501,945,297,942,944,941,480,355,947,943,0.963592422808391,0.792650566490292
501,945,950,942,944,941,948,355,947,943,0.970007425799387,0.809455814786445
432,945,950,942,944,941,948,355,947,943,0.982837431781379,0.789242766438601
501,945,950,942,944,941,948,355,947,943,0.970007425799387,0.809455814786445
501,485,950,942,396,941,779,355,947,943,0.965134846822515,0.800096889043438
501,509,950,942,944,941,948,355,947,943,0.964269672693895,0.806548714351936
501,861,950,942,944,941,948,284,947,943,0.985395552739098,0.771198579526463
501,945,833,942,944,941,948,355,947,943,0.965950221669719,0.811934388234178
501,524,950,942,211,941,948,355,947,943,0.974207031055045,0.781764197842013
501,945,950,942,944,822,948,355,947,943,0.970713694905254,0.779784296333539
501,945,950,942,944,941,948,355,947,943,0.970007425799387,0.809455814786445
501,945,950,942,944,941,948,355,947,943,0.970007425799387,0.809455814786445
501,945,950,942,114,941,948,355,947,555,0.967179747365782,0.800299541719055
501,945,977,942,944,941,948,355,947,943,0.970007425799387,0.809942734765162
501,945,683,942,944,941,948,355,947,943,0.962980142110124,0.812209754774675
501,945,950,942,944,636,948,355,947,943,0.968155573947535,0.8100663549042
501,945,950,942,944,941,948,355,829,943,0.96527609135747,0.813322776043786
501,945,950,942,944,941,948,355,947,943,0.970007425799387,0.809455814786445
501,718,950,942,944,941,948,355,947,943,0.948593839688403,0.78879649086727
501,945,950,942,944,941,948,355,947,943,0.970007425799387,0.809455814786445
501,945,950,942,944,941,948,355,947,613,0.969357744605357,0.806727814312033
501,945,950,942,944,941,948,355,947,943,0.970007425799387,0.809455814786445
392,203,950,942,818,941,948,355,947,943,0.96951092293493,0.781299241422661
501,945,950,942,944,941,948,355,947,943,0.970007425799387,0.809455814786445
501,945,950,942,944,941,701,355,947,943,0.956674092466054,0.793190339806161
501,945,950,942,944,941,948,355,947,943,0.970007425799387,0.809455814786445
501,945,950,881,944,941,948,467,947,943,0.979133728077675,0.804235278165654
501,945,950,942,944,941,948,355,947,943,0.970007425799387,0.809455814786445
501,945,950,942,944,941,948,355,947,943,0.970007425799387,0.809455814786445
501,945,950,942,944,941,948,355,947,943,0.970007425799387,0.809455814786445
501,945,950,942,944,941,948,355,947,943,0.970007425799387,0.809455814786445
501,163,950,942,944,941,948,355,947,132,0.974207031055045,0.801727086639198
501,945,505,942,944,941,948,355,947,943,0.957679844281479,0.813142437691941
501,945,459,942,944,941,948,355,947,943,0.966251184667261,0.804563028184241
501,945,761,942,944,941,948,355,947,943,0.970007425799387,0.815248960702012
501,945,950,942,944,941,948,355,947,943,0.970007425799387,0.809455814786445
501,945,950,942,944,941,948,355,947,943,0.970007425799387,0.809455814786445
501,945,950,942,944,941,948,355,947,943,0.970007425799387,0.809455814786445
501,945,950,942,944,941,948,355,947,943,0.970007425799387,0.809455814786445
501,945,950,942,944,941,948,562,947,943,0.984507086083294,0.806377792725191
501,945,950,942,944,941,948,355,947,745,0.970007425799387,0.807380604792965
501,945,950,942,944,941,948,355,947,943,0.970007425799387,0.809455814786445
501,945,950,942,944,941,948,355,183,943,0.975562981354943,0.808168571491459
501,141,950,387,944,941,948,355,947,943,0.965444274660243,0.760512914844877
501,945,950,942,944,941,948,355,947,943,0.970007425799387,0.809455814786445
501,945,950,942,944,941,948,355,947,943,0.970007425799387,0.809455814786445
501,945,693,942,694,941,948,539,947,684,0.947788886553577,0.789811675625425
501,83,950,942,944,941,20,355,947,943,0.956757190429641,0.812346359010584
501,945,950,942,944,941,948,355,97,943,0.966490797122412,0.79759608569013
501,462,950,942,944,941,948,355,947,943,0.970007425799387,0.8060950208237
501,945,950,942,944,941,948,355,947,943,0.970007425799387,0.809455814786445
501,945,950,942,944,941,948,355,908,943,0.975562981354943,0.812618005219775
501,945,950,942,944,941,948,355,947,943,0.970007425799387,0.809455814786445
501,945,950,942,944,941,948,355,947,943,0.970007425799387,0.809455814786445
501,945,950,942,944,941,948,355,947,943,0.970007425799387,0.809455814786445
501,945,950,942,944,941,948,355,947,943,0.970007425799387,0.809455814786445
501,945,950,942,944,941,948,307,947,943,0.977414833206795,0.809176224607433
501,945,950,942,944,941,948,355,947,943,0.970007425799387,0.809455814786445
501,945,950,942,944,941,948,355,947,943,0.970007425799387,0.809455814786445
501,945,950,942,944,941,948,355,183,943,0.975562981354943,0.808168571491459
501,101,950,942,944,941,948,355,947,943,0.970007425799387,0.80692452974522
501,74,950,942,944,941,948,355,947,943,0.96260001839198,0.789402877524914
501,945,950,942,944,941,672,355,947,943,0.961608215288071,0.783756140180119
501,945,950,325,944,941,948,355,646,943,0.973032308862351,0.76454437159144
501,945,950,942,944,941,948,355,947,943,0.970007425799387,0.809455814786445
501,945,950,942,944,941,948,355,947,943,0.970007425799387,0.809455814786445
501,945,950,942,944,941,948,355,947,943,0.970007425799387,0.809455814786445
501,945,950,942,944,941,948,355,947,943,0.970007425799387,0.809455814786445
501,945,950,942,944,941,628,355,947,943,0.960935241566857,0.81017951864973
699,945,840,942,238,941,948,355,947,943,0.95530968274855,0.769781251997752
501,945,950,942,944,941,948,355,947,255,0.967179747365782,0.806667536498178
501,945,135,942,944,941,948,355,947,943,0.970007425799387,0.812353291252993
501,945,950,942,944,941,948,355,947,943,0.970007425799387,0.809455814786445
501,945,950,942,944,941,948,355,947,943,0.970007425799387,0.809455814786445
501,945,950,942,944,941,948,355,947,979,0.969357744605357,0.805185316164489
501,945,950,942,944,941,948,355,947,943,0.970007425799387,0.809455814786445
452,945,950,942,944,941,948,355,947,943,0.982837431781379,0.787073735012231
501,709,950,942,944,941,855,355,947,943,0.970007425799387,0.793102004773961
501,945,950,942,763,941,948,355,947,943,0.966799623647638,0.806114064999012
501,945,950,942,944,941,948,355,947,154,0.974207031055045,0.80616068306179
501,945,950,942,944,941,948,355,947,943,0.970007425799387,0.809455814786445
501,945,950,942,944,941,948,355,947,943,0.970007425799387,0.809455814786445
501,945,950,942,417,941,948,355,150,943,0.979762586610601,0.777282264626354
501,945,950,942,944,941,948,355,947,943,0.970007425799387,0.809455814786445
501,335,950,942,944,941,948,355,947,943,0.95248131169728,0.808552529559333
501,945,950,942,944,941,948,355,947,943,0.970007425799387,0.809455814786445
501,945,950,942,944,941,948,355,947,943,0.970007425799387,0.809455814786445
501,945,950,942,944,941,948,355,947,943,0.970007425799387,0.809455814786445
501,945,950,942,944,795,948,355,947,943,0.971363376099285,0.801065831023712
501,945,950,942,944,941,948,355,947,943,0.970007425799387,0.809455814786445
501,945,950,942,928,837,948,355,222,943,0.963663118688807,0.787785633582582
501,945,553,942,944,941,948,391,947,943,0.96827375669261,0.805527333309482
501,945,950,942,944,941,948,355,947,943,0.970007425799387,0.809455814786445
501,945,950,942,944,941,948,355,166,943,0.964451870243832,0.809675734949294
501,945,950,942,48,941,948,355,947,277,0.953830894472588,0.805168932733117
501,945,950,942,944,941,948,355,947,943,0.970007425799387,0.809455814786445
501,945,950,942,944,941,948,355,947,943,0.970007425799387,0.809455814786445
501,945,950,942,944,941,948,399,947,943,0.981355950299898,0.802738533735007
501,945,950,942,944,941,948,355,947,943,0.970007425799387,0.809455814786445
54,719,950,942,944,941,948,355,947,450,0.97733846413766,0.797258118541534
501,945,950,942,185,941,948,355,947,943,0.96282298811405,0.809076005819153
501,257,950,942,944,941,948,355,947,943,0.95248131169728,0.807864578063136
501,945,950,942,944,757,948,355,947,890,0.974913300160912,0.793105185358161
501,945,950,942,944,560,948,355,947,943,0.966674092466054,0.806915615402542
284,945,950,942,944,941,948,355,947,860,0.967581269650897,0.768824676669199
961,945,950,942,944,941,948,355,947,199,0.987037037037037,0.786247164012453
501,945,950,942,944,941,948,355,947,943,0.970007425799387,0.809455814786445
501,945,950,942,51,941,948,355,947,943,0.974207031055045,0.80681823060202
501,945,950,628,944,941,948,355,947,943,0.968342648974264,0.806613438161755
501,945,950,942,944,941,948,355,947,943,0.970007425799387,0.809455814786445
501,945,950,922,944,941,948,442,947,943,0.983217555499523,0.788468749279102
501,945,950,942,944,941,948,929,947,943,0.990244839188786,0.794101535833641
501,945,950,942,944,941,476,355,947,943,0.965038385849388,0.809836179412037
501,945,950,942,944,941,948,355,947,943,0.970007425799387,0.809455814786445
501,945,950,942,944,941,948,355,947,943,0.970007425799387,0.809455814786445
501,945,950,942,944,941,948,355,947,943,0.970007425799387,0.809455814786445
501,945,950,942,944,941,948,355,477,199,0.964948373108289,0.790636250535125
501,945,950,942,944,941,948,355,947,943,0.970007425799387,0.809455814786445
89,945,847,675,944,941,948,355,947,943,0.970355909567126,0.794625797902232
501,945,950,942,944,941,948,355,20,943,0.96853569766568,0.812823271633619
501,945,950,942,944,441,948,355,947,943,0.975562981354943,0.787719046988641
501,945,950,942,944,861,948,355,947,943,0.970713694905254,0.788055144614209
501,945,950,942,944,941,948,137,947,943,0.968748041865515,0.805751324848297
8,945,950,942,944,941,948,355,947,943,0.982837431781379,0.810178434072672
501,945,950,942,944,941,948,355,947,943,0.970007425799387,0.809455814786445
501,945,950,942,616,941,948,354,947,943,0.982473885897893,0.790372529749661
501,945,950,942,944,854,948,355,947,82,0.974793546660601,0.787103632678448
501,945,950,942,944,941,948,355,947,466,0.969237991105046,0.805598413368853
501,945,950,942,944,941,948,355,710,943,0.975562981354943,0.789901529593843
501,945,950,942,944,941,948,355,947,943,0.970007425799387,0.809455814786445
501,945,950,942,944,941,948,355,947,943,0.970007425799387,0.809455814786445
747,945,950,942,944,570,948,355,947,943,0.965611252481175,0.795472496809272
501,945,950,942,176,941,948,355,947,943,0.96779202806405,0.808153783458908
501,945,950,942,944,941,236,355,415,943,0.967163770843627,0.787889954439985
501,945,950,942,944,941,948,355,947,76,0.974207031055045,0.809881160576084
501,945,950,942,944,941,948,937,947,943,0.973215227951137,0.805310044381001
501,945,950,942,944,941,948,355,947,800,0.957177419817396,0.809327341155754
501,945,950,942,944,941,948,162,384,943,0.985251583139478,0.767250334590834
259,903,860,942,944,941,948,355,947,943,0.972698687816556,0.781348609496463
501,945,950,942,440,941,948,355,947,943,0.974207031055045,0.810070756827461
501,945,897,469,944,941,948,355,947,943,0.95521974197313,0.790054313805623
501,335,950,942,944,941,554,355,947,943,0.936642316893099,0.808417270368986
501,945,950,942,944,941,948,355,947,943,0.970007425799387,0.809455814786445
501,945,950,942,944,941,948,355,947,943,0.970007425799387,0.809455814786445
501,945,950,942,944,941,586,355,947,943,0.970007425799387,0.783249415417172
501,945,950,942,944,941,948,355,947,943,0.970007425799387,0.809455814786445
501,945,950,942,944,941,948,355,947,943,0.970007425799387,0.809455814786445
501,945,950,942,944,941,424,355,947,943,0.970007425799387,0.806824135840722
501,945,950,942,944,941,948,355,947,943,0.970007425799387,0.809455814786445
501,945,950,942,953,941,948,857,947,943,0.985372260211914,0.791320402807933
501,945,950,942,944,941,948,355,947,943,0.970007425799387,0.809455814786445
501,945,950,942,944,941,948,355,947,943,0.970007425799387,0.809455814786445
501,945,950,942,944,941,948,355,947,943,0.970007425799387,0.809455814786445
501,945,950,923,944,941,948,355,947,943,0.977414833206795,0.7904965469491
501,481,950,942,944,941,948,25,13,943,0.972305941122616,0.794369395059562
501,945,950,942,944,941,948,355,947,943,0.970007425799387,0.809455814786445
501,945,950,942,944,941,948,355,947,943,0.970007425799387,0.809455814786445
501,945,950,942,944,941,948,355,947,943,0.970007425799387,0.809455814786445
501,945,950,942,944,941,948,355,947,943,0.970007425799387,0.809455814786445
501,945,950,942,944,941,948,355,947,943,0.970007425799387,0.809455814786445
501,945,24,942,944,941,948,355,947,943,0.970007425799387,0.802575916202111
239,945,950,942,944,941,948,355,947,412,0.977098957137038,0.798832957494757
501,945,950,942,944,941,948,355,947,936,0.974207031055045,0.788269186045916
501,945,950,942,944,941,948,355,947,943,0.970007425799387,0.809455814786445
501,945,950,942,944,941,948,355,947,943,0.970007425799387,0.809455814786445
809,945,950,942,944,941,948,355,947,943,0.972222823534725,0.81294999527778
501,945,950,942,944,941,948,355,947,943,0.970007425799387,0.809455814786445
501,945,198,942,944,941,948,355,947,943,0.970007425799387,0.815287061791672
501,945,950,220,944,941,948,355,947,943,0.971677080101302,0.8037775914523
501,945,950,942,944,941,94,355,947,943,0.970007425799387,0.777346129819042
501,945,950,942,944,941,948,355,947,943,0.970007425799387,0.809455814786445
501,528,950,942,944,941,948,355,947,943,0.970007425799387,0.801697208238583
501,945,20,942,944,69,948,104,947,943,0.961040209241897,0.807123257039434
501,945,950,942,944,941,948,355,947,943,0.970007425799387,0.809455814786445
501,945,950,942,944,941,948,355,947,943,0.970007425799387,0.809455814786445
501,945,950,942,944,941,948,355,947,943,0.970007425799387,0.809455814786445
853,945,950,942,944,941,948,355,947,943,0.982837431781379,0.805597884936108
501,945,950,942,944,941,948,355,947,943,0.970007425799387,0.809455814786445
501,945,950,942,944,947,948,355,817,943,0.964294257958563,0.809755374487341
501,945,435,832,944,941,503,355,947,943,0.956464371555934,0.797261776835443
809,945,950,942,944,941,948,94,947,943,0.979630230942132,0.776876473716856
501,945,485,942,944,941,948,355,947,943,0.955459566450321,0.811605510538564
212,945,950,942,944,941,948,355,609,943,0.982655234231442,0.786014433595808
501,945,204,942,944,941,948,355,947,943,0.970007425799387,0.791729847024917
501,945,950,942,944,941,948,355,947,943,0.970007425799387,0.809455814786445
509,382,950,942,944,941,948,355,947,943,0.977099678675886,0.80134541215552
501,945,950,942,944,941,948,355,364,943,0.956491894916117,0.813640877227377
501,442,950,942,944,941,948,355,947,943,0.970007425799387,0.806119939367303
501,945,950,942,944,941,948,355,947,943,0.970007425799387,0.809455814786445
486,945,950,942,944,941,948,355,947,943,0.966558753141992,0.812673194045191
501,945,950,942,944,941,948,730,947,943,0.990244839188786,0.80635437822063
501,945,950,942,944,510,948,355,947,943,0.975562981354943,0.806805790014337
616,945,950,942,944,941,948,355,947,943,0.972222823534725,0.796427119348582
501,945,950,942,944,941,948,355,947,943,0.970007425799387,0.809455814786445
501,945,950,942,944,702,948,355,303,943,0.970007425799387,0.783722115359107
501,945,950,942,944,941,948,214,947,943,0.990244839188786,0.776702358283433
501,945,950,942,944,941,948,355,947,943,0.970007425799387,0.809455814786445
501,945,950,942,944,941,948,355,947,943,0.970007425799387,0.809455814786445
501,945,950,942,566,941,648,355,947,318,0.942275297670535,0.77129632615486
501,945,950,942,944,941,948,355,947,943,0.970007425799387,0.809455814786445
501,945,950,942,944,941,948,355,947,943,0.970007425799387,0.809455814786445
501,945,950,942,230,696,948,523,947,943,0.996296296296296,0.792173759500101
501,945,950,942,944,941,948,355,947,943,0.970007425799387,0.809455814786445
501,945,950,942,944,941,948,355,947,943,0.970007425799387,0.809455814786445
501,945,950,942,944,941,134,355,947,943,0.964269672693895,0.806953284000079
862,945,950,942,944,941,309,355,775,943,0.953790615662183,0.811203502166286
501,945,950,942,944,941,948,355,947,943,0.970007425799387,0.809455814786445
497,945,950,942,944,941,948,355,947,943,0.973765247548849,0.807395953655686
501,57,950,942,568,371,948,355,947,943,0.962553105371401,0.758402826014044
501,945,950,942,944,941,948,181,947,943,0.990244839188786,0.788647979806198
501,945,950,942,944,941,948,355,947,943,0.970007425799387,0.809455814786445
501,945,950,764,944,941,948,355,947,943,0.968119801068337,0.809136899610114
501,945,950,942,944,777,948,355,947,943,0.961508413976417,0.806266084870489
501,523,950,942,944,941,948,773,947,943,0.990244839188786,0.778723097142928
501,945,950,942,944,340,948,355,947,943,0.968293098378185,0.808473669291337
501,945,950,942,944,941,948,355,947,943,0.970007425799387,0.809455814786445
501,641,950,942,389,799,948,355,947,943,0.957082126029275,0.777074716060093
501,945,950,942,944,941,948,355,947,943,0.970007425799387,0.809455814786445
501,945,950,942,944,941,948,355,947,943,0.970007425799387,0.809455814786445
501,945,950,942,944,941,948,355,947,943,0.970007425799387,0.809455814786445
501,945,950,942,944,941,948,293,947,943,0.975337719338788,0.799249042898008
501,945,950,942,944,941,948,355,947,943,0.970007425799387,0.809455814786445
501,945,950,942,944,941,553,355,947,943,0.965038385849388,0.808143520238529
501,945,950,942,944,941,948,355,947,943,0.970007425799387,0.809455814786445
501,851,950,942,944,941,948,355,878,943,0.975562981354943,0.804331070537856
501,98,950,942,944,941,948,355,947,943,0.954775678456276,0.804587532775412
501,945,950,942,944,941,948,355,947,943,0.970007425799387,0.809455814786445
501,945,950,942,944,941,948,355,947,943,0.970007425799387,0.809455814786445
501,945,950,942,944,941,948,355,947,943,0.970007425799387,0.809455814786445
501,945,950,942,944,941,948,355,947,943,0.970007425799387,0.809455814786445
501,256,950,942,944,941,948,355,947,943,0.970007425799387,0.793661358067408
501,945,950,942,944,941,948,355,947,177,0.974207031055045,0.803647778362077
501,945,950,942,944,941,948,355,947,943,0.970007425799387,0.809455814786445
216,945,950,942,944,941,24,355,947,943,0.978392987336935,0.805127898455227
501,945,950,942,944,941,948,355,947,943,0.970007425799387,0.809455814786445
501,945,950,942,944,941,948,355,947,943,0.970007425799387,0.809455814786445
501,945,311,942,944,941,948,355,947,943,0.965038385849388,0.808223025881234
501,945,950,942,944,941,948,355,947,943,0.970007425799387,0.809455814786445
501,945,950,511,944,444,948,355,947,943,0.967058695986781,0.806207659663512
501,945,950,942,944,941,948,355,947,255,0.967179747365782,0.806667536498178
501,945,950,942,944,941,948,355,114,943,0.975562981354943,0.807640482808397
501,945,950,942,944,941,948,355,947,943,0.970007425799387,0.809455814786445
501,945,950,942,944,941,948,355,947,943,0.970007425799387,0.809455814786445
501,945,950,689,944,941,948,355,947,943,0.961831185010141,0.805175150681173
501,945,950,942,528,941,640,355,203,943,0.96865147549949,0.780017616488775
499,945,950,942,944,941,948,355,947,943,0.969871009382951,0.781618696238501
501,356,950,942,944,941,630,355,947,943,0.95049710417696,0.792864821723385
501,945,950,942,944,941,948,355,947,943,0.970007425799387,0.809455814786445
501,945,950,942,929,941,948,355,947,943,0.974207031055045,0.794381126012652
501,945,950,942,944,143,948,355,947,943,0.975562981354943,0.794424536417382
501,945,950,942,944,941,948,355,947,943,0.970007425799387,0.809455814786445
501,945,950,276,944,941,376,355,947,943,0.971677080101302,0.779583792440704
501,945,950,942,944,941,948,355,947,943,0.970007425799387,0.809455814786445
501,945,950,942,493,941,948,355,947,943,0.965742567932188,0.808753217063522
501,945,950,942,944,941,948,355,947,943,0.970007425799387,0.809455814786445
501,945,950,942,944,941,948,355,947,943,0.970007425799387,0.809455814786445
501,945,950,942,944,941,166,355,681,943,0.954513790343833,0.786078326140565
501,581,950,942,944,941,948,355,947,943,0.953078499553673,0.793832678681596
501,945,950,942,944,941,948,355,947,943,0.970007425799387,0.809455814786445
501,945,98,942,944,941,948,355,947,943,0.966251184667261,0.810194145490255
501,945,950,942,944,941,948,355,947,943,0.970007425799387,0.809455814786445
501,945,950,942,944,941,948,355,947,493,0.963731800229615,0.809877024548341
501,945,950,942,944,941,948,355,947,943,0.970007425799387,0.809455814786445
65,838,950,942,944,941,948,355,513,943,0.973368022808428,0.812002059355834
501,945,950,942,944,440,948,355,947,943,0.975562981354943,0.810201973247705
501,945,950,942,944,941,948,355,947,654,0.954962022082058,0.778131470750768
501,945,950,942,944,941,948,355,947,283,0.967857824705839,0.805450166797145
464,945,950,942,594,941,948,61,947,943,0.99,0.794556711742399
501,860,38,942,944,941,490,355,947,301,0.949949206916038,0.753946823557227
35,945,950,136,944,941,948,355,467,943,0.950417858876674,0.787180907188244
501,945,550,942,944,941,948,355,947,943,0.96260001839198,0.811713995735109
501,945,950,427,944,941,948,355,947,943,0.977414833206795,0.789703863129784
501,945,950,942,944,941,948,355,947,943,0.970007425799387,0.809455814786445
379,945,950,942,944,941,948,355,947,943,0.973138858882001,0.797199252396398
501,945,950,942,944,263,948,355,947,943,0.975562981354943,0.779754348120083
710,945,830,942,944,941,948,355,947,943,0.97798814533169,0.794709826222835
501,701,950,942,944,941,35,355,947,619,0.931276994331087,0.791720715668863
501,154,950,942,944,941,526,355,947,943,0.955192610984573,0.804262340848167
501,945,202,942,944,941,948,355,947,943,0.970007425799387,0.788783288703594
501,945,950,942,944,941,948,355,947,259,0.968469277949553,0.807035762325465
387,945,950,480,944,941,948,355,947,943,0.978274280642235,0.77004701056196
501,945,950,942,944,941,948,355,947,943,0.970007425799387,0.809455814786445
478,945,950,942,15,941,948,452,947,943,0.986330036185109,0.759648092067449
501,945,950,942,944,941,948,355,688,943,0.975562981354943,0.814034078203445
501,945,950,942,944,991,948,355,947,943,0.970007425799387,0.804246008468546
501,165,950,942,944,461,948,405,947,943,0.988392987336935,0.78218711056039
501,945,306,942,944,941,948,355,947,943,0.961893017540051,0.815015997368207
501,945,950,942,944,941,948,355,947,943,0.970007425799387,0.809455814786445
501,945,950,942,944,941,948,355,947,943,0.970007425799387,0.809455814786445
501,945,950,942,944,941,948,355,947,943,0.970007425799387,0.809455814786445
501,945,950,942,944,941,364,355,947,943,0.950936339360561,0.813259205099535
501,945,950,942,944,941,948,355,947,943,0.970007425799387,0.809455814786445
501,945,950,942,944,941,948,355,947,943,0.970007425799387,0.809455814786445
76,945,950,942,944,941,948,355,947,943,0.982837431781379,0.811981938218413
485,945,950,352,944,941,948,355,947,943,0.965758899939721,0.809984269035802
501,945,950,942,944,941,948,355,947,943,0.970007425799387,0.809455814786445
517,749,950,942,944,585,948,640,947,943,0.968171238031082,0.762231194540439
501,945,950,942,944,941,948,355,947,943,0.970007425799387,0.809455814786445
501,945,950,942,944,381,975,355,947,943,0.975562981354943,0.777038297957182
501,945,950,942,944,941,948,355,947,943,0.970007425799387,0.809455814786445
501,945,950,942,944,941,948,355,947,943,0.970007425799387,0.809455814786445
501,945,950,942,944,941,948,355,947,943,0.970007425799387,0.809455814786445
501,945,950,942,944,941,948,355,947,943,0.970007425799387,0.809455814786445
672,216,950,99,944,941,948,355,947,943,0.956957184601646,0.781226835010494
501,945,950,942,944,941,948,355,947,943,0.970007425799387,0.809455814786445
501,945,950,942,944,941,948,355,947,712,0.974207031055045,0.807767223111942
501,945,950,942,852,941,948,355,947,943,0.974207031055045,0.790934614314278
501,945,950,942,944,941,948,355,947,943,0.970007425799387,0.809455814786445
501,945,950,942,944,941,948,355,947,943,0.970007425799387,0.809455814786445
501,945,950,942,944,941,948,355,827,203,0.960748166540128,0.784418153808041
501,945,950,942,944,941,948,355,947,943,0.970007425799387,0.809455814786445
501,945,856,942,944,941,948,355,947,943,0.942362605002581,0.814790454003118
501,945,950,942,944,941,948,355,947,419,0.949421362796147,0.806644317387766
501,945,950,942,944,569,775,355,947,834,0.966512351240855,0.789111852380723
501,566,950,363,944,941,948,355,947,943,0.96593932699581,0.801994626114962
501,945,950,942,944,941,948,355,947,943,0.970007425799387,0.809455814786445
501,945,950,187,944,941,948,355,947,943,0.977414833206795,0.775245013791242
501,66,950,942,944,941,572,539,947,943,0.984305700479621,0.770223132037169
285,945,950,942,944,941,948,355,947,943,0.966757280720268,0.800526327336312
501,945,950,942,944,941,911,355,947,943,0.962494943535134,0.80755606496177
501,945,950,942,944,941,948,355,225,943,0.961015122005877,0.795100396871497
501,945,950,452,944,941,948,678,361,943,0.976107875571978,0.782168263963683
501,945,950,942,944,941,230,355,11,943,0.963321787708641,0.810826073656377
501,945,950,942,569,941,948,355,947,943,0.974207031055045,0.787770065167236
501,945,694,133,944,941,948,355,947,690,0.96680450112443,0.798246422988826
501,945,950,942,944,941,948,355,947,943,0.970007425799387,0.809455814786445
501,945,950,942,944,941,948,355,947,943,0.970007425799387,0.809455814786445
501,945,822,942,944,941,948,248,157,943,0.968422553905148,0.764080819796375
501,322,950,897,944,941,948,355,947,649,0.973215227951137,0.786854283022006
155,30,950,179,944,941,948,355,947,943,0.990244839188786,0.789755455162674
501,945,950,942,944,941,948,355,947,960,0.960268592372982,0.804768193465672
501,945,950,942,944,66,948,355,947,943,0.969623842645778,0.793708463292024
501,945,950,942,944,941,948,355,947,943,0.970007425799387,0.809455814786445
979,945,950,942,944,132,948,355,947,943,0.97712869789625,0.807309188559325
501,945,950,942,944,941,948,355,947,943,0.970007425799387,0.809455814786445
501,945,950,764,652,941,948,355,947,943,0.966581653218503,0.809714354176416
501,945,950,672,944,941,948,355,947,943,0.969015622695479,0.780190059692143
501,791,950,942,303,295,948,898,947,943,0.98572825499582,0.791136375488402
501,945,950,942,944,941,471,355,801,943,0.943011995560921,0.786546010396092
501,945,950,942,944,941,948,355,947,943,0.970007425799387,0.809455814786445
910,945,950,942,944,941,948,355,947,943,0.97798814533169,0.780686784233328
501,83,950,942,944,941,948,355,947,943,0.956757190429641,0.80936057429125
501,945,950,942,697,941,948,355,947,943,0.974207031055045,0.79066394436518
501,945,950,942,296,941,948,355,947,943,0.958126879993935,0.806611407591523
501,945,950,942,944,941,948,355,947,943,0.970007425799387,0.809455814786445
501,945,950,942,944,941,948,355,947,943,0.970007425799387,0.809455814786445
501,945,950,548,944,941,948,355,490,943,0.957917016200442,0.808257454817241
501,945,421,942,944,973,948,355,947,943,0.966068987117324,0.786414435659033
501,945,950,942,944,102,948,355,893,943,0.975562981354943,0.79716142650675
501,945,950,942,944,941,948,355,327,943,0.965624901454944,0.800289328580853
501,945,950,942,944,941,948,355,947,943,0.970007425799387,0.809455814786445
501,945,950,942,944,938,728,355,947,943,0.96352122776783,0.796920971819966
501,945,950,942,944,353,948,355,947,943,0.968050499090689,0.807157118700999
501,945,950,942,944,941,948,355,947,463,0.974207031055045,0.775168316830637
339,77,950,942,944,941,948,355,947,943,0.976422428790383,0.812017820885821
501,945,950,942,944,941,948,355,947,943,0.970007425799387,0.809455814786445
501,945,950,942,944,941,948,355,947,943,0.970007425799387,0.809455814786445
501,945,950,942,944,941,948,355,947,943,0.970007425799387,0.809455814786445
501,945,950,942,944,941,948,355,947,943,0.970007425799387,0.809455814786445
501,945,950,942,944,941,948,355,947,943,0.970007425799387,0.809455814786445
501,945,93,942,944,941,948,355,947,943,0.970007425799387,0.784040212076013
501,945,950,942,944,941,948,355,947,943,0.970007425799387,0.809455814786445
501,945,950,942,944,941,948,355,947,202,0.974207031055045,0.78482395973339
501,945,950,942,944,941,948,355,947,943,0.970007425799387,0.809455814786445
501,945,950,942,944,715,246,355,947,56,0.940957414133718,0.776316935937949
501,945,950,942,944,941,948,420,947,943,0.986045233933128,0.806785603891977
238,945,950,942,944,941,948,355,947,943,0.97786839183138,0.806560832057201
852,945,950,942,944,941,948,355,947,943,0.982837431781379,0.794159199441426
501,945,950,942,944,941,948,355,947,943,0.970007425799387,0.809455814786445
501,945,950,942,944,941,948,546,947,399,0.980706269105867,0.800738227469488
501,945,950,821,944,941,948,355,947,943,0.97147569449763,0.8064483165838
501,945,950,942,9,941,948,355,947,943,0.957762484894061,0.809324598366202
501,945,950,942,944,941,948,355,947,965,0.964508458155668,0.802985442559966
501,945,950,942,944,941,948,355,947,943,0.970007425799387,0.809455814786445
501,945,950,942,944,941,948,355,787,110,0.960641555156733,0.795318442870267
501,945,950,942,944,941,948,355,947,943,0.970007425799387,0.809455814786445
501,945,950,942,944,941,948,355,947,943,0.970007425799387,0.809455814786445
501,945,950,942,944,941,948,602,947,943,0.990244839188786,0.7883919496978
501,945,950,942,944,941,948,355,947,943,0.970007425799387,0.809455814786445
501,945,950,942,944,941,948,157,947,943,0.974260120913353,0.792832616456494
501,945,950,942,944,941,948,355,947,943,0.970007425799387,0.809455814786445
501,945,950,942,944,941,948,763,947,943,0.982837431781379,0.805834474820001
501,945,950,942,944,941,948,902,947,943,0.990244839188786,0.80277194891333
501,945,950,942,944,941,948,615,947,943,0.984507086083294,0.808769577619352
67,945,950,942,126,941,948,355,947,943,0.966310135875928,0.810307536142714
501,340,950,942,944,941,603,355,947,943,0.937612475722672,0.775691700001308
501,945,950,380,944,312,948,355,947,943,0.966870920840557,0.785631538388664
239,945,950,942,944,941,948,355,947,685,0.958954588671977,0.803129998070123
501,945,950,942,944,941,948,355,947,943,0.970007425799387,0.809455814786445
501,945,950,942,944,941,948,746,947,943,0.970580737924283,0.805622235622631
501,945,950,942,944,941,948,355,947,943,0.970007425799387,0.809455814786445
501,871,950,942,944,941,948,355,947,943,0.960935241566857,0.804035796245812
501,180,950,942,944,364,948,355,947,943,0.965768024119783,0.77609735929585
501,945,950,942,944,941,948,355,947,943,0.970007425799387,0.809455814786445
501,945,950,942,944,941,948,355,947,943,0.970007425799387,0.809455814786445
972,945,950,942,944,575,948,355,947,943,0.959148358902241,0.79243426868462
501,945,950,942,944,941,948,355,947,943,0.970007425799387,0.809455814786445
501,945,950,942,944,941,948,355,947,943,0.970007425799387,0.809455814786445
501,945,950,942,796,941,948,355,947,943,0.953191347298842,0.808750522764411
501,945,950,942,944,941,948,355,947,943,0.970007425799387,0.809455814786445
501,945,950,942,944,941,948,355,947,943,0.970007425799387,0.809455814786445
501,945,950,942,944,941,948,355,947,943,0.970007425799387,0.809455814786445
501,945,950,942,944,941,948,355,947,957,0.961879449537137,0.778291609689075
501,945,950,942,944,941,948,355,947,121,0.946562210258239,0.808057580768559
501,945,950,897,944,941,948,355,947,943,0.969015622695479,0.790713159189725
501,945,950,942,944,941,948,355,947,943,0.970007425799387,0.809455814786445
715,945,950,942,944,941,948,59,947,943,0.977099678675886,0.794575387790282
501,945,950,942,944,941,948,355,379,922,0.96303673002196,0.781151151200877
501,945,950,942,944,941,948,355,929,943,0.975562981354943,0.798447044555006
501,945,950,942,944,941,862,497,947,943,0.961821218678352,0.804255241773548
501,945,950,942,944,941,948,355,947,240,0.964268951155046,0.787496651562428
501,945,950,942,944,941,948,355,674,943,0.959392817552733,0.808966109061222
501,945,950,942,944,941,948,355,947,943,0.970007425799387,0.809455814786445
758,945,950,942,944,941,948,355,947,943,0.982837431781379,0.808252075619206
501,945,950,527,944,941,948,355,947,835,0.970352535859478,0.778852754013233
501,945,950,942,944,941,948,355,947,985,0.974207031055045,0.803278524204863
501,945,950,942,944,941,948,355,947,51,0.970007425799387,0.807942038086838
501,945,950,942,944,941,948,355,947,943,0.970007425799387,0.809455814786445
501,945,950,942,944,941,625,355,947,943,0.970007425799387,0.793542523743823
501,945,950,942,944,941,948,355,947,943,0.970007425799387,0.809455814786445
501,945,950,942,944,941,948,355,625,943,0.975562981354943,0.793924195871665
501,945,950,942,944,780,948,355,947,943,0.975562981354943,0.797199469103019
501,945,950,942,944,941,948,355,947,943,0.970007425799387,0.809455814786445
794,945,950,942,944,941,540,640,947,943,0.973215227951137,0.799153895786354
501,945,950,942,944,941,948,355,947,943,0.970007425799387,0.809455814786445
501,945,950,942,879,941,948,355,947,943,0.974207031055045,0.805056984754637
501,945,950,942,944,941,948,355,947,943,0.970007425799387,0.809455814786445
501,945,950,942,944,941,948,355,947,943,0.970007425799387,0.809455814786445
501,945,950,942,382,941,948,684,947,943,0.975092880150001,0.793455982092254
