371,220,444,714,453,807,765,735,583,443,0.223651106057703,0.141427191241462
372,371,21,903,687,255,451,787,68,202,0.324945173999173,0.17626962701062
373,372,371,430,722,321,313,220,388,90,0.347110884131817,0.176055500244007
378,373,372,371,998,877,54,41,822,818,0.395136104950829,0.11153652590731
374,888,373,372,371,675,458,159,331,520,0.349659489430471,0.196159920667353
375,374,494,435,372,371,887,544,87,98,0.319626841957725,0.218357979270028
376,375,374,373,946,372,371,358,346,783,0.398458131453615,0.280713337283838
376,375,374,373,898,372,371,640,460,129,0.278318467593484,0.253049416152547
377,376,375,374,373,710,372,371,795,268,0.398373266795743,0.246928097571015
377,376,392,569,373,120,372,371,483,98,0.365938531933862,0.192555795656822
379,377,375,374,706,373,111,372,371,281,0.367928181930411,0.22853393588244
380,378,376,280,374,497,373,758,372,371,0.323797504313269,0.253974196482715
321,379,377,375,869,374,533,809,373,372,0.339816145920755,0.227451484680523
322,380,378,376,375,990,374,373,841,948,0.344047169907231,0.282267629289765
322,380,379,377,376,375,858,374,449,373,0.315983812694739,0.331940115981549
608,380,379,377,376,375,893,374,373,552,0.338222717900175,0.25759405099074
322,380,856,378,377,376,375,742,374,373,0.316921283266415,0.305349100915657
322,380,510,379,378,377,376,375,14,373,0.378434803061888,0.237225320917026
322,380,767,800,379,378,377,376,982,374,0.249304303973099,0.266201913612404
323,321,380,475,393,379,378,377,375,441,0.37622032915225,0.210366682952071
324,322,886,380,313,757,379,378,376,855,0.258361666028648,0.205726617847179
325,323,378,376,380,382,697,379,27,375,0.410697109726246,0.281290768405418
325,941,378,376,380,387,45,379,377,375,0.384357555768569,0.242714398595829
325,323,378,376,380,310,73,379,832,375,0.347188145261937,0.260205576509707
325,323,378,376,380,799,891,379,707,375,0.341623990562769,0.307546290773311
325,323,378,376,380,477,30,379,635,243,0.341790478083482,0.246336934058839
730,323,378,376,380,765,360,379,243,375,0.319607441243617,0.188467792821817
325,324,379,212,375,380,608,463,378,376,0.388223499736344,0.211789984542209
325,486,375,378,377,376,380,254,379,121,0.37443913869055,0.245538665543705
325,199,375,377,376,1,374,380,421,981,0.442419375130443,0.300177728407408
325,266,375,377,376,228,374,536,380,502,0.342333835392061,0.295324325307402
325,508,375,377,376,570,569,380,592,274,0.40005245875007,0.199717200921423
325,29,375,377,485,417,374,380,66,531,0.403244265770779,0.23949477035715
325,845,957,377,60,765,374,380,822,833,0.367016041000825,0.207994948535579
325,718,375,377,376,993,374,380,491,408,0.342286576419931,0.252377733020491
325,991,120,590,376,375,374,380,66,377,0.335312521670201,0.301328642145746
325,198,375,377,883,173,374,380,319,368,0.333530278808043,0.309705294133859
325,290,375,377,376,76,374,380,45,567,0.355660072593899,0.283099251089402
325,45,375,377,438,523,374,380,223,499,0.420797828090423,0.263447005509539
325,471,375,377,376,79,374,380,133,733,0.34079647487344,0.262220438675632
325,269,375,377,376,20,374,380,7,588,0.378381033762105,0.335667100376918
325,269,375,377,376,126,374,380,850,215,0.34770259615348,0.36142723825058
325,269,375,377,376,285,374,380,192,543,0.345963451913293,0.340715399811026
325,611,535,377,376,251,374,380,630,192,0.313182716088018,0.316952236889026
325,269,375,377,376,494,374,380,7,457,0.382181827205229,0.351062452842102
325,466,375,377,376,769,638,380,7,43,0.389514337325392,0.241744857395851
325,269,375,377,376,732,809,380,7,509,0.35574785646817,0.282201027147613
438,269,375,377,376,910,374,380,434,154,0.387625893131908,0.290810220691673
325,269,375,377,376,602,374,380,7,484,0.390335012315035,0.304419869463346
325,269,375,377,376,328,374,380,7,53,0.348779295683062,0.352961673268371
325,269,375,377,376,328,374,380,7,96,0.32948907919427,0.376086874275124
325,269,375,377,376,328,374,380,7,96,0.32948907919427,0.376086874275124
325,269,375,377,376,328,374,189,7,96,0.3060141869164,0.352233001209518
325,269,375,377,376,328,374,380,7,96,0.32948907919427,0.376086874275124
325,269,375,377,376,328,374,380,7,96,0.32948907919427,0.376086874275124
325,269,375,684,376,328,374,380,7,219,0.30433655191282,0.377764249397522
325,205,375,377,376,328,374,380,7,96,0.329569057861389,0.362598065783617
325,269,375,377,487,328,374,380,7,96,0.314590840749176,0.360787678086301
325,269,375,377,376,328,374,380,7,372,0.352390747615151,0.362975554268246
325,269,860,377,376,328,374,380,7,96,0.345189516143839,0.375772229306933
325,269,375,377,376,328,374,380,7,96,0.32948907919427,0.376086874275124
325,269,375,377,376,328,374,380,7,96,0.32948907919427,0.376086874275124
325,269,375,377,376,328,374,380,992,96,0.320347650258627,0.376190511122875
325,269,375,377,376,328,15,380,7,96,0.33021303269371,0.370384372667504
544,269,375,700,550,976,374,380,7,20,0.237672069886621,0.274015251140475
325,269,375,377,376,328,374,380,7,96,0.32948907919427,0.376086874275124
325,269,375,642,376,328,374,380,7,96,0.294096512102647,0.350191240563475
325,269,375,377,376,328,374,380,7,96,0.32948907919427,0.376086874275124
325,269,375,377,376,446,982,380,7,96,0.386018915549857,0.276972186627091
325,269,375,377,376,328,374,429,7,96,0.332966705423982,0.349556165128514
325,269,375,377,376,328,374,380,7,96,0.32948907919427,0.376086874275124
325,269,375,377,376,328,374,380,7,96,0.32948907919427,0.376086874275124
72,269,375,377,376,328,374,380,7,96,0.305075183792926,0.332254478164653
325,269,375,377,376,328,374,380,430,96,0.304540941365571,0.363782571300834
325,269,375,377,376,328,374,380,7,96,0.32948907919427,0.376086874275124
325,269,375,377,376,328,374,380,7,96,0.32948907919427,0.376086874275124
325,269,375,377,376,328,374,380,7,96,0.32948907919427,0.376086874275124
325,269,375,377,376,328,374,380,7,96,0.32948907919427,0.376086874275124
574,269,375,521,376,328,374,380,7,96,0.266612973637375,0.327891491223305
325,269,375,377,376,328,374,380,678,96,0.318518743654969,0.395084945358773
325,269,375,377,376,328,374,380,144,96,0.320082568798088,0.372503630739862
325,269,375,377,376,328,374,550,888,96,0.354694345839439,0.338353326454538
325,837,375,377,306,328,610,380,7,96,0.350105698313259,0.283912711809847
325,269,375,377,376,328,374,380,7,96,0.32948907919427,0.376086874275124
325,560,375,377,376,328,374,380,7,96,0.337632719063297,0.347497464423097
325,269,375,377,376,407,374,380,7,96,0.346602185887811,0.322981851619616
325,269,375,377,376,328,374,380,7,96,0.32948907919427,0.376086874275124
325,269,375,377,376,328,552,380,7,96,0.349431698943289,0.340101371349137
325,269,937,377,376,328,374,380,7,96,0.301610165733019,0.386138646959026
325,269,375,377,376,328,374,360,7,96,0.321914998820263,0.326877645920999
325,269,375,377,376,328,374,380,7,96,0.32948907919427,0.376086874275124
325,269,375,481,376,619,374,380,7,96,0.306804485313132,0.314719806621203
325,269,375,377,376,328,374,380,7,96,0.32948907919427,0.376086874275124
325,269,375,377,376,328,374,380,7,96,0.32948907919427,0.376086874275124
325,269,375,575,376,328,374,380,45,492,0.282072036551009,0.400288534333678
325,269,375,377,376,328,374,380,7,96,0.32948907919427,0.376086874275124
325,269,375,377,376,328,374,380,7,96,0.32948907919427,0.376086874275124
325,179,375,377,376,328,353,380,7,96,0.33657783209422,0.28869424454726
325,269,375,377,468,328,374,380,7,96,0.313237302202655,0.362735959901671
325,269,420,377,674,328,374,380,7,96,0.286211437250956,0.359915068970363
325,269,375,377,376,328,374,380,7,96,0.32948907919427,0.376086874275124
325,269,375,377,376,328,374,380,7,96,0.32948907919427,0.376086874275124
325,269,375,377,376,328,374,380,7,96,0.32948907919427,0.376086874275124
318,269,375,377,376,328,374,380,7,96,0.292320938426653,0.329763032892446
325,269,375,377,376,328,374,380,7,96,0.32948907919427,0.376086874275124
325,269,375,377,376,328,374,380,7,96,0.32948907919427,0.376086874275124
325,269,375,377,376,328,374,380,7,96,0.32948907919427,0.376086874275124
325,269,375,377,376,328,374,380,7,96,0.32948907919427,0.376086874275124
325,500,375,377,376,328,579,380,7,96,0.376341366688871,0.285205769480337
325,269,375,377,376,328,374,380,7,96,0.32948907919427,0.376086874275124
325,269,375,662,376,328,374,380,7,96,0.29482144387351,0.350191240563475
325,269,375,377,376,328,374,380,7,96,0.32948907919427,0.376086874275124
325,269,375,377,376,328,374,380,7,96,0.32948907919427,0.376086874275124
325,269,375,377,376,328,374,380,764,96,0.313489805001934,0.375675531818593
325,269,375,651,376,328,234,380,7,96,0.292430726756595,0.310351537469695
865,269,375,835,392,328,374,380,7,96,0.2119757350882,0.294012546308807
325,269,375,377,376,526,374,380,7,96,0.352312301005797,0.34338290137877
325,269,375,377,376,328,268,380,7,96,0.347763054580314,0.337255692430121
325,269,903,377,376,328,374,380,7,96,0.299853485064682,0.369280033070384
325,269,375,377,376,328,374,31,7,96,0.31000768469613,0.358436971120539
325,269,375,377,376,328,374,380,7,96,0.32948907919427,0.376086874275124
325,269,375,361,376,328,374,380,350,96,0.303861187007798,0.369581131699834
325,269,375,377,376,328,374,380,7,96,0.32948907919427,0.376086874275124
325,269,375,377,376,328,374,380,7,96,0.32948907919427,0.376086874275124
325,269,375,377,376,328,374,380,7,679,0.34495447138285,0.385148187610998
325,269,375,519,376,328,374,380,7,96,0.272895592712344,0.379469082965925
325,269,375,377,376,328,374,380,7,96,0.32948907919427,0.376086874275124
325,269,375,377,376,328,374,380,7,96,0.32948907919427,0.376086874275124
325,269,375,377,191,328,374,380,7,526,0.361773978617438,0.333477887793198
325,269,375,599,376,328,830,380,598,96,0.292030032456369,0.312122589151545
531,269,375,377,376,328,516,380,7,96,0.317447854479681,0.292136621455565
325,269,209,377,376,328,374,380,7,96,0.323571991631585,0.371830149682908
325,269,375,377,376,919,771,380,7,96,0.38388165299053,0.351582179874719
999,269,375,377,765,328,374,380,440,96,0.250922811000247,0.278218267112608
325,269,375,377,376,328,374,42,886,96,0.296004495535918,0.34531790029271
325,269,375,377,376,328,374,136,7,96,0.346894035485187,0.367313135886404
325,269,375,377,376,328,374,380,7,96,0.32948907919427,0.376086874275124
723,269,997,377,376,328,374,816,7,96,0.30422926669848,0.304409726799602
325,269,375,377,376,328,374,115,7,96,0.323860753170643,0.326877645920999
325,269,375,377,376,328,716,380,7,98,0.370320807171754,0.352745759780336
325,269,375,377,376,328,374,541,7,96,0.312065965921077,0.328590711167951
20,269,375,377,376,328,374,380,483,96,0.258755488027855,0.361337687873649
325,269,375,377,376,328,374,380,7,96,0.32948907919427,0.376086874275124
325,269,375,377,376,328,374,380,692,96,0.31571977312286,0.37729317848829
325,269,375,377,376,328,374,380,7,96,0.32948907919427,0.376086874275124
325,269,375,377,376,328,374,380,7,96,0.32948907919427,0.376086874275124
325,269,375,377,376,328,374,380,7,96,0.32948907919427,0.376086874275124
325,269,375,377,376,328,71,292,7,96,0.343684840992409,0.316842351114463
524,269,375,377,376,328,374,380,7,96,0.279935813696418,0.326777762536501
325,531,375,377,376,328,374,380,7,614,0.377777146887439,0.323124875011858
325,269,375,377,376,328,374,380,7,96,0.32948907919427,0.376086874275124
325,598,348,377,376,328,374,380,7,96,0.29181268123661,0.333854230737327
325,269,375,377,376,469,374,380,7,96,0.350537347397526,0.325270652938413
325,269,375,377,376,328,374,380,7,96,0.32948907919427,0.376086874275124
325,269,375,377,376,328,374,380,7,96,0.32948907919427,0.376086874275124
325,269,375,377,376,328,374,380,7,96,0.32948907919427,0.376086874275124
325,269,375,377,376,328,374,380,7,96,0.32948907919427,0.376086874275124
325,269,375,377,376,328,374,380,7,96,0.32948907919427,0.376086874275124
967,269,375,377,376,328,374,380,7,838,0.310278454771164,0.307155725773992
325,269,375,921,376,850,374,380,7,96,0.298629901317538,0.348066666307223
325,269,375,377,891,328,374,240,7,425,0.361363019240232,0.364313868269252
381,269,375,377,376,328,84,380,7,96,0.301942903204253,0.298067036906517
325,937,375,377,376,328,374,380,7,96,0.341110716668493,0.345739451894974
325,269,375,377,376,328,374,524,7,96,0.302639193016044,0.328279244759414
325,269,375,377,376,328,374,380,7,308,0.344843383905367,0.354270865155823
325,106,375,377,376,328,374,380,7,430,0.333376280128038,0.331207113240068
325,269,763,377,376,328,374,380,7,96,0.289768577752713,0.369078880083048
325,269,375,377,376,951,374,380,7,96,0.326988575297589,0.369546079695853
325,269,375,377,376,328,374,380,7,373,0.375028438431857,0.396925392798747
325,269,375,377,197,328,374,775,7,96,0.33930959732886,0.310465648468477
325,269,375,377,376,328,374,380,7,96,0.32948907919427,0.376086874275124
325,269,375,377,376,80,374,380,7,96,0.326713744278755,0.343212188285988
325,780,262,377,376,328,374,380,7,96,0.311569290505541,0.350444198317131
325,269,375,377,376,328,374,380,7,96,0.32948907919427,0.376086874275124
325,485,375,377,376,328,760,380,7,96,0.337072608557534,0.282981486435007
325,269,375,377,376,916,374,380,7,96,0.344089496390815,0.337627812257226
325,269,375,377,376,328,374,380,7,96,0.32948907919427,0.376086874275124
325,269,375,377,376,328,437,380,7,96,0.329634208649744,0.328208410831378
325,269,543,377,376,328,374,380,7,166,0.298415368087215,0.341537051028906
325,269,375,377,376,328,374,380,7,96,0.32948907919427,0.376086874275124
325,269,375,234,376,328,374,380,7,96,0.286442668401822,0.358230000913441
325,269,375,377,376,996,374,380,7,96,0.341507750154128,0.341863499174896
325,269,375,377,376,328,374,380,7,96,0.32948907919427,0.376086874275124
325,269,375,377,376,328,374,380,7,96,0.32948907919427,0.376086874275124
325,269,375,518,184,328,374,380,7,96,0.289582928232018,0.348361692458346
325,269,375,718,376,328,374,380,7,96,0.295096883955296,0.366114456177262
325,269,375,377,462,328,374,380,7,96,0.318709945770151,0.365508089975121
325,269,375,377,727,328,374,380,7,96,0.30466493851836,0.357087423354385
325,269,375,377,506,328,374,380,7,96,0.302386668664944,0.341636292708803
325,269,375,381,376,328,374,380,7,96,0.277235149687042,0.356264835529941
325,269,932,377,376,328,819,380,7,96,0.317435207759837,0.323769082132069
325,519,375,377,376,328,374,380,7,96,0.309642976311902,0.349392201186686
325,269,264,831,376,328,374,380,7,368,0.275104955626338,0.349958479073938
325,269,375,377,376,328,374,380,7,96,0.32948907919427,0.376086874275124
325,269,375,188,376,328,374,380,7,96,0.279792339144323,0.367184723363227
325,269,375,377,376,328,374,380,7,96,0.32948907919427,0.376086874275124
325,269,375,377,376,328,374,380,971,96,0.327919916926111,0.363782571300834
325,269,375,377,376,328,374,380,532,96,0.317568531032342,0.383807221239385
664,269,375,377,376,809,374,380,7,96,0.304979552216547,0.29477836851757
325,269,375,911,376,328,374,380,7,96,0.279792339144323,0.368527064603593
325,269,375,377,376,328,374,638,7,96,0.341395928038993,0.337667158809731
325,269,375,377,376,328,374,380,7,96,0.32948907919427,0.376086874275124
261,269,375,377,376,328,374,380,7,96,0.301788945948857,0.385392829141655
325,269,375,377,376,328,374,275,7,96,0.325170634999005,0.332273526155908
899,269,375,377,376,328,374,380,7,96,0.287505791033387,0.341883883350532
325,269,534,377,376,328,374,380,7,96,0.276662356635956,0.396371441176101
325,269,375,377,376,328,374,380,7,96,0.32948907919427,0.376086874275124
325,269,375,377,376,110,374,380,7,96,0.327639670204681,0.342672712641551
325,269,375,377,376,328,374,380,7,96,0.32948907919427,0.376086874275124
325,269,375,377,288,446,374,380,290,96,0.382713275374298,0.306694204366251
325,269,375,377,376,328,374,380,7,96,0.32948907919427,0.376086874275124
325,269,971,377,376,328,374,380,7,96,0.303219092188571,0.360513553848289
300,269,375,377,417,328,374,380,7,96,0.323534527086166,0.319414681448996
325,269,383,377,872,328,374,471,7,96,0.278416207591527,0.300807798197554
325,269,375,377,376,328,374,380,7,96,0.32948907919427,0.376086874275124
729,269,375,377,376,776,374,863,7,96,0.362580970594628,0.239262679794309
325,269,793,377,376,328,374,63,7,96,0.268507555085704,0.361917616881378
325,269,375,377,376,328,374,380,7,96,0.32948907919427,0.376086874275124
325,269,375,377,376,328,374,380,106,517,0.339521514932181,0.377572703978849
325,269,647,377,376,739,374,380,7,96,0.294728428317928,0.388635864100404
585,161,375,377,376,328,374,380,7,96,0.306167670153588,0.319121790714894
325,269,375,377,376,328,374,380,291,96,0.303482473623635,0.366274302569128
325,269,375,377,376,328,374,380,7,96,0.32948907919427,0.376086874275124
612,269,375,377,376,328,374,380,7,96,0.279046111241249,0.35464271740877
325,269,375,377,376,582,374,380,7,438,0.451553062557843,0.295422343854746
325,269,375,377,376,328,374,380,7,96,0.32948907919427,0.376086874275124
325,269,375,624,376,328,374,380,7,96,0.327873152931122,0.363740029334821
863,269,375,377,226,328,374,380,7,96,0.286642831464282,0.32033273723396
325,269,375,377,376,328,374,224,7,96,0.31345192651332,0.332328308070392
955,269,375,377,376,328,374,380,7,96,0.290686871536239,0.325376163698086
325,269,375,377,376,328,374,380,7,96,0.32948907919427,0.376086874275124
325,269,18,377,376,328,374,380,7,96,0.295532856097498,0.409336099669799
325,269,375,377,376,328,374,380,7,96,0.32948907919427,0.376086874275124
325,269,375,377,376,328,374,380,7,96,0.32948907919427,0.376086874275124
325,269,375,377,713,328,374,380,7,96,0.326819665989248,0.350537640842006
325,269,375,377,376,328,32,422,7,96,0.314234595297182,0.304140331053927
325,269,375,377,376,328,374,380,7,96,0.32948907919427,0.376086874275124
325,269,375,377,376,328,374,380,7,96,0.32948907919427,0.376086874275124
325,269,375,552,592,733,374,380,3,96,0.299707422038679,0.294014329622304
325,269,175,377,738,328,374,380,7,96,0.267819070611606,0.348402606160587
325,269,375,377,376,328,374,380,7,96,0.32948907919427,0.376086874275124
325,269,375,377,371,328,374,411,7,96,0.308705870282911,0.345838043128272
325,269,375,377,376,207,283,380,339,96,0.347407587110038,0.282543262810992
325,269,375,377,376,202,374,380,7,96,0.36955588659774,0.334310840152784
325,269,375,377,376,328,374,380,7,96,0.32948907919427,0.376086874275124
325,269,375,377,376,328,374,549,7,96,0.320829699957278,0.335131505747222
325,269,375,377,376,24,374,380,7,96,0.353071070931191,0.324870016375144
325,269,375,377,40,328,374,380,7,96,0.314401740443796,0.338399438842183
274,104,286,377,376,328,374,88,7,18,0.296657241105894,0.260894189839131
325,269,108,377,376,328,374,380,7,96,0.292496522178975,0.369234613287317
325,269,491,377,376,328,374,380,7,96,0.282291104883238,0.360513553848289
325,269,375,370,376,328,374,380,7,96,0.301730916528633,0.350381974006708
325,269,375,377,994,328,374,380,7,96,0.322925913957198,0.347165918064278
325,269,375,377,376,463,374,380,7,96,0.396420760310336,0.333104509897059
325,244,375,377,376,328,374,380,711,96,0.351471383656075,0.325738999473852
325,269,375,377,376,328,374,380,7,96,0.32948907919427,0.376086874275124
325,269,375,377,376,328,756,380,7,96,0.344152480756974,0.328208410831378
279,269,375,377,376,328,374,380,7,96,0.298717842876762,0.335727444148728
325,269,375,796,376,328,374,380,7,96,0.289534841795133,0.371993889161044
325,269,375,377,376,328,374,380,7,96,0.32948907919427,0.376086874275124
325,269,375,377,376,328,374,777,7,96,0.300789598032391,0.390010415631136
325,269,375,377,376,328,543,380,7,96,0.351562240469052,0.328208410831378
325,269,375,377,376,328,374,380,7,96,0.32948907919427,0.376086874275124
325,269,375,377,376,328,374,380,7,96,0.32948907919427,0.376086874275124
325,269,375,377,376,328,528,380,7,96,0.356247724649466,0.328208410831378
325,269,375,377,376,328,374,380,7,96,0.32948907919427,0.376086874275124
325,269,375,377,376,534,374,380,7,96,0.329161240907286,0.358839738947428
325,269,375,622,376,328,374,380,7,96,0.318779769288506,0.369657891097019
302,269,375,377,376,328,374,380,7,96,0.322705594399905,0.354058285460631
325,269,375,377,376,328,374,380,7,96,0.32948907919427,0.376086874275124
325,240,375,377,376,328,374,380,7,96,0.353258542259453,0.367318477672437
325,269,375,377,376,328,61,380,134,96,0.309567262969547,0.364199964714779
325,269,375,377,376,328,374,324,7,96,0.306317439933314,0.357712820366133
325,269,375,377,376,328,374,380,7,96,0.32948907919427,0.376086874275124
325,269,402,377,376,328,374,380,7,96,0.291111017298403,0.364406883954998
325,269,301,377,376,328,99,380,7,96,0.339597731346871,0.403625781805458
325,269,375,377,376,328,619,816,7,96,0.384114906478106,0.300090925666406
325,269,375,678,376,328,374,425,7,96,0.30225741983522,0.337243455791348
325,269,375,377,376,328,374,263,7,96,0.349233340082674,0.343871128720752
87,269,375,421,376,851,374,380,7,96,0.258277266333886,0.308321246026706
325,269,375,377,376,328,374,380,7,96,0.32948907919427,0.376086874275124
325,269,375,377,757,328,374,380,7,96,0.31632756299253,0.343071434970234
325,269,375,377,489,328,374,380,7,96,0.303985153333143,0.346497565464138
325,269,375,377,376,328,374,380,665,96,0.337559123441683,0.372556309689554
325,269,375,377,939,328,374,380,7,96,0.347597510000663,0.345637264121177
325,269,375,377,567,328,374,380,144,96,0.295681715598566,0.347224135128962
325,269,375,377,376,328,374,380,7,96,0.32948907919427,0.376086874275124
325,269,375,377,376,328,374,380,7,96,0.32948907919427,0.376086874275124
325,269,375,377,376,328,797,380,7,96,0.349637103602265,0.347090058386658
325,269,375,377,416,328,374,380,7,96,0.356739190681743,0.340017865775493
325,269,375,377,635,328,374,380,754,558,0.340896564781324,0.314100001769652
325,269,375,377,376,324,374,380,7,96,0.333427519187201,0.35381702606475
325,269,375,538,376,328,374,380,7,96,0.293451041639995,0.350191240563475
325,269,375,377,376,219,374,380,7,96,0.340033268064006,0.33366349208464
325,269,375,377,376,236,374,380,7,96,0.343461113904447,0.322981851619616
325,252,375,377,376,328,374,380,7,96,0.32635159154079,0.3331795996457
325,269,375,377,376,328,374,380,7,96,0.32948907919427,0.376086874275124
325,269,375,377,376,328,374,928,7,650,0.393704197323084,0.303176468023873
325,269,403,377,347,328,374,380,7,998,0.273079565183807,0.373951843517067
325,269,375,377,376,328,374,380,7,96,0.32948907919427,0.376086874275124
325,269,375,377,376,328,374,380,7,96,0.32948907919427,0.376086874275124
325,269,375,377,376,328,374,380,7,96,0.32948907919427,0.376086874275124
325,269,375,377,376,328,718,380,7,96,0.350007865371244,0.344131626445165
325,269,375,377,376,328,374,380,7,96,0.32948907919427,0.376086874275124
325,269,375,377,376,328,374,380,7,96,0.32948907919427,0.376086874275124
325,627,375,377,376,328,783,380,7,96,0.405445902691794,0.300082014727723
325,269,375,377,376,328,374,380,7,96,0.32948907919427,0.376086874275124
325,269,361,377,376,136,374,380,7,96,0.329519241991876,0.349462448091496
325,269,375,377,376,328,374,380,7,96,0.32948907919427,0.376086874275124
325,269,375,377,981,328,671,380,7,96,0.337540686334837,0.329904624091889
325,269,375,377,376,328,374,380,7,96,0.32948907919427,0.376086874275124
443,269,375,377,376,328,374,380,508,96,0.244864451668435,0.313383327132333
325,269,375,377,376,328,374,380,7,96,0.32948907919427,0.376086874275124
325,143,375,377,376,328,374,380,7,96,0.329123301749102,0.322811737006419
325,269,375,377,376,328,374,380,7,885,0.344902419730763,0.358798033522457
325,269,375,377,376,328,550,380,7,96,0.346905726244837,0.349699593020411
325,269,375,377,376,328,115,380,7,96,0.351187916255653,0.328208410831378
325,269,375,377,376,328,374,380,598,96,0.310065334913039,0.363782571300834
325,269,375,377,376,328,374,380,7,96,0.32948907919427,0.376086874275124
325,269,375,377,376,328,374,380,7,96,0.32948907919427,0.376086874275124
325,269,635,624,376,328,374,862,7,96,0.266328614259775,0.301246281872658
325,269,375,377,376,328,374,380,7,96,0.32948907919427,0.376086874275124
325,269,375,377,376,328,374,380,485,96,0.327102715557906,0.374528162395351
325,269,818,377,376,328,374,380,7,96,0.289663252780652,0.368740557425947
325,269,375,377,376,328,374,380,7,96,0.32948907919427,0.376086874275124
325,269,375,72,376,328,374,380,7,96,0.300429060907929,0.357069555030041
325,54,447,377,376,328,923,380,7,96,0.336129750079079,0.262268970267316
325,269,375,377,376,328,374,105,7,96,0.308648664385496,0.3283612039432
325,269,375,377,376,328,374,192,7,96,0.301251646048787,0.357557087161865
325,269,375,377,376,328,374,380,7,96,0.32948907919427,0.376086874275124
515,269,375,377,376,328,374,380,7,96,0.314764245101242,0.326777762536501
325,269,375,377,376,328,374,380,7,96,0.32948907919427,0.376086874275124
325,269,375,377,376,328,374,380,7,96,0.32948907919427,0.376086874275124
325,269,375,377,376,328,374,380,7,96,0.32948907919427,0.376086874275124
325,269,375,377,79,584,374,339,7,96,0.323037756038186,0.302856528168261
325,269,375,377,376,328,374,380,7,96,0.32948907919427,0.376086874275124
325,755,375,377,376,328,932,380,7,96,0.373817879483761,0.298207428889954
830,269,375,377,376,328,374,380,7,96,0.286739050485912,0.33923641887797
325,269,375,377,376,328,374,380,7,96,0.32948907919427,0.376086874275124
325,801,375,377,376,328,374,380,7,96,0.372714518954266,0.329420313650767
325,518,375,377,376,328,365,380,7,96,0.351478618225584,0.300273711495748
325,269,375,377,376,328,374,390,523,96,0.334054917563466,0.341142518435211
325,269,375,377,376,328,374,380,7,96,0.32948907919427,0.376086874275124
325,269,375,377,376,328,374,380,7,96,0.32948907919427,0.376086874275124
325,269,375,377,86,328,374,380,7,439,0.339895607390535,0.349654186775237
325,287,375,377,376,328,206,380,7,96,0.380071022685411,0.298661580404272
325,269,375,377,376,328,374,380,234,96,0.313174777652023,0.371821331650801
325,269,375,377,376,328,374,380,287,96,0.354458554784455,0.38171151496474
325,269,375,377,376,328,374,380,7,96,0.32948907919427,0.376086874275124
901,269,375,377,376,328,374,380,7,96,0.323543354576484,0.332814767984175
325,269,375,377,376,328,374,380,7,96,0.32948907919427,0.376086874275124
325,269,375,377,376,328,374,380,7,96,0.32948907919427,0.376086874275124
325,269,375,377,359,328,374,380,7,241,0.35805266504921,0.336580230940418
325,269,375,806,376,458,374,380,7,96,0.299560310642034,0.343865407889049
325,269,375,377,376,328,374,380,7,96,0.32948907919427,0.376086874275124
325,269,375,377,376,328,374,380,7,444,0.345245520686355,0.373704181017015
325,269,375,377,376,328,374,380,7,96,0.32948907919427,0.376086874275124
325,269,375,377,376,328,374,380,7,96,0.32948907919427,0.376086874275124
325,269,375,377,376,328,374,380,7,96,0.32948907919427,0.376086874275124
325,269,375,377,376,328,374,380,7,96,0.32948907919427,0.376086874275124
325,269,375,377,335,328,374,380,7,96,0.304645699683345,0.363754794130702
325,269,375,377,97,328,374,380,7,96,0.340539294372987,0.368344589429771
325,269,375,377,781,328,374,380,7,96,0.316450694922248,0.343358508366242
325,269,375,377,376,328,374,684,7,96,0.320502325723379,0.371519255498126
325,269,375,377,376,328,374,380,7,92,0.376528604998132,0.349099566839953
325,269,375,377,376,328,374,380,254,96,0.327053289565498,0.38959748146258
325,269,375,377,376,328,374,380,7,96,0.32948907919427,0.376086874275124
325,269,375,377,376,328,374,380,7,96,0.32948907919427,0.376086874275124
325,269,375,40,376,328,374,380,7,96,0.286829146695277,0.350191240563475
325,269,375,377,376,328,374,380,7,96,0.32948907919427,0.376086874275124
455,269,375,377,923,328,694,380,200,96,0.348631583177304,0.268608346632949
325,269,375,377,376,328,374,380,7,96,0.32948907919427,0.376086874275124
325,269,375,377,376,328,374,380,7,96,0.32948907919427,0.376086874275124
325,269,375,377,376,328,374,612,7,157,0.342080569987731,0.355772347378736
325,269,375,377,376,328,674,380,7,96,0.355956050920162,0.355856537608753
666,269,375,377,881,328,374,795,7,96,0.297255417971545,0.296790430325172
325,269,375,377,376,328,374,380,7,96,0.32948907919427,0.376086874275124
325,269,375,377,376,328,374,380,7,96,0.32948907919427,0.376086874275124
325,712,375,377,376,328,374,380,7,96,0.309159884524463,0.320114358784236
325,269,375,377,376,328,374,380,7,96,0.32948907919427,0.376086874275124
325,696,375,377,376,328,374,380,7,96,0.334238796086665,0.345662199896459
325,269,375,377,376,328,374,380,7,96,0.32948907919427,0.376086874275124
325,269,523,377,376,328,374,380,7,96,0.293855600315789,0.360513553848289
565,269,375,377,376,751,374,380,7,887,0.367324600787682,0.302783821611609
325,269,428,377,376,328,374,380,7,96,0.284942419693005,0.392750327131838
325,269,375,256,376,328,374,380,7,461,0.320807768837691,0.380624448183312
325,269,375,377,376,328,374,380,7,96,0.32948907919427,0.376086874275124
325,269,375,377,376,328,374,380,7,96,0.32948907919427,0.376086874275124
325,269,375,377,376,328,374,380,7,96,0.32948907919427,0.376086874275124
325,269,375,377,376,328,374,224,7,96,0.31345192651332,0.332328308070392
325,269,375,377,376,328,374,380,7,96,0.32948907919427,0.376086874275124
325,269,375,377,680,328,374,380,7,96,0.3484979336897,0.365420653217095
325,453,375,377,376,328,374,724,7,96,0.324704417686864,0.314097833319882
325,269,479,377,200,328,374,380,7,96,0.295415899739611,0.344461852667644
325,269,375,377,376,490,374,621,7,96,0.356508357098484,0.294231387860283
927,269,375,377,376,328,374,380,7,96,0.278295268228412,0.325376163698086
325,269,375,377,376,328,374,380,7,96,0.32948907919427,0.376086874275124
325,269,375,377,376,328,42,380,7,96,0.338106611113387,0.342909122142275
325,269,375,377,15,328,374,380,7,96,0.302386668664944,0.380575400678309
701,269,375,377,376,328,433,380,7,96,0.314749648465482,0.337722932688099
432,269,375,403,376,328,374,380,812,96,0.250532696649939,0.327379355184147
325,269,375,377,376,925,374,380,7,96,0.343017175841107,0.327162787864
325,269,375,377,376,328,374,380,7,931,0.370138752706881,0.348336633067021
325,269,375,377,376,328,374,380,7,96,0.32948907919427,0.376086874275124
325,269,375,377,376,328,374,380,7,96,0.32948907919427,0.376086874275124
325,269,375,377,376,328,374,380,7,96,0.32948907919427,0.376086874275124
663,269,375,377,376,328,374,380,7,755,0.306259185983613,0.364455175899362
325,269,339,377,376,328,374,380,7,96,0.278921208894808,0.370089246537038
325,269,375,377,376,328,374,380,7,96,0.32948907919427,0.376086874275124
325,269,642,377,376,328,374,380,7,96,0.295259674223818,0.360513553848289
325,269,375,822,376,328,374,590,7,96,0.3009881491164,0.343917894207167
325,765,375,436,376,328,940,380,7,96,0.295807180989569,0.299912483897154
325,269,375,377,376,328,374,380,7,96,0.32948907919427,0.376086874275124
325,269,616,377,376,328,374,380,7,96,0.318576519577072,0.374674789514749
325,269,375,377,376,328,374,380,7,291,0.33511453096822,0.350828364335314
898,269,301,377,376,328,36,380,7,96,0.290183796686352,0.322231280104684
325,269,375,377,376,328,374,637,7,96,0.337694690547266,0.331932082166675
325,269,375,377,376,258,374,626,930,96,0.31238530552025,0.323254277320629
119,269,375,377,376,328,374,380,7,96,0.281453306924438,0.366002387106724
325,269,375,377,376,328,374,105,7,96,0.308648664385496,0.3283612039432
325,864,981,377,376,328,787,597,7,6,0.395583175483372,0.253630961589112
325,269,375,377,376,328,374,380,7,96,0.32948907919427,0.376086874275124
325,269,375,377,376,328,374,267,7,96,0.305867666278333,0.335374387320875
325,269,375,377,376,328,374,380,778,96,0.338346697644259,0.399640458628646
325,269,375,377,376,328,374,380,7,96,0.32948907919427,0.376086874275124
325,269,375,377,376,328,374,380,7,96,0.32948907919427,0.376086874275124
325,269,375,377,376,328,374,380,7,96,0.32948907919427,0.376086874275124
325,269,375,377,376,328,374,572,7,96,0.356370947829037,0.326877645920999
325,269,375,377,376,328,374,380,7,96,0.32948907919427,0.376086874275124
325,269,375,377,376,328,374,380,7,96,0.32948907919427,0.376086874275124
325,269,112,377,623,328,584,380,239,179,0.376473990588179,0.363079872353519
325,269,375,377,376,328,436,380,7,96,0.340404209721469,0.349076660203337
325,269,423,377,376,328,374,380,7,96,0.294086005724103,0.367268857442017
325,269,375,377,376,328,374,380,7,96,0.32948907919427,0.376086874275124
325,269,702,377,376,328,374,380,7,517,0.35106829587576,0.340046233840079
325,269,375,213,376,328,374,380,7,96,0.307973463276412,0.350191240563475
325,269,375,377,376,328,374,380,843,96,0.314206433649646,0.37079056549291
325,269,375,377,376,328,374,380,7,113,0.374138956434266,0.35364437160495
305,269,375,377,376,328,374,380,183,96,0.303549958615033,0.313071860723796
325,269,375,377,376,593,374,380,7,728,0.340546981275217,0.30820148455136
325,269,375,377,741,328,374,380,7,96,0.335260154811481,0.360726776569944
325,269,375,377,737,328,374,380,7,96,0.367922240882394,0.355392921641935
325,269,375,377,693,328,374,380,7,96,0.327351580882865,0.355797528375263
325,269,375,377,376,676,374,380,7,96,0.352730980554912,0.340514810063805
325,269,375,377,376,328,374,380,7,96,0.32948907919427,0.376086874275124
325,269,375,377,376,328,513,380,7,96,0.331239781935859,0.358887852072244
710,269,375,377,376,328,374,371,874,96,0.31200054066189,0.306086157949455
351,269,375,377,376,328,374,607,7,96,0.313004172239185,0.32444422866715
325,269,375,377,376,830,374,380,7,741,0.368131966577291,0.331419203319157
325,269,375,377,250,328,374,380,7,96,0.348563213651252,0.34996203934556
325,269,375,377,376,328,374,380,7,96,0.32948907919427,0.376086874275124
325,269,375,377,376,328,374,380,7,96,0.32948907919427,0.376086874275124
325,214,375,377,376,328,374,380,7,96,0.374146118480562,0.328056752201922
47,269,375,89,376,328,374,380,7,96,0.258598202424078,0.316851876977306
325,269,375,377,376,603,374,380,7,96,0.398701806463281,0.347756020879187
325,269,375,377,376,328,374,380,7,96,0.32948907919427,0.376086874275124
325,269,375,377,376,328,374,380,7,96,0.32948907919427,0.376086874275124
325,269,375,377,376,328,374,998,438,96,0.350007879803575,0.323450135590005
325,269,375,377,376,328,374,380,7,96,0.32948907919427,0.376086874275124
325,269,375,377,376,328,374,12,7,96,0.359216147079142,0.347505447966133
325,269,375,377,376,328,374,380,7,96,0.32948907919427,0.376086874275124
325,269,375,153,197,328,374,380,7,96,0.340745213677562,0.341635489930109
325,269,375,377,376,45,374,380,7,96,0.34299751621183,0.350071372798955
325,269,375,377,376,328,374,380,7,96,0.32948907919427,0.376086874275124
325,269,375,377,376,328,860,380,688,96,0.37734048027373,0.331162783315732
325,269,375,377,376,328,374,380,7,96,0.32948907919427,0.376086874275124
325,191,375,377,376,328,374,380,7,96,0.347008541515502,0.322541999184201
325,269,375,377,376,328,374,380,7,96,0.32948907919427,0.376086874275124
325,269,375,377,376,612,374,380,92,96,0.34420450278536,0.340707036128943
325,794,375,377,376,328,374,380,7,96,0.353277344944475,0.334275594450696
325,269,375,377,376,328,374,380,7,607,0.366223046760468,0.378081675082276
325,269,375,377,210,328,374,380,7,96,0.349713002085037,0.338399438842183
325,269,375,377,376,328,956,380,910,96,0.369444371098058,0.322912102049164
325,269,375,377,676,328,374,380,7,96,0.326672568537186,0.355932397286372
325,269,375,377,376,328,374,380,7,484,0.346690808042062,0.355500360463365
325,989,375,377,618,328,852,380,7,96,0.378124042054105,0.251628395857641
325,269,375,633,376,328,374,380,7,96,0.331847767893103,0.350191240563475
325,269,375,377,376,328,374,380,7,96,0.32948907919427,0.376086874275124
325,269,375,377,376,328,374,380,7,96,0.32948907919427,0.376086874275124
325,269,375,377,376,328,374,70,7,96,0.353753579364642,0.326877645920999
316,269,375,377,376,328,374,380,7,96,0.287973885825767,0.388508933408223
325,269,375,377,376,328,374,380,7,96,0.32948907919427,0.376086874275124
325,269,375,572,376,328,374,380,7,96,0.328655372584862,0.350191240563475
325,269,375,377,376,328,874,292,7,96,0.355158020770795,0.282101167432764
325,269,375,377,376,328,374,380,7,96,0.32948907919427,0.376086874275124
325,269,375,377,376,328,374,380,7,96,0.32948907919427,0.376086874275124
325,269,375,377,376,328,706,380,7,96,0.345803457341462,0.329431826597283
325,269,375,377,376,328,374,380,7,96,0.32948907919427,0.376086874275124
325,269,375,377,376,328,374,380,7,96,0.32948907919427,0.376086874275124
325,269,375,377,376,328,374,380,7,96,0.32948907919427,0.376086874275124
325,269,375,576,376,328,374,380,7,96,0.300129814940501,0.351904305810427
325,723,375,377,376,328,374,380,7,96,0.34504101439592,0.331038740584077
325,913,375,377,376,328,374,380,7,96,0.34773868837291,0.358686867361452
325,269,375,377,376,328,374,380,7,96,0.32948907919427,0.376086874275124
325,269,375,377,376,328,374,380,7,96,0.32948907919427,0.376086874275124
325,269,375,377,376,328,374,380,7,96,0.32948907919427,0.376086874275124
325,269,375,377,376,328,374,380,7,96,0.32948907919427,0.376086874275124
325,269,375,377,376,328,237,380,7,96,0.344388404007687,0.336290649059588
325,269,899,377,376,328,374,380,7,96,0.284942419693005,0.377021273500734
739,269,375,377,376,328,374,380,7,96,0.297392506225575,0.343470726895572
325,661,375,377,376,328,374,380,7,96,0.325477293357667,0.339265744161735
325,269,375,377,376,328,374,410,7,96,0.312583213503303,0.371519255498126
325,269,898,377,376,328,374,380,7,758,0.28639488721588,0.367964098439672
325,269,375,377,376,328,374,380,7,96,0.32948907919427,0.376086874275124
325,269,375,377,376,328,374,380,7,96,0.32948907919427,0.376086874275124
325,269,375,377,376,328,374,380,7,96,0.32948907919427,0.376086874275124
729,269,375,377,520,328,374,380,7,96,0.289960121482512,0.29561088534976
325,269,375,377,495,328,374,380,7,96,0.316836658977628,0.350537640842006
325,269,375,377,209,328,374,380,7,96,0.349637387299712,0.349716034676802
325,269,375,377,376,328,374,380,7,96,0.32948907919427,0.376086874275124
325,269,375,377,376,328,836,380,7,96,0.345000469749807,0.331224171364292
269,973,375,377,376,328,374,380,7,96,0.337101442951054,0.334912835859738
474,269,375,377,376,328,374,380,7,96,0.328696552232719,0.371533656960483
325,269,375,377,376,328,450,380,7,96,0.362328550193852,0.328208410831378
325,269,375,377,376,328,25,380,7,96,0.35714790737857,0.350478259041753
325,269,375,377,376,328,374,380,7,96,0.32948907919427,0.376086874275124
325,269,375,377,376,328,374,380,7,96,0.32948907919427,0.376086874275124
325,269,375,377,376,328,201,380,7,931,0.389044897706062,0.302746970942071
325,269,453,377,376,328,374,380,7,96,0.297707792076153,0.365368834648218
325,269,375,377,376,313,374,380,7,96,0.366970266344519,0.322981851619616
325,269,375,377,376,531,374,380,903,96,0.357919848399146,0.319444027867421
325,269,375,502,376,328,374,380,7,96,0.286829146695277,0.369972014192816
325,299,375,377,376,328,586,789,7,96,0.369757168836848,0.223026666986365
325,269,780,377,376,328,374,380,7,96,0.303369636123977,0.383496933757871
325,269,375,377,376,328,374,380,7,33,0.373038245011765,0.348336633067021
963,269,375,377,376,328,374,380,7,96,0.307310111293715,0.325376163698086
325,269,375,377,376,328,374,380,7,96,0.32948907919427,0.376086874275124
325,269,437,377,376,328,925,735,7,96,0.264883248435087,0.276380536683522
325,269,375,377,376,328,374,380,7,96,0.32948907919427,0.376086874275124
566,676,375,377,376,328,374,380,7,96,0.310138403853326,0.320263512364814
325,269,375,377,376,328,374,380,7,96,0.32948907919427,0.376086874275124
325,269,375,377,376,328,374,870,7,96,0.332281926235302,0.338893852844681
325,269,375,377,376,328,374,380,710,431,0.356229178923049,0.372351059272408
325,269,375,377,376,328,374,380,7,96,0.32948907919427,0.376086874275124
325,269,375,377,376,328,374,536,274,96,0.317603558467552,0.332526583231785
325,269,375,377,376,328,131,384,7,96,0.392956255238921,0.285107777682684
325,269,375,377,376,328,587,380,938,96,0.368586110196346,0.345753891723059
325,269,38,377,376,328,374,380,7,96,0.301462338987809,0.362382352299509
325,269,375,588,376,328,374,380,7,313,0.363401881155712,0.327018601992964
325,10,375,377,376,328,374,380,7,96,0.327734369027441,0.332056770494577
325,269,375,377,376,328,374,380,7,96,0.32948907919427,0.376086874275124
325,269,375,377,376,328,374,380,7,96,0.32948907919427,0.376086874275124
325,269,375,377,376,328,626,380,27,96,0.357897234463659,0.352792530236914
72,269,375,620,376,328,374,380,7,934,0.261645665300314,0.358046391888185
325,269,746,377,376,328,374,380,7,96,0.299378514141612,0.381537536424517
325,269,375,377,376,328,374,380,7,96,0.32948907919427,0.376086874275124
325,269,209,377,376,328,374,380,7,96,0.323571991631585,0.371830149682908
325,501,207,377,376,328,426,380,7,96,0.346892957858677,0.266233078416805
325,541,375,377,376,328,374,380,7,96,0.319345453416303,0.321827424031188
325,269,375,377,376,328,374,380,7,96,0.32948907919427,0.376086874275124
325,269,375,377,376,328,374,380,7,96,0.32948907919427,0.376086874275124
325,269,804,377,376,328,374,380,7,96,0.300641899098071,0.378823964398661
325,269,375,377,376,328,374,380,7,96,0.32948907919427,0.376086874275124
325,269,131,915,3,328,374,380,7,96,0.278045876197322,0.318790156531801
325,269,364,377,376,328,374,463,7,96,0.325071360272649,0.367990326399803
325,269,375,377,376,328,780,380,7,96,0.357630778210789,0.35119179074096
325,269,375,377,376,328,374,380,7,96,0.32948907919427,0.376086874275124
325,269,893,377,376,328,374,380,7,96,0.290638121326397,0.375463941458051
325,269,375,377,376,328,374,380,7,96,0.32948907919427,0.376086874275124
325,269,375,377,376,328,374,380,7,96,0.32948907919427,0.376086874275124
325,269,375,209,376,328,374,380,7,96,0.321887782351409,0.361507836398093
325,269,375,377,441,328,374,380,7,96,0.337613737985991,0.338399438842183
325,269,375,377,376,328,374,89,7,96,0.324014659102369,0.335442972155759
325,269,375,377,376,328,374,380,7,574,0.339203705901797,0.376747594303889
325,269,82,377,376,328,374,380,7,96,0.320179705788693,0.36348066989269
325,269,375,377,620,328,374,380,7,96,0.31385291625414,0.393560823485823
325,269,375,377,376,328,374,380,7,96,0.32948907919427,0.376086874275124
325,269,375,377,733,684,374,380,7,96,0.327193319331914,0.342343965585843
325,269,375,86,376,328,374,380,7,96,0.285318469816132,0.389196229704632
325,269,989,377,376,328,374,380,7,674,0.315643203864265,0.36041143941756
325,269,375,377,376,328,374,380,7,96,0.32948907919427,0.376086874275124
325,269,375,377,492,328,374,380,7,96,0.317217159829588,0.363887267298531
325,269,375,377,376,972,374,409,7,96,0.343567028636735,0.364467275607104
325,269,375,377,376,370,374,380,161,96,0.330408957042122,0.346726169416371
325,269,375,377,376,328,374,35,7,96,0.310673658156221,0.326877645920999
325,269,375,377,376,328,374,487,7,96,0.315925193113638,0.349265885165117
325,269,375,377,376,328,727,380,7,96,0.332102922175909,0.34689639534358
325,94,375,377,376,328,374,380,7,96,0.386550429820427,0.321193310073109
325,269,375,377,376,328,374,380,7,96,0.32948907919427,0.376086874275124
325,269,478,377,741,328,374,189,7,96,0.289495761113237,0.350049853576263
325,761,375,377,376,328,374,380,7,96,0.320004966379738,0.320114358784236
325,269,375,721,376,578,374,380,7,96,0.291589744458074,0.357653588332657
325,269,375,377,730,328,139,380,7,96,0.325310009642571,0.290520975398437
325,269,804,377,376,328,374,380,7,96,0.300641899098071,0.378823964398661
325,269,375,377,376,328,374,380,7,96,0.32948907919427,0.376086874275124
325,269,375,377,376,929,374,380,7,96,0.368489518963232,0.327940921143675
325,269,375,377,376,353,374,380,7,96,0.347300883010844,0.33094345942651
325,32,375,377,376,328,374,380,7,96,0.311362783075187,0.326945096810538
325,269,375,377,376,328,374,380,7,220,0.339513447005669,0.371385147298737
325,269,242,377,376,328,374,380,7,96,0.295027864790962,0.388814395080363
325,269,375,377,376,328,701,380,7,96,0.362488099729816,0.352575755937325
439,269,375,377,376,328,374,380,7,96,0.304306790149736,0.325376163698086
325,269,375,377,376,328,855,380,7,96,0.349637103602265,0.335216405023454
325,269,375,377,376,328,374,380,7,96,0.32948907919427,0.376086874275124
325,269,693,377,376,328,374,380,7,96,0.301619675757773,0.377911643381369
325,39,375,377,376,328,374,380,7,96,0.33463384273978,0.321643628491617
325,269,375,377,376,328,374,380,7,96,0.32948907919427,0.376086874275124
325,269,874,377,376,328,374,380,7,96,0.289012365145403,0.363615538803799
325,269,375,377,485,328,374,380,7,96,0.323412186943471,0.349145029936699
325,269,375,892,376,328,374,380,722,96,0.298841314135835,0.354290013707226
886,269,375,641,603,328,374,380,7,96,0.314434103632773,0.30261110984817
325,269,375,377,376,328,374,380,7,96,0.32948907919427,0.376086874275124
325,269,375,377,376,328,374,380,7,96,0.32948907919427,0.376086874275124
325,269,375,377,376,328,374,380,7,96,0.32948907919427,0.376086874275124
325,269,375,377,376,53,374,380,7,96,0.346830307154238,0.327606891820967
40,269,375,377,376,64,374,380,254,96,0.288472426316358,0.29427848962991
325,269,375,377,376,328,374,221,915,96,0.291858208568393,0.32961537289241
325,269,375,615,376,328,374,380,456,96,0.265584083515335,0.386046427546915
325,269,375,377,376,328,374,380,7,96,0.32948907919427,0.376086874275124
325,269,375,298,719,328,374,380,7,96,0.259535950923854,0.35714541470766
325,269,375,284,376,299,374,380,7,839,0.336983450377362,0.288802627233407
325,394,375,377,376,328,374,380,7,96,0.31761960482771,0.370825069361274
325,269,375,377,376,328,374,380,983,96,0.322588757560235,0.363782571300834
325,269,375,377,376,328,374,380,7,96,0.32948907919427,0.376086874275124
325,624,375,377,376,328,374,380,7,246,0.380439025060432,0.338146576102565
325,269,375,377,696,328,374,228,7,96,0.306636614473828,0.338720965057607
325,333,375,377,376,328,374,380,7,96,0.310758004115461,0.358686867361452
48,269,375,377,376,328,374,380,7,96,0.289418739828761,0.354597761105067
325,269,375,377,376,328,374,380,7,96,0.32948907919427,0.376086874275124
325,946,375,377,610,328,374,380,7,96,0.307846360956845,0.356523272788878
325,269,375,377,376,328,374,380,277,96,0.302353441365571,0.402119993390676
325,269,375,377,376,328,374,380,7,96,0.32948907919427,0.376086874275124
325,269,375,377,376,328,374,380,7,930,0.355337519777475,0.350243967499351
325,269,375,377,376,328,374,380,7,96,0.32948907919427,0.376086874275124
325,269,375,377,376,328,374,380,7,96,0.32948907919427,0.376086874275124
325,269,748,377,376,328,374,380,485,96,0.311365917730224,0.365028436934981
325,269,375,666,376,328,374,532,7,96,0.301473173427411,0.345453303212182
325,269,375,377,376,328,374,380,997,96,0.328934110906743,0.383404955038647
267,269,375,377,376,328,374,380,7,96,0.281782261921844,0.333872905097962
325,269,375,377,376,328,374,380,7,96,0.32948907919427,0.376086874275124
325,269,375,377,376,328,374,890,7,96,0.331292376967537,0.326877645920999
325,269,375,377,993,328,374,380,7,96,0.336532020797027,0.347899164302553
325,269,375,377,376,511,374,380,7,595,0.362321436223172,0.322219719333203
325,269,375,377,376,328,374,380,7,96,0.32948907919427,0.376086874275124
649,269,375,377,376,340,374,380,7,96,0.304891103420297,0.30013083934757
658,269,375,377,376,328,374,380,7,96,0.278021352156145,0.363063599131027
325,269,375,377,376,328,374,380,7,96,0.32948907919427,0.376086874275124
325,269,375,377,376,328,55,380,7,96,0.363594998291244,0.336306537453333
325,269,375,377,376,328,374,380,25,803,0.352010467703005,0.365585099502999
325,269,375,377,376,328,374,380,7,96,0.32948907919427,0.376086874275124
325,269,375,377,376,328,374,380,7,96,0.32948907919427,0.376086874275124
325,269,375,377,376,342,374,380,7,96,0.363093875205165,0.339975334419368
325,269,581,377,376,993,374,380,7,96,0.339809673995664,0.322153426342059
325,269,375,377,376,328,374,421,7,96,0.330409579970974,0.335442405834476
325,269,375,377,376,145,374,380,7,96,0.352857064085251,0.33964530447633
325,269,375,15,376,328,374,380,7,96,0.274368338482316,0.3923672023996
325,746,375,377,376,328,374,380,7,96,0.338706520137098,0.341138341360464
906,269,375,377,376,328,374,380,649,96,0.283302416590503,0.329794924527838
325,269,375,377,376,809,374,380,7,96,0.338395325131228,0.336333873819422
325,269,375,377,376,328,374,380,7,96,0.32948907919427,0.376086874275124
325,652,375,377,376,328,374,380,7,96,0.320034828492933,0.352506865272054
325,269,375,377,376,652,374,380,7,96,0.338090765175933,0.355374358107433
325,269,375,377,376,328,374,380,7,96,0.32948907919427,0.376086874275124
325,791,375,377,376,328,374,380,7,96,0.322706335987535,0.343680039810165
325,269,375,377,376,328,374,380,7,96,0.32948907919427,0.376086874275124
338,269,375,377,376,328,374,380,7,96,0.289623804620666,0.343215604474724
693,269,375,377,376,328,374,380,7,96,0.304579152046895,0.342774253231166
126,269,375,377,376,328,374,380,7,96,0.2799702732861,0.367909721539055
325,269,953,377,376,328,374,380,7,96,0.313349983662705,0.37292149367033
937,269,375,377,376,328,374,380,7,96,0.304425027269968,0.351001256808824
325,269,375,377,376,235,374,380,870,96,0.362458150588955,0.344648492248624
325,269,375,377,376,328,374,380,7,96,0.32948907919427,0.376086874275124
325,269,375,377,8,328,374,380,7,96,0.319644299738084,0.362625839896877
325,269,375,377,376,328,374,380,7,96,0.32948907919427,0.376086874275124
325,373,375,377,376,328,374,380,7,96,0.35743829889557,0.368703118515962
325,269,375,377,527,328,374,380,7,96,0.37029094188703,0.349014915918041
325,269,375,377,376,328,374,380,7,96,0.32948907919427,0.376086874275124
325,269,375,377,376,328,374,380,7,96,0.32948907919427,0.376086874275124
863,915,375,377,376,328,374,380,7,999,0.298416818693216,0.257062297693274
325,269,375,377,376,328,374,380,7,96,0.32948907919427,0.376086874275124
325,269,375,377,376,328,374,380,7,96,0.32948907919427,0.376086874275124
325,269,375,377,376,328,374,380,7,96,0.32948907919427,0.376086874275124
325,262,375,377,376,931,41,380,7,96,0.431959308284506,0.24205065273513
325,269,375,377,376,328,374,380,7,557,0.366646050272482,0.364377153106661
325,269,375,377,376,328,374,380,7,96,0.32948907919427,0.376086874275124
325,269,375,377,376,328,374,380,7,96,0.32948907919427,0.376086874275124
325,269,375,377,376,328,374,926,7,96,0.321938557529363,0.331836715445058
325,269,375,377,376,328,374,380,7,96,0.32948907919427,0.376086874275124
325,269,375,377,376,120,374,380,7,96,0.329943439055385,0.348337206908135
325,269,375,377,376,328,374,380,7,96,0.32948907919427,0.376086874275124
325,519,375,377,376,328,374,380,395,96,0.298738984074276,0.353595617864842
325,880,375,377,376,328,374,380,7,96,0.327075122574847,0.344564471854368
325,269,375,377,376,328,374,380,7,96,0.32948907919427,0.376086874275124
787,269,375,377,356,328,374,316,7,96,0.285724466841449,0.312294059946173
325,269,375,160,376,328,374,380,7,96,0.316708664208805,0.35657820084153
325,269,375,377,376,328,374,380,7,473,0.338431115334618,0.399884323679845
325,388,375,377,376,328,374,427,7,96,0.346445529331382,0.275220935585604
405,269,375,377,376,328,374,380,7,96,0.323585420732762,0.336433221201139
325,269,375,377,376,328,374,380,7,331,0.335912327481742,0.348336633067021
325,671,375,383,376,328,374,380,7,96,0.296194522347382,0.331983946832729
325,269,889,377,376,328,374,380,7,96,0.322887458795051,0.360513553848289
325,269,375,377,376,328,374,380,7,96,0.32948907919427,0.376086874275124
325,269,375,377,376,174,374,380,7,96,0.327648206701223,0.329995034997292
325,269,375,377,376,328,374,380,7,96,0.32948907919427,0.376086874275124
325,269,375,377,376,328,374,380,7,96,0.32948907919427,0.376086874275124
325,269,375,377,376,328,374,380,7,96,0.32948907919427,0.376086874275124
325,269,375,377,376,328,374,380,7,96,0.32948907919427,0.376086874275124
325,269,375,377,376,328,374,380,7,96,0.32948907919427,0.376086874275124
325,269,375,377,376,328,519,380,7,96,0.329509208018746,0.357486253233828
325,269,375,377,376,119,374,380,7,96,0.331485703647922,0.363608075028254
325,269,375,377,376,328,374,380,7,96,0.32948907919427,0.376086874275124
325,269,375,718,376,328,374,236,7,96,0.291292399695245,0.316905227823137
325,269,375,377,376,328,374,380,7,96,0.32948907919427,0.376086874275124
192,269,375,377,376,328,374,380,7,96,0.278295268228412,0.356055604938952
325,269,79,377,376,328,374,380,7,96,0.316887051264029,0.366998490918213
325,269,375,377,376,328,374,380,7,96,0.32948907919427,0.376086874275124
325,269,375,377,376,328,374,380,7,96,0.32948907919427,0.376086874275124
325,269,375,377,376,328,374,380,7,96,0.32948907919427,0.376086874275124
325,147,375,377,376,328,974,380,7,96,0.355100837875668,0.296579524369896
325,269,375,377,376,662,374,380,242,96,0.342399009565861,0.3389783898774
325,269,375,377,376,328,374,380,890,96,0.32688235748465,0.363782571300834
325,269,375,377,138,328,374,380,7,96,0.300527651384262,0.34068824016098
325,269,375,377,376,328,374,380,7,96,0.32948907919427,0.376086874275124
325,269,375,377,376,328,374,380,7,96,0.32948907919427,0.376086874275124
752,269,375,377,376,109,374,380,7,96,0.300802936110215,0.305269067960615
325,269,685,377,376,328,374,380,7,96,0.285715978620612,0.384355234252419
325,269,163,377,376,328,374,380,948,96,0.294941666931395,0.348209250873999
325,716,375,377,376,328,374,781,822,957,0.396436744128878,0.284720152732478
325,269,375,377,376,328,866,380,7,96,0.345641842459102,0.356797820683405
478,817,375,377,684,328,374,294,7,96,0.301759576539865,0.261327233455265
325,269,375,377,376,328,374,380,7,96,0.32948907919427,0.376086874275124
325,269,375,436,376,328,374,380,7,96,0.284219493213531,0.371059489935434
325,269,375,377,376,873,361,380,7,96,0.387354387458099,0.282270814489742
325,269,375,377,376,328,374,380,7,96,0.32948907919427,0.376086874275124
325,269,375,377,376,328,374,380,7,96,0.32948907919427,0.376086874275124
325,269,375,377,376,328,374,380,7,96,0.32948907919427,0.376086874275124
325,269,375,377,376,328,374,380,7,96,0.32948907919427,0.376086874275124
325,269,375,377,376,328,374,380,7,96,0.32948907919427,0.376086874275124
325,624,103,377,376,78,374,380,7,96,0.338102618099822,0.288090420859101
325,269,375,377,376,328,374,729,7,96,0.331749284205206,0.331062206103174
325,269,375,377,376,328,374,380,7,96,0.32948907919427,0.376086874275124
462,269,375,377,376,328,374,380,7,96,0.295749808369108,0.352484814831024
325,269,375,75,376,328,839,380,7,96,0.299530864726844,0.341520339027893
325,269,375,377,376,328,374,380,7,96,0.32948907919427,0.376086874275124
325,269,375,377,376,328,374,380,7,400,0.389934173233221,0.375316034241566
325,269,375,377,66,328,374,380,7,96,0.345195875945696,0.342023374263611
325,689,375,377,422,328,374,380,7,96,0.293416556698429,0.338905235745555
325,269,375,377,376,328,242,380,7,135,0.348799424507539,0.345752493655101
325,269,375,377,376,328,374,380,364,96,0.303482473623635,0.41034591392903
325,269,375,377,376,328,374,380,7,96,0.32948907919427,0.376086874275124
325,269,375,377,376,328,374,380,7,96,0.32948907919427,0.376086874275124
325,269,375,377,376,328,374,380,7,96,0.32948907919427,0.376086874275124
325,269,375,377,376,328,687,979,554,96,0.33428938409271,0.339396766792308
84,269,375,377,376,245,374,380,7,96,0.34737536181735,0.292996210899024
325,269,375,377,173,328,110,380,7,96,0.3040144736898,0.310211836420372
325,269,375,377,376,328,374,380,7,96,0.32948907919427,0.376086874275124
654,269,375,377,376,66,374,380,7,96,0.375495566361196,0.275895076464006
325,269,375,377,376,328,374,380,307,96,0.313040831876453,0.384147776878315
325,269,656,377,376,328,374,380,68,96,0.28499448542415,0.386183656629539
325,269,375,377,376,328,374,380,7,96,0.32948907919427,0.376086874275124
325,269,375,377,376,328,374,380,7,96,0.32948907919427,0.376086874275124
325,269,375,377,376,328,374,436,7,96,0.313394113082558,0.347745895292958
325,269,375,377,376,328,374,380,7,96,0.32948907919427,0.376086874275124
325,269,375,377,376,328,374,380,7,96,0.32948907919427,0.376086874275124
325,755,375,377,376,328,374,380,7,96,0.338960524257184,0.3446023343115
325,269,375,377,376,328,374,380,7,96,0.32948907919427,0.376086874275124
325,269,375,135,376,328,374,380,7,96,0.272895592712344,0.367184723363227
325,269,375,377,376,328,374,380,7,96,0.32948907919427,0.376086874275124
325,301,375,377,798,698,374,380,750,96,0.360469112510257,0.290586286350076
325,269,375,377,376,328,374,380,758,96,0.297706707493449,0.38657541727828
325,269,375,377,376,328,874,380,7,96,0.342309949187479,0.331310395786889
325,640,375,960,376,328,374,380,7,96,0.286364117963789,0.33120629819939
774,269,375,377,376,328,374,380,7,96,0.296024859117602,0.331445264697998
325,269,251,377,376,328,374,380,7,96,0.320575387427146,0.391033050441381
325,269,375,377,376,328,374,380,7,96,0.32948907919427,0.376086874275124
325,269,375,309,376,328,374,828,7,96,0.263327166021021,0.333215000790943
325,41,375,518,376,328,374,435,7,96,0.327965230419095,0.247354376936446
325,269,375,377,376,328,374,438,7,96,0.359674826089904,0.326877645920999
325,269,608,377,376,661,700,380,7,96,0.324078153004476,0.281640384007632
325,269,375,377,376,328,748,380,7,96,0.366171983657296,0.334282005797844
325,269,375,377,376,328,374,380,547,96,0.338997394385626,0.370011899471568
325,269,375,377,376,328,374,380,169,96,0.301580879175611,0.368907589922982
785,269,375,377,376,328,374,187,7,96,0.354779967511452,0.293160418143713
325,269,375,51,376,328,374,380,7,96,0.291231724226433,0.353967570074531
325,269,375,377,376,328,374,583,773,96,0.366728990756624,0.339928698235228
325,269,182,377,376,328,374,380,7,96,0.28145987592701,0.389914976470083
325,269,375,377,376,328,374,380,7,96,0.32948907919427,0.376086874275124
70,269,375,377,376,986,374,380,7,96,0.347946896238886,0.272271141042578
325,269,375,377,376,328,374,380,7,96,0.32948907919427,0.376086874275124
968,269,375,377,958,328,374,380,7,96,0.325263935877413,0.303868209797546
325,269,375,377,376,328,374,380,7,96,0.32948907919427,0.376086874275124
311,269,375,377,376,328,374,380,7,96,0.289433288831316,0.373389496052941
325,269,375,377,376,328,374,380,7,96,0.32948907919427,0.376086874275124
325,269,375,377,376,328,374,380,7,642,0.349470122411548,0.348336633067021
285,269,375,377,376,328,374,380,351,96,0.305196810310589,0.358712763164668
59,269,375,377,376,328,374,380,7,228,0.305746281324968,0.351819472035757
325,269,375,377,376,328,374,380,7,119,0.332363263605317,0.388962856475659
325,269,375,377,376,328,374,380,171,96,0.299319951038129,0.403027338776459
325,269,375,377,376,734,374,380,7,96,0.346207727307521,0.364562617159266
325,269,375,377,376,328,374,380,7,96,0.32948907919427,0.376086874275124
569,269,375,377,376,328,374,380,7,96,0.333480354225911,0.325376163698086
325,269,375,377,376,328,374,380,7,227,0.368404827026515,0.348336633067021
325,269,375,377,376,328,374,380,7,809,0.339551867649389,0.361688655266826
797,269,375,377,376,328,374,380,7,96,0.29875623647503,0.344257811253366
325,269,375,377,376,129,374,380,7,96,0.333337196020897,0.346547532645545
325,269,736,229,376,328,374,380,7,96,0.258555728238375,0.388970091313625
325,269,375,377,376,328,374,380,7,96,0.32948907919427,0.376086874275124
325,269,375,377,919,328,374,380,7,96,0.340336367368346,0.389110149419221
325,269,375,377,376,328,374,380,7,96,0.32948907919427,0.376086874275124
325,269,375,377,376,367,374,380,7,96,0.341477497953358,0.323172585062849
255,269,375,377,376,328,374,380,18,96,0.267762814120667,0.397752293873118
325,269,375,377,376,328,374,380,7,96,0.32948907919427,0.376086874275124
325,269,375,377,376,328,374,380,7,96,0.32948907919427,0.376086874275124
325,269,837,377,376,328,374,380,7,984,0.315432912520926,0.353771101412741
325,269,375,377,376,328,374,380,598,96,0.310065334913039,0.363782571300834
325,269,375,377,376,328,374,380,7,96,0.32948907919427,0.376086874275124
325,269,375,377,883,328,374,380,7,96,0.331379615705512,0.389110149419221
325,269,638,377,376,328,374,380,7,96,0.307868624240363,0.371303066737021
325,269,788,377,376,328,374,380,7,96,0.342008958119361,0.360513553848289
325,269,375,377,376,328,90,380,7,96,0.354985663584263,0.360576949497573
325,269,375,377,376,328,374,380,7,96,0.32948907919427,0.376086874275124
325,269,375,377,376,328,374,980,7,96,0.320334172369849,0.326877645920999
325,269,375,377,376,328,374,380,7,96,0.32948907919427,0.376086874275124
325,269,375,377,376,194,374,450,7,96,0.334009056347118,0.309599858396512
325,269,801,377,376,328,374,881,7,96,0.324053142063814,0.34597782831069
325,269,375,377,376,328,374,380,7,96,0.32948907919427,0.376086874275124
325,269,952,377,376,328,374,380,7,96,0.300220264983363,0.369543394241402
325,269,879,377,376,328,374,380,7,96,0.277580469355043,0.390049845381192
325,269,375,377,481,328,374,380,7,96,0.319807825410605,0.348210630711089
325,13,280,377,376,328,374,380,7,96,0.315680128347193,0.308922119767285
325,269,375,377,376,55,374,380,7,96,0.361262497514215,0.331079978241571
382,269,375,377,376,328,374,380,7,96,0.293660734834651,0.367114289473619
325,269,375,377,376,519,374,380,7,96,0.327639670204681,0.352259694022066
325,269,375,377,376,328,374,380,7,96,0.32948907919427,0.376086874275124
325,269,732,324,376,328,374,380,7,96,0.224055446790997,0.379107975176237
325,269,880,377,376,328,374,380,7,128,0.292129570746173,0.365987164099037
325,269,700,377,376,328,374,380,7,123,0.297329750777189,0.349756795439938
325,269,375,914,376,328,374,380,7,96,0.329053292475838,0.350191240563475
325,269,375,377,376,328,374,380,814,96,0.304812604878374,0.369077500245958
325,269,375,377,376,328,374,380,7,96,0.32948907919427,0.376086874275124
794,269,676,377,376,328,374,380,7,96,0.288581524025737,0.3414970373819
325,269,375,377,376,328,374,380,7,530,0.351186951131509,0.358107697193663
325,269,375,377,376,328,374,380,7,96,0.32948907919427,0.376086874275124
325,269,845,377,376,328,374,380,7,96,0.290638121326397,0.360648422759398
325,269,375,377,376,328,374,380,7,96,0.32948907919427,0.376086874275124
325,269,375,377,376,328,374,380,7,96,0.32948907919427,0.376086874275124
325,847,899,377,376,328,374,380,7,151,0.356369041196374,0.300380512176859
325,269,375,133,376,328,770,380,7,96,0.289896177952927,0.343014562864423
325,269,375,377,376,328,374,380,7,96,0.32948907919427,0.376086874275124
325,269,375,377,376,328,374,380,7,761,0.339203705901797,0.348336633067021
325,269,375,377,376,328,374,890,7,96,0.331292376967537,0.326877645920999
325,269,375,377,376,328,374,380,7,96,0.32948907919427,0.376086874275124
325,269,375,377,376,328,374,380,7,96,0.32948907919427,0.376086874275124
325,269,375,377,958,328,374,380,838,96,0.342128235282928,0.337243366085212
325,269,375,377,376,328,374,380,7,96,0.32948907919427,0.376086874275124
325,269,375,377,451,328,374,380,7,96,0.303996022860406,0.338399438842183
325,269,375,696,376,328,374,380,7,96,0.294879372085055,0.375739081675697
325,269,375,377,376,328,374,380,7,96,0.32948907919427,0.376086874275124
226,269,375,935,376,328,374,313,7,96,0.278961343331375,0.270899103677445
325,269,375,377,902,328,374,380,7,96,0.317291083534137,0.339925306388048
325,269,375,548,376,328,374,380,7,96,0.291042645124326,0.400901951140513
325,269,375,377,376,328,374,380,7,129,0.334313962327499,0.37190231409295
325,269,375,377,376,328,374,380,7,96,0.32948907919427,0.376086874275124
325,269,614,377,376,328,374,380,7,96,0.30904523271328,0.391274311284014
325,269,558,377,376,328,374,380,7,96,0.294445820903086,0.369390346491585
86,269,375,377,376,328,899,380,7,96,0.298946221758792,0.333010409047943
325,269,375,377,376,328,374,380,7,96,0.32948907919427,0.376086874275124
325,269,375,969,376,328,857,380,7,96,0.325848719006469,0.321280238390539
325,269,375,377,376,328,374,380,7,96,0.32948907919427,0.376086874275124
325,269,375,377,376,328,374,380,7,96,0.32948907919427,0.376086874275124
325,944,375,283,376,328,558,380,7,96,0.307199875409853,0.267655114558835
325,269,478,377,376,328,374,380,7,96,0.316128711018158,0.38926382434705
325,887,375,377,376,15,374,380,7,96,0.36322074353836,0.314996522852901
172,269,375,377,376,328,374,380,7,96,0.290868131998714,0.333603167275744
576,269,375,377,376,328,374,380,7,233,0.324108913623858,0.312286403203413
325,269,375,357,376,328,374,179,7,96,0.269043458868616,0.310926318665025
325,269,375,377,376,328,176,37,7,96,0.315219847261233,0.298832160285879
325,269,375,377,376,328,374,380,7,96,0.32948907919427,0.376086874275124
325,269,375,377,376,328,374,380,7,96,0.32948907919427,0.376086874275124
325,269,375,377,376,328,374,380,7,96,0.32948907919427,0.376086874275124
325,269,375,377,376,328,374,380,7,96,0.32948907919427,0.376086874275124
918,269,910,377,376,328,374,380,7,96,0.307113616921824,0.34166070425454
325,269,375,377,376,328,374,380,7,96,0.32948907919427,0.376086874275124
325,269,375,377,376,668,482,380,7,96,0.347100078889227,0.320671837103541
325,269,375,377,376,328,374,957,7,96,0.374589914217022,0.334295436032002
325,269,375,377,376,328,890,380,7,96,0.358476033550123,0.328208410831378
325,593,92,377,376,328,278,380,7,96,0.314254988256899,0.259294307137808
325,269,947,377,376,328,374,380,7,96,0.296136288040644,0.364995789764266
325,269,375,377,376,328,987,380,7,555,0.348556527515841,0.387026767528125
325,269,375,377,376,322,374,380,7,96,0.326988575297589,0.369234613287317
325,718,375,377,376,328,927,380,7,96,0.332381195950149,0.288159110954277
325,269,375,377,376,5,374,380,7,96,0.333535020631455,0.350090502752554
49,269,375,377,376,328,374,380,7,378,0.318474212640773,0.322678302073655
325,269,375,377,376,328,536,380,7,96,0.353579202571201,0.335372138227722
325,269,375,377,376,328,374,380,7,96,0.32948907919427,0.376086874275124
325,269,375,377,376,328,374,380,724,96,0.313705981685785,0.402119993390676
325,269,375,377,376,328,374,380,7,96,0.32948907919427,0.376086874275124
325,269,768,377,376,328,374,380,372,96,0.296374514580667,0.3698561662673
325,269,950,377,376,328,374,380,7,96,0.284972621184877,0.38122607001598
325,269,375,377,376,328,374,380,7,96,0.32948907919427,0.376086874275124
325,269,375,377,376,328,374,380,552,96,0.319787365646368,0.375675531818593
325,269,375,377,376,328,374,380,7,96,0.32948907919427,0.376086874275124
325,269,375,377,376,328,374,380,7,96,0.32948907919427,0.376086874275124
325,269,375,377,376,328,374,380,7,96,0.32948907919427,0.376086874275124
325,269,375,377,376,328,374,380,7,96,0.32948907919427,0.376086874275124
325,269,375,377,376,328,729,380,7,96,0.359863956761286,0.332392971013553
325,281,375,377,376,328,374,380,7,96,0.327179774491162,0.348915108712426
325,269,375,377,376,328,374,380,7,469,0.352244887234196,0.350625434385817
325,269,375,377,376,328,374,380,7,96,0.32948907919427,0.376086874275124
325,269,375,377,376,328,374,380,7,96,0.32948907919427,0.376086874275124
165,269,375,377,376,328,374,380,31,96,0.261091799093809,0.344631185923336
325,269,375,377,376,328,733,380,7,96,0.338170353095559,0.34061635065342
325,269,375,377,376,328,374,380,555,96,0.29759215047422,0.399640458628646
325,269,375,377,376,328,212,380,7,96,0.37171538996884,0.328882755386924
325,269,375,377,410,328,374,380,7,96,0.312747758154979,0.38304104841931
325,269,375,377,376,328,374,380,7,96,0.32948907919427,0.376086874275124
325,994,375,377,376,328,374,380,7,96,0.336569768000346,0.328880838006331
325,269,375,377,376,328,374,380,644,96,0.303220113906739,0.374272910678652
325,269,375,377,376,328,374,380,7,96,0.32948907919427,0.376086874275124
325,269,375,377,376,328,888,380,7,338,0.394879023383652,0.320586411718709
493,269,375,377,376,328,374,380,7,96,0.29238667580745,0.345593908680789
325,269,375,377,376,328,374,380,7,96,0.32948907919427,0.376086874275124
325,269,293,377,376,414,374,380,7,96,0.2955798357203,0.364642168033634
325,269,375,377,376,328,374,380,7,96,0.32948907919427,0.376086874275124
325,269,375,377,858,328,374,380,7,96,0.314009208986217,0.375592460272626
325,269,375,377,376,328,374,380,7,96,0.32948907919427,0.376086874275124
298,269,375,377,376,328,374,380,7,96,0.278295268228412,0.370017773275213
325,269,375,377,376,328,374,380,7,96,0.32948907919427,0.376086874275124
325,269,375,377,376,328,374,640,7,96,0.310578412131776,0.328279244759414
325,269,983,377,376,328,374,380,7,96,0.297898015500654,0.360513553848289
325,29,582,377,376,328,374,380,7,96,0.330259329929412,0.332006654182959
325,269,375,377,376,328,374,380,7,96,0.32948907919427,0.376086874275124
2,269,375,377,376,328,374,380,491,96,0.297824404843541,0.313071860723796
325,269,375,377,376,328,374,380,7,96,0.32948907919427,0.376086874275124
325,269,375,377,376,406,652,380,4,96,0.35775142271399,0.312589681222477
325,371,375,377,376,328,374,380,7,96,0.352856425933582,0.330604698162054
325,269,375,109,376,328,374,556,7,96,0.291800042473428,0.340858253593953
325,269,375,377,376,328,374,380,951,693,0.331123410387259,0.399994647702048
325,269,375,377,749,328,374,380,7,96,0.351423916215124,0.342583999024358
325,269,375,377,376,328,374,380,7,96,0.32948907919427,0.376086874275124
325,269,375,377,376,328,374,380,7,96,0.32948907919427,0.376086874275124
325,269,375,377,376,328,374,380,7,96,0.32948907919427,0.376086874275124
325,269,412,377,376,328,374,380,7,96,0.276722903008346,0.360513553848289
325,269,375,377,376,328,374,380,369,96,0.315478441365571,0.366749687345235
325,269,375,377,376,328,374,273,7,96,0.337694690547266,0.338246169832589
325,269,375,377,376,328,374,380,7,96,0.32948907919427,0.376086874275124
325,269,375,377,376,328,374,380,7,96,0.32948907919427,0.376086874275124
325,269,375,377,376,328,374,380,7,96,0.32948907919427,0.376086874275124
325,269,375,377,316,413,374,986,7,96,0.315388123353948,0.299217957542687
325,269,332,377,376,328,374,380,7,96,0.331529493443675,0.362538085503778
325,269,375,377,376,328,374,380,7,96,0.32948907919427,0.376086874275124
325,275,375,377,376,328,374,380,7,485,0.357359293149431,0.308505588905558
325,269,375,377,376,328,374,556,7,581,0.366803697192128,0.311790364512807
628,269,375,377,376,328,374,380,7,96,0.288100244463423,0.338918238167632
325,269,375,377,376,328,374,380,7,96,0.32948907919427,0.376086874275124
325,269,375,377,376,328,374,380,7,96,0.32948907919427,0.376086874275124
204,269,375,377,376,328,374,380,7,916,0.337594928891928,0.317267497505037
325,269,375,377,376,328,281,380,7,96,0.340923282311681,0.357009160759568
325,269,375,377,376,328,374,380,7,263,0.376903674674651,0.365330115866773
149,269,375,377,616,845,374,380,7,96,0.304428000945966,0.278193002567133
325,269,375,185,376,328,374,380,7,96,0.276885990190373,0.386201239829616
325,269,375,377,376,328,655,380,7,96,0.351142816171521,0.343467086290022
325,269,375,377,25,328,374,380,7,96,0.329856496461483,0.360669287052558
325,269,375,377,376,328,374,380,635,96,0.313591424666555,0.363782571300834
325,779,375,377,376,328,374,380,7,96,0.310352317348455,0.325645628637995
325,269,375,377,376,328,374,380,7,96,0.32948907919427,0.376086874275124
325,269,375,377,376,328,374,380,7,96,0.32948907919427,0.376086874275124
325,844,375,377,416,328,374,380,7,96,0.361525974760239,0.289004419808664
325,582,375,377,376,328,374,380,7,96,0.378705070749816,0.320305092227469
325,269,375,377,376,328,374,380,7,96,0.32948907919427,0.376086874275124
325,269,375,377,376,328,374,380,7,96,0.32948907919427,0.376086874275124
325,744,375,377,376,328,374,976,7,96,0.329770727215179,0.310164040874318
947,269,375,377,376,328,374,380,7,96,0.298956488096514,0.329858399614063
325,269,375,377,376,328,374,380,7,96,0.32948907919427,0.376086874275124
325,269,375,377,376,328,374,380,7,225,0.369547637757986,0.353631562012145
325,269,375,377,275,328,374,380,7,96,0.324637571329955,0.343795319077092
325,269,375,377,376,328,374,380,7,96,0.32948907919427,0.376086874275124
325,869,375,377,376,328,374,380,7,96,0.345800036534272,0.320653834428673
325,269,375,377,376,328,374,380,301,96,0.337492886688055,0.409812733304752
325,269,375,377,376,328,673,380,7,96,0.350698589083753,0.358419046919826
325,269,375,377,376,328,374,380,7,96,0.32948907919427,0.376086874275124
573,269,232,715,376,328,374,380,74,96,0.240422059646431,0.390704155114856
325,269,375,377,376,328,374,380,7,96,0.32948907919427,0.376086874275124
325,269,375,920,376,469,374,380,7,789,0.339203714216805,0.322335488595698
325,269,375,338,376,328,374,380,7,96,0.285127612871651,0.368030681340113
325,269,375,377,376,328,374,603,7,96,0.372715118598987,0.351651815180569
325,269,375,377,376,328,374,380,7,96,0.32948907919427,0.376086874275124
325,269,375,377,376,328,374,380,7,96,0.32948907919427,0.376086874275124
325,269,375,377,376,328,356,380,7,96,0.343011875044952,0.331103540942976
325,269,375,377,376,328,688,380,7,96,0.339378533695793,0.328208410831378
325,269,375,377,376,417,374,380,7,96,0.37120331768344,0.331564856565103
325,269,375,377,376,328,374,380,7,96,0.32948907919427,0.376086874275124
325,269,375,377,562,328,374,380,7,366,0.335841797001544,0.35222996317373
325,269,375,377,376,328,773,380,7,620,0.402297165792323,0.355619554266915
325,269,375,377,376,328,374,380,7,96,0.32948907919427,0.376086874275124
85,269,375,377,376,328,374,380,7,96,0.298472385888409,0.336718524191875
325,269,375,500,376,328,907,380,7,96,0.319052870595694,0.315282651259576
325,269,375,377,376,328,374,380,220,96,0.31116238395603,0.38683108553255
325,269,375,377,376,328,374,380,535,96,0.315924869936999,0.372226700792994
325,269,375,377,376,328,374,380,7,96,0.32948907919427,0.376086874275124
325,269,583,377,376,328,374,281,7,96,0.294613717930889,0.365460430710873
325,269,375,377,949,328,374,380,7,96,0.316987605029373,0.361192284819629
325,269,375,377,376,328,374,380,7,96,0.32948907919427,0.376086874275124
325,269,375,377,376,101,374,589,7,96,0.343758880115229,0.314545705670492
325,269,375,377,376,328,374,380,7,96,0.32948907919427,0.376086874275124
325,269,375,377,376,328,374,380,7,96,0.32948907919427,0.376086874275124
325,269,375,377,376,328,374,380,7,96,0.32948907919427,0.376086874275124
325,269,375,377,376,328,374,380,7,96,0.32948907919427,0.376086874275124
325,269,375,377,326,328,374,380,7,96,0.301230979373947,0.339882996864384
325,269,375,377,376,328,374,380,7,96,0.32948907919427,0.376086874275124
