901,391,784,133,490,400,604,654,670,363,0.524722884698361,0
902,901,820,696,48,706,391,223,653,668,0.463131846839231,0
903,875,901,59,734,768,833,407,953,978,0.472343020762898,0
904,902,173,901,126,388,389,244,936,824,0.550449101425854,0
905,903,902,227,901,982,732,147,626,878,0.531738241967823,0
906,904,903,902,270,901,738,333,440,392,0.508978876721471,0
907,905,904,903,796,902,901,94,711,774,0.555139853667412,0
712,906,905,904,745,903,902,901,586,773,0.573501975460477,0
908,907,906,905,902,755,903,462,901,980,0.515051049356909,0
909,908,907,906,903,904,293,902,461,901,0.545317697869142,0
910,909,908,907,904,905,368,903,902,893,0.538188332547588,0
621,910,909,908,905,129,904,215,824,902,0.543688004013921,0
83,621,910,909,906,127,905,904,903,92,0.575569134477922,0
622,48,621,910,907,906,58,905,904,759,0.544583156735114,0
623,622,609,621,908,907,906,143,905,903,0.554353929913019,0
624,623,622,312,909,908,907,906,876,904,0.571866807601048,0
625,624,623,622,910,771,908,907,906,905,0.600296896647561,0
625,624,623,622,910,909,908,907,906,905,0.60929299509284,0
625,624,232,332,910,909,908,907,906,905,0.599453975397599,0
625,624,623,622,910,909,908,206,906,905,0.607703003599214,0
625,36,623,622,910,909,908,907,906,905,0.585834648922754,0
625,624,305,622,910,909,908,907,906,905,0.6032528320147,0
625,624,623,622,910,909,908,907,906,905,0.60929299509284,0
625,624,598,622,910,663,908,907,906,905,0.554797791393632,0
990,529,623,622,910,909,908,907,906,905,0.601738416349284,0
625,624,623,622,910,909,908,907,906,905,0.60929299509284,0
625,624,623,622,910,909,908,907,906,905,0.60929299509284,0
199,624,623,622,564,909,908,907,906,905,0.596627274687634,0
625,624,623,622,910,909,908,907,906,905,0.60929299509284,0
625,624,623,622,910,909,908,907,730,905,0.608132091248219,0
625,624,623,622,910,909,908,907,383,905,0.617915914691136,0
625,624,623,815,910,400,908,907,906,905,0.595955749661315,0
625,624,623,622,910,909,577,907,669,285,0.603041905635336,0
625,125,623,654,903,909,908,907,906,905,0.574868574022738,0
625,624,623,622,910,909,908,907,906,905,0.60929299509284,0
625,624,623,622,910,715,908,907,906,905,0.595187297137541,0
625,624,623,622,910,909,908,907,906,905,0.60929299509284,0
625,624,623,622,910,909,908,907,906,905,0.60929299509284,0
625,624,623,622,910,909,908,907,906,905,0.60929299509284,0
625,662,623,622,910,909,908,907,906,905,0.596386505669789,0
625,624,623,622,910,909,908,907,906,905,0.60929299509284,0
625,624,241,622,910,909,908,907,906,905,0.594266807276534,0
625,624,623,622,922,909,908,907,906,905,0.590577777667639,0
484,624,623,622,910,909,55,907,906,905,0.611358167591108,0
625,624,623,622,910,909,585,76,906,905,0.618730392709964,0
625,624,623,848,910,909,908,907,906,450,0.60388248735155,0
625,624,623,622,910,909,908,907,906,775,0.608525628720771,0
625,624,623,622,910,909,908,907,906,905,0.60929299509284,0
625,624,623,622,910,772,908,907,906,905,0.585154760981696,0
625,624,623,622,910,909,908,907,906,905,0.60929299509284,0
625,624,623,622,910,909,908,907,906,905,0.60929299509284,0
625,624,623,622,910,909,77,907,819,905,0.585352080326752,0
625,624,623,622,910,909,908,373,906,905,0.633946820913664,0
625,624,623,622,910,909,908,760,906,905,0.603391541728328,0
625,624,623,622,910,909,908,907,906,905,0.60929299509284,0
625,624,759,622,948,909,908,907,906,69,0.542194544342431,0
180,624,623,622,910,909,908,260,906,905,0.622684229050742,0
625,624,623,622,731,909,908,907,906,905,0.58417102958783,0
625,624,623,622,910,909,908,358,906,905,0.616493939044556,0
666,624,623,269,910,909,810,915,906,905,0.58833721547952,0
597,624,623,622,910,909,908,907,906,905,0.596318556520393,0
625,624,623,559,910,909,468,907,698,905,0.576210742589614,0
625,624,623,622,910,909,807,907,906,905,0.620665464482509,0
625,624,623,622,910,909,908,907,906,905,0.60929299509284,0
625,624,623,622,910,909,908,524,906,905,0.605145005153967,0
625,624,623,622,910,680,908,907,906,770,0.597851506640237,0
625,624,623,622,910,909,908,907,906,905,0.60929299509284,0
625,624,598,622,910,909,908,907,906,905,0.578534963706353,0
625,624,623,622,910,8,908,699,906,905,0.623148899915703,0
625,624,278,622,910,909,908,907,906,905,0.573232844140877,0
625,438,623,622,910,164,908,907,906,905,0.584853656039855,0
625,624,623,622,434,909,908,907,906,905,0.568972052300463,0
984,624,623,622,910,88,908,907,906,905,0.566319952865451,0
625,624,623,622,696,909,908,907,906,905,0.58860330214862,0
625,624,623,622,910,909,908,907,906,905,0.60929299509284,0
625,624,623,622,910,101,908,907,906,905,0.580454897753399,0
617,624,623,622,910,909,908,907,906,905,0.613206408906874,0
625,624,623,622,910,909,908,907,906,905,0.60929299509284,0
625,624,623,315,910,886,908,907,906,905,0.579262528920186,0
625,624,623,622,910,909,908,907,906,905,0.60929299509284,0
459,624,623,433,910,909,908,668,530,905,0.558512336393013,0
625,624,623,622,910,909,908,907,906,905,0.60929299509284,0
625,624,623,622,910,909,908,748,906,905,0.625100163518103,0
625,624,623,622,910,909,908,907,906,905,0.60929299509284,0
625,624,623,622,910,909,908,907,888,905,0.623274780772382,0
625,624,623,622,910,909,908,907,906,502,0.588474360922112,0
740,624,623,622,910,909,908,907,906,498,0.565714409685313,0
625,624,623,622,910,909,908,907,906,905,0.60929299509284,0
625,910,623,622,713,909,908,907,906,886,0.5956811236261,0
625,624,623,512,910,909,908,907,906,905,0.590311792636565,0
625,624,623,622,910,909,908,911,906,905,0.602201274139337,0
625,624,623,622,910,909,908,907,906,905,0.60929299509284,0
625,54,623,622,910,909,908,907,906,33,0.585260968652552,0
625,624,623,622,910,909,908,907,906,905,0.60929299509284,0
625,624,623,622,910,909,908,83,906,905,0.597585296036156,0
414,624,623,622,910,909,908,907,906,905,0.590116827061006,0
625,624,513,622,910,909,908,907,906,905,0.572300632244674,0
625,624,623,622,910,909,908,907,906,905,0.60929299509284,0
625,624,623,622,910,909,908,907,482,905,0.589613065478943,0
625,956,623,622,910,909,908,907,906,905,0.584710861040911,0
