941,992,154,788,308,622,206,505,740,547,0.611094922927699,0.772196678154882
942,941,753,732,693,538,974,403,708,600,0.590063804714352,0.851216275218305
943,942,941,849,665,396,78,733,769,774,0.604314184087933,0.821185763863341
944,943,942,941,430,350,566,849,406,990,0.563562110217705,0.832073473090047
945,944,332,942,941,723,216,218,936,757,0.59323939412505,0.757244054033925
946,945,943,178,942,941,407,780,320,126,0.593232400067966,0.882532496198308
450,945,567,943,942,941,24,788,582,362,0.655135902607587,0.811147170117313
946,848,943,742,514,942,941,190,656,713,0.561284042895355,0.825938851733851
947,946,944,290,943,338,942,941,17,903,0.55829707372662,0.826696297831076
948,947,945,944,92,943,868,942,941,47,0.591135798775782,0.827607603892654
949,948,946,945,944,585,943,300,942,941,0.565346143191076,0.819091224540404
950,949,947,946,945,944,299,943,360,942,0.605235345003213,0.898190606688309
950,949,947,946,945,944,896,943,961,942,0.578549838135889,0.882532496198308
950,949,947,946,945,944,632,943,777,942,0.567532637460849,0.882532496198308
950,170,948,264,946,945,944,581,943,855,0.567518672871402,0.803433114050403
942,901,949,947,26,946,945,944,65,9,0.592012422085585,0.855740769849447
491,950,810,948,947,7,946,945,944,943,0.571154538138887,0.866874385708306
492,949,950,989,948,947,834,210,945,944,0.59121881705698,0.828724865796246
493,945,947,949,842,948,276,258,946,379,0.567488866677574,0.822471473488379
494,949,476,950,631,224,318,946,947,945,0.565556992665467,0.812446298649075
495,941,949,946,138,450,947,818,948,382,0.636672089807578,0.866874385708306
495,941,949,946,49,792,947,346,948,310,0.598830442139608,0.823232622131743
495,941,949,943,793,595,948,947,977,946,0.617166591488701,0.866874385708306
495,128,93,680,949,848,948,947,510,946,0.616185383624071,0.753261755025172
496,941,949,943,950,717,758,955,897,947,0.644600258447267,0.851216275218305
496,941,949,943,950,846,123,948,897,947,0.644111379146764,0.835558164728304
496,941,949,943,564,129,323,948,897,947,0.654524778674947,0.819900054238302
496,941,949,943,950,438,160,948,897,947,0.657359887140983,0.776458318274687
174,941,949,3,935,192,27,122,843,948,0.583532820661166,0.758997496159245
932,491,740,943,945,949,463,562,162,218,0.597187461099628,0.720237565409049
496,492,491,946,942,950,232,949,484,288,0.608267965281741,0.851216275218305
496,492,491,946,950,944,949,179,171,913,0.614781594641534,0.852501984843343
496,492,491,946,950,941,173,671,407,949,0.591660687111383,0.866874385708306
496,529,491,946,942,944,4,950,949,119,0.614478042345148,0.829674479163105
496,492,491,946,950,941,885,943,764,17,0.567570976834081,0.882532496198308
496,492,629,452,950,944,668,955,615,641,0.633947046962461,0.833604172088
31,492,299,946,950,944,815,955,968,907,0.573232120770108,0.898190606688309
496,492,349,946,698,944,804,955,950,97,0.543645284289786,0.821185763863341
497,493,492,947,950,65,371,943,897,944,0.594328420922307,0.840082659359445
498,494,493,491,942,950,544,949,948,438,0.593525401015025,0.816688698421686
499,495,494,492,950,510,815,948,670,449,0.614528758576736,0.800716790131126
500,496,495,493,950,941,397,943,897,862,0.633391518489232,0.796546345554907
891,497,496,494,491,946,950,944,949,615,0.599485092858928,0.866874385708306
891,497,496,494,491,946,949,944,272,950,0.617490830416651,0.866874385708306
891,497,496,937,491,946,338,944,949,950,0.584559399756692,0.866874385708306
891,497,496,494,204,946,949,720,698,942,0.61784703996774,0.807574511641741
891,83,496,494,491,122,950,944,949,947,0.617798915258686,0.866874385708306
891,497,496,494,491,122,950,944,949,947,0.630116066847632,0.866874385708306
891,497,496,494,491,122,950,944,286,947,0.624570297754892,0.812767677386502
83,497,496,74,491,122,950,944,949,26,0.602518522372489,0.841596962223852
891,497,496,494,491,122,950,944,949,947,0.630116066847632,0.866874385708306
764,497,496,494,491,122,950,944,949,947,0.626245829399484,0.866874385708306
891,497,496,494,491,122,950,944,949,947,0.630116066847632,0.866874385708306
891,497,496,494,491,122,950,944,949,947,0.630116066847632,0.866874385708306
891,497,496,494,491,122,950,944,596,947,0.621427980378773,0.866874385708306
891,497,496,494,491,122,950,944,949,947,0.630116066847632,0.866874385708306
891,497,496,494,491,122,950,944,949,947,0.630116066847632,0.866874385708306
891,497,496,447,491,122,950,944,949,947,0.629105809986222,0.848004919401689
537,497,496,51,491,122,950,944,949,947,0.633659897966384,0.812767677386502
282,497,496,494,491,122,950,944,949,947,0.627598552103281,0.866874385708306
891,497,496,494,113,122,950,944,949,947,0.62699282258221,0.820939911036281
891,497,496,494,491,122,950,944,949,947,0.630116066847632,0.866874385708306
891,497,496,494,297,122,950,944,949,947,0.626178430526202,0.866874385708306
891,497,496,494,491,122,399,944,949,947,0.630953928674098,0.851216275218305
891,497,496,494,491,122,622,509,949,947,0.624544011847425,0.810171243932938
891,497,496,494,269,122,950,852,206,947,0.618233768396823,0.821185763863341
891,497,496,494,331,122,950,944,949,947,0.630131060569646,0.866874385708306
891,497,496,494,491,558,950,944,949,947,0.627119815895036,0.866874385708306
891,497,496,494,491,122,950,944,949,947,0.630116066847632,0.866874385708306
891,497,496,494,491,122,950,944,682,947,0.627603331199794,0.816726910619055
891,562,496,494,491,122,353,944,949,947,0.619085073110882,0.835558164728304
891,497,496,494,491,122,950,442,949,947,0.625908263831744,0.866874385708306
360,497,496,494,491,122,950,944,949,957,0.627920252894166,0.809550495436985
891,497,10,494,491,122,950,944,478,947,0.599912165797858,0.842302116051309
891,497,496,494,491,122,950,944,949,947,0.630116066847632,0.866874385708306
891,497,496,494,491,122,950,944,949,947,0.630116066847632,0.866874385708306
891,497,496,494,491,122,950,944,949,947,0.630116066847632,0.866874385708306
891,497,496,336,491,122,950,944,949,947,0.626739633083906,0.882532496198308
891,497,496,494,491,122,950,944,949,194,0.61137136876898,0.866874385708306
891,497,496,494,491,122,950,944,949,947,0.630116066847632,0.866874385708306
891,497,496,401,491,122,950,944,949,947,0.626707975360563,0.882532496198308
891,497,496,494,491,122,950,944,949,578,0.611698796591278,0.866874385708306
776,497,496,494,491,122,950,944,949,947,0.626852337928359,0.809550495436985
891,497,496,494,491,122,950,623,949,947,0.636680456280786,0.819153815496859
891,497,496,494,491,122,950,944,949,665,0.63055461830279,0.836843874353342
891,497,496,494,491,122,950,944,949,947,0.630116066847632,0.866874385708306
891,497,496,494,491,122,950,944,949,947,0.630116066847632,0.866874385708306
891,497,496,494,491,122,950,944,949,947,0.630116066847632,0.866874385708306
891,497,496,494,491,122,950,944,949,947,0.630116066847632,0.866874385708306
891,497,496,494,491,122,950,944,949,947,0.630116066847632,0.866874385708306
891,497,496,494,491,122,950,944,949,947,0.630116066847632,0.866874385708306
891,497,717,494,491,122,950,944,949,947,0.605758020437145,0.866874385708306
891,497,496,494,624,122,950,944,949,947,0.633139790193265,0.827607603892654
891,497,496,494,491,122,707,944,949,947,0.629213214105512,0.851216275218305
891,497,496,494,491,122,950,944,949,947,0.630116066847632,0.866874385708306
54,497,496,494,491,122,959,944,949,947,0.625967449314051,0.866874385708306
891,497,496,494,491,122,950,944,949,947,0.630116066847632,0.866874385708306
891,497,496,494,491,122,950,944,949,947,0.630116066847632,0.866874385708306
891,477,496,494,491,122,177,944,949,947,0.625618456875246,0.866874385708306
891,497,496,494,491,122,950,944,949,947,0.630116066847632,0.866874385708306
891,497,496,494,491,122,681,944,949,947,0.624764529922951,0.819065261053627
891,497,496,494,491,122,950,629,949,947,0.63744941918934,0.866874385708306
891,497,496,494,491,122,274,944,949,553,0.613555288849544,0.821185763863341
891,497,496,494,491,122,950,944,949,682,0.622852024273632,0.816726910619055
891,497,496,494,491,122,950,944,949,920,0.618991671267604,0.866874385708306
891,497,496,494,491,350,950,944,949,947,0.622632201000256,0.832073473090047
891,228,496,494,491,122,950,944,949,314,0.636457883174383,0.851216275218305
891,497,496,494,491,122,950,944,949,947,0.630116066847632,0.866874385708306
891,245,826,494,491,122,950,944,809,947,0.6017728847871,0.849121735895369
891,497,496,494,274,122,950,944,949,947,0.625319784703749,0.836843874353342
891,497,496,494,491,122,950,944,949,947,0.630116066847632,0.866874385708306
891,171,496,494,491,122,198,944,949,947,0.622780059990974,0.866874385708306
891,497,496,494,491,122,950,944,949,947,0.630116066847632,0.866874385708306
816,497,496,494,491,645,950,944,949,947,0.632987055294446,0.776139735134047
891,497,496,494,491,122,483,944,949,947,0.628422160262803,0.866874385708306
891,497,496,494,491,122,806,944,949,947,0.633022916439143,0.851216275218305
891,497,496,494,491,122,950,944,949,947,0.630116066847632,0.866874385708306
891,497,496,494,491,122,950,944,949,947,0.630116066847632,0.866874385708306
891,497,496,494,491,122,961,944,949,947,0.634070741942718,0.866874385708306
891,497,496,494,491,122,950,944,949,947,0.630116066847632,0.866874385708306
891,497,748,494,725,122,950,944,949,947,0.612489538287742,0.848004919401689
891,497,496,818,491,122,950,944,949,947,0.634874852116011,0.882532496198308
891,497,496,494,491,122,950,944,508,947,0.625457091593778,0.866874385708306
891,497,301,494,491,122,950,944,949,947,0.602583992212254,0.838890732621744
891,497,837,494,491,122,950,944,949,947,0.613977205943645,0.866874385708306
891,497,496,494,491,400,950,944,949,947,0.624351782414814,0.809550495436985
738,497,496,494,491,122,950,944,949,167,0.624610722428124,0.866874385708306
961,497,496,494,491,122,950,924,949,969,0.625973067214851,0.866874385708306
891,497,496,494,491,122,381,338,949,947,0.628876603181338,0.866874385708306
891,497,496,494,491,122,950,944,949,947,0.630116066847632,0.866874385708306
891,497,496,494,491,122,152,944,949,947,0.637959665240854,0.866874385708306
833,497,975,494,491,122,950,52,949,947,0.619942764929687,0.812767677386502
891,497,496,494,491,122,950,944,949,947,0.630116066847632,0.866874385708306
891,497,496,494,491,122,950,944,949,947,0.630116066847632,0.866874385708306
891,677,492,494,491,122,950,944,949,488,0.595277686086786,0.866874385708306
891,497,24,494,491,122,950,944,949,947,0.628299081917517,0.882532496198308
891,497,182,494,491,122,950,944,949,947,0.603560978030705,0.882532496198308
107,497,45,494,491,122,565,944,729,947,0.609675953519418,0.851216275218305
891,497,496,494,491,122,950,944,949,947,0.630116066847632,0.866874385708306
891,497,496,494,491,122,950,944,949,947,0.630116066847632,0.866874385708306
891,497,496,494,491,122,950,944,949,947,0.630116066847632,0.866874385708306
805,497,929,494,491,122,950,944,949,947,0.595890408598716,0.833463625405367
891,497,496,494,491,122,950,944,949,947,0.630116066847632,0.866874385708306
891,497,496,494,491,122,950,944,949,947,0.630116066847632,0.866874385708306
891,497,484,494,491,122,950,944,949,947,0.607584386923873,0.882532496198308
891,497,496,494,491,483,950,944,949,947,0.624159097933174,0.866874385708306
891,518,496,494,491,122,950,944,949,947,0.622682875888281,0.832033011111129
891,497,58,494,491,122,950,944,949,947,0.606222468827986,0.882532496198308
891,497,496,494,491,122,950,944,949,947,0.630116066847632,0.866874385708306
891,497,496,494,491,122,950,944,949,947,0.630116066847632,0.866874385708306
891,497,496,494,491,122,950,944,949,947,0.630116066847632,0.866874385708306
891,497,58,494,491,122,950,195,949,947,0.604670767697639,0.866874385708306
817,497,496,494,491,122,950,944,949,947,0.621835118391034,0.866874385708306
891,497,496,494,491,122,950,944,605,947,0.630165313859064,0.866874385708306
891,497,496,494,491,122,950,944,316,947,0.620891855382899,0.866874385708306
891,497,496,494,491,122,950,900,949,947,0.625003898153878,0.866874385708306
891,497,496,494,491,122,950,944,949,947,0.630116066847632,0.866874385708306
891,497,496,494,730,122,950,652,949,947,0.623762679703982,0.851216275218305
891,497,496,494,491,122,950,944,949,947,0.630116066847632,0.866874385708306
891,497,496,494,491,122,950,944,949,947,0.630116066847632,0.866874385708306
399,497,496,494,491,424,950,944,949,947,0.618883049841711,0.835558164728304
891,497,496,494,491,122,950,944,949,947,0.630116066847632,0.866874385708306
891,497,496,494,491,122,950,944,949,947,0.630116066847632,0.866874385708306
412,497,496,494,491,122,403,944,949,947,0.625106559324107,0.866874385708306
891,497,496,494,491,122,950,944,949,947,0.630116066847632,0.866874385708306
891,153,496,494,491,122,950,944,949,947,0.628803811512049,0.833463625405367
891,497,496,19,491,122,950,944,64,198,0.614019033045071,0.882532496198308
891,497,496,494,491,122,950,808,949,30,0.622630492832566,0.833463625405367
891,497,496,494,491,122,950,944,949,947,0.630116066847632,0.866874385708306
891,497,496,494,588,122,950,944,949,947,0.635569323380922,0.827607603892654
891,497,496,494,491,122,950,944,949,947,0.630116066847632,0.866874385708306
891,497,496,494,491,374,950,522,949,947,0.614290796134091,0.866874385708306
891,497,496,503,491,122,950,944,949,947,0.632638012024783,0.847731583580048
891,497,138,494,491,122,950,944,784,925,0.588276293891173,0.832073473090047
891,497,496,494,491,122,950,944,949,947,0.630116066847632,0.866874385708306
891,497,496,494,491,122,950,944,949,947,0.630116066847632,0.866874385708306
891,497,496,494,491,673,950,944,949,947,0.623239484746545,0.851216275218305
891,497,496,494,491,122,950,944,949,947,0.630116066847632,0.866874385708306
891,93,496,494,491,122,950,944,949,947,0.640044124822684,0.828724865796246
891,497,496,886,491,122,950,170,949,947,0.626678202976848,0.866874385708306
891,497,496,494,491,895,950,944,949,947,0.626232896285695,0.866874385708306
891,497,496,494,491,122,950,689,949,947,0.621436911848056,0.866874385708306
891,497,496,200,491,122,950,944,949,947,0.643848436766512,0.849121735895369
891,497,496,494,491,122,950,944,949,947,0.630116066847632,0.866874385708306
891,497,496,494,491,122,950,944,949,947,0.630116066847632,0.866874385708306
891,79,496,494,491,122,950,944,949,947,0.623164385608467,0.833463625405367
891,497,496,494,491,122,950,944,949,947,0.630116066847632,0.866874385708306
891,300,496,494,491,122,950,944,949,947,0.618845518055473,0.836843874353342
891,497,696,756,491,122,950,944,949,947,0.620894532775741,0.882532496198308
170,497,496,494,491,122,950,944,949,947,0.621009914474711,0.866874385708306
891,497,496,494,491,122,950,944,498,947,0.621809133154933,0.866874385708306
574,497,496,494,491,122,950,944,949,947,0.62458409953677,0.866874385708306
29,497,496,494,491,122,432,944,949,947,0.638146469348689,0.833463625405367
891,497,496,616,491,122,950,944,949,687,0.607763412797457,0.848004919401689
891,497,496,494,491,122,950,944,949,947,0.630116066847632,0.866874385708306
891,301,496,494,491,122,950,627,541,947,0.607310660164728,0.765908731860422
891,497,496,555,491,122,950,944,949,947,0.629432827198844,0.882532496198308
891,497,496,494,491,122,950,944,949,947,0.630116066847632,0.866874385708306
891,497,496,494,491,122,950,381,949,947,0.625003898153878,0.866874385708306
891,497,496,494,491,122,950,944,949,947,0.630116066847632,0.866874385708306
891,497,496,494,491,122,950,944,949,947,0.630116066847632,0.866874385708306
891,497,496,494,491,122,950,944,949,947,0.630116066847632,0.866874385708306
891,497,496,494,491,122,950,238,320,922,0.59212927512302,0.816374900621127
891,497,496,494,491,122,950,944,949,947,0.630116066847632,0.866874385708306
891,497,496,494,768,122,950,483,949,947,0.625186009006266,0.851216275218305
891,497,496,494,491,568,950,944,949,947,0.618764508500255,0.866874385708306
891,497,496,796,491,122,950,944,949,947,0.625712306522066,0.882532496198308
891,497,496,494,491,122,950,944,949,947,0.630116066847632,0.866874385708306
891,497,496,494,491,122,950,944,949,947,0.630116066847632,0.866874385708306
891,497,496,494,491,122,950,944,949,947,0.630116066847632,0.866874385708306
891,497,293,494,491,122,950,944,177,947,0.617385535718284,0.882532496198308
891,497,496,494,491,122,950,627,949,947,0.624661372883359,0.809550495436985
891,497,496,494,491,122,950,944,949,947,0.630116066847632,0.866874385708306
891,497,496,494,491,122,950,944,220,947,0.626479072025063,0.851216275218305
891,497,496,494,491,122,950,944,949,947,0.630116066847632,0.866874385708306
891,497,496,494,491,122,950,944,949,947,0.630116066847632,0.866874385708306
891,497,496,494,491,122,950,944,949,947,0.630116066847632,0.866874385708306
891,497,496,494,491,122,950,61,949,947,0.625117188373096,0.866874385708306
891,497,496,494,491,122,950,944,895,947,0.622677885653577,0.866874385708306
891,497,496,494,971,375,950,944,949,947,0.637147839089919,0.809550495436985
891,746,199,494,491,122,950,944,949,947,0.603492306416745,0.825101671393865
891,724,496,494,491,122,950,35,69,947,0.594345105836534,0.851216275218305
891,497,496,494,491,224,824,944,949,947,0.618926301151883,0.835558164728304
891,497,496,494,491,122,950,944,949,947,0.630116066847632,0.866874385708306
891,497,496,494,491,122,950,944,949,947,0.630116066847632,0.866874385708306
891,497,496,494,491,122,950,944,949,947,0.630116066847632,0.866874385708306
891,202,496,494,491,122,950,944,949,856,0.619602723501481,0.825829354422939
891,497,496,494,491,122,950,944,949,947,0.630116066847632,0.866874385708306
891,497,496,494,491,122,950,944,949,947,0.630116066847632,0.866874385708306
891,497,496,494,491,122,937,944,949,947,0.628899740808252,0.851216275218305
891,497,496,494,491,122,950,944,949,947,0.630116066847632,0.866874385708306
891,497,496,494,491,122,950,944,949,346,0.630665529498509,0.823232622131743
891,497,496,494,640,122,950,944,949,947,0.630338444549768,0.866874385708306
891,497,496,494,162,122,950,944,949,947,0.627636130919571,0.828724865796246
891,497,496,494,491,122,950,944,949,947,0.630116066847632,0.866874385708306
891,497,648,494,491,276,141,944,949,947,0.628055653887653,0.768532332787863
891,497,496,494,491,122,950,267,949,947,0.62490916392848,0.866874385708306
891,497,496,494,491,122,950,373,949,947,0.61978465605186,0.819153815496859
891,497,496,494,491,122,950,944,700,947,0.625382230721943,0.851216275218305
891,497,496,494,491,122,950,944,949,947,0.630116066847632,0.866874385708306
891,497,496,494,491,122,950,944,949,947,0.630116066847632,0.866874385708306
891,374,496,126,491,122,950,944,949,947,0.607397895132811,0.882532496198308
891,497,496,494,491,122,950,944,949,947,0.630116066847632,0.866874385708306
891,497,496,494,491,122,950,944,949,947,0.630116066847632,0.866874385708306
891,497,496,494,491,122,950,944,949,947,0.630116066847632,0.866874385708306
891,497,496,494,491,122,950,944,949,947,0.630116066847632,0.866874385708306
891,607,496,494,491,122,950,944,382,947,0.646231006295632,0.851216275218305
891,451,695,494,491,122,950,395,949,607,0.608553746394407,0.866874385708306
891,532,496,494,491,977,950,944,949,358,0.60418831280076,0.835558164728304
891,497,496,494,491,122,950,944,974,947,0.622323047825923,0.866874385708306
891,497,496,494,491,122,950,944,949,947,0.630116066847632,0.866874385708306
891,497,496,494,491,122,950,944,949,947,0.630116066847632,0.866874385708306
891,497,496,494,491,122,950,944,949,947,0.630116066847632,0.866874385708306
891,497,496,494,491,122,950,944,949,947,0.630116066847632,0.866874385708306
891,773,496,494,491,122,950,944,949,947,0.632401829056932,0.822880652047794
496,497,345,494,491,122,950,484,949,947,0.624509325142599,0.866874385708306
891,497,496,494,491,122,950,944,228,947,0.622225768866572,0.851216275218305
891,535,496,494,491,122,950,944,949,947,0.62986978153205,0.866874385708306
891,497,496,494,491,122,950,944,964,947,0.625446779139087,0.866874385708306
891,497,496,494,491,702,698,591,949,947,0.650490150787337,0.787749040073624
891,497,496,494,491,122,950,944,949,947,0.630116066847632,0.866874385708306
891,497,496,494,491,122,950,944,949,947,0.630116066847632,0.866874385708306
891,497,496,494,491,122,950,944,949,947,0.630116066847632,0.866874385708306
891,497,496,494,491,122,950,845,949,947,0.629882806927396,0.866874385708306
891,851,496,494,491,122,950,944,949,947,0.626661145344598,0.866874385708306
891,497,496,494,491,122,950,944,949,947,0.630116066847632,0.866874385708306
891,497,496,157,491,122,950,944,949,947,0.631144918918335,0.852501984843343
891,77,496,494,864,122,950,963,949,947,0.626090767483808,0.827607603892654
891,497,496,494,491,122,950,944,949,947,0.630116066847632,0.866874385708306
891,497,496,494,491,595,950,944,949,367,0.618995748814396,0.851216275218305
891,497,496,494,491,122,950,944,949,947,0.630116066847632,0.866874385708306
891,497,323,494,491,122,950,944,949,738,0.610554735722627,0.866874385708306
55,497,211,494,491,122,950,944,949,947,0.610869953562912,0.814280361298191
891,497,496,494,491,122,142,944,949,947,0.629417816634184,0.851216275218305
891,497,496,494,491,122,950,807,949,947,0.627565313071983,0.851216275218305
891,497,496,494,491,122,950,710,949,947,0.619059118982899,0.825455726955123
130,526,496,522,491,122,950,944,949,947,0.613143784071435,0.866874385708306
891,497,496,494,491,122,950,944,949,947,0.630116066847632,0.866874385708306
891,497,496,494,491,122,950,944,949,947,0.630116066847632,0.866874385708306
891,497,496,494,491,122,950,944,949,947,0.630116066847632,0.866874385708306
891,90,496,494,491,122,950,944,949,947,0.617850889074677,0.851216275218305
891,497,496,494,491,122,950,944,949,947,0.630116066847632,0.866874385708306
891,497,496,494,491,122,950,944,949,947,0.630116066847632,0.866874385708306
891,497,496,494,491,122,950,944,719,947,0.628788186295215,0.866874385708306
891,156,496,494,491,122,950,944,949,947,0.623847297695183,0.833463625405367
891,497,496,494,491,122,950,944,949,947,0.630116066847632,0.866874385708306
263,497,739,494,491,122,950,944,949,947,0.603989397035296,0.831682407394009
891,755,496,494,491,122,950,944,949,947,0.625259374118282,0.851216275218305
891,497,496,494,491,122,950,746,949,947,0.626664098737064,0.851216275218305
891,497,496,494,491,122,950,944,949,947,0.630116066847632,0.866874385708306
891,497,496,836,491,122,950,944,949,947,0.627856444731507,0.882532496198308
738,497,496,494,491,122,950,944,949,947,0.62918419098323,0.866874385708306
891,497,496,494,491,122,950,509,949,947,0.62808840633061,0.851216275218305
891,497,496,494,491,122,950,935,949,947,0.628774001417487,0.832073473090047
891,497,496,494,491,122,950,139,949,947,0.619149784124998,0.866874385708306
891,497,496,494,491,122,950,795,949,947,0.639513057341502,0.866874385708306
891,497,496,494,491,122,950,944,949,947,0.630116066847632,0.866874385708306
891,497,496,494,491,122,950,944,949,947,0.630116066847632,0.866874385708306
891,497,496,494,651,122,950,944,949,947,0.628826292218683,0.866874385708306
891,497,496,494,491,122,950,944,949,947,0.630116066847632,0.866874385708306
891,497,496,494,491,122,950,944,949,947,0.630116066847632,0.866874385708306
891,497,496,494,491,122,950,944,949,947,0.630116066847632,0.866874385708306
891,497,496,494,491,122,950,944,949,947,0.630116066847632,0.866874385708306
891,497,496,494,491,122,950,944,949,947,0.630116066847632,0.866874385708306
891,497,496,494,491,122,950,944,949,947,0.630116066847632,0.866874385708306
891,497,486,494,491,122,950,944,949,947,0.603462393945618,0.882532496198308
891,497,496,494,491,122,950,944,949,947,0.630116066847632,0.866874385708306
891,497,496,494,491,122,950,944,949,947,0.630116066847632,0.866874385708306
891,497,496,494,61,122,950,358,949,947,0.614229999487131,0.851216275218305
891,497,496,494,491,122,950,944,949,947,0.630116066847632,0.866874385708306
891,497,496,182,491,122,950,944,949,947,0.626479607423463,0.882532496198308
891,497,496,494,491,122,950,944,949,990,0.621283571288387,0.866874385708306
712,497,496,494,491,122,103,944,949,947,0.628773685435181,0.851216275218305
891,497,50,494,491,122,950,944,949,947,0.610239048831839,0.866874385708306
891,497,496,494,491,122,950,944,949,947,0.630116066847632,0.866874385708306
891,497,447,494,491,122,950,388,949,947,0.610459223409599,0.848004919401689
891,669,847,494,491,122,950,944,949,947,0.593032718265979,0.817660610246166
891,497,254,494,491,122,950,944,949,947,0.606103385712269,0.866874385708306
923,531,496,494,491,122,950,944,949,947,0.62550785730617,0.811235322926295
891,497,496,494,491,122,950,944,949,947,0.630116066847632,0.866874385708306
891,497,496,494,491,122,950,944,949,947,0.630116066847632,0.866874385708306
891,307,700,494,491,122,950,369,949,88,0.593528362051464,0.866874385708306
891,497,496,494,491,122,950,944,949,947,0.630116066847632,0.866874385708306
891,497,699,494,472,122,950,580,949,591,0.632140094698883,0.793233245258369
891,497,496,494,491,122,950,944,2,947,0.636490456993679,0.851216275218305
891,497,496,494,491,122,950,944,949,947,0.630116066847632,0.866874385708306
907,497,496,494,491,122,950,944,949,947,0.635189034694424,0.866874385708306
891,497,496,494,491,122,950,944,949,947,0.630116066847632,0.866874385708306
891,497,496,494,491,122,950,944,949,947,0.630116066847632,0.866874385708306
891,497,496,494,491,122,950,944,949,947,0.630116066847632,0.866874385708306
891,497,496,494,491,122,950,944,949,947,0.630116066847632,0.866874385708306
724,497,691,494,491,122,950,944,949,947,0.605916520763195,0.866874385708306
891,497,496,494,491,122,950,944,949,947,0.630116066847632,0.866874385708306
891,497,496,494,491,122,950,944,949,947,0.630116066847632,0.866874385708306
891,497,496,494,705,122,950,944,89,947,0.632862106953931,0.816415362600046
891,497,496,494,491,122,950,944,949,947,0.630116066847632,0.866874385708306
891,497,936,625,491,122,950,944,10,947,0.608101425192858,0.82858878145179
891,497,79,991,491,122,950,944,553,947,0.600308499351504,0.849121735895369
891,497,496,494,80,122,68,944,949,947,0.625203125539738,0.866874385708306
891,497,158,494,491,122,950,944,319,947,0.58861042003351,0.836843874353342
891,497,496,494,491,122,950,944,949,947,0.630116066847632,0.866874385708306
387,497,496,494,491,122,950,944,949,773,0.62523731479682,0.777289717633797
891,497,496,494,491,122,950,270,949,11,0.613416248824503,0.821185763863341
891,497,496,494,491,122,859,944,949,947,0.629538538762644,0.809550495436985
891,497,496,494,491,122,950,944,949,947,0.630116066847632,0.866874385708306
891,497,496,494,491,122,950,944,949,947,0.630116066847632,0.866874385708306
891,497,496,494,491,122,112,944,949,947,0.633981211706619,0.809550495436985
891,497,496,494,142,122,950,944,949,222,0.620423255919944,0.835558164728304
891,497,496,494,491,193,950,944,949,947,0.634906339871086,0.866874385708306
208,497,496,494,491,122,950,944,949,947,0.628402985417077,0.833463625405367
891,497,496,494,491,122,950,944,949,947,0.630116066847632,0.866874385708306
144,497,496,494,491,160,950,944,949,947,0.622811274207764,0.826644005561307
891,497,496,494,491,122,950,944,949,947,0.630116066847632,0.866874385708306
891,221,496,494,491,122,950,944,949,947,0.620422081813409,0.851216275218305
891,497,496,494,491,122,950,944,949,947,0.630116066847632,0.866874385708306
891,497,496,494,491,122,950,944,949,947,0.630116066847632,0.866874385708306
891,497,496,494,491,122,950,944,949,947,0.630116066847632,0.866874385708306
891,497,496,494,491,122,950,944,949,947,0.630116066847632,0.866874385708306
891,497,496,494,491,122,950,944,949,963,0.635446197696477,0.866874385708306
891,497,496,759,491,122,950,944,949,58,0.632515877920793,0.882532496198308
891,497,496,494,491,122,950,944,949,947,0.630116066847632,0.866874385708306
891,497,496,494,491,122,950,944,949,947,0.630116066847632,0.866874385708306
891,82,496,494,464,122,950,944,949,947,0.639907386490849,0.833463625405367
891,497,496,494,491,122,950,944,949,947,0.630116066847632,0.866874385708306
891,497,496,494,491,122,950,944,949,947,0.630116066847632,0.866874385708306
891,497,496,494,491,122,950,944,949,947,0.630116066847632,0.866874385708306
891,207,496,494,491,122,950,944,949,947,0.626201548450805,0.866874385708306
891,497,496,494,915,122,950,504,949,947,0.621074512619237,0.866874385708306
891,937,496,494,491,122,950,944,949,947,0.61995189804963,0.851216275218305
891,497,496,408,491,122,950,944,949,947,0.636792116166235,0.882532496198308
597,497,496,494,491,122,950,944,949,947,0.618409407578373,0.836843874353342
891,497,496,494,491,122,950,944,949,947,0.630116066847632,0.866874385708306
891,497,496,494,491,122,950,944,949,947,0.630116066847632,0.866874385708306
891,497,23,635,491,122,950,944,949,947,0.611245332884414,0.882532496198308
891,497,496,494,491,122,950,944,949,947,0.630116066847632,0.866874385708306
891,497,496,847,491,122,950,944,949,947,0.631499511665463,0.852501984843343
891,497,496,494,491,122,950,601,949,177,0.613298450296967,0.866874385708306
891,497,496,494,491,122,950,944,949,947,0.630116066847632,0.866874385708306
891,394,496,494,166,122,950,944,949,947,0.613771554036464,0.866874385708306
891,497,496,494,491,656,950,944,949,947,0.618810965605858,0.851216275218305
891,497,496,494,750,122,950,144,949,947,0.634929487330377,0.866874385708306
891,497,599,494,491,122,950,944,949,947,0.607814405606995,0.866874385708306
688,497,496,494,491,122,433,944,949,947,0.632895914386066,0.866874385708306
891,726,496,494,491,122,950,944,949,595,0.615709792343876,0.835558164728304
891,497,496,494,491,122,950,944,949,947,0.630116066847632,0.866874385708306
891,667,496,494,491,613,950,944,949,947,0.624434078993753,0.836843874353342
891,497,496,494,491,122,950,944,949,816,0.622950786851906,0.809550495436985
139,472,496,494,491,122,473,944,949,947,0.610902100915654,0.866874385708306
891,497,496,494,491,122,950,944,949,947,0.630116066847632,0.866874385708306
891,497,496,494,491,122,950,218,949,947,0.636293071247589,0.833463625405367
928,497,496,494,491,122,950,944,949,795,0.631466816860337,0.833463625405367
891,497,496,494,233,122,950,944,949,947,0.627881728261643,0.851216275218305
891,497,496,494,491,122,950,944,949,947,0.630116066847632,0.866874385708306
891,497,496,494,491,122,950,944,949,947,0.630116066847632,0.866874385708306
891,497,496,494,491,122,950,944,949,947,0.630116066847632,0.866874385708306
891,497,496,528,491,122,950,944,949,947,0.640991937342321,0.882532496198308
891,497,496,494,491,122,950,944,949,947,0.630116066847632,0.866874385708306
891,497,496,494,491,122,379,944,949,947,0.626631973713956,0.836843874353342
891,497,496,494,491,122,950,944,949,947,0.630116066847632,0.866874385708306
891,497,496,494,491,122,950,763,949,947,0.622901863177381,0.866874385708306
891,497,496,494,491,122,950,944,949,117,0.62933387225614,0.866874385708306
131,497,496,494,491,122,950,944,949,947,0.635965245671555,0.827607603892654
891,497,496,494,491,122,950,944,949,947,0.630116066847632,0.866874385708306
891,497,496,494,491,217,950,944,949,947,0.624784950838439,0.866874385708306
874,497,496,494,491,122,837,172,949,947,0.637871343594758,0.835558164728304
891,497,496,233,491,122,950,279,949,947,0.624035880494162,0.851216275218305
891,497,496,494,491,122,950,944,239,947,0.629718350978703,0.866874385708306
891,497,496,494,491,122,950,944,369,947,0.626698671363831,0.866874385708306
891,497,654,494,491,122,950,944,949,706,0.610015292253728,0.828104409139076
891,497,496,494,491,122,950,944,949,947,0.630116066847632,0.866874385708306
891,497,496,494,491,122,950,944,949,947,0.630116066847632,0.866874385708306
891,497,496,494,491,122,950,944,949,947,0.630116066847632,0.866874385708306
891,497,496,494,491,122,950,944,949,947,0.630116066847632,0.866874385708306
891,497,496,494,491,122,950,944,949,947,0.630116066847632,0.866874385708306
891,497,496,494,491,122,950,944,949,947,0.630116066847632,0.866874385708306
891,497,496,494,491,910,950,47,949,947,0.646150682668971,0.825938851733851
891,497,496,494,491,122,950,944,949,947,0.630116066847632,0.866874385708306
891,497,709,494,491,122,950,944,949,947,0.606457982722364,0.852501984843343
891,497,496,494,491,122,950,592,832,947,0.6300570828973,0.851216275218305
891,497,265,494,491,122,950,944,144,947,0.594471731765882,0.882532496198308
891,497,496,494,491,122,950,944,949,912,0.625429982279677,0.851216275218305
891,497,496,494,491,122,950,944,949,947,0.630116066847632,0.866874385708306
891,497,496,494,491,122,137,944,949,947,0.6313847586303,0.866874385708306
891,497,496,494,491,122,950,944,949,39,0.631726583854916,0.866874385708306
891,497,496,494,491,122,950,591,949,947,0.650409218381332,0.851216275218305
891,497,496,494,491,122,950,944,949,947,0.630116066847632,0.866874385708306
891,497,733,494,491,122,950,944,949,947,0.606038597981978,0.882532496198308
891,497,496,494,491,122,950,944,303,947,0.626479072025063,0.851216275218305
891,497,496,494,345,122,950,944,949,947,0.62802238174809,0.866874385708306
891,497,496,494,225,122,950,944,949,60,0.61122143708773,0.828724865796246
891,497,496,494,388,122,950,944,949,947,0.635223291953237,0.866874385708306
891,497,496,494,491,122,950,944,949,947,0.630116066847632,0.866874385708306
891,497,496,494,491,122,950,944,949,947,0.630116066847632,0.866874385708306
891,497,496,736,270,122,950,944,949,947,0.623925082341371,0.836843874353342
891,497,496,93,491,122,950,944,949,564,0.633540260720899,0.828724865796246
736,497,517,494,491,122,950,944,949,947,0.606945894533286,0.866874385708306
891,497,496,494,491,122,950,944,949,947,0.630116066847632,0.866874385708306
164,497,496,494,491,122,950,944,949,947,0.624485826480456,0.866874385708306
891,497,496,494,491,122,950,944,949,947,0.630116066847632,0.866874385708306
891,497,496,494,491,122,950,944,949,947,0.630116066847632,0.866874385708306
98,497,496,494,491,122,950,944,670,947,0.604553156554899,0.835558164728304
891,497,496,494,611,122,950,944,949,930,0.637392771971247,0.866874385708306
891,497,496,494,491,122,950,944,949,947,0.630116066847632,0.866874385708306
891,802,496,494,491,122,950,944,949,947,0.623000812718954,0.851216275218305
891,497,496,494,491,122,950,944,949,947,0.630116066847632,0.866874385708306
891,794,496,494,491,122,950,944,395,947,0.616433058385026,0.832033011111129
891,497,496,494,491,122,950,967,949,947,0.635897308881868,0.866874385708306
891,497,496,494,491,122,950,944,949,947,0.630116066847632,0.866874385708306
891,497,496,494,491,122,950,944,949,947,0.630116066847632,0.866874385708306
891,497,496,494,491,122,950,569,658,947,0.621405618313555,0.826644005561307
891,497,496,494,491,122,240,944,949,947,0.626207267355086,0.832346808911687
891,497,496,494,746,122,950,944,949,947,0.625795833291633,0.851216275218305
891,497,496,494,19,122,476,944,141,585,0.594522281510009,0.784294885968146
891,497,496,494,491,122,950,944,949,947,0.630116066847632,0.866874385708306
891,497,496,494,491,122,950,944,5,947,0.616548935136533,0.866874385708306
891,497,496,494,491,122,386,944,949,947,0.632603020065348,0.866874385708306
891,497,496,141,491,122,950,944,949,947,0.63231331148172,0.833363756761086
891,497,496,494,491,122,950,944,949,947,0.630116066847632,0.866874385708306
891,497,496,494,491,122,950,165,949,947,0.63546993483604,0.866874385708306
891,497,496,494,491,122,950,944,949,947,0.630116066847632,0.866874385708306
891,164,496,494,491,122,950,944,949,947,0.615600426143931,0.866874385708306
891,497,496,494,905,122,950,944,949,947,0.6381820743155,0.866874385708306
516,497,496,494,491,122,931,944,949,786,0.622038694174896,0.78607928838125
891,497,496,494,491,777,950,944,949,947,0.619659869388461,0.866874385708306
891,497,359,494,491,122,503,944,949,947,0.600386629936125,0.832073473090047
891,497,496,494,491,122,950,944,949,947,0.630116066847632,0.866874385708306
891,497,496,494,491,122,950,944,949,947,0.630116066847632,0.866874385708306
891,497,496,494,499,122,950,944,949,947,0.638147805981471,0.832033011111129
891,497,94,494,491,122,950,760,107,947,0.627020306575385,0.827607603892654
66,497,694,494,770,122,950,944,949,947,0.620075393095652,0.84769112160113
891,497,496,494,491,765,731,944,949,947,0.617778453808132,0.851216275218305
891,497,496,494,491,122,950,944,949,947,0.630116066847632,0.866874385708306
891,497,496,494,491,122,950,944,949,617,0.627678139153871,0.832346808911687
891,497,496,494,491,122,950,944,45,947,0.615310142710688,0.866874385708306
891,497,496,494,491,122,950,944,46,947,0.627365969053919,0.866874385708306
891,497,496,494,491,122,950,944,949,947,0.630116066847632,0.866874385708306
891,497,496,108,491,122,950,944,949,947,0.632055650047735,0.866874385708306
891,497,496,494,491,122,950,944,949,947,0.630116066847632,0.866874385708306
891,497,744,687,491,122,950,944,985,615,0.56988984260338,0.898190606688309
524,86,496,494,491,122,950,944,949,947,0.620006238068242,0.851216275218305
891,497,496,494,491,122,950,944,949,947,0.630116066847632,0.866874385708306
891,497,496,494,491,122,950,241,949,947,0.628761388638003,0.825938851733851
891,497,496,494,491,122,950,944,949,947,0.630116066847632,0.866874385708306
865,497,496,494,491,122,950,981,949,947,0.628208666373293,0.835558164728304
891,497,496,494,491,122,950,944,882,947,0.618128199487586,0.851216275218305
891,497,496,494,491,122,950,944,949,947,0.630116066847632,0.866874385708306
891,497,496,934,491,122,950,944,949,947,0.635588611179579,0.866874385708306
891,662,496,494,491,122,950,944,949,947,0.623090883287467,0.836843874353342
891,497,496,494,491,122,950,944,949,947,0.630116066847632,0.866874385708306
433,497,249,494,491,122,950,944,949,947,0.608392088893426,0.882532496198308
891,497,496,494,491,122,950,339,949,947,0.621075527147286,0.866874385708306
891,497,496,494,593,122,116,294,949,947,0.635942285343826,0.833463625405367
891,497,496,494,491,122,950,678,949,947,0.619339620982276,0.851216275218305
434,497,496,494,117,122,212,944,949,947,0.63179901322103,0.823232622131743
891,497,496,494,85,126,950,944,949,30,0.612580471358859,0.833463625405367
891,497,496,975,491,122,950,944,949,947,0.645363942698333,0.828425787876503
891,497,496,494,491,122,950,944,949,947,0.630116066847632,0.866874385708306
891,497,496,889,491,122,950,944,949,947,0.631826346639819,0.836941561784311
891,497,496,494,491,122,950,202,949,947,0.63371327952373,0.825829354422939
891,497,496,494,53,122,950,944,949,947,0.627265366327278,0.851216275218305
891,497,496,494,491,420,950,944,949,947,0.625666228582722,0.851216275218305
891,497,496,682,491,122,950,944,949,947,0.634111359164815,0.832385021109056
891,497,496,494,491,122,950,944,949,56,0.616605586830269,0.836843874353342
891,497,496,494,491,122,950,944,949,947,0.630116066847632,0.866874385708306
891,497,496,494,491,122,950,944,949,947,0.630116066847632,0.866874385708306
891,497,496,494,491,122,950,811,949,947,0.619875348007023,0.851216275218305
891,497,496,494,491,122,950,944,949,947,0.630116066847632,0.866874385708306
27,497,496,494,491,141,950,944,949,947,0.621143930955563,0.767121078762342
301,497,496,80,491,122,950,944,949,947,0.623371186730585,0.838890732621744
891,497,496,494,491,122,950,944,949,947,0.630116066847632,0.866874385708306
84,497,496,494,491,122,950,944,949,947,0.622993968598468,0.851216275218305
891,497,496,494,491,300,950,944,949,947,0.622916526755276,0.836843874353342
891,497,496,494,491,122,950,944,949,947,0.630116066847632,0.866874385708306
891,497,496,494,491,122,950,944,949,947,0.630116066847632,0.866874385708306
891,151,496,902,491,122,950,944,949,947,0.636474092307203,0.832346808911687
891,497,496,494,491,122,950,944,949,947,0.630116066847632,0.866874385708306
891,497,496,336,491,122,950,944,949,947,0.626739633083906,0.882532496198308
891,497,496,494,491,122,950,944,822,947,0.624621394269651,0.812767677386502
891,205,496,494,491,122,950,837,86,947,0.606390166108492,0.819900054238302
891,497,496,829,491,122,950,944,949,947,0.62696370692524,0.882532496198308
891,51,496,494,491,122,950,944,949,507,0.609041284933609,0.805100387217607
891,987,496,494,491,122,950,944,949,947,0.615449783272458,0.866874385708306
167,944,496,494,272,122,950,825,949,947,0.630433471561575,0.851216275218305
891,497,496,494,851,122,950,944,949,947,0.631258044212645,0.866874385708306
891,497,496,494,491,122,950,944,949,947,0.630116066847632,0.866874385708306
891,497,496,529,491,122,950,944,5,947,0.623591360212578,0.829674479163105
891,497,496,494,491,122,950,944,949,947,0.630116066847632,0.866874385708306
891,497,496,494,491,122,950,944,949,947,0.630116066847632,0.866874385708306
891,497,496,494,491,122,950,944,949,947,0.630116066847632,0.866874385708306
891,497,496,494,491,122,950,925,949,947,0.625821150612293,0.851216275218305
891,497,496,494,491,397,950,944,949,947,0.623226145341894,0.812204456044908
891,497,496,494,491,122,950,944,949,947,0.630116066847632,0.866874385708306
891,477,523,494,491,122,950,944,949,947,0.603433286816593,0.882532496198308
229,497,496,494,491,122,950,944,949,947,0.628889626810937,0.851216275218305
891,497,496,494,850,122,950,944,949,947,0.627404451026133,0.851216275218305
891,497,496,494,645,122,950,944,949,947,0.633511373921187,0.833463625405367
891,497,496,494,491,122,950,944,949,947,0.630116066847632,0.866874385708306
891,497,496,494,491,122,950,944,949,947,0.630116066847632,0.866874385708306
891,497,496,494,491,44,950,944,949,947,0.62498222664668,0.866874385708306
891,497,496,87,491,122,950,944,949,947,0.621345130609302,0.882532496198308
891,497,496,494,491,122,950,944,949,852,0.621930897371923,0.836843874353342
891,497,496,494,491,122,950,944,949,947,0.630116066847632,0.866874385708306
891,497,496,494,491,122,950,944,949,947,0.630116066847632,0.866874385708306
891,497,496,494,491,122,950,944,949,947,0.630116066847632,0.866874385708306
891,497,496,494,33,122,950,944,949,566,0.617456348659633,0.81028074124385
891,420,496,494,84,825,950,944,949,947,0.607822033543534,0.819900054238302
891,497,496,494,491,122,950,944,949,947,0.630116066847632,0.866874385708306
891,497,496,494,491,122,950,944,949,947,0.630116066847632,0.866874385708306
891,497,496,494,491,122,950,944,949,947,0.630116066847632,0.866874385708306
891,497,496,494,491,122,950,397,723,947,0.623131039825402,0.796546345554907
891,497,496,494,642,122,950,543,949,947,0.633439897045086,0.866874385708306
891,497,25,494,491,122,950,944,949,947,0.627134095916143,0.882532496198308
891,497,496,494,491,122,950,944,949,947,0.630116066847632,0.866874385708306
891,497,496,494,491,122,950,944,949,684,0.616801664312177,0.866874385708306
891,497,496,494,491,122,950,944,949,947,0.630116066847632,0.866874385708306
891,497,496,494,491,122,950,944,949,947,0.630116066847632,0.866874385708306
891,497,496,494,491,122,950,944,949,947,0.630116066847632,0.866874385708306
891,497,496,494,941,989,950,944,513,947,0.621221245018527,0.851216275218305
891,497,496,627,491,122,425,944,949,947,0.634883506625976,0.791797845624048
698,497,496,494,491,828,950,944,949,947,0.613633408788683,0.835558164728304
891,497,496,494,491,122,950,405,949,947,0.629931724714429,0.832033011111129
968,497,496,494,491,989,970,944,949,947,0.608854171221459,0.851216275218305
891,497,496,494,447,122,950,944,949,947,0.628483066100041,0.832346808911687
891,497,496,494,491,122,950,944,949,947,0.630116066847632,0.866874385708306
891,497,496,494,491,122,559,944,949,947,0.626575164282254,0.866874385708306
891,497,496,494,491,122,950,377,949,947,0.627167706971468,0.817032461384742
891,497,496,494,491,122,950,944,949,544,0.616657235418694,0.851216275218305
891,497,496,494,491,831,950,944,949,947,0.624958603520661,0.851216275218305
891,497,496,494,491,122,950,944,949,947,0.630116066847632,0.866874385708306
891,497,496,494,491,122,950,944,949,947,0.630116066847632,0.866874385708306
891,497,496,494,491,474,950,944,949,224,0.607188969101705,0.797109566896501
891,497,496,494,491,122,950,944,949,947,0.630116066847632,0.866874385708306
891,497,496,494,491,790,950,772,949,947,0.620747626845256,0.836843874353342
891,497,496,494,491,122,950,944,949,947,0.630116066847632,0.866874385708306
891,497,496,494,491,122,950,944,949,947,0.630116066847632,0.866874385708306
891,497,98,494,546,122,160,944,72,947,0.580604448858625,0.795327784581305
891,497,906,494,491,122,950,133,949,947,0.594985993044999,0.852501984843343
891,497,496,494,491,122,950,944,949,947,0.630116066847632,0.866874385708306
891,497,496,494,491,122,950,944,949,947,0.630116066847632,0.866874385708306
891,497,496,694,491,122,950,944,745,947,0.630778419862896,0.882532496198308
891,497,496,494,491,122,950,944,949,947,0.630116066847632,0.866874385708306
891,497,496,494,491,122,950,944,949,947,0.630116066847632,0.866874385708306
891,497,496,494,491,122,950,944,822,947,0.624621394269651,0.812767677386502
907,497,496,74,491,122,950,944,949,947,0.634343566999389,0.841596962223852
891,497,496,494,491,122,950,944,949,947,0.630116066847632,0.866874385708306
891,497,496,494,491,122,950,944,949,947,0.630116066847632,0.866874385708306
891,497,496,494,491,122,950,944,949,947,0.630116066847632,0.866874385708306
891,497,496,494,491,122,950,944,949,947,0.630116066847632,0.866874385708306
891,497,21,494,491,122,950,944,949,947,0.607897829475456,0.833363756761086
516,497,496,494,491,122,950,785,949,947,0.632627869010002,0.832073473090047
891,497,496,494,491,122,950,944,949,947,0.630116066847632,0.866874385708306
891,579,496,465,491,122,950,944,949,947,0.634876522930097,0.848004919401689
891,342,496,494,475,122,950,944,949,947,0.635706260677247,0.851216275218305
891,497,496,494,491,122,950,944,949,947,0.630116066847632,0.866874385708306
891,497,496,494,491,122,950,944,949,751,0.620674375142672,0.866874385708306
891,497,496,494,491,122,950,944,949,947,0.630116066847632,0.866874385708306
453,497,496,494,491,122,950,944,949,947,0.627731801172373,0.851216275218305
891,497,943,494,491,122,950,944,949,947,0.611324510853605,0.882532496198308
891,497,496,494,491,122,422,944,949,66,0.622588202873806,0.832033011111129
891,497,496,494,491,122,950,944,949,947,0.630116066847632,0.866874385708306
891,497,496,494,491,122,950,944,949,947,0.630116066847632,0.866874385708306
891,957,496,494,491,945,790,944,431,947,0.601072675715175,0.779519984082021
82,497,496,494,491,122,950,944,949,148,0.62073675029594,0.833463625405367
891,497,2,494,491,460,950,944,692,947,0.616381731907994,0.866874385708306
891,497,496,494,491,122,950,944,949,947,0.630116066847632,0.866874385708306
891,497,496,494,491,122,950,944,949,947,0.630116066847632,0.866874385708306
891,497,496,838,491,122,950,944,949,947,0.623764738990436,0.882532496198308
891,497,496,494,491,104,950,944,949,947,0.628417411772449,0.866874385708306
891,497,496,494,491,122,950,944,949,947,0.630116066847632,0.866874385708306
891,497,496,494,491,122,139,944,949,947,0.626227331167584,0.866874385708306
891,497,496,494,880,122,950,944,584,947,0.614731203149437,0.836843874353342
891,497,496,494,141,122,950,944,949,834,0.617309846086133,0.817705646271085
891,704,496,494,491,122,950,944,949,947,0.62424270304899,0.851216275218305
891,497,336,494,491,122,950,944,949,947,0.60394200537465,0.882532496198308
891,497,496,494,491,544,950,944,949,947,0.622210475654996,0.851216275218305
891,497,496,494,491,122,950,944,949,947,0.630116066847632,0.866874385708306
891,497,496,947,491,56,950,944,949,599,0.61950924640853,0.836843874353342
891,497,496,494,491,122,950,944,949,322,0.61461831766346,0.866874385708306
891,873,496,208,491,122,950,944,949,947,0.623830196851468,0.805479972318805
891,497,496,494,491,122,950,944,949,947,0.630116066847632,0.866874385708306
891,497,496,494,491,122,950,944,949,947,0.630116066847632,0.866874385708306
891,497,496,494,491,122,611,944,949,947,0.640749456650415,0.866874385708306
891,497,496,494,491,122,950,944,949,947,0.630116066847632,0.866874385708306
891,70,985,494,491,379,950,944,949,947,0.604993011677336,0.807989468335925
891,497,496,494,491,122,950,944,949,947,0.630116066847632,0.866874385708306
891,497,496,494,491,122,950,944,949,947,0.630116066847632,0.866874385708306
891,497,496,494,491,122,950,944,949,947,0.630116066847632,0.866874385708306
891,497,496,494,491,122,950,944,949,654,0.625338656258036,0.812446298649075
891,497,496,494,491,122,526,944,949,947,0.634581929174244,0.851216275218305
891,497,496,399,491,122,950,944,949,947,0.628959906834947,0.866874385708306
891,497,496,494,491,122,950,944,949,947,0.630116066847632,0.866874385708306
891,497,496,494,491,122,950,944,949,947,0.630116066847632,0.866874385708306
891,497,496,494,97,122,950,944,949,947,0.628379481434125,0.836843874353342
891,497,496,494,491,122,950,944,949,947,0.630116066847632,0.866874385708306
187,497,496,494,491,122,950,944,949,947,0.638494576096749,0.811038187341075
891,497,496,494,491,868,950,944,949,947,0.619627369372469,0.851216275218305
891,497,496,494,491,122,950,944,949,947,0.630116066847632,0.866874385708306
891,497,496,551,491,122,950,958,949,947,0.639396829700646,0.832073473090047
891,497,496,494,491,122,950,944,949,947,0.630116066847632,0.866874385708306
891,497,496,494,491,122,950,944,949,947,0.630116066847632,0.866874385708306
717,497,496,494,491,122,950,944,949,95,0.618303386962927,0.851216275218305
891,497,496,494,491,122,688,944,949,947,0.632770220158167,0.866874385708306
773,497,496,494,491,122,950,944,949,947,0.631611877093956,0.822880652047794
690,497,496,494,491,733,950,944,949,947,0.628040518144534,0.866874385708306
891,497,496,494,987,122,950,944,949,947,0.620572490754549,0.866874385708306
891,497,496,494,491,122,950,944,949,947,0.630116066847632,0.866874385708306
891,358,496,494,491,122,950,944,949,947,0.612338174625611,0.851216275218305
379,497,496,494,31,122,950,944,949,947,0.618973558293044,0.836843874353342
891,497,565,494,491,122,950,944,949,290,0.603947693181417,0.811038187341075
891,497,496,494,491,811,950,944,949,947,0.621267870601505,0.851216275218305
891,497,496,494,491,122,950,944,949,947,0.630116066847632,0.866874385708306
891,497,496,494,491,122,950,944,949,947,0.630116066847632,0.866874385708306
891,497,496,494,491,122,950,944,949,947,0.630116066847632,0.866874385708306
891,497,496,494,491,122,950,824,949,947,0.618812383934552,0.851216275218305
891,497,496,494,491,122,950,944,949,947,0.630116066847632,0.866874385708306
891,497,496,494,491,122,950,944,949,947,0.630116066847632,0.866874385708306
891,497,496,494,491,122,950,944,949,947,0.630116066847632,0.866874385708306
891,497,496,494,491,122,950,944,949,947,0.630116066847632,0.866874385708306
891,971,496,709,491,122,950,944,949,947,0.639049066224406,0.852501984843343
891,497,496,494,491,122,950,914,949,625,0.622699043926042,0.791843092943048
891,497,496,494,491,122,950,944,949,385,0.643949328765901,0.866874385708306
891,497,404,494,491,122,950,944,949,947,0.613699419598192,0.882532496198308
891,497,496,494,819,122,6,944,949,947,0.622423534609664,0.866874385708306
891,497,496,494,491,122,950,944,949,947,0.630116066847632,0.866874385708306
891,497,54,962,491,122,452,944,949,619,0.6122476660928,0.833604172088
891,497,496,494,108,122,950,944,949,947,0.629881866235151,0.851216275218305
891,497,496,494,491,122,950,944,949,947,0.630116066847632,0.866874385708306
891,497,496,494,491,122,950,944,949,947,0.630116066847632,0.866874385708306
891,497,496,359,491,122,950,944,949,947,0.623351568327599,0.866874385708306
891,497,496,494,491,122,950,584,949,947,0.615626302014644,0.866874385708306
891,497,496,494,491,122,950,944,949,947,0.630116066847632,0.866874385708306
891,48,496,494,491,122,950,81,949,947,0.610391791593113,0.851216275218305
891,497,496,494,491,122,950,944,949,947,0.630116066847632,0.866874385708306
891,497,496,494,491,122,950,944,949,947,0.630116066847632,0.866874385708306
891,497,496,494,491,122,950,944,949,947,0.630116066847632,0.866874385708306
891,497,496,494,491,122,950,640,949,947,0.626669125947736,0.866874385708306
891,10,496,494,491,122,950,944,949,947,0.623665594291939,0.866874385708306
891,497,496,494,119,122,950,944,949,947,0.62113004397177,0.866874385708306
891,497,868,494,462,122,950,944,949,659,0.581853117272223,0.816415362600046
891,497,496,494,491,122,688,262,32,947,0.622881652675395,0.851216275218305
891,497,496,494,491,122,950,944,949,947,0.630116066847632,0.866874385708306
891,497,557,494,491,122,950,79,949,947,0.601554537693738,0.81459415909875
891,497,496,494,491,122,950,944,949,947,0.630116066847632,0.866874385708306
891,497,496,87,491,122,950,944,949,947,0.621345130609302,0.882532496198308
891,497,496,494,491,122,299,944,949,947,0.631988423952086,0.866874385708306
891,497,496,494,491,122,950,944,949,947,0.630116066847632,0.866874385708306
891,497,496,494,491,509,950,944,949,498,0.615558101123666,0.851216275218305
334,497,496,494,491,122,950,944,949,947,0.626996657209019,0.851216275218305
891,497,496,494,203,122,950,944,949,947,0.644255699337998,0.825938851733851
891,497,496,494,491,876,975,944,949,947,0.642010178368454,0.812767677386502
891,497,496,494,491,122,950,944,949,947,0.630116066847632,0.866874385708306
891,497,496,494,491,122,473,944,949,947,0.631764710723575,0.866874385708306
891,497,579,494,491,122,950,944,949,947,0.608770406836502,0.848004919401689
891,497,496,494,491,122,950,944,949,947,0.630116066847632,0.866874385708306
891,497,496,494,491,122,950,944,949,947,0.630116066847632,0.866874385708306
891,519,496,494,491,122,950,944,949,947,0.616366601671843,0.866874385708306
891,497,496,494,491,122,950,944,949,195,0.61832039548433,0.851216275218305
891,894,496,289,491,788,950,944,949,947,0.613662302263741,0.828899819930251
891,848,496,494,491,122,950,944,326,947,0.614802074328371,0.825938851733851
891,497,17,494,491,122,950,944,374,947,0.578130126888352,0.882532496198308
891,497,496,494,491,122,950,944,949,947,0.630116066847632,0.866874385708306
891,497,496,494,491,122,950,166,949,947,0.625996223639709,0.866874385708306
891,497,496,494,762,122,950,781,949,947,0.62547324395814,0.809550495436985
891,497,496,494,491,122,950,989,949,947,0.628816086686773,0.851216275218305
891,497,496,494,491,122,950,944,949,947,0.630116066847632,0.866874385708306
658,695,496,342,491,500,897,944,949,947,0.643565533135994,0.835558164728304
891,497,496,494,13,122,950,944,949,947,0.630399649146843,0.866874385708306
891,497,496,494,972,122,950,944,949,947,0.636910966210094,0.866874385708306
891,396,496,494,491,122,950,944,949,947,0.627288402533798,0.866874385708306
891,497,496,494,491,122,95,857,949,954,0.648701645197976,0.866874385708306
891,843,496,296,491,663,950,944,949,947,0.601590879031161,0.882532496198308
891,110,496,494,763,122,950,944,824,349,0.599167226040722,0.851216275218305
891,497,496,494,491,122,950,944,949,947,0.630116066847632,0.866874385708306
891,497,496,494,491,122,950,944,663,947,0.617372234141977,0.866874385708306
891,497,496,494,491,122,950,944,101,947,0.620679797032892,0.866874385708306
891,497,496,494,491,122,950,944,949,109,0.616708355614659,0.851216275218305
891,497,496,494,341,122,950,944,949,947,0.625805516312528,0.866874385708306
891,497,496,494,491,122,950,944,949,947,0.630116066847632,0.866874385708306
891,497,496,494,491,122,950,760,949,947,0.624823127473062,0.866874385708306
891,497,496,494,491,396,950,944,949,947,0.630444378553862,0.866874385708306
891,867,759,494,491,122,950,944,949,704,0.611666161939085,0.836843874353342
891,497,496,494,491,122,950,944,764,947,0.625260807612992,0.866874385708306
891,497,496,494,491,122,950,944,949,947,0.630116066847632,0.866874385708306
891,497,496,494,491,122,950,944,415,947,0.633461523583512,0.823000559833108
891,497,496,494,491,122,950,944,949,947,0.630116066847632,0.866874385708306
891,497,496,494,491,122,836,844,949,947,0.634416301535213,0.851216275218305
891,497,913,703,491,122,950,291,949,681,0.596471629179647,0.820350970678665
891,482,496,494,491,122,950,944,949,947,0.615197244055746,0.866874385708306
891,497,496,494,710,122,950,944,949,947,0.622570938274206,0.825455726955123
891,497,496,494,491,122,950,944,949,947,0.630116066847632,0.866874385708306
891,497,496,280,491,122,950,944,949,947,0.632438675559556,0.838890732621744
891,497,496,494,491,122,950,944,949,947,0.630116066847632,0.866874385708306
150,497,496,494,491,122,950,944,949,947,0.635965245671555,0.851216275218305
891,497,496,494,479,122,950,944,949,947,0.629410548854321,0.866874385708306
891,497,496,494,491,122,950,944,949,947,0.630116066847632,0.866874385708306
262,497,496,494,491,122,950,944,949,947,0.620107721347084,0.851216275218305
769,497,496,494,491,122,950,944,949,947,0.621587021590542,0.851216275218305
891,497,496,494,423,287,950,944,949,947,0.620338142293486,0.797109566896501
891,497,496,494,491,122,950,944,949,947,0.630116066847632,0.866874385708306
891,497,496,878,491,122,950,944,949,947,0.632626473876435,0.866874385708306
891,497,496,494,491,122,950,944,949,947,0.630116066847632,0.866874385708306
891,497,496,960,491,122,950,944,949,947,0.631509695023509,0.882532496198308
891,497,496,494,491,122,950,944,949,947,0.630116066847632,0.866874385708306
891,497,496,494,491,122,950,944,949,947,0.630116066847632,0.866874385708306
891,497,983,494,491,122,851,944,949,947,0.615128847328056,0.882532496198308
891,497,496,494,491,122,950,944,949,947,0.630116066847632,0.866874385708306
891,497,496,494,491,122,950,944,949,947,0.630116066847632,0.866874385708306
891,497,496,494,201,122,950,944,949,947,0.630713972132079,0.866874385708306
891,497,496,494,491,122,950,944,949,947,0.630116066847632,0.866874385708306
891,497,496,494,491,122,200,944,949,947,0.645957124355004,0.833463625405367
891,497,496,494,491,122,950,944,949,947,0.630116066847632,0.866874385708306
305,497,895,494,491,122,950,944,949,947,0.611053711064077,0.831874915147999
891,497,496,494,491,122,950,944,949,724,0.615158289308587,0.851216275218305
891,497,496,494,491,122,950,944,949,947,0.630116066847632,0.866874385708306
891,953,496,494,491,628,950,944,949,947,0.639572938991089,0.866874385708306
891,497,496,494,491,122,950,944,949,947,0.630116066847632,0.866874385708306
891,497,496,494,491,122,950,944,949,329,0.611747831683009,0.866874385708306
891,497,496,494,491,122,703,944,949,38,0.644291173016737,0.866874385708306
891,497,496,494,491,122,950,760,949,947,0.624823127473062,0.866874385708306
891,376,496,553,491,122,950,944,949,947,0.608539143770523,0.836843874353342
891,497,496,494,491,122,950,944,949,955,0.623626853563618,0.866874385708306
891,497,17,719,491,122,950,944,949,822,0.592321729692787,0.844083898366505
891,497,496,494,491,122,950,944,949,947,0.630116066847632,0.866874385708306
891,497,496,494,491,122,950,2,949,947,0.634953639713214,0.851216275218305
891,497,496,494,491,122,950,944,949,704,0.621493531591514,0.851216275218305
891,497,496,494,491,122,950,485,949,947,0.629417484409929,0.851216275218305
891,947,496,494,491,122,950,944,241,143,0.621929490844706,0.795908340378887
891,497,496,494,491,122,950,944,87,947,0.614184342604548,0.866874385708306
891,497,496,494,491,122,950,944,949,947,0.630116066847632,0.866874385708306
891,497,496,494,491,34,950,944,949,947,0.627711578562957,0.819065261053627
891,497,496,735,491,122,950,944,949,947,0.628971174680527,0.882532496198308
891,497,496,494,491,122,950,944,949,947,0.630116066847632,0.866874385708306
891,497,496,785,491,122,950,944,949,947,0.632609273989714,0.847731583580048
891,124,94,494,491,122,950,944,949,947,0.63623017843165,0.843265714382655
891,497,496,494,491,122,950,944,949,947,0.630116066847632,0.866874385708306
891,725,496,494,491,122,950,944,949,947,0.622902226932579,0.866874385708306
182,497,496,494,491,122,950,944,949,947,0.624223062150284,0.866874385708306
891,497,496,494,491,122,950,944,272,947,0.629158761002639,0.866874385708306
891,497,496,494,829,122,107,944,949,947,0.621376283540869,0.851216275218305
891,497,496,494,491,499,950,944,351,947,0.632462848768677,0.816374900621127
891,497,496,494,491,122,950,944,949,947,0.630116066847632,0.866874385708306
891,497,496,494,491,122,950,944,949,947,0.630116066847632,0.866874385708306
891,497,496,494,491,122,950,944,196,947,0.627853763272416,0.866874385708306
347,21,496,494,806,122,950,944,949,947,0.611092205413855,0.802047535781084
891,262,114,494,491,122,950,944,949,947,0.607726240452231,0.851216275218305
891,497,496,494,491,236,950,944,949,947,0.629623276488849,0.866874385708306
891,497,496,494,491,122,950,944,696,947,0.62745825201726,0.851216275218305
913,497,496,494,491,122,950,944,949,942,0.626130803306837,0.836843874353342
643,705,496,494,491,122,950,944,949,947,0.624317409242739,0.816415362600046
891,497,496,494,491,122,950,944,949,947,0.630116066847632,0.866874385708306
289,199,496,494,491,122,950,944,949,947,0.622605345612392,0.825101671393865
891,497,496,819,491,957,950,944,949,947,0.617609868250601,0.825208605926987
891,497,539,494,491,122,950,944,949,515,0.590346428923205,0.832033011111129
891,497,496,494,97,122,950,944,949,947,0.628379481434125,0.836843874353342
891,497,496,494,432,122,950,944,949,947,0.632628514939161,0.833463625405367
891,497,496,494,491,931,950,944,949,947,0.629730137407584,0.820880200999509
891,497,571,494,491,122,950,944,949,947,0.605757270087175,0.882532496198308
80,497,496,494,491,122,950,944,949,995,0.621828548310726,0.851216275218305
891,497,986,494,172,122,950,944,949,947,0.616860399952712,0.882532496198308
891,497,496,494,491,122,950,944,949,947,0.630116066847632,0.866874385708306
777,497,496,494,491,122,950,944,949,947,0.625250567805616,0.866874385708306
891,497,590,494,491,843,950,944,949,947,0.601034765698639,0.882532496198308
891,497,496,494,246,122,950,944,934,947,0.613044529652373,0.835558164728304
891,706,496,494,491,122,186,944,949,947,0.618255766310245,0.866874385708306
891,497,496,494,491,122,950,944,949,947,0.630116066847632,0.866874385708306
891,497,496,494,491,122,950,944,734,947,0.616054316003529,0.851216275218305
891,497,496,494,491,122,950,944,949,947,0.630116066847632,0.866874385708306
891,497,496,494,491,122,950,944,949,947,0.630116066847632,0.866874385708306
891,497,496,494,747,122,950,944,949,947,0.625573507563187,0.866874385708306
891,497,496,494,257,631,950,944,949,947,0.624860452955487,0.812446298649075
201,497,496,494,491,122,950,651,949,947,0.628541844315362,0.866874385708306
891,497,253,494,491,122,950,944,949,947,0.601100709108739,0.830463632959837
891,497,496,494,177,122,950,944,949,183,0.628468801995939,0.866874385708306
891,497,496,494,491,122,950,944,949,947,0.630116066847632,0.866874385708306
891,660,496,494,285,122,950,633,132,947,0.628300376854255,0.816415362600046
891,497,496,494,42,122,950,944,949,947,0.62834005714228,0.866874385708306
891,497,496,494,491,33,950,944,53,418,0.606556619625383,0.776869980940911
891,497,496,494,491,122,950,481,949,947,0.631803742072089,0.866874385708306
891,497,496,494,491,122,950,944,949,947,0.630116066847632,0.866874385708306
891,497,496,243,491,36,950,944,949,947,0.638036971939474,0.882532496198308
891,497,161,494,491,122,950,944,949,947,0.601902216927457,0.882532496198308
891,497,496,494,491,122,950,944,949,568,0.609794269714974,0.866874385708306
891,497,496,494,491,122,993,699,949,947,0.62847273829039,0.796613494206343
891,497,496,494,491,122,950,253,949,947,0.623262304937452,0.814805522469835
891,908,496,960,491,122,950,944,949,947,0.630175238778577,0.882532496198308
891,497,496,643,928,122,950,944,949,947,0.635034503802874,0.833463625405367
891,497,496,960,491,122,950,944,949,947,0.631509695023509,0.882532496198308
891,497,496,960,491,122,42,944,949,947,0.631675011536314,0.882532496198308
891,497,496,960,491,122,950,944,949,947,0.631509695023509,0.882532496198308
891,250,496,960,491,727,950,60,949,947,0.617651880344363,0.828425787876503
891,381,496,960,491,122,950,944,949,947,0.628114844662827,0.882532496198308
891,497,504,960,491,122,312,944,949,947,0.624469155232571,0.898190606688309
891,497,496,960,491,122,950,944,949,947,0.631509695023509,0.882532496198308
891,497,99,960,491,437,950,944,949,947,0.593691971495058,0.882532496198308
891,497,496,960,491,122,950,944,949,947,0.631509695023509,0.882532496198308
891,497,685,960,491,122,950,944,949,947,0.602532661999871,0.898190606688309
879,497,496,960,491,122,950,944,686,947,0.618477962739625,0.866874385708306
891,497,496,960,491,122,950,944,949,947,0.631509695023509,0.882532496198308
891,497,496,960,491,122,950,944,949,947,0.631509695023509,0.882532496198308
891,497,496,102,491,122,889,944,949,947,0.633845772734515,0.803530801481372
891,497,496,960,491,122,414,944,949,947,0.63817601675824,0.882532496198308
891,497,496,960,491,122,950,944,949,947,0.631509695023509,0.882532496198308
891,497,496,960,491,122,950,944,125,947,0.625980876649125,0.882532496198308
259,497,496,960,491,122,950,944,949,947,0.634292934235557,0.882532496198308
891,497,496,960,491,122,950,944,949,947,0.631509695023509,0.882532496198308
891,497,496,960,491,122,950,944,949,947,0.631509695023509,0.882532496198308
891,497,496,984,491,122,950,944,949,947,0.631361678628241,0.882532496198308
891,497,993,960,491,122,849,944,949,947,0.609816982793227,0.852501984843343
891,497,496,960,491,122,950,944,949,947,0.631509695023509,0.882532496198308
891,497,496,960,491,122,834,944,949,947,0.634649843823263,0.882532496198308
891,497,496,960,411,122,950,944,949,947,0.623296384348846,0.882532496198308
891,497,496,960,491,122,950,944,949,947,0.631509695023509,0.882532496198308
891,497,496,960,292,122,950,944,949,947,0.627619783556308,0.83801997969089
891,497,667,960,491,122,950,944,949,947,0.609480684939416,0.868160095333345
891,497,496,960,676,122,950,944,949,947,0.620761118143628,0.866874385708306
891,497,496,302,491,122,950,944,949,474,0.604805450543727,0.780616663221824
891,497,496,960,491,122,950,944,949,468,0.622429394287486,0.882532496198308
891,497,496,960,491,122,950,944,949,947,0.631509695023509,0.882532496198308
891,497,496,960,491,115,950,944,949,947,0.625796567225009,0.882532496198308
891,497,496,960,829,122,950,944,949,947,0.624492163948299,0.882532496198308
891,497,496,960,491,44,950,944,949,947,0.618474903711593,0.882532496198308
891,497,496,960,491,122,950,944,949,947,0.631509695023509,0.882532496198308
891,497,496,960,833,122,950,354,949,947,0.628371500992894,0.851216275218305
891,497,496,960,491,122,950,944,949,344,0.615860045596969,0.882532496198308
891,497,608,254,491,122,950,944,949,947,0.604286976530019,0.852501984843343
891,497,926,960,491,122,950,944,512,947,0.617698314181158,0.882532496198308
891,497,203,960,491,122,950,944,949,947,0.625574953215087,0.857255072713854
891,497,496,960,491,122,950,944,949,947,0.631509695023509,0.882532496198308
891,497,496,960,342,122,950,944,949,947,0.636585140044725,0.882532496198308
891,497,114,960,491,122,950,944,949,947,0.612066731723198,0.882532496198308
891,497,496,960,491,122,950,944,949,947,0.631509695023509,0.882532496198308
891,497,496,960,491,122,950,944,949,947,0.631509695023509,0.882532496198308
891,497,496,960,491,122,950,944,949,947,0.631509695023509,0.882532496198308
891,497,496,960,491,122,950,944,949,947,0.631509695023509,0.882532496198308
891,497,496,960,491,122,950,944,949,244,0.627263873703697,0.849121735895369
891,497,496,960,491,122,367,944,949,947,0.632982052885505,0.882532496198308
244,957,496,960,491,122,950,944,949,372,0.621473974951785,0.761767334269084
891,497,496,288,491,122,950,944,558,947,0.6235956242972,0.866874385708306
891,497,496,960,718,122,950,944,949,947,0.638383817467477,0.852501984843343
891,497,496,960,491,122,950,944,949,947,0.631509695023509,0.882532496198308
891,497,496,960,491,122,950,944,10,947,0.618796255372068,0.882532496198308
891,497,496,960,491,122,950,944,949,947,0.631509695023509,0.882532496198308
891,497,906,960,491,122,664,944,949,947,0.614087626011732,0.83812958397838
891,497,16,960,397,122,950,944,949,947,0.604010074801348,0.84352067702491
891,497,823,960,876,122,950,1,949,947,0.594310130274307,0.825208605926987
891,497,496,960,491,193,950,944,949,947,0.63581582377197,0.882532496198308
891,497,496,960,491,122,112,944,488,947,0.634287900030535,0.825208605926987
891,497,496,960,161,122,950,944,949,947,0.620020193062876,0.882532496198308
891,497,496,960,491,122,950,944,949,947,0.631509695023509,0.882532496198308
891,497,602,960,491,122,950,944,12,947,0.604509089815208,0.797224952840424
891,497,496,960,491,122,950,190,504,947,0.62505050570803,0.882532496198308
891,497,496,960,491,341,950,944,249,426,0.609766148893667,0.826696297831076
891,497,496,960,491,122,978,944,949,947,0.635101068809296,0.882532496198308
891,638,496,960,491,122,950,944,949,947,0.6197724763563,0.852501984843343
891,497,496,960,491,129,950,944,949,947,0.629176022547177,0.882532496198308
891,497,496,407,491,122,950,944,949,947,0.631882272893687,0.866874385708306
891,497,496,960,922,122,950,944,949,947,0.619322273331249,0.84769112160113
891,497,496,960,491,122,950,944,949,947,0.631509695023509,0.882532496198308
891,497,496,960,491,122,950,944,949,947,0.631509695023509,0.882532496198308
891,497,496,378,491,122,950,944,949,947,0.630508760149977,0.852501984843343
891,497,496,960,491,122,950,944,949,947,0.631509695023509,0.882532496198308
891,497,496,960,491,122,950,944,949,947,0.631509695023509,0.882532496198308
538,497,496,960,491,122,950,944,949,947,0.634880028429947,0.882532496198308
891,483,214,960,491,122,93,944,949,947,0.634647093775627,0.817108572587878
891,497,496,960,491,122,950,944,949,947,0.631509695023509,0.882532496198308
891,406,496,960,491,122,950,944,949,947,0.644081166471592,0.882532496198308
891,497,496,16,491,122,950,944,949,947,0.631425444856549,0.882532496198308
810,497,420,960,491,122,950,944,949,947,0.600421106455885,0.882532496198308
891,835,496,960,283,274,950,944,949,790,0.60588486655927,0.806813362998378
891,497,496,960,491,122,950,944,949,947,0.631509695023509,0.882532496198308
891,497,496,960,491,122,289,944,949,947,0.637956604697137,0.882532496198308
891,497,496,960,491,122,950,944,505,377,0.626813702503835,0.832690571874743
891,497,496,960,491,122,75,944,949,907,0.63329109989283,0.882532496198308
891,497,496,960,491,122,950,944,588,409,0.623451995000971,0.827607603892654
891,497,496,960,491,122,950,944,949,947,0.631509695023509,0.882532496198308
891,497,496,960,491,122,950,944,949,947,0.631509695023509,0.882532496198308
891,497,496,960,491,594,950,944,949,947,0.617229071177327,0.866874385708306
891,497,496,960,491,122,950,944,949,947,0.631509695023509,0.882532496198308
891,497,496,960,491,122,950,944,329,947,0.621380121963102,0.882532496198308
891,497,496,960,491,122,950,944,949,947,0.631509695023509,0.882532496198308
891,497,496,404,431,122,950,944,949,728,0.615729339063449,0.866874385708306
891,497,496,353,491,122,950,944,949,644,0.625312456868845,0.866874385708306
891,497,496,960,491,122,950,944,949,536,0.630607463260297,0.882532496198308
812,497,496,960,491,122,950,944,949,947,0.633193544576414,0.882532496198308
891,497,496,960,491,122,950,944,949,947,0.631509695023509,0.882532496198308
891,497,496,960,491,122,950,944,949,947,0.631509695023509,0.882532496198308
891,497,496,960,491,122,950,944,949,947,0.631509695023509,0.882532496198308
891,776,496,960,491,122,950,944,949,947,0.628825595022523,0.825208605926987
891,497,496,960,491,122,950,944,949,947,0.631509695023509,0.882532496198308
891,497,496,960,491,122,950,944,949,947,0.631509695023509,0.882532496198308
891,497,496,960,491,122,950,944,949,56,0.61556869968803,0.852501984843343
891,497,496,960,491,122,950,944,949,947,0.631509695023509,0.882532496198308
891,497,510,960,491,122,950,944,949,947,0.610716058755174,0.882532496198308
891,497,496,960,491,122,950,944,949,947,0.631509695023509,0.882532496198308
891,497,496,960,491,122,950,944,949,947,0.631509695023509,0.882532496198308
891,497,496,960,491,946,871,944,949,947,0.621376571160023,0.882532496198308
891,497,496,960,102,122,950,944,949,608,0.623169439474087,0.819091224540404
891,780,496,960,491,122,950,944,949,132,0.630580496825875,0.882532496198308
891,497,496,713,491,122,950,944,949,947,0.634874852116011,0.866874385708306
891,497,496,960,491,122,950,944,949,947,0.631509695023509,0.882532496198308
891,497,86,960,491,122,950,944,949,947,0.616082361390166,0.882532496198308
891,497,496,960,491,122,950,444,949,947,0.633893093457812,0.882532496198308
891,497,496,960,491,122,950,589,949,947,0.629911310870867,0.849121735895369
891,497,496,960,491,122,950,802,949,947,0.629750001858177,0.866874385708306
891,54,496,960,491,122,950,944,949,947,0.623269755243186,0.882532496198308
846,497,496,964,491,122,950,944,949,947,0.624448717762592,0.866874385708306
319,497,496,960,491,122,950,944,999,947,0.623196664482492,0.852501984843343
891,497,496,960,491,122,950,944,949,947,0.631509695023509,0.882532496198308
891,497,225,960,491,122,950,944,949,947,0.600793682542213,0.860041086776248
821,497,496,960,491,122,950,944,949,402,0.613593441260466,0.866874385708306
891,497,496,960,491,122,975,944,335,947,0.627446940229481,0.828425787876503
891,497,496,960,491,122,950,944,949,947,0.631509695023509,0.882532496198308
891,274,496,960,121,122,302,944,949,947,0.617086575603889,0.789034749698663
891,277,496,960,491,349,950,877,949,947,0.621579796195404,0.866874385708306
891,497,496,960,491,122,950,944,949,947,0.631509695023509,0.882532496198308
891,497,496,960,491,122,950,944,949,947,0.631509695023509,0.882532496198308
891,497,124,960,491,122,950,944,949,947,0.612608816920303,0.898190606688309
891,497,496,960,491,122,950,944,949,947,0.631509695023509,0.882532496198308
891,497,496,960,491,122,396,944,744,947,0.629972856850746,0.882532496198308
891,497,496,960,491,122,950,944,949,947,0.631509695023509,0.882532496198308
608,497,496,960,491,122,124,242,900,947,0.62896653925335,0.836843874353342
891,497,496,960,491,122,950,944,949,947,0.631509695023509,0.882532496198308
891,497,496,960,491,122,950,944,949,947,0.631509695023509,0.882532496198308
891,326,606,960,491,67,950,944,949,947,0.593295391821077,0.868160095333345
891,497,496,960,491,122,950,944,949,947,0.631509695023509,0.882532496198308
891,497,496,960,491,122,950,944,949,947,0.631509695023509,0.882532496198308
891,497,496,777,491,122,950,944,949,947,0.622788231147915,0.882532496198308
381,497,496,960,491,122,950,944,949,947,0.63403966618093,0.882532496198308
891,497,496,960,491,122,950,944,949,947,0.631509695023509,0.882532496198308
891,497,496,960,491,122,950,944,949,480,0.628346409658592,0.842551543906297
891,497,496,960,491,122,665,424,823,947,0.632461114278239,0.821185763863341
891,497,496,960,491,122,950,944,949,947,0.631509695023509,0.882532496198308
891,497,496,960,491,122,451,944,949,947,0.639189686155523,0.882532496198308
891,174,496,960,491,122,950,944,949,947,0.626104445905884,0.882532496198308
891,497,496,960,491,122,950,944,949,947,0.631509695023509,0.882532496198308
891,497,496,960,491,122,950,944,949,947,0.631509695023509,0.882532496198308
891,497,496,960,491,122,950,944,949,947,0.631509695023509,0.882532496198308
891,497,496,960,412,122,950,944,949,947,0.634666768206661,0.882532496198308
601,497,496,960,491,122,950,944,949,947,0.634104691554789,0.882532496198308
891,497,496,638,491,122,950,944,949,947,0.626620968804233,0.852501984843343
891,497,496,960,491,122,950,944,949,947,0.631509695023509,0.882532496198308
891,497,496,960,491,122,950,944,949,947,0.631509695023509,0.882532496198308
891,497,496,965,491,122,950,152,949,947,0.651523805667846,0.882532496198308
891,497,496,960,491,122,950,944,949,947,0.631509695023509,0.882532496198308
891,497,496,960,491,122,950,63,949,947,0.622659263264308,0.882532496198308
891,497,455,960,491,122,950,944,949,947,0.625894462793561,0.898190606688309
891,497,496,960,491,122,950,944,949,947,0.631509695023509,0.882532496198308
891,497,496,960,491,122,950,944,949,947,0.631509695023509,0.882532496198308
891,497,496,960,491,122,950,450,949,947,0.642229823917141,0.882532496198308
891,497,496,960,491,122,498,944,949,947,0.628340591110341,0.882532496198308
891,798,496,952,491,122,950,944,949,234,0.609582658823871,0.866874385708306
891,497,496,960,491,122,950,944,949,574,0.621885295840146,0.882532496198308
891,497,496,960,491,671,950,944,949,947,0.618251674674167,0.882532496198308
290,497,496,960,491,122,120,944,949,920,0.634723432042284,0.826696297831076
891,497,496,960,491,122,950,944,949,947,0.631509695023509,0.882532496198308
891,497,496,960,936,73,950,944,949,947,0.631969832258495,0.847731583580048
891,497,496,960,491,122,950,944,949,947,0.631509695023509,0.882532496198308
891,497,496,960,491,122,950,591,949,947,0.650275158471983,0.866874385708306
891,497,496,960,491,296,950,944,949,947,0.619635759673493,0.882532496198308
891,497,496,960,491,122,950,944,519,947,0.61972279433285,0.882532496198308
