941,469,598,429,698,185,213,379,771,44,0.585035298321142,0.766679478237874
942,941,290,30,871,682,772,930,960,825,0.610500583599575,0.743304949911241
943,942,941,375,659,811,221,18,701,117,0.588540504663265,0.708306427180616
944,943,955,941,804,245,756,295,628,127,0.597906518988444,0.849236684899749
945,944,942,356,534,743,941,967,508,332,0.60662088817985,0.840977856451259
946,945,527,942,941,656,684,425,70,51,0.556933748672222,0.729658008727031
947,946,943,118,942,941,912,381,917,928,0.579172122431196,0.797882280705592
948,947,944,943,33,942,54,941,595,384,0.581401923038591,0.790948194753096
58,948,945,944,943,203,526,942,941,709,0.577786484405722,0.793570544629866
949,211,946,945,387,943,942,747,490,792,0.575998991203526,0.821254276336095
950,949,947,946,944,40,943,444,32,941,0.595671266711445,0.900088283742955
494,949,947,946,178,652,943,921,942,941,0.60011418986588,0.882444935749021
950,949,947,946,944,264,573,943,942,941,0.590398154075872,0.869502382770453
950,949,947,946,944,609,943,830,711,941,0.588535789486302,0.900088283742955
950,949,947,946,482,203,943,944,758,941,0.611801775251032,0.859443141590237
950,949,947,946,944,34,943,945,208,4,0.602680796779023,0.819041415428354
999,950,948,604,945,944,882,946,943,941,0.567130441617731,0.847158239761154
950,949,960,947,946,945,944,593,826,942,0.589415080377506,0.900088283742955
950,949,252,947,946,945,703,111,944,942,0.598082719591591,0.882444935749021
950,949,780,947,946,945,944,826,936,942,0.613677110794398,0.86445661340571
950,949,854,947,946,945,944,422,823,655,0.589617871628398,0.864801587755087
950,949,640,947,393,945,944,1000,519,942,0.587342806641784,0.864801587755087
950,949,117,948,995,946,945,947,944,942,0.595405334774667,0.864801587755087
950,949,175,459,946,947,929,948,945,943,0.612158078710219,0.831593336905815
494,949,726,247,947,246,946,725,593,944,0.590249708831346,0.813390135488798
950,949,459,470,948,678,947,794,946,945,0.588793919274435,0.813537692190577
950,944,949,120,736,948,717,371,947,946,0.578733681504415,0.804248727430098
945,943,950,949,484,159,948,474,380,947,0.582093775797121,0.741787443476688
944,949,947,950,714,935,50,258,948,722,0.600304441020276,0.772292205401882
950,949,960,947,101,199,602,815,134,948,0.601774359498869,0.796912851019252
491,433,815,946,949,378,999,905,184,349,0.586840499967878,0.869502382770453
491,628,942,946,950,949,872,322,988,664,0.547237901855559,0.828902108257789
492,491,947,948,946,950,949,261,284,3,0.594124699387752,0.79343759040597
493,492,491,947,944,945,950,61,949,897,0.599395925292061,0.882444935749021
493,492,293,947,944,945,950,949,918,235,0.561714420989121,0.864801587755087
493,492,491,941,949,945,943,950,272,953,0.584221421942326,0.900088283742955
493,492,491,941,949,945,943,950,153,985,0.579820597786575,0.866880032893683
493,492,491,941,949,945,943,944,947,21,0.566183697134942,0.850892641130175
495,493,491,947,944,946,31,950,949,611,0.592569395050549,0.900088283742955
495,493,491,947,944,946,505,950,949,224,0.598584072104482,0.882444935749021
495,493,491,947,944,946,670,950,949,125,0.594476013352423,0.882444935749021
495,493,491,947,944,946,769,950,949,6,0.586850160054742,0.882444935749021
495,493,491,947,944,946,163,950,713,949,0.622885625807919,0.882444935749021
640,493,491,947,944,946,163,307,949,738,0.604382422449332,0.900088283742955
495,493,491,947,944,946,163,950,949,942,0.620307067276589,0.900088283742955
495,493,863,947,944,946,163,950,949,57,0.624582741427815,0.859443141590237
495,493,806,947,944,946,163,950,949,264,0.599968464628369,0.851859034776519
495,493,400,947,944,946,163,950,949,395,0.612085992888474,0.843431242048808
495,493,491,415,944,946,163,935,949,422,0.617056373444453,0.820542921350846
495,493,491,947,944,946,163,950,949,145,0.622885625807919,0.882444935749021
495,493,491,947,944,946,163,950,524,949,0.625571245438855,0.900088283742955
495,493,491,947,944,946,163,360,949,119,0.621068621788252,0.900088283742955
495,493,491,947,944,946,163,950,949,532,0.620828657309207,0.882444935749021
495,493,491,947,944,946,163,950,949,372,0.611363743003142,0.869502382770453
495,493,491,947,944,946,163,999,949,783,0.610803456076544,0.86445661340571
495,493,434,947,944,946,163,950,949,32,0.61315491844953,0.900088283742955
509,418,491,947,944,946,163,950,949,971,0.626397724409647,0.849236684899749
495,975,491,947,944,946,163,950,949,549,0.639017513186151,0.829030386143338
495,493,491,947,944,946,163,950,949,260,0.624259516210198,0.900088283742955
495,493,491,947,944,946,163,950,949,253,0.605596901280106,0.847817064256012
115,493,491,947,944,946,163,950,949,620,0.616044173847915,0.882444935749021
495,493,491,947,944,946,163,950,949,116,0.621697783732942,0.900088283742955
495,493,491,947,944,946,163,950,949,340,0.616965380550561,0.900088283742955
495,493,491,947,944,946,163,357,949,851,0.619216349283463,0.900088283742955
357,493,491,947,944,946,163,950,949,701,0.612234720884461,0.866467736172379
495,338,491,554,762,946,163,950,949,302,0.609860857310136,0.777949276589545
495,22,491,947,944,946,163,976,949,94,0.656029150344527,0.843210571726995
495,493,491,947,944,946,163,950,949,346,0.62725687192042,0.85653467300333
495,493,491,947,944,946,163,950,949,93,0.637146073467018,0.862344833964415
176,493,491,947,944,946,163,950,949,505,0.596759577927957,0.900088283742955
495,493,491,947,944,946,163,950,949,538,0.626360586346603,0.900088283742955
495,64,491,947,944,946,163,950,949,597,0.610905573649819,0.869502382770453
495,493,491,947,944,946,163,950,949,672,0.614839086451114,0.845539869600702
495,493,491,947,944,946,163,950,949,453,0.620682056500846,0.882444935749021
495,493,491,947,944,874,163,950,949,579,0.626447931445694,0.848676831476666
495,493,491,947,944,946,163,950,949,364,0.615051675861651,0.900088283742955
495,350,491,947,944,946,163,950,917,949,0.62440624001247,0.813102209211553
495,493,491,947,944,946,163,950,949,613,0.615413972212519,0.900088283742955
495,760,491,947,944,946,163,950,949,447,0.622700863484649,0.8663201794706
495,620,491,886,944,946,163,382,949,41,0.624855388547816,0.806513097608435
495,493,491,947,944,946,163,950,949,610,0.625264388679241,0.882444935749021
814,493,491,947,944,946,163,363,524,949,0.612044584667029,0.900088283742955
971,493,491,947,944,309,163,950,949,380,0.609365796793249,0.869502382770453
495,493,491,947,944,797,163,950,949,226,0.602071203011349,0.882444935749021
495,493,491,947,944,946,163,950,949,860,0.603927223077046,0.844190810803404
495,573,491,947,944,438,163,950,949,248,0.643948434799614,0.848676831476666
495,493,491,947,944,946,163,950,949,897,0.641413523039551,0.882444935749021
495,493,491,947,944,946,163,950,949,872,0.605446761957092,0.900088283742955
495,493,491,947,944,946,163,744,949,357,0.622431620846305,0.900088283742955
495,493,491,947,944,946,163,839,949,366,0.605990579581851,0.851859034776519
495,493,491,947,944,989,163,950,949,904,0.619383361404363,0.848676831476666
495,493,491,947,869,946,163,950,949,4,0.628221175774587,0.866880032893683
495,493,491,947,944,946,163,950,949,985,0.631684772450297,0.900088283742955
495,493,491,947,944,946,163,950,949,478,0.625788612255069,0.859926691922003
495,493,491,947,944,946,163,950,949,89,0.618102003972084,0.882444935749021
495,493,491,947,944,946,163,950,949,858,0.619662731204629,0.900088283742955
495,493,491,947,944,946,163,950,949,583,0.622939479388712,0.866880032893683
495,493,491,947,944,946,163,950,949,97,0.606701261368575,0.869502382770453
495,493,540,947,944,946,163,950,949,697,0.617640885489675,0.86445661340571
495,493,491,803,944,946,163,498,949,859,0.605687801916904,0.825787894054874
495,493,491,947,944,946,163,950,949,420,0.617851949602325,0.882444935749021
495,493,491,947,944,946,163,950,949,121,0.617406702064688,0.882444935749021
495,493,491,947,944,946,163,950,949,336,0.616408992655828,0.900088283742955
495,493,491,947,944,946,163,950,949,505,0.616786132115329,0.900088283742955
495,493,259,947,944,946,163,950,949,363,0.609866251393266,0.900088283742955
750,493,491,947,944,946,163,950,949,152,0.629629735459669,0.900088283742955
495,493,491,947,944,946,163,942,949,500,0.619045015195199,0.882444935749021
495,493,491,947,944,946,163,950,949,19,0.616411555804292,0.900088283742955
495,493,491,947,944,946,163,950,949,463,0.624844199340879,0.843431242048808
495,493,373,947,365,946,734,950,949,838,0.580738688459987,0.834694686067282
495,493,491,947,944,946,163,950,949,300,0.614531896152824,0.869502382770453
495,493,491,947,944,946,163,950,949,951,0.615400269520621,0.900088283742955
196,493,491,947,675,946,163,950,949,176,0.604522631264405,0.882444935749021
495,493,491,947,944,946,921,950,712,949,0.607790843268269,0.900088283742955
495,493,491,56,944,946,412,950,949,467,0.576033694118606,0.851859034776519
495,493,491,947,944,946,163,950,949,858,0.619662731204629,0.900088283742955
495,266,491,947,944,946,163,950,949,613,0.604427987134763,0.900088283742955
495,493,491,947,944,946,163,950,949,561,0.604738468699159,0.882444935749021
495,493,491,947,944,946,163,950,949,21,0.623826397076555,0.850892641130175
495,372,491,947,944,946,163,950,949,863,0.627767948419275,0.869502382770453
495,493,491,947,944,946,163,950,949,69,0.619587168711734,0.900088283742955
495,493,464,947,944,946,163,950,949,84,0.630294486450315,0.882444935749021
495,493,491,947,944,293,163,950,949,68,0.627919423289917,0.900088283742955
495,493,491,947,869,946,163,950,949,62,0.62127469134095,0.866880032893683
495,493,491,947,944,946,163,950,949,614,0.618449666878945,0.866467736172379
495,707,491,947,944,946,163,950,949,909,0.621695115267827,0.842378322751424
495,493,491,947,944,946,163,950,242,949,0.617803198791094,0.882444935749021
495,493,491,947,944,946,163,950,949,215,0.620229278985073,0.882444935749021
495,493,491,947,944,946,163,950,949,625,0.621725010640369,0.86445661340571
495,493,491,947,944,946,163,950,949,251,0.625788612255069,0.854809997258319
495,738,491,947,944,946,163,950,949,830,0.612186828235556,0.900088283742955
495,493,193,947,944,946,163,950,949,248,0.629683419959168,0.882444935749021
495,295,491,947,944,946,163,950,949,239,0.636422867641459,0.900088283742955
495,493,491,947,944,441,163,950,949,751,0.639118623266265,0.8663201794706
495,493,491,947,315,946,802,950,949,621,0.587543242846075,0.848676831476666
495,493,491,947,944,946,163,950,949,474,0.616220853823409,0.846673734137272
266,493,491,947,944,946,163,950,949,48,0.600479805169676,0.882444935749021
495,475,901,154,944,946,163,950,949,313,0.64712670372719,0.821892075424032
495,493,491,340,944,946,163,950,639,949,0.612366441747476,0.900088283742955
495,493,491,947,944,946,163,950,949,719,0.622724727204397,0.900088283742955
495,493,491,947,944,946,163,950,949,990,0.609441734332668,0.900088283742955
495,493,25,947,966,330,163,950,949,546,0.632017344379724,0.882444935749021
495,493,491,947,944,946,163,950,949,31,0.611990437882157,0.900088283742955
495,493,908,947,944,662,163,950,693,949,0.610716795105725,0.851859034776519
495,493,491,947,944,946,163,950,949,511,0.617553292864262,0.882444935749021
495,493,491,947,944,946,163,950,949,924,0.618328754866035,0.900088283742955
42,493,693,947,944,946,163,950,999,949,0.593079181677181,0.882444935749021
495,493,491,947,944,946,163,950,949,904,0.620802228501208,0.8663201794706
495,493,491,947,944,946,163,950,949,914,0.623178980412757,0.859926691922003
495,493,223,947,944,946,449,950,949,396,0.597422333282072,0.882444935749021
495,647,491,947,944,946,163,950,949,456,0.607367262737589,0.900088283742955
495,493,835,947,944,778,163,950,822,949,0.614684796793672,0.811042063800027
495,493,491,947,944,946,163,950,949,897,0.641413523039551,0.882444935749021
495,493,491,947,944,946,163,43,949,897,0.639621024956881,0.864801587755087
495,493,491,947,944,946,871,950,729,897,0.628077433732832,0.882444935749021
495,493,491,947,944,946,163,950,949,897,0.641413523039551,0.882444935749021
495,65,491,947,944,946,163,950,949,897,0.643256307343045,0.882444935749021
495,493,491,301,944,946,163,950,949,897,0.630055361290521,0.838891325009396
495,493,491,947,749,946,163,950,949,897,0.647497938580023,0.82654746280947
495,493,491,947,542,946,163,950,949,897,0.655289114689323,0.882444935749021
495,493,491,947,808,946,163,950,949,897,0.652574358786596,0.882444935749021
495,493,491,947,944,666,163,950,653,897,0.625395702924268,0.851859034776519
495,493,491,947,944,946,163,950,39,897,0.637364860381438,0.882444935749021
495,493,491,947,944,862,163,950,949,897,0.635417139549851,0.882444935749021
495,493,491,947,50,946,163,950,949,897,0.647045451289208,0.864801587755087
495,493,491,947,944,946,163,950,949,897,0.641413523039551,0.882444935749021
495,493,271,947,944,946,163,950,949,897,0.642021068743278,0.882444935749021
495,493,491,947,944,946,163,950,949,897,0.641413523039551,0.882444935749021
495,493,491,947,944,946,163,950,949,897,0.641413523039551,0.882444935749021
869,493,491,947,944,946,163,950,949,897,0.637056814878884,0.849236684899749
495,493,491,947,944,946,163,950,949,897,0.641413523039551,0.882444935749021
495,493,491,947,944,946,163,950,949,897,0.641413523039551,0.882444935749021
495,493,491,947,944,946,163,950,949,897,0.641413523039551,0.882444935749021
495,493,491,947,944,946,163,950,647,897,0.631216310210858,0.882444935749021
495,493,491,947,944,465,301,950,949,897,0.637622730458689,0.838891325009396
495,493,491,947,944,946,163,950,949,897,0.641413523039551,0.882444935749021
393,493,491,947,944,337,163,950,949,897,0.622159241895944,0.864801587755087
495,493,491,947,944,946,163,950,949,897,0.641413523039551,0.882444935749021
495,493,491,947,944,946,163,950,949,897,0.641413523039551,0.882444935749021
495,493,491,947,944,946,163,950,949,897,0.641413523039551,0.882444935749021
495,493,491,947,944,946,163,950,949,897,0.641413523039551,0.882444935749021
495,493,491,947,944,946,163,950,949,897,0.641413523039551,0.882444935749021
495,493,491,947,944,946,163,950,949,897,0.641413523039551,0.882444935749021
495,493,491,947,944,946,920,950,949,897,0.62618494237087,0.882444935749021
495,493,491,947,944,946,163,950,949,897,0.641413523039551,0.882444935749021
495,493,491,947,944,946,163,499,949,897,0.653205444792201,0.848824388178445
495,493,491,947,378,946,163,950,949,897,0.642062203291118,0.851859034776519
495,675,491,947,944,946,163,950,949,897,0.649440151980656,0.864801587755087
495,493,491,947,944,946,163,950,949,897,0.641413523039551,0.882444935749021
495,493,491,947,944,946,163,950,949,897,0.641413523039551,0.882444935749021
495,493,491,947,944,946,163,950,949,237,0.619067873947151,0.882444935749021
495,493,491,947,944,603,163,950,348,472,0.623256149293089,0.837166649264385
495,328,491,947,666,946,163,950,949,897,0.636355895184219,0.851859034776519
495,493,491,947,944,946,163,950,949,897,0.641413523039551,0.882444935749021
495,493,491,947,944,946,163,950,949,897,0.641413523039551,0.882444935749021
445,493,491,947,944,946,163,950,949,897,0.633102023268305,0.882444935749021
495,493,13,947,944,946,699,950,949,897,0.626612422835687,0.842283343928069
495,309,404,947,944,946,163,950,141,897,0.62686582399272,0.833249293136241
495,493,491,947,174,946,163,950,949,897,0.641642259961212,0.882444935749021
495,493,491,947,944,946,163,950,949,897,0.641413523039551,0.882444935749021
495,493,491,947,944,946,163,950,949,897,0.641413523039551,0.882444935749021
495,493,491,947,944,302,163,950,949,897,0.644701425713065,0.834606318283692
495,493,491,947,944,946,163,950,949,897,0.641413523039551,0.882444935749021
495,493,491,459,944,946,163,950,949,897,0.635507807936783,0.864801587755087
495,493,491,947,944,946,163,950,949,897,0.641413523039551,0.882444935749021
982,182,491,958,944,946,163,950,949,897,0.630734916633989,0.846813265411776
495,493,491,947,944,946,163,950,949,897,0.641413523039551,0.882444935749021
495,493,491,947,944,946,163,950,949,897,0.641413523039551,0.882444935749021
495,493,999,947,944,946,163,950,949,897,0.643033414422291,0.882444935749021
30,493,491,795,944,946,163,950,949,897,0.623510350352093,0.849236684899749
495,493,491,947,944,946,163,950,949,897,0.641413523039551,0.882444935749021
90,493,491,947,944,485,163,85,949,897,0.61571861130949,0.847158239761154
420,764,491,536,944,946,163,873,949,897,0.615858414205344,0.821247977015462
495,493,491,947,944,470,163,950,949,897,0.640847638635438,0.882444935749021
732,493,491,947,944,186,165,950,949,897,0.622555522788872,0.882444935749021
495,493,491,876,410,946,163,950,949,943,0.614699619567894,0.882444935749021
495,493,491,947,944,946,163,950,949,897,0.641413523039551,0.882444935749021
495,493,491,947,944,946,163,950,949,897,0.641413523039551,0.882444935749021
495,493,491,947,944,946,163,950,949,897,0.641413523039551,0.882444935749021
495,493,491,947,944,946,163,950,949,897,0.641413523039551,0.882444935749021
739,493,491,947,944,459,163,950,949,897,0.63157052374842,0.864801587755087
495,493,491,947,34,946,163,950,662,897,0.637205395084475,0.80402041731119
495,493,491,947,944,967,163,950,949,897,0.65158038698503,0.882444935749021
495,493,491,947,944,946,163,950,949,897,0.641413523039551,0.882444935749021
127,493,491,947,944,946,163,950,949,897,0.62609991371288,0.882444935749021
495,493,491,947,944,946,163,950,949,897,0.641413523039551,0.882444935749021
495,493,157,71,944,946,163,950,949,897,0.624632406244646,0.851859034776519
495,493,491,947,994,946,163,950,949,897,0.643880831230657,0.864801587755087
495,493,491,947,797,946,163,950,949,897,0.62849193948968,0.864801587755087
495,493,491,947,944,946,163,950,949,897,0.641413523039551,0.882444935749021
504,493,491,947,944,946,452,950,949,897,0.620884766620846,0.833489288451058
495,493,491,947,944,946,835,950,949,897,0.618411818430697,0.882444935749021
495,493,414,947,944,946,531,157,949,897,0.622252588951918,0.834215686782585
495,493,491,947,944,946,163,950,949,897,0.641413523039551,0.882444935749021
495,493,491,947,765,946,163,950,949,897,0.641822207268121,0.882444935749021
495,493,491,947,944,946,163,950,949,897,0.641413523039551,0.882444935749021
495,493,408,806,944,896,163,950,949,897,0.625869032842259,0.847158239761154
495,114,491,947,944,946,163,342,949,897,0.654668087710016,0.864801587755087
495,493,491,947,514,946,163,950,949,897,0.644296465276469,0.882444935749021
495,493,491,947,944,946,163,950,949,897,0.641413523039551,0.882444935749021
495,493,491,947,944,946,163,950,949,897,0.641413523039551,0.882444935749021
495,534,491,947,944,946,163,950,949,897,0.64160457769299,0.882444935749021
495,493,491,947,944,946,163,950,949,897,0.641413523039551,0.882444935749021
495,493,491,947,944,946,163,950,949,897,0.641413523039551,0.882444935749021
495,493,491,947,944,946,163,950,949,897,0.641413523039551,0.882444935749021
495,493,491,947,944,946,213,950,949,897,0.628159564577216,0.848676831476666
495,493,222,947,944,946,660,950,949,897,0.626375654987446,0.847158239761154
495,493,491,947,944,946,163,950,949,897,0.641413523039551,0.882444935749021
495,493,491,947,944,946,163,950,949,897,0.641413523039551,0.882444935749021
495,493,491,947,944,946,163,950,949,897,0.641413523039551,0.882444935749021
495,493,491,947,944,946,163,950,949,897,0.641413523039551,0.882444935749021
495,493,491,236,944,946,163,950,949,897,0.634277243340827,0.882444935749021
495,493,491,947,944,946,163,950,949,897,0.641413523039551,0.882444935749021
495,493,491,947,944,946,163,950,949,897,0.641413523039551,0.882444935749021
495,493,491,544,944,946,163,950,363,897,0.618118423777587,0.864801587755087
495,493,491,947,944,593,163,950,949,897,0.648183128854803,0.882444935749021
495,493,491,190,944,946,163,950,949,897,0.634537716622695,0.882444935749021
792,493,491,947,944,946,163,950,949,897,0.619073168713797,0.882444935749021
495,493,491,947,944,946,163,950,949,897,0.641413523039551,0.882444935749021
495,493,491,947,944,946,163,950,949,897,0.641413523039551,0.882444935749021
495,493,491,947,944,946,545,950,949,584,0.589554724286924,0.882444935749021
495,493,491,947,944,946,163,950,949,897,0.641413523039551,0.882444935749021
495,493,779,947,944,946,163,950,949,897,0.638831923663453,0.882444935749021
495,493,491,947,944,946,163,866,949,761,0.609401900664687,0.900088283742955
495,493,491,947,944,240,163,950,949,897,0.640607250233816,0.848676831476666
495,493,491,947,944,946,163,584,702,897,0.634570088808751,0.834606318283692
495,493,491,487,380,946,230,950,949,897,0.594037003199081,0.834215686782585
495,493,491,947,944,946,163,950,949,897,0.641413523039551,0.882444935749021
495,493,916,47,944,946,163,950,949,897,0.628471101944081,0.882444935749021
495,493,491,947,944,946,163,950,949,897,0.641413523039551,0.882444935749021
495,493,641,947,944,946,163,950,949,897,0.653868559025246,0.882444935749021
495,493,491,947,944,946,163,950,949,897,0.641413523039551,0.882444935749021
495,493,491,226,944,952,163,950,949,897,0.62609762697112,0.864801587755087
495,493,491,947,944,946,975,950,949,897,0.641938374927781,0.829030386143338
495,493,491,947,944,946,163,950,949,897,0.641413523039551,0.882444935749021
495,914,491,947,944,946,163,950,949,272,0.632261205379301,0.859926691922003
495,493,491,947,944,380,163,950,949,897,0.637033108619854,0.851859034776519
495,493,491,947,944,761,130,950,949,787,0.598008924119188,0.86445661340571
253,538,491,947,944,946,163,950,778,897,0.616033865254759,0.794542045924833
495,493,491,533,944,946,908,950,949,260,0.60307397432853,0.900088283742955
495,493,491,947,944,946,163,950,949,897,0.641413523039551,0.882444935749021
495,493,491,947,944,946,163,950,949,897,0.641413523039551,0.882444935749021
495,493,491,947,944,946,163,950,949,897,0.641413523039551,0.882444935749021
495,493,491,947,944,946,363,950,949,897,0.620953283996892,0.882444935749021
318,493,491,947,944,946,163,950,897,464,0.644586619567603,0.882444935749021
495,493,491,851,944,946,163,950,949,897,0.630923948627883,0.882444935749021
495,493,491,947,944,946,163,950,31,897,0.626879137431654,0.882444935749021
31,493,491,947,944,946,163,950,949,897,0.62155392623156,0.882444935749021
495,203,491,947,944,661,163,434,949,897,0.634127603139763,0.841799793596303
495,493,491,947,944,946,476,950,949,897,0.62412522539697,0.882444935749021
495,493,491,91,944,946,163,950,949,897,0.640252761054578,0.825787894054874
495,493,491,17,944,946,163,950,698,897,0.619909431535817,0.864801587755087
495,493,491,907,944,946,163,950,949,897,0.639110485531525,0.882444935749021
495,493,491,947,944,946,163,862,949,897,0.63850832430697,0.882444935749021
495,493,491,765,944,946,163,381,121,897,0.615809636047354,0.864801587755087
495,493,57,947,944,946,163,950,949,897,0.6330960223244,0.841799793596303
495,493,491,947,944,946,163,950,949,897,0.641413523039551,0.882444935749021
495,493,491,947,944,946,163,950,949,897,0.641413523039551,0.882444935749021
495,493,491,947,944,946,163,950,949,897,0.641413523039551,0.882444935749021
495,867,491,984,944,946,163,950,949,897,0.628988137162324,0.851859034776519
495,493,491,947,944,946,163,950,949,897,0.641413523039551,0.882444935749021
495,493,491,947,944,946,163,950,949,376,0.619525349343044,0.869502382770453
495,493,491,947,944,946,163,950,949,897,0.641413523039551,0.882444935749021
495,493,491,947,944,946,163,950,949,897,0.641413523039551,0.882444935749021
495,493,491,106,944,946,163,950,949,897,0.619267284682595,0.851859034776519
495,75,491,947,944,549,163,950,494,897,0.628423682660962,0.847158239761154
495,493,491,947,709,946,163,950,949,897,0.647667878003214,0.851859034776519
495,493,491,142,944,946,163,950,949,897,0.620659831653167,0.864801587755087
495,493,491,947,944,946,163,950,949,897,0.641413523039551,0.882444935749021
495,493,491,947,944,946,163,950,949,89,0.618102003972084,0.882444935749021
495,493,491,947,944,946,163,340,949,897,0.634885589744783,0.882444935749021
495,493,491,947,944,946,57,950,949,897,0.61830056151517,0.841799793596303
789,859,491,947,944,396,163,950,949,897,0.637713961818627,0.792579643205602
495,493,491,947,944,946,163,950,949,897,0.641413523039551,0.882444935749021
495,493,491,947,944,946,163,950,949,897,0.641413523039551,0.882444935749021
495,493,491,947,944,946,163,950,949,897,0.641413523039551,0.882444935749021
495,493,491,947,944,946,163,950,949,897,0.641413523039551,0.882444935749021
495,493,491,947,944,520,163,950,949,897,0.633185146703821,0.882444935749021
495,493,491,889,944,946,163,950,949,897,0.632759450692415,0.836819179191434
495,493,491,947,944,946,640,950,949,897,0.626307752845626,0.882444935749021
96,493,491,947,944,946,163,950,949,897,0.62765150250362,0.882444935749021
151,493,491,947,944,946,163,950,949,897,0.644215845627158,0.848676831476666
495,493,491,947,944,946,163,950,949,897,0.641413523039551,0.882444935749021
495,493,491,947,944,946,163,950,949,897,0.641413523039551,0.882444935749021
495,493,491,947,944,946,163,950,949,897,0.641413523039551,0.882444935749021
495,493,491,947,944,46,163,950,949,897,0.639038732279158,0.882444935749021
495,493,491,908,944,439,163,950,949,897,0.646150617535373,0.882444935749021
495,493,491,947,944,946,163,950,949,897,0.641413523039551,0.882444935749021
495,493,491,947,944,946,163,950,949,897,0.641413523039551,0.882444935749021
495,493,491,947,575,946,163,950,949,897,0.64664256110311,0.882444935749021
495,493,491,243,944,946,163,950,949,897,0.646770240246963,0.882444935749021
495,162,491,947,944,946,163,950,949,897,0.638518133798296,0.844701485970481
495,493,474,947,944,946,163,950,949,897,0.636273293152076,0.829030386143338
495,901,491,947,204,946,163,950,310,897,0.646424802035185,0.778338464684406
495,493,491,947,944,946,163,950,949,897,0.641413523039551,0.882444935749021
495,493,491,947,944,946,163,950,949,897,0.641413523039551,0.882444935749021
495,493,334,947,944,730,163,950,949,897,0.64131620946704,0.847158239761154
495,493,491,947,944,946,163,950,949,897,0.641413523039551,0.882444935749021
495,493,491,947,944,946,247,299,949,897,0.623107332975382,0.848676831476666
495,898,491,947,944,946,21,950,949,897,0.637386810390435,0.833249293136241
495,579,491,268,944,946,163,950,949,897,0.63883155441602,0.848676831476666
495,493,491,947,944,946,163,950,949,897,0.641413523039551,0.882444935749021
495,493,491,947,944,946,163,950,949,897,0.641413523039551,0.882444935749021
495,493,491,947,944,946,163,950,949,897,0.641413523039551,0.882444935749021
495,493,491,328,944,946,163,900,949,897,0.626155692111078,0.882444935749021
495,825,491,947,944,946,163,950,949,897,0.642058317429938,0.864801587755087
495,493,491,947,944,946,163,950,949,919,0.640098480214403,0.900088283742955
495,493,491,57,944,946,163,950,949,897,0.624254693402426,0.841799793596303
495,424,491,276,870,946,163,22,949,897,0.626058676315313,0.801007435933312
495,493,491,947,944,946,163,950,949,897,0.641413523039551,0.882444935749021
495,493,491,947,944,946,163,950,949,897,0.641413523039551,0.882444935749021
495,493,491,947,944,946,6,950,949,897,0.61642008050053,0.882444935749021
495,493,491,947,944,888,163,950,949,897,0.63842509226295,0.836819179191434
495,493,491,947,944,946,163,950,949,897,0.641413523039551,0.882444935749021
495,493,491,903,944,946,163,950,949,897,0.632321994488275,0.864801587755087
495,493,491,947,944,946,163,62,949,897,0.642138688449858,0.882444935749021
495,493,491,947,944,946,163,950,949,897,0.641413523039551,0.882444935749021
495,493,491,947,944,946,163,950,949,897,0.641413523039551,0.882444935749021
263,493,143,947,944,946,163,950,949,897,0.634181808097683,0.799743588868828
495,493,491,947,61,946,163,950,949,897,0.641248365330173,0.882444935749021
495,493,491,947,944,946,163,950,949,897,0.641413523039551,0.882444935749021
495,493,491,947,944,946,163,950,926,845,0.613410715476736,0.882444935749021
495,493,491,947,944,946,477,950,949,897,0.605371985541459,0.882444935749021
495,493,491,947,944,946,163,950,949,897,0.641413523039551,0.882444935749021
495,493,491,947,944,946,163,950,949,897,0.641413523039551,0.882444935749021
495,493,491,947,944,946,163,950,949,897,0.641413523039551,0.882444935749021
731,493,491,947,519,946,163,950,949,897,0.63282240043556,0.864801587755087
779,493,491,947,944,946,957,950,949,897,0.61235889420608,0.825787894054874
495,493,491,947,944,946,163,950,949,897,0.641413523039551,0.882444935749021
540,493,491,947,944,946,163,950,949,897,0.627283343525274,0.882444935749021
495,493,491,947,944,946,163,950,949,897,0.641413523039551,0.882444935749021
495,493,491,947,944,946,200,950,949,897,0.637145206593809,0.849236684899749
650,493,491,947,44,946,163,950,949,897,0.64701258151812,0.864801587755087
495,493,491,947,944,946,163,950,949,897,0.641413523039551,0.882444935749021
495,493,491,947,944,946,163,950,949,897,0.641413523039551,0.882444935749021
495,493,491,865,944,946,163,950,949,897,0.631383951911289,0.864801587755087
495,493,491,947,944,946,163,950,674,897,0.618261031470561,0.864801587755087
495,493,491,947,944,946,163,950,949,995,0.615208920048062,0.882444935749021
495,493,16,183,944,946,163,341,949,897,0.63358197167091,0.882444935749021
495,493,491,947,944,946,163,950,949,897,0.641413523039551,0.882444935749021
495,493,469,947,944,946,163,950,949,897,0.643095274384349,0.882444935749021
897,493,491,947,944,946,163,950,101,719,0.623197413646746,0.882444935749021
495,493,491,947,944,946,163,950,949,897,0.641413523039551,0.882444935749021
495,493,491,947,944,946,163,592,949,259,0.621141327918839,0.900088283742955
495,493,491,947,944,758,163,950,498,897,0.629579520112221,0.882444935749021
495,157,491,947,135,946,163,950,949,897,0.640102110238869,0.851859034776519
495,493,491,947,944,946,163,819,949,897,0.631311153863734,0.882444935749021
495,493,491,947,944,946,163,950,949,897,0.641413523039551,0.882444935749021
495,493,491,411,944,946,600,786,949,897,0.601448048029132,0.846813265411776
506,493,491,853,944,74,163,950,949,897,0.615967728715935,0.824156445602369
495,493,491,663,944,946,163,950,949,897,0.623121779069774,0.882444935749021
495,493,491,947,944,946,163,950,901,925,0.619454063639289,0.839535423417966
124,493,491,947,944,946,163,950,949,897,0.634858686156317,0.882444935749021
495,493,491,947,944,946,163,950,949,897,0.641413523039551,0.882444935749021
495,493,491,947,944,946,163,950,949,897,0.641413523039551,0.882444935749021
147,493,491,947,944,946,163,950,949,897,0.631468915598792,0.851859034776519
495,493,491,947,944,946,163,950,949,897,0.641413523039551,0.882444935749021
495,493,491,947,944,946,163,950,949,897,0.641413523039551,0.882444935749021
495,493,491,947,944,130,163,950,949,897,0.639750924969087,0.882444935749021
495,493,491,947,944,946,163,950,949,897,0.641413523039551,0.882444935749021
495,493,491,947,944,946,163,950,949,897,0.641413523039551,0.882444935749021
495,493,491,947,944,946,163,950,720,897,0.640108840368311,0.882444935749021
495,493,491,947,148,946,116,950,949,897,0.626962580362456,0.882444935749021
495,493,491,947,944,946,163,950,949,897,0.641413523039551,0.882444935749021
495,493,491,947,944,946,163,950,949,897,0.641413523039551,0.882444935749021
495,493,762,669,944,946,163,950,949,897,0.617520942031421,0.792167346484297
495,493,491,947,944,946,163,950,949,897,0.641413523039551,0.882444935749021
71,493,4,947,944,296,163,950,949,897,0.637966632758607,0.882444935749021
495,493,491,947,944,946,604,415,949,897,0.618339130699,0.820887895700224
495,493,491,947,944,946,163,950,949,897,0.641413523039551,0.882444935749021
495,493,491,947,944,946,163,950,949,897,0.641413523039551,0.882444935749021
495,493,491,947,302,946,163,950,949,897,0.644791341302831,0.834606318283692
495,493,491,947,944,946,662,572,949,897,0.631010474079284,0.811258760263855
495,493,491,947,944,946,163,950,552,544,0.602587584547808,0.882444935749021
240,493,491,947,944,152,163,950,949,897,0.635225203862732,0.848676831476666
495,493,491,270,512,946,163,950,949,897,0.636923917084911,0.851859034776519
495,493,491,947,944,946,163,950,949,897,0.641413523039551,0.882444935749021
495,493,307,947,944,946,163,950,949,638,0.601940306821562,0.869502382770453
495,493,491,668,944,946,163,950,194,897,0.624484283223027,0.882444935749021
495,493,506,947,944,946,163,950,949,897,0.634869982675153,0.882444935749021
495,493,491,947,944,946,163,950,949,897,0.641413523039551,0.882444935749021
495,493,491,266,944,946,163,950,949,897,0.626868657629595,0.882444935749021
495,71,491,947,944,946,163,950,949,897,0.642645569900986,0.882444935749021
495,493,491,947,944,836,163,950,949,897,0.631568115769911,0.882444935749021
854,493,491,947,944,946,163,950,639,897,0.623716444363316,0.864801587755087
495,493,491,947,944,946,860,950,949,897,0.610629250401446,0.82654746280947
495,493,491,947,944,946,163,950,949,897,0.641413523039551,0.882444935749021
495,493,491,947,944,946,163,950,949,897,0.641413523039551,0.882444935749021
401,493,491,947,944,946,163,829,949,897,0.604094403322999,0.882444935749021
658,493,491,947,944,946,163,950,949,897,0.62951255483802,0.882444935749021
495,493,491,947,944,946,163,950,44,897,0.622561021289858,0.882444935749021
495,493,491,947,944,946,163,950,949,897,0.641413523039551,0.882444935749021
495,493,607,947,944,946,163,950,949,897,0.661123824592244,0.882444935749021
495,493,491,947,944,946,163,950,949,897,0.641413523039551,0.882444935749021
495,493,491,947,117,946,163,950,949,897,0.651788769791726,0.882444935749021
495,493,365,778,944,946,688,950,310,897,0.605924611262856,0.829169917417842
21,493,491,947,944,946,163,950,949,897,0.634048646954285,0.833249293136241
495,493,289,947,944,946,163,950,949,897,0.64181565071828,0.882444935749021
495,493,491,947,944,946,163,950,949,897,0.641413523039551,0.882444935749021
495,493,491,947,944,946,163,950,949,897,0.641413523039551,0.882444935749021
495,493,491,947,944,946,163,950,949,430,0.618223229665931,0.900088283742955
705,493,491,947,944,946,163,950,949,897,0.634696992979217,0.846813265411776
495,493,491,947,944,946,163,950,949,897,0.641413523039551,0.882444935749021
544,493,891,220,944,946,163,950,949,897,0.606710275530086,0.847158239761154
495,493,491,947,944,946,163,950,949,897,0.641413523039551,0.882444935749021
495,493,491,947,234,946,163,950,949,897,0.647105773578081,0.882444935749021
495,493,491,947,944,946,163,950,949,897,0.641413523039551,0.882444935749021
495,493,608,947,944,946,163,950,780,897,0.651074130726455,0.851859034776519
495,493,491,947,944,946,163,950,949,897,0.641413523039551,0.882444935749021
495,493,491,947,944,946,163,950,949,897,0.641413523039551,0.882444935749021
495,493,491,947,944,946,163,950,949,897,0.641413523039551,0.882444935749021
495,493,491,947,944,46,163,706,949,897,0.629258102828718,0.882444935749021
495,493,491,320,944,946,163,950,949,897,0.617997107359862,0.882444935749021
495,493,39,947,944,946,163,950,949,410,0.621364911035035,0.882444935749021
495,493,491,947,944,946,163,950,949,897,0.641413523039551,0.882444935749021
495,890,491,947,944,946,163,950,949,897,0.653851407216988,0.882444935749021
495,635,491,947,837,946,163,950,949,897,0.646872941356007,0.847158239761154
495,164,491,508,992,946,163,950,949,897,0.636580254468226,0.882444935749021
495,493,517,947,944,946,163,950,949,897,0.641806165782952,0.882444935749021
495,493,491,947,274,946,163,950,149,897,0.631249285760335,0.851859034776519
495,493,491,947,944,946,163,950,949,525,0.624696698183495,0.900088283742955
495,493,491,947,944,946,163,950,569,897,0.637830413997928,0.842283343928069
495,493,491,392,944,946,163,950,949,897,0.632475627131316,0.882444935749021
495,493,491,947,944,946,163,950,949,897,0.641413523039551,0.882444935749021
495,493,491,947,944,946,163,950,949,59,0.621927292278526,0.900088283742955
495,493,491,947,944,946,163,950,949,55,0.620156467534727,0.866467736172379
495,493,491,947,944,946,163,950,949,897,0.641413523039551,0.882444935749021
495,493,491,947,944,946,163,950,949,897,0.641413523039551,0.882444935749021
495,493,491,947,944,946,163,950,949,897,0.641413523039551,0.882444935749021
227,493,764,947,944,811,163,722,949,542,0.628906759979557,0.802610297214331
495,493,491,947,944,402,811,950,949,897,0.617433774321938,0.847158239761154
495,324,491,947,944,946,163,950,949,897,0.645460518656161,0.882444935749021
495,493,491,947,366,946,163,950,949,897,0.644086702395465,0.864801587755087
495,493,491,947,944,946,163,950,949,14,0.624629050919863,0.866880032893683
495,493,491,947,944,946,163,950,366,897,0.631379173192637,0.864801587755087
495,493,281,947,944,946,163,950,949,897,0.642068792794465,0.864801587755087
495,493,491,947,944,946,163,950,949,897,0.641413523039551,0.882444935749021
495,493,491,947,944,946,163,950,949,897,0.641413523039551,0.882444935749021
495,493,491,947,944,946,163,950,846,897,0.626464698767587,0.864801587755087
495,493,491,947,944,946,163,950,74,268,0.594798598241938,0.859443141590237
495,493,491,947,944,946,163,950,949,897,0.641413523039551,0.882444935749021
495,493,491,947,944,946,163,950,949,897,0.641413523039551,0.882444935749021
495,493,491,947,944,946,163,950,949,17,0.612875778759739,0.900088283742955
495,493,491,947,944,946,163,950,949,897,0.641413523039551,0.882444935749021
495,493,491,947,944,946,163,950,949,897,0.641413523039551,0.882444935749021
495,521,491,947,944,946,163,525,949,897,0.662464125782579,0.864801587755087
495,493,491,947,125,946,163,950,949,897,0.635689042668753,0.882444935749021
495,493,491,947,944,946,163,950,949,897,0.641413523039551,0.882444935749021
889,493,491,947,944,946,163,950,949,897,0.631536257504654,0.836819179191434
495,493,491,947,944,946,840,950,949,897,0.62422938998786,0.842283343928069
495,493,541,809,944,946,163,950,949,897,0.615622576197599,0.882444935749021
495,493,491,947,944,946,163,950,949,897,0.641413523039551,0.882444935749021
495,493,491,947,944,946,163,950,949,897,0.641413523039551,0.882444935749021
495,493,491,947,944,946,377,950,949,897,0.626769992863802,0.832715396261587
981,493,491,947,944,296,163,697,949,897,0.633115764572139,0.829169917417842
388,493,491,947,944,946,163,293,949,897,0.640989588953881,0.882444935749021
495,493,491,947,944,946,163,950,949,897,0.641413523039551,0.882444935749021
495,493,491,947,944,634,163,950,414,897,0.645775853099667,0.882444935749021
495,493,491,947,944,946,163,950,949,897,0.641413523039551,0.882444935749021
495,493,491,947,944,946,163,950,949,897,0.641413523039551,0.882444935749021
495,493,491,947,944,946,630,950,949,897,0.618433213319625,0.851859034776519
495,493,491,947,944,946,163,950,949,897,0.641413523039551,0.882444935749021
197,493,491,947,944,946,163,950,949,897,0.637573688339574,0.837166649264385
495,493,491,947,74,946,163,950,949,897,0.63316325493426,0.841799793596303
495,493,491,947,192,946,643,950,949,897,0.631872273061951,0.864801587755087
495,493,491,947,944,946,163,950,949,174,0.618421906479929,0.900088283742955
192,493,491,203,944,946,163,950,949,897,0.625629908197153,0.841799793596303
774,493,491,947,944,946,163,950,949,897,0.628354400971887,0.864801587755087
495,493,491,947,944,946,163,950,949,897,0.641413523039551,0.882444935749021
140,493,491,965,944,946,163,950,949,897,0.62712458888463,0.849236684899749
495,493,491,947,944,946,163,950,27,897,0.638932341538949,0.831798283072955
495,257,491,947,944,946,163,950,949,897,0.644320307550433,0.882444935749021
495,353,491,947,944,946,163,950,949,897,0.641815718142443,0.864801587755087
495,493,186,947,944,946,163,950,949,494,0.617819641835884,0.882444935749021
495,493,491,947,944,946,149,950,949,897,0.625728842123537,0.882444935749021
495,493,491,947,944,946,163,950,949,241,0.62449086496329,0.859443141590237
495,493,491,947,944,946,163,608,949,897,0.643460723798959,0.851859034776519
495,493,491,947,944,946,163,950,949,897,0.641413523039551,0.882444935749021
495,493,491,947,944,946,163,950,949,897,0.641413523039551,0.882444935749021
495,493,491,947,944,946,704,950,949,897,0.614918443686359,0.864801587755087
495,493,491,947,944,946,843,950,949,897,0.622634281222608,0.882444935749021
495,493,491,947,944,331,163,950,949,897,0.639861776115736,0.882444935749021
495,493,491,947,944,946,163,950,949,446,0.645525955641174,0.900088283742955
495,493,491,947,944,946,163,950,949,897,0.641413523039551,0.882444935749021
495,493,491,947,944,946,163,950,949,897,0.641413523039551,0.882444935749021
495,493,491,947,944,946,163,950,949,897,0.641413523039551,0.882444935749021
495,493,767,947,944,946,163,950,949,897,0.628479190796788,0.882444935749021
495,493,491,947,70,946,163,587,949,897,0.636950507352391,0.798179711273945
495,493,491,947,944,660,163,950,949,897,0.648257428944459,0.864801587755087
495,493,491,584,944,946,163,950,949,405,0.607303783113905,0.866467736172379
495,493,491,947,944,946,163,950,949,106,0.607639130479525,0.869502382770453
495,493,491,947,944,946,163,950,949,897,0.641413523039551,0.882444935749021
495,694,491,947,944,946,163,950,598,897,0.656801147524374,0.882444935749021
495,493,491,826,944,946,163,950,949,897,0.618748682891433,0.882444935749021
495,493,491,947,944,946,163,950,949,897,0.641413523039551,0.882444935749021
495,493,491,947,944,946,163,950,963,897,0.639926290969634,0.882444935749021
310,493,249,947,944,753,163,950,949,897,0.634686524733895,0.847158239761154
495,493,491,947,524,946,163,950,468,897,0.645312594156536,0.882444935749021
967,493,491,947,944,724,163,950,949,897,0.648394416962701,0.864801587755087
495,493,491,947,944,946,64,950,949,897,0.625852361233044,0.882444935749021
495,493,491,947,944,946,163,950,949,897,0.641413523039551,0.882444935749021
495,493,491,947,639,946,163,950,949,897,0.647584380677076,0.882444935749021
495,493,491,947,944,946,163,928,397,897,0.626126234422562,0.794688270757495
495,493,491,947,944,946,163,950,949,897,0.641413523039551,0.882444935749021
495,493,491,947,944,946,163,950,949,897,0.641413523039551,0.882444935749021
994,493,491,947,944,946,163,950,949,897,0.625951690931335,0.864801587755087
495,493,471,947,944,639,163,950,949,897,0.640383573336362,0.882444935749021
495,891,491,947,944,425,163,857,949,897,0.655784018772004,0.849236684899749
495,493,491,947,944,946,163,950,344,897,0.632606469167987,0.882444935749021
495,493,491,947,290,946,163,950,949,155,0.616413844934574,0.82654746280947
495,493,491,947,944,946,163,950,949,897,0.641413523039551,0.882444935749021
495,493,491,947,944,946,163,950,949,897,0.641413523039551,0.882444935749021
495,493,491,947,51,946,163,950,949,2,0.639975504420633,0.864801587755087
495,493,491,947,857,424,163,950,949,897,0.656400489831029,0.864801587755087
495,493,491,947,944,946,163,950,949,897,0.641413523039551,0.882444935749021
495,493,491,947,944,946,163,950,949,897,0.641413523039551,0.882444935749021
495,493,491,947,944,946,163,918,949,897,0.640903556967669,0.864801587755087
495,493,259,947,944,946,163,950,949,897,0.638648818327653,0.882444935749021
495,493,491,947,944,946,163,950,949,897,0.641413523039551,0.882444935749021
152,493,491,58,944,946,163,950,949,897,0.621486593625676,0.882444935749021
495,493,491,947,944,946,163,950,949,897,0.641413523039551,0.882444935749021
495,687,491,947,944,946,163,950,949,897,0.637931882826653,0.882444935749021
495,766,491,947,944,946,163,950,997,897,0.643340391960777,0.864801587755087
495,36,491,947,749,946,163,561,949,897,0.648041954254179,0.808904114815536
495,493,491,947,944,241,163,950,949,551,0.616212188335686,0.841799793596303
495,493,491,947,944,946,163,950,949,897,0.641413523039551,0.882444935749021
495,738,672,947,944,946,163,950,949,897,0.628490010111185,0.827896521606768
495,493,491,947,944,946,163,950,949,897,0.641413523039551,0.882444935749021
495,493,491,947,944,946,163,950,949,897,0.641413523039551,0.882444935749021
495,493,491,353,2,649,163,950,342,897,0.661797523887067,0.847158239761154
495,493,491,947,944,946,163,567,949,897,0.640795674017198,0.882444935749021
495,493,491,947,944,946,163,950,949,897,0.641413523039551,0.882444935749021
495,493,491,947,944,946,163,950,949,897,0.641413523039551,0.882444935749021
495,493,491,947,959,946,163,950,949,897,0.653158308231136,0.882444935749021
495,657,491,947,944,946,163,950,949,783,0.617899240431036,0.82546967541527
495,493,491,798,944,946,163,950,949,897,0.623548049209149,0.882444935749021
495,493,491,947,944,946,163,376,949,897,0.644086894199809,0.851859034776519
495,833,491,947,944,32,163,950,144,897,0.641772050608735,0.864801587755087
495,493,491,947,944,946,163,950,949,897,0.641413523039551,0.882444935749021
495,493,491,947,944,946,163,950,949,897,0.641413523039551,0.882444935749021
495,493,491,947,944,946,163,950,949,897,0.641413523039551,0.882444935749021
495,493,491,947,944,946,163,950,949,897,0.641413523039551,0.882444935749021
495,493,491,947,944,976,163,950,949,897,0.632277084764479,0.864801587755087
495,493,491,947,944,946,84,310,949,897,0.620470961358004,0.847158239761154
495,493,491,947,944,946,163,950,949,897,0.641413523039551,0.882444935749021
495,99,491,947,944,946,163,282,949,897,0.634705401186223,0.864801587755087
447,493,491,947,944,946,163,950,949,897,0.629919548561753,0.848676831476666
495,493,928,947,672,946,163,950,949,897,0.639628908414372,0.794688270757495
495,493,491,947,944,946,163,950,949,897,0.641413523039551,0.882444935749021
495,493,491,947,944,946,163,950,949,897,0.641413523039551,0.882444935749021
495,493,491,947,944,946,163,950,949,897,0.641413523039551,0.882444935749021
495,493,491,947,944,946,531,970,949,897,0.63527375261169,0.864801587755087
495,493,491,947,944,946,163,615,949,897,0.640162652102717,0.882444935749021
495,766,491,947,944,946,163,950,949,897,0.654783115166697,0.882444935749021
495,493,491,947,944,946,163,950,949,897,0.641413523039551,0.882444935749021
495,493,491,947,944,946,163,950,949,897,0.641413523039551,0.882444935749021
495,493,491,947,944,946,163,950,949,886,0.625788612255069,0.882444935749021
495,493,491,947,944,946,497,950,52,897,0.617791340902231,0.882444935749021
495,493,491,947,944,946,163,773,689,897,0.62930045223781,0.838411713654628
495,493,491,947,944,946,163,950,867,897,0.626432568204733,0.851859034776519
495,493,491,947,944,946,163,950,949,897,0.641413523039551,0.882444935749021
495,493,491,130,944,946,163,950,949,77,0.598216554820477,0.900088283742955
495,493,491,947,944,946,163,950,949,897,0.641413523039551,0.882444935749021
495,493,491,947,944,946,163,950,949,897,0.641413523039551,0.882444935749021
495,493,491,947,944,946,163,950,949,897,0.641413523039551,0.882444935749021
495,493,491,947,944,946,163,950,994,897,0.631173302027829,0.864801587755087
495,493,491,947,944,946,163,950,949,897,0.641413523039551,0.882444935749021
495,493,491,947,944,946,163,931,949,897,0.647151827068508,0.836416998259074
495,493,491,346,944,946,163,950,949,897,0.642116828052924,0.838891325009396
495,493,491,947,944,946,163,950,949,897,0.641413523039551,0.882444935749021
495,493,491,947,944,946,163,950,949,897,0.641413523039551,0.882444935749021
495,696,491,275,944,946,163,240,949,897,0.648406412257855,0.831033483482732
495,493,491,947,944,946,163,950,949,897,0.641413523039551,0.882444935749021
495,493,208,947,944,946,163,950,949,897,0.641536722374677,0.849236684899749
495,493,491,85,944,946,578,950,949,897,0.592955464466906,0.882444935749021
495,493,491,947,586,946,163,950,949,125,0.621740273747855,0.847817064256012
263,493,491,947,687,946,163,950,949,897,0.635407463358625,0.83032948984133
495,493,491,947,944,946,999,950,949,897,0.629049735222256,0.882444935749021
24,493,491,947,944,946,163,950,949,897,0.649588349695209,0.882444935749021
495,493,590,947,944,946,163,950,629,897,0.632012448953858,0.882444935749021
495,493,491,947,944,946,163,950,949,897,0.641413523039551,0.882444935749021
495,493,491,733,944,946,163,330,949,897,0.631262297370894,0.882444935749021
495,493,491,183,944,809,163,950,949,897,0.632561777251972,0.882444935749021
495,493,491,947,944,946,174,950,949,897,0.617287383780279,0.882444935749021
495,493,491,947,944,946,163,950,949,897,0.641413523039551,0.882444935749021
495,493,815,947,944,946,163,707,949,897,0.624974863891164,0.864801587755087
495,493,491,947,944,946,163,816,949,897,0.638133843531277,0.825787894054874
495,493,491,947,944,946,163,950,949,897,0.641413523039551,0.882444935749021
495,493,491,947,944,946,163,438,949,897,0.654203732069478,0.848676831476666
495,493,491,947,944,946,163,950,949,885,0.61458623817828,0.900088283742955
495,493,491,947,944,946,11,695,908,897,0.608570768574526,0.847158239761154
495,493,491,947,944,946,112,950,949,821,0.588861637998775,0.843431242048808
8,493,491,947,944,946,163,950,949,897,0.629489408929639,0.864801587755087
495,493,491,947,944,946,163,950,949,897,0.641413523039551,0.882444935749021
495,493,491,947,944,946,401,950,949,897,0.615574640392064,0.882444935749021
495,493,222,947,944,946,163,950,949,897,0.641543114598658,0.864801587755087
495,493,491,947,944,946,163,950,949,897,0.641413523039551,0.882444935749021
399,493,491,947,944,946,163,950,949,897,0.630013705395721,0.864801587755087
495,493,566,947,944,946,163,950,949,897,0.637244820268603,0.864801587755087
495,493,491,947,944,946,163,950,949,897,0.641413523039551,0.882444935749021
495,493,491,947,944,946,163,950,949,897,0.641413523039551,0.882444935749021
495,493,491,947,944,526,163,950,949,897,0.637927160679329,0.864801587755087
495,481,491,947,944,946,163,950,949,911,0.623666181754408,0.900088283742955
495,493,491,947,944,946,163,950,949,897,0.641413523039551,0.882444935749021
495,203,491,439,944,946,163,950,269,897,0.646863675698564,0.824156445602369
495,493,491,947,944,946,163,950,949,897,0.641413523039551,0.882444935749021
495,493,491,947,944,946,163,686,949,897,0.624304993609751,0.864801587755087
495,493,491,947,944,946,163,950,949,897,0.641413523039551,0.882444935749021
495,493,491,947,944,571,163,950,912,897,0.630232520320096,0.864801587755087
495,493,491,947,944,946,163,950,949,897,0.641413523039551,0.882444935749021
495,715,491,947,944,946,163,950,949,897,0.633022392064624,0.851859034776519
495,493,491,947,944,946,163,950,949,897,0.641413523039551,0.882444935749021
495,493,491,947,995,946,163,950,949,897,0.641516756550732,0.864801587755087
495,493,491,947,944,946,163,950,949,897,0.641413523039551,0.882444935749021
495,493,491,947,944,946,163,950,949,897,0.641413523039551,0.882444935749021
495,493,491,947,944,946,163,950,949,897,0.641413523039551,0.882444935749021
495,493,491,947,944,183,163,950,24,897,0.663858692616869,0.882444935749021
495,493,491,947,944,946,163,950,949,916,0.615511505795528,0.900088283742955
495,989,491,947,944,946,163,950,949,897,0.647090327641455,0.864801587755087
495,493,491,947,944,946,163,950,949,897,0.641413523039551,0.882444935749021
495,493,491,947,911,946,163,950,13,897,0.640747887864981,0.882444935749021
495,493,491,947,944,946,163,950,949,404,0.616891470832478,0.900088283742955
495,493,491,749,944,946,163,950,949,897,0.63213914605885,0.82654746280947
495,493,491,947,944,946,163,950,949,897,0.641413523039551,0.882444935749021
15,493,491,947,944,946,163,950,685,897,0.609702599088008,0.882444935749021
495,493,491,621,944,946,163,950,949,780,0.624850647013945,0.8663201794706
495,493,385,947,944,946,163,250,949,897,0.664936835138493,0.829030386143338
495,493,491,947,539,946,163,950,949,897,0.638403463462057,0.864801587755087
495,493,491,947,944,946,163,950,949,897,0.641413523039551,0.882444935749021
495,477,491,947,944,946,163,950,949,897,0.627954549583407,0.882444935749021
572,493,491,651,944,946,163,950,949,897,0.62709900049892,0.841844661236357
495,493,491,947,944,946,163,950,949,897,0.641413523039551,0.882444935749021
495,493,491,947,944,946,163,950,949,897,0.641413523039551,0.882444935749021
495,444,491,947,944,2,163,950,949,897,0.665689415061882,0.864801587755087
495,493,491,947,944,946,163,950,949,897,0.641413523039551,0.882444935749021
495,493,491,947,944,946,163,950,949,897,0.641413523039551,0.882444935749021
222,493,491,947,944,941,163,950,949,897,0.625534791070417,0.864801587755087
886,493,491,947,944,946,163,950,370,897,0.63082254805184,0.834215686782585
495,493,491,947,944,946,163,950,949,745,0.619656141514767,0.900088283742955
495,493,491,947,944,946,163,950,949,897,0.641413523039551,0.882444935749021
495,493,491,947,944,946,163,950,949,487,0.615039670155644,0.900088283742955
589,493,491,947,944,946,163,950,949,897,0.622523717384028,0.849236684899749
495,493,491,947,944,946,163,748,949,897,0.645963514973596,0.848676831476666
495,493,491,947,944,946,163,950,949,897,0.641413523039551,0.882444935749021
495,493,491,947,944,765,163,950,949,897,0.634213326128631,0.882444935749021
495,878,491,947,944,946,163,950,949,897,0.6484404634597,0.864801587755087
495,493,491,947,944,946,163,950,949,145,0.622885625807919,0.882444935749021
639,493,491,205,944,946,163,950,211,897,0.61464510997408,0.831593336905815
495,900,491,947,944,475,380,950,949,897,0.622437933547837,0.834215686782585
495,100,491,930,944,777,163,950,949,897,0.642978480872535,0.864801587755087
495,437,491,947,944,946,163,356,949,897,0.644480836116362,0.864801587755087
495,493,731,947,944,946,163,950,949,897,0.642659183887951,0.864801587755087
495,493,491,947,944,946,163,950,949,897,0.641413523039551,0.882444935749021
495,493,491,947,944,946,163,950,949,897,0.641413523039551,0.882444935749021
495,493,491,158,944,946,163,950,949,897,0.614996867780929,0.864801587755087
495,493,491,947,944,946,163,767,949,897,0.633971470653293,0.882444935749021
495,493,491,476,944,946,163,702,949,897,0.635339497094296,0.834606318283692
495,493,491,947,944,946,163,279,949,897,0.643430226963601,0.864801587755087
495,493,491,947,944,946,163,950,949,897,0.641413523039551,0.882444935749021
495,493,491,947,944,946,163,950,949,897,0.641413523039551,0.882444935749021
495,493,491,947,944,946,163,950,949,357,0.622210403269347,0.900088283742955
495,493,160,947,944,946,163,950,949,897,0.641675244356745,0.842283343928069
495,493,491,947,944,946,163,950,949,897,0.641413523039551,0.882444935749021
495,493,194,947,944,946,163,896,949,897,0.629702619610692,0.864801587755087
495,498,951,947,944,946,163,950,949,897,0.613318635617933,0.882444935749021
495,493,491,947,944,946,163,950,949,897,0.641413523039551,0.882444935749021
495,493,491,947,944,946,163,950,949,897,0.641413523039551,0.882444935749021
495,493,210,54,944,946,163,950,949,897,0.62645217358467,0.844701485970481
495,493,491,947,944,946,163,950,949,130,0.613154601307998,0.900088283742955
670,493,491,488,831,844,163,950,949,897,0.628548553973876,0.82951489176722
495,493,491,947,944,946,163,950,949,897,0.641413523039551,0.882444935749021
495,493,440,947,944,946,887,950,949,823,0.605006850078698,0.844701485970481
495,493,491,947,944,946,163,950,949,952,0.617995223550049,0.882444935749021
495,493,491,947,944,545,163,950,949,897,0.639022643355713,0.864801587755087
495,493,431,947,944,946,163,950,949,897,0.634267707213743,0.882444935749021
495,493,491,947,586,946,163,950,949,897,0.651366703789407,0.830173716262078
495,493,491,947,944,946,208,950,949,897,0.627480037476637,0.849236684899749
495,493,491,958,944,946,163,950,949,897,0.641957112806741,0.846813265411776
495,493,491,947,944,946,163,950,949,897,0.641413523039551,0.882444935749021
495,493,491,947,944,946,163,950,949,897,0.641413523039551,0.882444935749021
495,493,491,947,944,946,163,950,949,897,0.641413523039551,0.882444935749021
495,493,491,947,944,946,163,950,949,897,0.641413523039551,0.882444935749021
495,493,491,947,944,946,163,950,949,897,0.641413523039551,0.882444935749021
495,134,491,947,944,946,163,950,218,897,0.639621698029553,0.849236684899749
495,493,491,947,944,946,163,950,949,897,0.641413523039551,0.882444935749021
495,493,491,519,944,946,163,950,934,897,0.626414916734257,0.864801587755087
495,493,491,947,944,946,163,950,949,897,0.641413523039551,0.882444935749021
90,493,491,912,944,595,163,950,949,897,0.634550919737309,0.82951489176722
495,493,491,947,944,946,163,950,949,897,0.641413523039551,0.882444935749021
495,493,491,947,944,946,163,950,949,897,0.641413523039551,0.882444935749021
495,493,277,947,944,946,163,950,949,897,0.632460521611284,0.882444935749021
415,493,491,947,944,946,659,747,949,897,0.613691706330423,0.802899573356912
223,431,491,947,944,946,163,950,949,897,0.617960169743459,0.864801587755087
495,493,491,947,944,946,163,601,949,897,0.643873618510437,0.882444935749021
495,732,491,947,944,946,163,950,949,897,0.647518717851483,0.882444935749021
495,493,491,541,944,946,163,950,316,897,0.623253025828453,0.882444935749021
495,493,491,344,944,639,163,950,949,897,0.630742519818484,0.882444935749021
495,493,491,947,944,980,163,950,949,897,0.639290365799841,0.882444935749021
495,493,491,947,944,946,163,950,949,897,0.641413523039551,0.882444935749021
495,493,491,947,840,946,163,719,732,897,0.646532205045431,0.842283343928069
495,493,491,947,944,946,163,950,949,897,0.641413523039551,0.882444935749021
495,493,491,947,487,946,163,950,949,897,0.638694741592398,0.882444935749021
28,493,491,947,944,946,163,950,949,897,0.62779495849846,0.864801587755087
495,493,491,947,369,801,163,950,949,897,0.643928820143274,0.82654746280947
495,493,491,947,944,946,163,950,949,897,0.641413523039551,0.882444935749021
695,504,491,947,959,946,163,706,949,897,0.644469800604396,0.864801587755087
462,493,65,947,944,946,515,950,949,897,0.61487996247113,0.831181040184511
495,493,491,837,944,946,163,950,949,881,0.605717606822097,0.882444935749021
495,493,491,947,675,946,765,950,949,897,0.63041234896765,0.864801587755087
495,493,491,947,944,946,163,82,949,344,0.61961554829403,0.866880032893683
495,493,491,947,944,946,163,950,10,897,0.624958659562022,0.882444935749021
495,493,491,947,944,946,163,950,949,897,0.641413523039551,0.882444935749021
495,493,575,947,944,946,163,950,949,897,0.641253627473589,0.882444935749021
495,493,491,947,944,946,163,950,949,897,0.641413523039551,0.882444935749021
515,493,491,947,899,946,163,950,949,897,0.643106272840596,0.848824388178445
495,493,491,604,944,946,163,950,450,897,0.642071064165763,0.864801587755087
495,493,491,947,944,946,163,719,949,897,0.64550114591664,0.882444935749021
495,493,491,947,944,946,163,950,949,897,0.641413523039551,0.882444935749021
495,493,491,263,944,946,163,950,949,897,0.632243399346729,0.83032948984133
495,493,491,947,944,946,163,950,949,897,0.641413523039551,0.882444935749021
124,493,491,947,944,946,628,950,949,897,0.60866342515974,0.882444935749021
495,493,491,947,944,946,163,950,616,456,0.580346836741526,0.8663201794706
495,493,491,947,944,946,163,950,949,897,0.641413523039551,0.882444935749021
495,493,856,947,944,946,163,936,949,897,0.649897341999509,0.846813265411776
495,493,491,947,944,425,163,950,262,897,0.629100651433974,0.831593336905815
495,493,951,947,944,946,163,950,949,897,0.628645089215676,0.882444935749021
495,493,491,7,91,946,163,950,949,897,0.636877784789339,0.80814454606094
898,493,491,947,944,946,163,950,949,897,0.639792549705985,0.882444935749021
495,493,491,947,944,946,163,950,949,897,0.641413523039551,0.882444935749021
495,493,491,817,944,946,163,950,780,897,0.63703535949325,0.882444935749021
495,493,491,947,944,946,163,950,580,897,0.644400720584696,0.849236684899749
495,493,491,947,944,479,163,950,949,416,0.619912459336997,0.852338034061216
495,493,491,947,944,946,594,950,949,897,0.620660861501416,0.864801587755087
495,493,491,947,883,946,163,950,949,897,0.652191069339493,0.882444935749021
495,493,491,661,944,946,163,475,949,897,0.626516518132216,0.864801587755087
495,493,491,947,944,946,194,950,949,5,0.591039416707149,0.900088283742955
79,493,491,947,944,327,163,950,949,897,0.648505363582508,0.849236684899749
495,493,491,947,944,946,163,950,949,897,0.641413523039551,0.882444935749021
495,493,491,947,944,946,163,950,949,897,0.641413523039551,0.882444935749021
495,493,491,947,944,946,163,950,949,977,0.62725687192042,0.900088283742955
495,493,491,947,944,946,163,950,949,7,0.608585059439797,0.882444935749021
495,493,491,947,944,946,163,950,949,897,0.641413523039551,0.882444935749021
495,493,530,947,944,946,163,950,949,897,0.632531059254707,0.882444935749021
493,154,491,947,944,946,163,950,949,897,0.631520123784279,0.864801587755087
495,493,594,947,944,946,163,334,949,671,0.59418545407181,0.864801587755087
495,493,491,947,944,946,163,950,949,897,0.641413523039551,0.882444935749021
495,493,491,947,944,946,163,950,949,897,0.641413523039551,0.882444935749021
495,493,491,947,944,946,163,950,949,897,0.641413523039551,0.882444935749021
495,493,491,459,944,946,163,950,949,897,0.635507807936783,0.864801587755087
495,493,491,947,944,959,163,950,949,897,0.648057121080655,0.882444935749021
495,493,491,947,944,946,163,950,949,897,0.641413523039551,0.882444935749021
495,493,491,947,944,946,163,950,949,897,0.641413523039551,0.882444935749021
495,493,491,947,944,253,228,912,949,120,0.58085990900932,0.812530368268144
495,493,76,947,944,946,163,950,949,897,0.642737006739468,0.882444935749021
495,493,491,947,944,946,163,950,949,897,0.641413523039551,0.882444935749021
495,493,491,947,944,946,163,950,525,897,0.639653303683251,0.882444935749021
495,493,491,619,944,946,163,950,949,897,0.631244732839681,0.864801587755087
495,493,491,633,944,946,163,950,949,897,0.644593552964995,0.846813265411776
495,493,491,947,944,946,163,950,949,897,0.641413523039551,0.882444935749021
495,493,491,20,944,946,163,950,949,897,0.628105662844199,0.882444935749021
495,493,491,266,944,946,163,950,949,897,0.626868657629595,0.882444935749021
495,493,491,947,260,946,163,950,949,897,0.644901098417365,0.882444935749021
361,493,491,947,944,946,163,950,736,897,0.612969643357147,0.864801587755087
495,493,491,947,944,946,163,950,949,897,0.641413523039551,0.882444935749021
495,627,491,947,944,946,163,950,949,897,0.6457150529466,0.825787894054874
383,493,491,590,944,946,163,950,949,897,0.630833999906244,0.849236684899749
495,493,491,625,944,946,163,950,949,897,0.633054333029681,0.846813265411776
495,493,491,947,944,722,163,950,323,897,0.663857155531033,0.825567223733061
495,552,655,947,944,946,163,950,949,897,0.648072226713023,0.882444935749021
495,493,491,653,944,946,163,950,949,897,0.629386752271608,0.882444935749021
495,493,491,947,944,946,163,950,949,897,0.641413523039551,0.882444935749021
495,493,491,713,944,946,163,950,949,897,0.636510389650121,0.864801587755087
495,493,491,947,131,946,163,950,949,897,0.654070984637855,0.843210571726995
495,493,491,947,944,946,163,950,949,675,0.619386754974287,0.882444935749021
350,493,491,947,944,946,163,950,683,897,0.621513754135688,0.846813265411776
495,493,491,947,579,946,163,855,183,897,0.652035773659436,0.831033483482732
495,61,491,947,944,946,163,950,949,897,0.640651619668249,0.882444935749021
495,493,491,947,944,946,636,950,949,897,0.626409103999636,0.882444935749021
495,493,491,947,944,62,163,447,949,897,0.640373647590421,0.848676831476666
666,493,491,947,944,946,7,950,949,897,0.585387662796172,0.834215686782585
243,493,491,947,944,656,163,950,949,897,0.64389804720702,0.864801587755087
495,493,491,947,854,58,217,950,949,897,0.633775404801237,0.864801587755087
495,493,491,947,944,946,163,950,949,556,0.622788833238497,0.900088283742955
495,493,491,947,944,946,163,950,949,897,0.641413523039551,0.882444935749021
495,493,491,947,542,946,163,950,949,897,0.655289114689323,0.882444935749021
495,493,491,139,944,946,500,950,949,897,0.622270907726729,0.864801587755087
495,493,736,947,944,946,163,950,949,897,0.634896311834656,0.864801587755087
495,493,491,947,386,946,163,950,949,897,0.647964415268771,0.882444935749021
495,493,491,947,944,946,163,2,949,897,0.663552298760167,0.864801587755087
495,493,491,947,944,946,163,638,949,897,0.629830747750391,0.851859034776519
744,493,491,543,944,946,163,523,949,897,0.636535773123681,0.882444935749021
495,99,491,947,944,946,163,950,949,897,0.630262175660269,0.864801587755087
495,493,491,947,944,946,163,950,949,897,0.641413523039551,0.882444935749021
495,493,491,947,944,946,485,950,949,897,0.61395867701403,0.864801587755087
495,493,491,947,803,946,163,950,949,897,0.647078808358852,0.864801587755087
495,493,491,947,944,946,163,950,949,911,0.620882777425586,0.900088283742955
495,493,491,947,944,628,163,950,949,897,0.636239918950491,0.882444935749021
495,493,864,947,944,946,994,950,949,897,0.629659516868538,0.825567223733061
495,493,491,947,944,946,163,950,949,470,0.619338383392408,0.900088283742955
495,493,491,947,944,946,163,950,949,897,0.641413523039551,0.882444935749021
495,493,491,947,944,946,163,950,949,897,0.641413523039551,0.882444935749021
495,493,491,947,944,946,163,950,281,897,0.63721756756168,0.864801587755087
495,493,247,947,944,946,163,950,789,897,0.628909451191483,0.815468580627393
495,493,491,947,944,946,672,950,949,897,0.614819148754938,0.827896521606768
495,493,491,947,184,946,163,950,949,897,0.64515591271191,0.882444935749021
495,493,491,598,944,946,163,950,949,897,0.643422407500611,0.882444935749021
97,493,491,947,944,946,442,950,949,897,0.605280913967057,0.851859034776519
495,493,991,947,944,946,163,950,949,897,0.640158052426661,0.882444935749021
495,493,579,947,363,946,163,950,949,897,0.640036969265589,0.848676831476666
495,493,491,947,944,946,163,950,949,897,0.641413523039551,0.882444935749021
495,493,491,944,450,946,163,950,949,897,0.647457287126521,0.882444935749021
495,493,491,804,944,946,163,950,949,897,0.620691086725581,0.864801587755087
495,493,978,947,944,946,163,950,949,897,0.640328283234689,0.882444935749021
495,493,491,947,944,946,163,950,797,881,0.594584941426278,0.882444935749021
495,493,491,947,944,946,163,950,390,897,0.632175836303185,0.838531243694158
495,493,491,947,944,946,163,950,949,897,0.641413523039551,0.882444935749021
495,493,491,947,944,946,377,950,964,897,0.613736500812257,0.832715396261587
495,493,491,947,944,946,163,950,949,897,0.641413523039551,0.882444935749021
495,493,491,947,944,946,163,950,949,897,0.641413523039551,0.882444935749021
495,493,491,947,944,946,163,950,949,897,0.641413523039551,0.882444935749021
495,493,491,947,944,946,163,440,949,897,0.637015697036492,0.882444935749021
495,493,491,947,944,946,163,950,949,897,0.641413523039551,0.882444935749021
495,493,491,900,944,946,163,950,949,897,0.63251619107421,0.882444935749021
495,493,491,947,944,946,163,950,949,897,0.641413523039551,0.882444935749021
351,493,491,961,944,946,163,950,949,897,0.615854948359672,0.864801587755087
495,493,491,466,944,946,163,950,949,897,0.636441398225195,0.882444935749021
495,493,491,947,462,946,163,950,949,897,0.642221923739858,0.864801587755087
495,493,491,947,227,946,163,950,949,897,0.650366880119725,0.841844661236357
495,493,331,947,944,946,163,950,949,349,0.613114073235954,0.900088283742955
495,493,491,398,944,946,163,950,949,897,0.640157806063495,0.882444935749021
495,493,491,947,944,946,163,950,949,897,0.641413523039551,0.882444935749021
495,493,491,947,43,979,163,950,949,897,0.648693185324706,0.864801587755087
495,493,662,947,944,147,163,950,538,897,0.644643026365919,0.821273133804016
141,493,491,947,944,946,163,950,949,897,0.633127050057251,0.833249293136241
984,493,491,947,135,946,163,950,949,897,0.634262210859155,0.882444935749021
495,493,491,947,944,946,163,950,949,897,0.641413523039551,0.882444935749021
838,493,491,947,944,946,163,950,949,897,0.614018727686904,0.882444935749021
495,493,491,947,944,825,163,950,949,897,0.641848000012574,0.864801587755087
495,493,491,709,944,946,163,950,949,897,0.633789142399667,0.851859034776519
495,493,491,947,944,946,163,950,949,897,0.641413523039551,0.882444935749021
495,773,491,947,944,946,163,950,949,897,0.652357022748694,0.838411713654628
495,493,491,947,944,946,163,950,949,33,0.620229278985073,0.859443141590237
495,493,491,947,944,946,163,950,949,897,0.641413523039551,0.882444935749021
495,493,491,947,944,946,163,950,949,511,0.617553292864262,0.882444935749021
495,493,491,931,878,946,163,950,949,897,0.63876442227675,0.81877365026514
495,493,120,947,944,946,163,950,450,897,0.654466219316188,0.882444935749021
495,493,491,947,944,946,163,950,702,897,0.633980887319729,0.834606318283692
698,493,766,947,478,946,163,950,949,897,0.648124190976643,0.824639995934135
495,493,491,947,944,946,163,950,949,897,0.641413523039551,0.882444935749021
495,493,703,947,944,66,163,793,949,897,0.634746031744909,0.848824388178445
495,493,491,947,944,946,163,950,949,897,0.641413523039551,0.882444935749021
495,493,491,947,944,946,163,950,949,897,0.641413523039551,0.882444935749021
495,493,491,134,944,946,163,950,949,897,0.630969489284685,0.882444935749021
495,493,491,947,944,946,163,950,949,897,0.641413523039551,0.882444935749021
495,493,461,947,944,946,163,950,949,897,0.63831184222999,0.864801587755087
495,493,491,947,944,946,61,950,949,897,0.62129095717898,0.882444935749021
495,493,491,947,944,946,825,950,949,897,0.622948426545607,0.864801587755087
495,493,491,947,944,840,163,950,949,897,0.639438918978435,0.842283343928069
495,493,491,947,90,878,163,950,949,897,0.653612096675261,0.847158239761154
724,493,491,947,944,946,163,950,949,189,0.618693414457438,0.882444935749021
495,493,491,947,944,946,163,950,949,897,0.641413523039551,0.882444935749021
495,493,491,947,944,946,163,17,949,897,0.636988804127737,0.882444935749021
827,493,491,947,944,946,163,950,949,897,0.620185812334307,0.882444935749021
495,493,491,947,944,946,163,950,949,897,0.641413523039551,0.882444935749021
495,493,491,947,944,946,163,950,949,897,0.641413523039551,0.882444935749021
495,493,491,83,148,946,163,950,949,897,0.620446338335029,0.882444935749021
495,493,491,599,944,946,163,950,949,897,0.623913346070292,0.864801587755087
495,493,491,947,944,946,163,950,949,753,0.618164574090336,0.882444935749021
495,493,491,947,506,946,163,950,949,897,0.642163787158624,0.882444935749021
495,493,491,947,944,946,163,683,949,897,0.64342932200036,0.882444935749021
495,493,491,947,944,946,163,950,949,710,0.623720129645892,0.858621204445193
495,493,491,947,944,511,163,950,949,406,0.636761443079138,0.882444935749021
495,493,491,947,465,946,163,950,949,897,0.653491505284158,0.882444935749021
495,493,491,947,944,946,163,950,949,897,0.641413523039551,0.882444935749021
913,493,491,947,944,946,163,950,949,897,0.639327886254178,0.851859034776519
495,493,491,838,944,946,163,950,949,897,0.6191717032625,0.882444935749021
495,493,491,947,944,946,163,950,48,897,0.623107487271394,0.864801587755087
495,493,491,947,944,946,163,950,949,897,0.641413523039551,0.882444935749021
495,493,491,947,944,946,163,950,949,897,0.641413523039551,0.882444935749021
495,493,491,947,944,946,163,950,949,897,0.641413523039551,0.882444935749021
495,493,491,947,944,946,163,300,949,897,0.640760104091378,0.851859034776519
495,493,491,947,944,946,163,950,949,897,0.641413523039551,0.882444935749021
495,273,491,947,944,802,4,950,949,897,0.633510277733306,0.829169917417842
495,493,491,947,944,946,163,950,492,897,0.617293032656703,0.882444935749021
495,493,491,734,944,946,163,950,949,897,0.617378365210815,0.864801587755087
495,493,491,947,944,946,163,950,949,897,0.641413523039551,0.882444935749021
495,493,170,221,454,946,997,950,949,897,0.599210546201952,0.790501198067006
495,493,491,772,944,946,163,950,949,897,0.629196717338045,0.882444935749021
495,493,491,947,944,946,163,950,949,897,0.641413523039551,0.882444935749021
495,493,491,947,944,946,163,425,949,897,0.644267670199004,0.849236684899749
495,493,491,947,944,946,163,950,949,897,0.641413523039551,0.882444935749021
495,493,491,947,944,946,163,950,949,897,0.641413523039551,0.882444935749021
495,493,491,947,711,329,163,950,949,897,0.644069063318484,0.882444935749021
495,493,491,947,944,946,879,950,949,897,0.631178584050795,0.882444935749021
495,493,491,947,944,946,163,958,949,897,0.650376714210426,0.846813265411776
495,493,491,947,944,946,163,950,949,897,0.641413523039551,0.882444935749021
40,493,491,947,944,946,163,950,949,897,0.625166806288238,0.882444935749021
495,493,491,279,944,946,163,950,949,897,0.632485206332072,0.864801587755087
495,493,491,947,944,946,163,950,949,897,0.641413523039551,0.882444935749021
495,493,491,947,944,830,163,950,949,897,0.632439932069225,0.882444935749021
495,493,491,947,944,946,163,950,271,897,0.637060823199861,0.882444935749021
495,493,491,947,944,946,341,950,949,897,0.612277584402497,0.882444935749021
495,493,491,947,944,946,163,950,949,897,0.641413523039551,0.882444935749021
495,493,856,947,944,153,163,950,286,897,0.629103047414401,0.795822135294065
495,493,491,947,944,946,163,950,293,9,0.608060549546683,0.900088283742955
495,493,519,947,980,946,163,950,949,897,0.641199367188794,0.882444935749021
495,93,491,947,944,946,163,950,949,897,0.660712621305378,0.844701485970481
495,493,491,947,944,946,163,950,949,203,0.629933155365301,0.859443141590237
445,493,495,971,944,946,163,950,949,897,0.644275309389504,0.882444935749021
495,493,491,947,944,946,163,950,949,897,0.641413523039551,0.882444935749021
495,493,491,947,696,946,163,950,678,897,0.642815226658687,0.847158239761154
495,493,491,947,944,946,163,950,949,897,0.641413523039551,0.882444935749021
495,493,491,947,944,946,163,950,949,897,0.641413523039551,0.882444935749021
495,493,732,947,944,946,163,950,949,897,0.643044512340026,0.882444935749021
495,493,491,848,944,946,163,481,166,897,0.620369453551921,0.841799793596303
495,493,491,947,901,946,163,950,949,897,0.651085412034817,0.839535423417966
495,493,136,947,944,31,163,950,949,897,0.640688981523233,0.851859034776519
495,493,491,947,944,633,283,950,949,897,0.633921436389021,0.829169917417842
495,493,491,947,238,946,163,950,949,897,0.643790971707588,0.864801587755087
774,493,491,947,944,946,163,950,949,897,0.628354400971887,0.864801587755087
495,493,86,947,944,946,163,950,949,897,0.644861451064254,0.864801587755087
495,493,491,947,944,946,163,950,949,897,0.641413523039551,0.882444935749021
495,493,491,947,944,340,163,950,61,897,0.623080609387806,0.882444935749021
495,493,491,947,944,946,163,950,949,897,0.641413523039551,0.882444935749021
495,493,491,947,944,946,163,950,949,897,0.641413523039551,0.882444935749021
495,493,491,947,944,721,163,950,949,897,0.650659783830898,0.864801587755087
495,493,491,947,944,946,163,950,949,897,0.641413523039551,0.882444935749021
495,493,592,947,944,946,163,950,949,897,0.639682189092535,0.882444935749021
495,16,491,947,118,946,163,950,470,897,0.640957455955912,0.882444935749021
495,532,491,947,944,946,163,950,949,897,0.645679155764851,0.864801587755087
495,493,491,947,944,946,163,950,949,180,0.627395405266487,0.845128427844061
495,493,491,947,944,946,163,950,949,897,0.641413523039551,0.882444935749021
495,493,491,947,944,946,163,950,949,897,0.641413523039551,0.882444935749021
48,493,491,947,944,946,163,950,949,402,0.598294795750824,0.864801587755087
495,174,491,698,944,946,163,91,949,897,0.641554629305461,0.80814454606094
495,493,491,947,944,946,163,950,949,897,0.641413523039551,0.882444935749021
495,493,491,947,944,946,163,950,949,244,0.621507417647876,0.866880032893683
495,493,491,947,944,946,163,950,949,897,0.641413523039551,0.882444935749021
495,493,287,947,944,946,163,950,949,897,0.617797273564522,0.829030386143338
135,493,491,947,944,946,163,950,949,897,0.632293938564463,0.882444935749021
495,493,491,947,944,946,163,950,86,897,0.640014780789653,0.864801587755087
495,493,491,947,944,946,163,899,949,897,0.641520408106216,0.882444935749021
547,493,491,947,944,946,163,950,949,897,0.647946935553795,0.864801587755087
495,493,491,947,717,946,163,950,949,897,0.647721997875946,0.864801587755087
495,493,491,947,944,946,163,950,265,897,0.622042975705998,0.882444935749021
368,508,491,947,944,946,163,950,949,897,0.628635471978961,0.864801587755087
495,493,491,947,944,946,163,950,949,897,0.641413523039551,0.882444935749021
495,493,491,947,874,946,163,608,949,897,0.653176692729729,0.834215686782585
495,493,491,947,944,946,163,950,890,897,0.645722842614663,0.882444935749021
638,493,533,947,944,946,163,950,949,897,0.613227252180408,0.851859034776519
818,493,491,947,944,575,163,950,949,389,0.619001028768489,0.856174591688092
495,493,491,947,944,946,163,950,949,897,0.641413523039551,0.882444935749021
495,493,491,947,944,946,163,950,949,897,0.641413523039551,0.882444935749021
495,493,491,947,764,946,163,805,949,897,0.641981993984243,0.864801587755087
891,493,267,947,944,946,163,950,98,897,0.610664870700483,0.864801587755087
495,493,491,504,944,946,163,950,949,897,0.640416150548418,0.882444935749021
495,493,491,975,944,215,163,950,949,897,0.651023237814398,0.811387038149404
495,493,977,947,944,946,163,950,949,897,0.646405503460033,0.882444935749021
495,493,491,947,944,946,163,950,949,897,0.641413523039551,0.882444935749021
495,493,491,947,944,946,163,950,949,897,0.641413523039551,0.882444935749021
