621,736,400,266,904,908,222,785,418,47,0.708390440354668,0.687703013310343
622,621,367,296,736,734,654,854,947,570,0.697788826654295,0.701343568144619
623,622,787,621,977,980,489,207,122,798,0.647649408237298,0.679667468647883
624,623,621,622,709,114,430,255,978,278,0.708025840665113,0.689417155742428
625,624,622,623,120,621,288,132,888,603,0.794370689078332,0.689759709146664
626,625,623,624,621,622,722,22,614,704,0.777210868955944,0.75315868180548
626,625,623,624,621,622,796,71,307,338,0.644921799815235,0.689251625054444
627,626,624,625,622,623,621,679,433,252,0.775243551487444,0.747955582023164
627,626,624,625,622,623,621,721,242,349,0.76226663423945,0.710666013404648
627,626,624,625,622,623,544,621,958,156,0.821396794871543,0.697944633240812
627,626,624,625,622,623,621,300,299,156,0.802012489773864,0.719882023905891
627,626,624,625,622,623,621,328,791,156,0.772302952691414,0.711277171570154
627,626,624,625,622,623,621,19,470,156,0.761503273222713,0.712660701486293
627,626,105,625,622,623,621,943,165,156,0.740058190735387,0.73812616987209
627,799,624,625,854,623,622,621,226,30,0.763369369607312,0.692985038569738
628,626,625,418,622,624,623,572,621,257,0.743918819914516,0.687135832419886
629,627,626,854,623,625,624,622,62,621,0.763173749394805,0.737898595012229
629,627,996,626,623,625,624,622,616,621,0.740596905756162,0.717049482876353
630,628,626,627,624,157,625,623,622,346,0.798608148784579,0.683138024965369
371,629,627,628,625,555,626,624,623,622,0.740155544156019,0.743161087774722
372,630,628,629,626,678,627,625,624,623,0.741355753874656,0.72764905032303
373,371,629,244,627,626,628,565,625,624,0.757360505390771,0.733858866706861
374,372,145,630,628,627,629,626,282,625,0.64871209070559,0.74776315926339
375,291,630,371,629,628,6,627,626,165,0.674428493759747,0.767078976517544
376,373,624,372,630,629,622,628,627,626,0.726092834325787,0.739522536481288
377,374,371,373,239,630,742,629,720,627,0.690448290818123,0.769748861986142
378,375,986,374,371,947,630,699,628,138,0.682189042875335,0.715943974441194
379,235,372,142,183,371,393,630,629,628,0.640054798849804,0.737858135389328
707,376,373,375,372,435,371,86,630,629,0.738486921640057,0.789571981045438
380,376,391,375,372,945,668,371,630,629,0.637787489716488,0.765630588093823
267,377,373,376,935,372,371,359,968,630,0.74601634484989,0.751781506806908
373,377,918,376,879,372,371,727,741,630,0.700763931575378,0.74463192108316
627,378,373,377,109,620,243,372,857,371,0.733401850781054,0.72287106014634
707,379,373,378,766,910,372,457,371,921,0.737010250292166,0.717780029942684
625,380,374,379,373,19,956,908,372,714,0.635010210704596,0.765706046723638
627,371,375,380,374,373,22,333,521,372,0.74118423933351,0.75876065988423
627,371,375,380,374,373,806,296,853,372,0.74014316304154,0.741363904906251
627,371,376,625,321,374,373,939,64,442,0.722304353035019,0.779967775031562
627,371,684,625,375,374,373,275,266,79,0.751999262588695,0.746366162050245
627,371,220,625,190,374,373,839,652,883,0.706097868205425,0.741041785443808
371,624,376,380,375,568,374,373,399,213,0.749535782775698,0.770349101387313
712,869,376,380,375,858,374,373,477,875,0.641724559953243,0.772147612549535
371,612,747,625,376,375,569,374,373,253,0.759113416482188,0.75398929086869
371,624,377,625,376,2,375,374,659,373,0.829897948191385,0.765964232189305
371,624,377,625,376,375,39,374,373,654,0.829156986420921,0.775840031592
371,661,377,625,376,375,268,374,373,563,0.740156355601051,0.765771625601215
371,624,377,625,376,375,751,374,826,373,0.764441057021612,0.75506796419935
603,931,377,625,376,857,375,374,373,715,0.781551752564051,0.739982955242169
371,624,377,625,376,375,265,374,373,540,0.755292853169765,0.767413987091265
371,624,377,625,376,36,375,374,373,50,0.79856865524646,0.761746670164495
371,624,377,625,376,375,801,374,373,735,0.831305412002789,0.770536202256401
371,624,377,625,376,375,907,374,373,548,0.786121378778389,0.754643798925472
371,624,377,625,376,375,472,374,373,562,0.804506940315936,0.771788044406499
371,14,377,625,376,375,844,374,373,596,0.799624612975143,0.785502145707675
371,624,377,625,376,375,61,374,373,382,0.79915354378819,0.784575737463929
371,624,377,625,376,375,557,374,373,475,0.8293677861656,0.776716157959613
371,624,377,625,376,375,165,374,373,563,0.786121378778389,0.794303692973618
371,624,377,747,376,247,375,374,373,297,0.763553236303179,0.760083339100978
371,384,377,625,376,375,936,374,373,555,0.786934571152675,0.7938717442632
371,624,377,625,376,375,647,374,373,185,0.750737150165443,0.77808113557459
371,624,377,625,376,375,51,374,373,268,0.802628819749873,0.762066274912552
371,624,377,625,376,375,404,374,373,598,0.780595436609718,0.768597285410593
371,624,377,625,376,375,727,374,373,271,0.777150002973305,0.784907646295838
371,624,377,625,376,375,381,374,373,113,0.817863826504788,0.775763777007232
371,624,377,625,376,375,56,374,373,712,0.79567141975769,0.777360054962205
371,624,852,625,376,375,193,374,373,609,0.745575486760704,0.777182335658763
371,624,377,625,376,375,24,374,373,248,0.790953188912129,0.776946881828107
371,624,377,625,376,375,464,374,570,373,0.80922143336454,0.739439493705394
371,624,377,625,376,375,526,374,373,934,0.809129188957627,0.769262741810544
371,624,377,625,376,375,818,374,373,700,0.801299438820438,0.765469262839176
371,624,377,625,376,375,981,374,373,587,0.836057815752177,0.755454016633181
371,624,377,625,376,375,892,374,373,69,0.77379818905038,0.775639040469452
371,624,377,367,376,375,985,374,373,330,0.739103777807653,0.740668732235724
371,624,377,625,25,375,933,374,373,326,0.759953181685144,0.76413928081377
276,624,377,501,376,375,604,374,694,373,0.746047559689776,0.744165043984761
371,624,377,625,376,375,478,374,373,422,0.811108736694197,0.781656634150089
371,624,377,625,376,375,619,374,373,380,0.81049186444495,0.772980163561854
371,624,377,625,376,375,466,374,373,380,0.789853604623087,0.789814528886931
371,624,377,625,376,375,394,374,373,380,0.763611301072356,0.772980163561854
371,624,604,881,376,375,395,374,373,380,0.701935182841924,0.740031394140258
371,624,377,625,376,375,168,374,373,550,0.788317679719396,0.772727739222553
371,624,377,950,376,375,81,374,373,531,0.750192424989379,0.737997428605872
371,624,377,625,376,825,375,374,373,852,0.815684875765541,0.756976640940684
996,624,377,625,376,375,67,374,896,373,0.736249519279834,0.752437362163125
371,624,377,625,583,375,284,374,373,380,0.832842895650925,0.786205304595141
371,624,377,625,376,375,987,374,373,380,0.763611301072356,0.759502787996243
371,624,377,625,376,671,4,374,373,380,0.719886140230378,0.766814501644913
371,624,377,625,376,375,850,374,840,380,0.810516680758712,0.741662265312595
371,624,244,625,376,375,607,892,373,380,0.779885542198178,0.714474455168038
371,624,377,625,376,375,382,374,373,380,0.805138467917205,0.784112774500966
371,624,377,625,376,375,68,26,373,380,0.786919456062835,0.764560426934548
371,624,377,625,376,375,52,374,373,380,0.789853604623087,0.774306206799662
371,624,377,625,376,375,695,374,373,380,0.798755949519827,0.77073558151851
371,624,377,622,376,375,930,374,373,380,0.782422547167711,0.745854509366616
371,539,377,625,376,375,270,374,373,380,0.762212390559469,0.766016335288609
371,624,377,625,376,375,979,374,373,380,0.787428961398243,0.759409037996243
371,624,377,625,376,375,811,374,373,380,0.804363517516402,0.772715747450581
371,553,377,625,426,375,665,374,373,380,0.811474817843678,0.76268584894401
254,624,377,625,703,375,393,374,373,380,0.761862662189342,0.751861841065822
371,624,377,625,376,375,208,374,373,380,0.821695391248918,0.767348941842396
