972,371,825,132,534,417,17,411,456,254,0.266745564745753,0.499835347882687
371,372,13,909,573,643,401,926,262,434,0.339798337074956,0.432654620387135
372,373,371,84,528,423,656,724,437,674,0.371074291962254,0.457683138555846
373,374,372,371,334,53,760,240,945,555,0.398527167534469,0.521989797499025
374,375,373,372,371,532,298,474,490,16,0.506332084710262,0.520961239435381
375,376,374,373,372,371,464,709,54,34,0.532777535035153,0.462294429865753
376,377,375,374,373,372,371,131,720,118,0.57759067104117,0.507109035220471
376,377,375,374,373,621,371,998,790,448,0.569714938934963,0.482300813920232
377,378,376,375,374,372,203,371,394,732,0.525815900601911,0.480817906988645
378,379,377,376,375,373,372,391,371,599,0.594721391948051,0.494153264813982
378,379,377,376,375,373,372,776,371,340,0.650343685359553,0.470354758659024
378,379,377,376,375,373,372,533,371,607,0.553607807481009,0.464261145932755
378,379,377,376,375,373,372,114,371,98,0.625417225904924,0.46326718985348
378,379,377,376,375,373,363,372,529,215,0.608546504091898,0.485508074079541
378,379,377,376,375,373,372,529,371,250,0.732993372934752,0.466270130941401
378,379,377,133,375,373,372,250,371,608,0.646193210996885,0.46048262868975
378,379,377,376,375,373,372,825,371,654,0.687645818052303,0.482932467120246
378,379,377,376,375,373,372,275,371,250,0.646193210996885,0.468942750816466
378,166,377,376,375,373,372,787,371,250,0.695786409775492,0.480101631158222
378,379,377,376,375,373,372,715,371,250,0.647907860140234,0.497622514202852
378,379,377,376,375,373,417,372,371,250,0.727620882719032,0.481235948099714
378,379,377,376,375,373,372,189,949,250,0.569472083123876,0.4888230366184
378,379,311,376,375,373,372,598,371,250,0.600325698263161,0.485691488922009
378,379,965,210,375,373,372,918,371,250,0.653945402243892,0.437857727207059
378,379,377,958,375,373,372,838,371,250,0.695786409775492,0.448756900483419
593,9,377,376,375,373,372,754,371,250,0.661640504016313,0.492799116970514
378,379,377,376,330,373,101,372,371,250,0.548714998431319,0.515441448978263
378,379,377,376,375,373,372,392,371,250,0.646193210996885,0.472139079442012
378,379,377,63,375,373,372,354,371,780,0.577573702272227,0.4720869635948
378,379,377,376,375,373,372,221,371,250,0.686280178889104,0.477501993537631
378,379,377,376,341,373,372,350,371,250,0.616706978533485,0.477694643904988
378,379,377,376,230,373,282,372,371,250,0.590084960029756,0.469897691484597
378,379,377,376,375,373,372,3,371,250,0.715258820345789,0.484130624176233
378,379,377,376,375,373,372,396,371,250,0.646193210996885,0.470309476249012
378,379,377,376,375,373,372,165,371,250,0.646193210996885,0.477698159348898
378,379,377,376,717,373,372,29,371,250,0.590084960029756,0.492200586522692
547,379,377,376,375,373,372,251,371,250,0.749172832058242,0.485827889206039
378,379,377,376,375,373,372,459,371,250,0.686280178889104,0.480264966886459
378,379,377,376,375,373,974,372,371,752,0.553607807481009,0.460915593275202
378,379,377,376,375,373,372,994,371,250,0.686280178889104,0.475236034778807
378,379,377,376,375,373,372,809,371,250,0.646193210996885,0.477421434541903
34,379,377,8,375,373,372,748,371,250,0.785584255752345,0.4676779392606
378,379,377,376,375,373,372,347,371,250,0.646193210996885,0.495554113705382
378,379,377,376,375,373,372,626,371,250,0.646193210996885,0.47474508173612
378,379,377,376,375,373,372,919,371,250,0.646193210996885,0.481093487276056
378,379,377,376,375,373,624,372,371,921,0.627060833177965,0.48528345523408
378,379,377,351,375,373,372,195,371,250,0.700838436099176,0.458356974779155
378,379,377,376,375,373,372,952,371,250,0.686280178889104,0.473861526140104
378,379,377,376,375,373,372,831,371,250,0.686280178889104,0.47479413238087
378,379,377,376,375,373,204,372,371,250,0.722657508208958,0.475561262943851
378,379,377,376,375,373,372,562,371,250,0.686280178889104,0.474356792263798
378,379,377,376,375,373,372,843,371,250,0.646193210996885,0.472658320079116
378,379,377,376,375,373,372,26,371,250,0.646193210996885,0.494564373870409
325,379,377,376,375,373,372,110,574,250,0.647488619136889,0.518762559613124
378,379,377,376,375,373,372,603,371,250,0.724784254721336,0.474527764369339
378,379,377,376,169,373,372,575,371,250,0.548714998431319,0.486488511591309
378,379,377,376,828,373,563,372,371,250,0.621037171118023,0.497086832750329
378,390,377,376,375,373,372,128,371,367,0.615977742357184,0.479402702484846
378,379,377,376,375,373,372,847,371,250,0.647907860140234,0.47021365825814
378,379,377,376,375,373,372,642,371,250,0.646193210996885,0.465760053777546
378,379,96,376,375,373,372,243,371,250,0.559446563617104,0.484022057880545
378,379,377,376,375,618,372,98,371,250,0.667809688396831,0.458650328170811
378,379,377,376,375,373,372,738,371,250,0.646193210996885,0.485178517232338
378,379,377,376,375,373,372,597,371,250,0.647907860140234,0.483299857693951
378,379,377,682,375,373,372,437,371,250,0.714894684649798,0.47654660623911
378,379,243,376,676,373,372,226,394,250,0.418180464558615,0.483884452621104
378,379,377,376,375,373,372,302,371,250,0.727620882719032,0.491109316569791
378,379,377,376,375,373,372,708,371,250,0.686280178889104,0.487461041276826
378,379,377,376,375,373,372,326,371,250,0.646193210996885,0.477863473536965
378,379,377,376,375,373,372,125,371,894,0.553607807481009,0.498135672862578
378,379,487,376,375,373,372,901,371,250,0.618579991771141,0.473622108961721
378,379,377,376,375,373,372,12,688,250,0.664212576082449,0.474248577915824
378,379,377,692,375,373,372,915,371,250,0.629867552705821,0.46003853946141
378,379,377,376,112,373,372,783,371,250,0.711895523085586,0.465916783492123
378,623,377,376,375,300,372,123,371,250,0.646193210996885,0.460761071162931
851,379,377,376,375,373,372,754,371,250,0.692384152767507,0.475955650004541
378,379,377,376,375,373,372,290,371,250,0.736312946185475,0.48179414343703
378,379,377,376,375,373,372,764,371,250,0.646193210996885,0.475698892223983
378,379,377,758,726,373,372,441,371,250,0.638464692517352,0.468272912256907
378,577,377,297,375,373,372,923,371,250,0.671840879147002,0.456562471847485
378,740,377,376,375,835,372,460,371,250,0.545285809503859,0.4754510747738
378,379,377,376,375,373,372,747,371,250,0.646193210996885,0.482290651438613
378,379,377,376,375,373,964,372,371,154,0.594721391948051,0.47716936808303
378,379,377,376,375,373,372,804,371,250,0.686280178889104,0.478117883689727
378,379,377,376,375,373,372,461,371,250,0.686280178889104,0.487242840942871
378,379,377,376,375,373,372,568,371,250,0.646193210996885,0.493897775515472
378,379,377,376,375,156,372,586,371,250,0.713916522385404,0.452723397758115
378,379,377,376,375,373,372,34,371,250,0.727620882719032,0.472905083157548
378,379,377,376,375,373,347,372,371,250,0.646193210996885,0.495554113705382
378,379,828,376,375,373,372,296,371,250,0.600325698263161,0.478722270903068
721,379,377,376,375,373,372,342,371,250,0.670561869657584,0.473590085458097
648,379,377,313,375,373,372,131,371,250,0.736466852914071,0.439165586544036
378,379,377,376,375,373,372,645,371,250,0.708516792370986,0.477815827437721
378,523,928,376,375,373,372,145,371,250,0.646682446156112,0.450675285790857
378,216,377,376,375,373,372,212,371,250,0.706859227746393,0.485177621815585
378,379,377,376,375,373,372,877,371,250,0.686280178889104,0.467067058663754
378,379,377,376,375,373,372,181,371,250,0.711895523085586,0.477121694525864
378,379,377,376,375,373,372,505,371,250,0.646193210996885,0.471531321130365
378,379,377,376,375,373,372,773,371,250,0.723097026183929,0.466848244132906
378,379,377,376,375,373,523,372,371,250,0.646193210996885,0.466143125078523
378,379,377,376,375,373,372,182,371,250,0.646193210996885,0.487605794468444
378,379,377,616,375,373,372,630,371,250,0.710323329264931,0.460916180322956
378,379,377,376,375,373,372,635,371,250,0.686280178889104,0.477632262269608
378,379,377,376,364,373,372,38,371,250,0.548714998431319,0.477640627329213
378,379,377,376,375,373,372,224,371,741,0.594721391948051,0.466212098518314
291,379,377,376,375,373,372,886,371,250,0.670561869657584,0.485925466528103
378,379,377,376,375,560,372,753,371,250,0.633589083008542,0.477334190751241
378,379,377,376,375,373,372,142,371,250,0.686280178889104,0.480574353703312
378,379,377,376,375,373,372,6,371,250,0.646193210996885,0.478175294530543
378,379,377,376,375,373,372,43,371,250,0.686280178889104,0.470163529756768
378,379,377,376,375,373,372,719,371,250,0.646193210996885,0.468918623768828
781,379,377,861,375,373,372,187,371,250,0.692409399707139,0.437536319707937
378,379,745,376,375,373,372,267,371,250,0.559446563617104,0.471992315409938
378,379,377,376,292,373,372,70,371,250,0.692371267943812,0.46227514124964
378,379,377,376,375,373,372,770,371,250,0.646193210996885,0.487330870020566
378,336,377,376,375,373,372,183,371,619,0.577573702272227,0.478535436242329
378,379,377,376,375,373,372,936,371,250,0.711895523085586,0.482331520560691
378,379,377,376,375,373,372,458,371,250,0.646193210996885,0.489833786313635
378,379,377,59,375,974,593,372,371,250,0.545285809503859,0.442138437395767
378,379,377,376,375,373,372,937,371,669,0.659932681224958,0.496831457720726
378,379,377,376,375,373,372,814,371,250,0.646193210996885,0.474589463857628
378,379,377,376,99,373,372,659,371,250,0.657546101082343,0.486266931680266
378,379,377,376,375,373,372,565,371,250,0.686280178889104,0.472709846047224
95,379,377,122,375,373,372,9,371,250,0.598930885267042,0.482479854016578
378,379,377,376,375,373,205,372,371,841,0.681566654681224,0.483751695442188
378,379,377,376,375,373,372,730,371,250,0.686280178889104,0.469998182964463
378,379,377,223,375,373,372,674,371,250,0.700838436099176,0.468283736582213
378,241,377,376,375,373,372,387,371,250,0.781897745961134,0.48336212917004
378,379,377,376,375,373,372,107,371,250,0.686280178889104,0.488548342340856
378,379,377,376,375,373,372,602,371,250,0.722657508208958,0.472971732102175
357,379,377,413,375,373,372,399,371,250,0.640232551278349,0.448196978835408
382,379,377,376,250,373,372,26,477,625,0.560942830999293,0.508634673549318
378,379,377,376,375,373,372,104,371,250,0.646193210996885,0.476768167488558
378,379,377,376,375,373,372,908,371,250,0.646193210996885,0.469192481591997
378,379,377,376,375,373,372,576,371,250,0.647907860140234,0.471305868429378
378,379,377,376,375,373,372,91,371,250,0.73766731980312,0.477916331432133
73,177,377,376,375,373,372,708,371,250,0.640232551278349,0.48791921317968
791,379,377,376,375,373,372,400,371,250,0.723200903539357,0.491573963786296
949,379,377,376,375,373,372,71,371,250,0.629867552705821,0.499994348833561
378,379,377,376,375,373,372,622,371,250,0.719290150000659,0.482020274093264
378,379,377,376,375,373,372,949,371,250,0.646193210996885,0.479448347831488
378,379,377,376,375,373,372,566,371,195,0.625417225904924,0.477740602132436
378,379,377,376,375,373,372,213,371,250,0.710323329264931,0.47603916935088
378,379,377,566,375,373,372,478,371,250,0.742379465595329,0.484871926116922
378,379,714,376,375,373,372,534,776,250,0.620006824185145,0.486804755308873
378,379,377,376,452,373,372,568,371,250,0.635678809083189,0.47707068362603
801,379,377,911,375,373,372,663,371,250,0.692409399707139,0.487762969471934
366,379,377,376,375,373,372,540,371,250,0.670561869657584,0.492174735967661
378,379,377,376,375,373,816,372,371,250,0.73766731980312,0.476196352049055
378,379,377,376,375,373,372,52,371,25,0.553607807481009,0.469704715532932
378,117,377,376,848,373,965,372,371,250,0.607456920168002,0.452346594225404
378,379,377,376,375,373,372,127,371,250,0.646193210996885,0.473850050003105
378,379,377,376,375,373,72,372,371,250,0.686280178889104,0.472315753996273
378,379,377,376,375,373,372,564,371,250,0.686280178889104,0.480371795200538
378,379,496,376,866,149,372,832,371,250,0.44223879494119,0.441697613078359
378,379,377,376,375,373,372,612,371,250,0.646193210996885,0.490359443749415
801,379,377,376,430,168,372,668,371,250,0.543182856225976,0.443975904680206
378,379,377,376,375,373,372,750,371,250,0.646193210996885,0.470097308685781
378,379,377,376,375,373,372,765,371,250,0.646193210996885,0.471417170797122
378,379,377,376,375,373,372,337,371,250,0.646193210996885,0.468954509985527
378,379,377,376,384,373,312,372,371,250,0.613080915746654,0.457935336993838
378,379,377,376,375,373,372,714,371,936,0.66169244052833,0.490622451020021
378,379,494,376,375,373,372,150,371,250,0.630787082399048,0.475106879879244
378,379,603,376,278,373,372,477,371,250,0.54218486735112,0.454913427459488
378,379,377,376,763,373,372,849,371,250,0.590084960029756,0.462110347657219
378,379,377,376,375,373,372,579,371,250,0.710323329264931,0.474230210866631
378,379,377,376,375,373,372,875,371,250,0.646193210996885,0.483243268716524
754,379,377,376,375,373,372,677,371,250,0.732514215092385,0.480774819284562
494,978,377,376,375,373,372,221,371,250,0.671116466779485,0.48236936259213
378,379,481,376,375,373,372,115,371,250,0.559446563617104,0.450814339065424
8,379,377,376,375,373,372,566,875,250,0.624756894320283,0.499004974127306
378,379,377,376,375,373,372,344,371,250,0.646193210996885,0.490979546675196
378,310,377,376,375,373,98,372,371,250,0.700838436099176,0.491862382313259
378,379,377,376,375,373,372,321,371,250,0.646193210996885,0.497414132493196
378,379,377,376,375,373,372,858,371,250,0.646193210996885,0.489643090175726
378,379,377,376,375,373,372,258,371,250,0.646193210996885,0.500096149825283
378,379,637,376,324,373,372,382,371,250,0.568439612782473,0.493925340911379
378,379,377,376,375,373,372,184,371,250,0.646193210996885,0.493528340262185
378,379,377,501,375,373,372,665,371,250,0.686280178889104,0.444042154369044
378,379,377,376,375,373,372,637,371,250,0.711895523085586,0.480264609157612
378,379,377,376,872,373,372,597,371,250,0.552288889601968,0.479676563084902
378,379,377,376,375,373,372,515,371,250,0.710258955428858,0.475091272187145
378,379,377,376,368,373,372,19,371,778,0.56252512061014,0.497196588381479
378,379,377,376,375,373,372,706,371,175,0.553607807481009,0.457819643041997
378,379,377,376,375,373,110,734,371,250,0.670561869657584,0.499369531573129
378,379,377,376,375,373,372,787,371,250,0.711895523085586,0.474152738309131
378,379,377,739,375,373,372,506,371,250,0.629867552705821,0.460824109867109
138,379,377,376,375,373,372,161,371,250,0.629867552705821,0.493144198661902
378,379,377,376,90,373,372,436,109,250,0.5421706467108,0.489743831980737
378,339,377,376,375,373,214,372,371,250,0.705919382769923,0.471204464223454
378,379,377,376,375,373,694,372,371,250,0.646193210996885,0.48454502760561
378,679,377,376,126,373,372,949,522,250,0.492598989030642,0.511618981958618
378,379,583,376,375,373,372,808,371,250,0.622894742819272,0.471148740244537
378,228,377,376,375,373,372,87,371,250,0.670561869657584,0.504714803345806
378,379,377,376,212,373,372,121,371,57,0.652627357151753,0.479351270283074
378,379,377,376,375,373,372,366,371,250,0.686280178889104,0.488139180841547
378,379,377,376,375,373,372,535,371,250,0.646193210996885,0.47309866150907
378,379,377,376,375,373,372,536,371,250,0.646193210996885,0.46827768021328
378,379,377,376,375,373,372,157,371,250,0.647907860140234,0.482294455433518
378,379,377,376,375,373,372,880,371,250,0.647907860140234,0.488264225885946
378,379,339,453,375,373,372,747,371,653,0.486829150407425,0.442265913799987
378,379,377,376,375,373,372,42,371,250,0.646193210996885,0.478965685194384
378,379,377,376,375,373,98,372,371,250,0.686280178889104,0.477782868428829
949,379,377,376,375,492,132,372,371,250,0.545285809503859,0.458239594394146
378,379,377,376,375,373,372,313,371,250,0.646193210996885,0.455071820633954
378,379,377,376,375,14,372,29,371,250,0.625679536995096,0.465378057973232
378,379,377,376,375,373,372,935,371,413,0.621109695110868,0.460160811810738
596,379,377,342,375,373,372,30,371,250,0.661640504016313,0.451740571140035
378,379,377,376,375,373,372,662,371,250,0.647907860140234,0.473108270992005
378,379,377,376,375,373,372,136,933,250,0.571668133791232,0.480806862494736
378,379,377,376,375,373,372,209,371,250,0.717401736176898,0.475835902984827
378,379,377,376,375,373,372,401,371,250,0.646193210996885,0.472121466621349
419,379,377,376,375,373,372,481,371,250,0.670561869657584,0.46859766854244
378,379,377,376,375,373,372,889,331,250,0.649858031925641,0.465288694267632
786,379,377,376,375,373,372,235,371,250,0.735949887677674,0.484911624264557
378,379,377,376,375,373,372,572,479,250,0.643631321740694,0.474863573155595
378,379,377,376,375,373,372,368,371,250,0.686280178889104,0.481963057540977
378,379,377,376,375,373,372,676,371,250,0.686280178889104,0.478026042742275
378,379,377,376,375,373,372,223,371,250,0.686280178889104,0.478743066157411
378,509,377,376,425,373,372,251,371,250,0.718054866560314,0.482013259927679
378,379,362,376,375,17,372,924,371,250,0.472935172119607,0.469047519706185
934,379,377,376,375,373,372,69,371,250,0.670561869657584,0.489630645604669
378,379,377,376,375,373,372,836,371,250,0.646193210996885,0.469660113204046
378,379,377,376,375,373,372,755,624,250,0.681747439595231,0.479028532446716
378,379,377,376,375,373,372,663,371,250,0.646193210996885,0.493927368129743
378,379,377,376,375,373,372,802,631,250,0.701128852430531,0.47308731729078
378,916,377,376,375,373,372,580,371,250,0.692384152767507,0.465497162348376
378,379,377,376,375,373,372,297,371,250,0.646193210996885,0.482949752253728
378,379,377,48,375,373,372,7,371,250,0.700838436099176,0.473595067749789
378,379,377,376,375,373,372,700,371,250,0.686280178889104,0.473238300847116
378,495,377,376,375,373,372,44,371,250,0.629867552705821,0.477892535880712
378,379,377,376,375,373,372,318,371,250,0.646193210996885,0.470637215776533
378,379,377,376,375,479,372,374,371,250,0.56243041309142,0.485735848579123
450,379,377,376,375,373,372,973,371,317,0.667434368387935,0.460251611581292
378,379,377,376,375,373,372,580,371,250,0.708516792370986,0.466087722903705
378,379,377,376,375,373,372,305,371,250,0.7307318958313,0.472659674876155
378,379,834,376,375,373,372,32,371,250,0.559446563617104,0.466277062502806
378,379,377,376,375,373,372,418,371,250,0.708516792370986,0.476674792734824
378,379,377,376,375,373,372,339,371,250,0.646193210996885,0.478682257408864
378,379,377,376,593,373,372,363,371,250,0.548714998431319,0.493448454600516
378,379,377,376,375,373,372,977,371,250,0.646193210996885,0.466707774131674
378,379,377,376,375,373,372,186,371,250,0.646193210996885,0.489473705637432
378,379,377,376,375,373,372,505,371,250,0.646193210996885,0.471531321130365
378,379,241,376,375,373,372,38,371,250,0.634819152523756,0.460253014198667
378,379,377,376,375,373,372,234,371,250,0.646193210996885,0.473850587111853
378,379,377,376,375,373,372,539,371,250,0.686280178889104,0.490371806776049
378,379,377,376,375,373,372,728,371,748,0.660001798875156,0.476738474774396
378,379,377,376,375,373,372,782,371,250,0.722947732178962,0.476860309458641
378,379,377,376,375,373,372,566,371,453,0.625417225904924,0.476729157857947
378,379,377,376,375,859,372,288,371,250,0.697483265173923,0.466493319256487
378,379,377,376,375,373,372,481,371,250,0.646193210996885,0.472828156353796
378,294,217,376,375,373,372,757,371,250,0.646682446156112,0.461865292181956
378,379,53,376,375,373,401,372,811,250,0.553117574196495,0.463691524105427
378,379,377,376,375,373,372,463,371,250,0.73766731980312,0.471087489873137
378,379,377,376,825,373,372,893,371,250,0.590084960029756,0.478177428477485
378,379,377,376,375,373,372,979,371,250,0.646193210996885,0.466701564463515
378,379,377,376,375,373,155,372,371,250,0.686280178889104,0.492456123503203
378,379,185,433,375,373,372,859,371,250,0.639905998702423,0.490604403734447
378,379,377,376,375,373,372,3,371,250,0.715258820345789,0.484130624176233
378,379,369,376,375,373,372,42,371,250,0.559446563617104,0.460810920506533
378,379,377,376,375,373,372,27,371,250,0.73113491907359,0.490628510868402
378,379,377,376,375,373,372,918,371,250,0.686280178889104,0.484084676245314
378,379,377,376,375,373,372,291,371,250,0.646193210996885,0.474484166481263
378,379,119,376,375,373,372,30,371,250,0.622894742819272,0.477990256254233
378,379,377,376,375,373,372,822,371,250,0.734225270365181,0.475923297714373
378,379,377,282,375,373,372,288,371,250,0.670561869657584,0.466600606175921
378,379,377,376,375,373,372,955,371,250,0.646193210996885,0.469630554190514
133,379,377,376,375,373,372,490,371,250,0.629867552705821,0.475473634707348
378,379,377,73,375,373,372,723,371,250,0.670561869657584,0.458740439025366
378,379,377,376,375,373,127,372,371,250,0.646193210996885,0.473850050003105
378,379,377,376,576,373,372,364,371,218,0.52162855288633,0.478605785747857
378,379,377,376,375,952,817,372,371,250,0.603218623305066,0.445582848725814
378,379,461,376,375,373,372,438,371,250,0.665125930278309,0.460996938072183
378,379,377,376,375,373,372,683,767,250,0.569472083123876,0.489773671972247
378,379,37,376,375,373,372,332,371,250,0.634930197490564,0.454034915226578
378,379,377,376,375,373,372,8,371,82,0.65806527549576,0.472694133829059
378,379,377,40,333,373,372,999,371,250,0.530530098112954,0.455462450978185
378,379,377,558,375,373,372,733,371,250,0.629867552705821,0.456360515624125
558,379,377,376,375,373,372,936,371,250,0.695786409775492,0.480271330563692
378,379,377,376,375,373,372,754,371,250,0.708516792370986,0.479247385513714
378,379,377,993,375,373,372,904,371,250,0.710323329264931,0.452508506772848
378,379,377,376,375,373,372,551,371,250,0.686280178889104,0.477288706535849
378,379,377,376,375,373,372,844,371,250,0.686280178889104,0.472477717726493
378,379,377,376,375,373,372,976,371,484,0.594721391948051,0.455645137689027
378,910,261,376,375,373,372,81,371,250,0.658842101429215,0.490739779804941
378,379,377,376,375,373,372,561,371,250,0.686280178889104,0.484275794052858
378,379,377,376,375,373,372,120,371,250,0.646193210996885,0.487512462080467
378,379,377,376,184,373,372,786,371,250,0.616706978533485,0.488174932014581
378,379,377,376,375,505,372,730,371,250,0.603218623305066,0.439511218093329
378,379,377,376,375,879,372,918,371,250,0.603218623305066,0.474466798279874
378,379,128,376,375,373,372,317,371,250,0.626450496713123,0.479995660263593
378,379,377,693,375,373,372,845,371,250,0.670561869657584,0.452924466410295
378,379,377,376,375,373,372,980,371,250,0.646193210996885,0.467612551371756
378,379,377,376,375,373,372,550,371,712,0.594721391948051,0.477932814932216
378,379,377,376,375,373,372,154,371,250,0.686280178889104,0.490163936164593
378,379,377,376,375,373,372,235,371,250,0.686280178889104,0.479272291610073
663,379,377,376,375,373,584,372,371,250,0.629867552705821,0.514718290362585
378,379,377,376,375,373,372,87,371,250,0.646193210996885,0.499333721305449
378,379,377,376,519,373,372,782,933,250,0.550252673626401,0.476649554722837
378,379,377,376,375,373,372,546,371,214,0.672417156277036,0.457597143129001
378,379,377,376,375,373,372,992,371,250,0.646193210996885,0.47310974697528
378,379,377,376,375,373,902,372,401,250,0.610119544825157,0.465779221806159
378,379,377,376,375,373,372,125,371,250,0.646193210996885,0.483466012807164
378,80,377,376,375,373,372,169,371,250,0.629867552705821,0.488217400257675
378,379,377,376,375,373,372,719,371,250,0.646193210996885,0.468918623768828
378,379,377,376,375,373,372,363,371,250,0.646193210996885,0.501678676547849
378,379,377,376,375,373,372,763,371,250,0.646193210996885,0.472408136221332
378,379,377,429,375,373,372,846,371,250,0.734349752281795,0.474800565014015
378,344,377,376,375,373,877,372,371,250,0.670561869657584,0.482176667130463
378,379,377,376,375,806,372,280,371,116,0.588798946592471,0.439619966936947
378,379,377,376,375,373,372,570,371,250,0.711895523085586,0.474556300297914
378,379,377,376,375,373,372,368,371,250,0.686280178889104,0.481963057540977
378,379,377,376,375,373,372,846,371,250,0.686280178889104,0.479853039448613
378,379,377,376,375,373,372,101,371,250,0.646193210996885,0.4909283317613
378,379,377,376,375,373,372,313,371,250,0.646193210996885,0.455071820633954
378,314,377,376,375,373,372,806,371,250,0.670561869657584,0.469951736818475
378,379,377,376,375,373,372,300,371,250,0.647907860140234,0.485058429360725
378,379,377,737,375,373,372,616,371,250,0.780127834082322,0.461668252857777
378,379,377,376,375,483,372,464,371,250,0.56243041309142,0.435111059113787
378,871,449,376,375,373,372,921,371,250,0.542119019187642,0.497135974290582
378,379,377,376,375,84,372,906,341,102,0.49605886222253,0.446182004188277
378,379,377,376,375,373,310,372,315,250,0.610119544825157,0.498353980074634
378,379,377,376,375,373,372,611,371,807,0.594721391948051,0.484918173493898
378,379,377,376,375,373,372,884,371,652,0.553607807481009,0.467415943958979
378,379,377,376,375,373,372,488,371,250,0.646193210996885,0.484006668542291
378,379,377,376,375,373,372,886,371,250,0.686280178889104,0.485623226719055
378,379,377,472,375,373,372,490,217,250,0.552665023308804,0.452825430040768
378,949,377,376,375,373,372,520,371,250,0.629867552705821,0.476120135438173
378,379,377,376,375,373,516,372,371,528,0.553607807481009,0.46304918755117
378,379,377,376,375,373,372,276,371,250,0.647907860140234,0.472756729188685
378,379,377,376,375,373,372,87,371,250,0.646193210996885,0.499333721305449
378,379,377,376,375,373,372,374,371,250,0.646193210996885,0.500707487410392
378,379,377,376,375,373,372,33,371,789,0.693017466658847,0.46493154249276
378,379,377,376,375,373,372,342,371,250,0.646193210996885,0.466897281325742
378,379,377,376,375,373,372,130,371,690,0.553607807481009,0.474383730914257
378,379,377,376,924,373,372,295,371,250,0.548714998431319,0.478904966847789
378,379,377,376,375,373,372,835,371,250,0.646193210996885,0.480900950507806
216,379,377,376,375,373,372,82,371,718,0.617515945655602,0.483096764266331
378,379,377,376,375,373,372,16,371,250,0.646193210996885,0.485448342213573
378,379,377,376,375,373,372,420,371,250,0.686280178889104,0.476224975816638
378,379,559,376,375,373,372,172,371,250,0.559446563617104,0.473042855638364
378,379,377,376,375,373,372,985,371,250,0.646193210996885,0.462803540606703
378,379,377,376,375,373,372,558,371,250,0.646193210996885,0.472121736675216
378,379,377,376,375,373,372,905,371,250,0.646193210996885,0.485874394031774
378,379,377,376,375,373,372,989,371,250,0.686280178889104,0.470987464710324
378,379,377,376,744,373,372,750,371,250,0.548714998431319,0.47425780078233
378,379,377,376,375,373,372,930,371,250,0.646193210996885,0.464040140125349
378,379,377,376,216,373,372,88,730,250,0.510657941813471,0.465529110591038
378,379,377,376,375,373,372,161,371,250,0.646193210996885,0.489870943048972
378,498,377,376,375,373,372,861,371,250,0.629867552705821,0.449972602265731
378,379,377,376,375,373,372,213,371,250,0.710323329264931,0.47603916935088
378,379,377,376,375,373,372,66,371,250,0.710258955428858,0.472301757827969
378,102,377,376,375,373,372,381,195,250,0.656423861358289,0.470447815267395
378,379,377,690,375,373,306,372,371,250,0.629867552705821,0.453375404503963
378,379,377,376,375,373,372,795,371,250,0.646193210996885,0.465065426818137
378,379,377,376,375,373,372,365,371,250,0.646193210996885,0.487614151769087
127,379,377,376,375,373,372,348,371,250,0.670561869657584,0.487229802678402
378,379,377,376,375,373,372,403,371,250,0.646193210996885,0.485810719887911
378,379,377,376,375,373,372,320,371,250,0.646193210996885,0.48109711855094
378,379,191,376,745,373,372,684,905,409,0.384083109371757,0.497151432952415
378,379,377,376,497,373,738,372,371,250,0.548714998431319,0.471495307475476
378,379,377,376,292,373,372,435,371,250,0.630978003822221,0.464179467240679
378,379,377,376,375,373,372,862,371,250,0.646193210996885,0.473322384302567
378,379,377,376,375,373,372,738,371,276,0.556751837068663,0.475449131412655
378,379,97,376,375,373,372,125,371,250,0.562163098898851,0.477952368276075
480,379,377,376,375,373,372,73,371,250,0.702421977359748,0.475156072836902
378,379,377,376,780,373,372,40,371,250,0.548714998431319,0.45715219997089
378,379,377,376,375,373,372,497,371,250,0.646193210996885,0.471491457817442
378,379,377,175,375,730,372,665,371,369,0.50822869812514,0.40109281104013
378,379,377,376,375,373,372,528,371,250,0.646193210996885,0.464776240547482
378,379,377,376,375,373,372,107,371,250,0.686280178889104,0.488548342340856
378,379,377,376,375,373,372,282,371,250,0.646193210996885,0.47603916935088
378,379,377,376,375,373,372,644,371,250,0.646193210996885,0.482968477394089
378,379,377,376,375,373,372,452,371,250,0.728868983405639,0.468347575684862
378,217,377,950,82,373,372,944,371,250,0.562486143337378,0.447184901994717
378,379,377,376,811,373,372,241,371,250,0.666075244387534,0.484111910822938
378,379,377,376,375,373,470,372,371,250,0.646193210996885,0.475619209598352
378,379,377,376,375,373,372,99,371,250,0.686280178889104,0.493984828626316
378,379,526,376,375,373,372,623,371,250,0.683700500350509,0.464056403044557
378,379,967,376,375,373,372,339,371,250,0.559446563617104,0.455641569749065
378,379,377,376,375,373,372,695,371,250,0.686280178889104,0.484015075832406
378,686,377,376,375,373,372,520,371,250,0.670561869657584,0.47493103995473
378,379,377,376,375,373,372,677,371,250,0.686280178889104,0.475709360443063
378,379,377,376,375,373,372,393,330,250,0.610119544825157,0.501881816982927
378,379,377,376,374,373,372,923,371,250,0.623804972983765,0.487853313713179
378,379,377,376,375,373,372,881,371,250,0.646193210996885,0.482063012506157
378,379,377,376,375,373,372,423,371,250,0.686280178889104,0.475832451104646
378,379,377,376,375,373,372,407,371,250,0.686280178889104,0.472101149061138
378,379,377,376,375,373,372,70,371,250,0.724784254721336,0.471210113503019
378,193,377,376,375,373,372,441,628,360,0.52260340130933,0.45823149580738
378,379,377,376,375,373,372,862,371,250,0.646193210996885,0.473322384302567
378,111,377,376,208,4,372,227,371,250,0.584969354800572,0.445407631328777
378,379,377,376,375,373,372,670,371,250,0.686280178889104,0.472469838206521
378,379,377,376,375,373,372,715,371,475,0.597258072476161,0.495287121193557
378,379,377,376,40,373,372,632,371,250,0.590084960029756,0.470871325254678
378,379,377,376,375,373,372,126,371,250,0.646193210996885,0.496581795894216
378,379,377,861,375,373,372,275,371,250,0.629867552705821,0.425728772821035
378,387,377,376,375,373,372,506,371,250,0.709374120587742,0.477985114111245
378,379,377,376,375,373,422,372,371,250,0.646193210996885,0.480262826026719
378,379,377,376,375,373,372,61,371,250,0.646193210996885,0.482787452988089
378,379,377,376,185,373,372,552,371,440,0.450867825843134,0.470184352334635
378,379,189,376,219,373,372,471,371,250,0.457514722370292,0.463602295778699
378,379,377,376,375,442,372,723,371,250,0.603218623305066,0.44662850588644
378,379,377,376,375,373,372,634,371,250,0.646193210996885,0.470552078236207
378,379,377,376,375,373,372,67,371,250,0.646193210996885,0.477408922952268
378,379,377,376,375,373,372,835,371,718,0.556751837068663,0.483336319067339
45,379,377,376,375,373,372,766,371,250,0.629867552705821,0.473597016314951
378,379,377,376,375,373,372,206,371,250,0.646193210996885,0.471614995095964
378,379,377,376,375,373,372,275,371,250,0.646193210996885,0.468942750816466
378,439,377,376,375,373,372,750,371,250,0.629867552705821,0.457313843386478
378,379,377,376,375,373,372,861,720,250,0.569472083123876,0.441256690121755
753,843,377,376,375,373,78,372,371,250,0.640232551278349,0.503543901087597
276,379,377,376,647,373,209,372,371,250,0.622711353116468,0.495543217318827
378,379,377,376,375,373,372,243,371,250,0.646193210996885,0.482511641244177
378,379,377,376,375,373,142,434,371,971,0.577573702272227,0.467094053864218
378,379,377,376,375,373,372,825,371,250,0.686280178889104,0.48759608821521
378,379,377,376,375,373,372,695,371,250,0.686280178889104,0.484015075832406
698,379,377,376,375,373,372,970,371,250,0.670561869657584,0.467077947582987
192,379,377,376,375,373,372,834,371,250,0.629867552705821,0.493200435886136
378,379,377,376,375,373,414,372,371,250,0.646193210996885,0.481456757663914
378,379,39,376,825,373,372,343,371,250,0.499676850722568,0.479187721555611
378,379,377,376,375,373,372,117,513,250,0.569472083123876,0.479523395997318
378,379,377,376,156,876,372,273,371,250,0.595007638045295,0.440944436220846
378,379,377,142,375,373,372,798,371,250,0.670561869657584,0.462260039110557
378,379,377,780,375,373,372,800,925,250,0.593919834069629,0.452333255077477
378,379,377,376,375,373,372,556,371,250,0.646193210996885,0.468174997549553
378,379,377,376,375,373,372,409,371,548,0.625417225904924,0.514110877636998
378,379,377,376,375,373,883,372,371,250,0.646193210996885,0.485583149407575
378,379,377,376,375,373,372,360,371,422,0.553607807481009,0.462678867899785
378,379,377,376,375,373,372,70,371,250,0.724784254721336,0.471210113503019
159,157,377,376,375,373,372,841,371,250,0.803565934902759,0.486878134338631
159,157,377,376,375,373,372,508,371,250,0.723200903539357,0.493125080624333
159,157,377,413,375,373,449,372,371,250,0.694123478127879,0.465819464328538
159,157,377,376,429,373,372,682,371,250,0.777980645843637,0.513645514402114
159,157,377,376,375,373,372,270,371,250,0.73766731980312,0.497994850884328
159,157,377,376,375,373,372,978,371,250,0.723200903539357,0.485122921308358
159,157,377,376,375,373,372,16,371,250,0.723200903539357,0.502765194557475
159,157,377,376,375,373,372,668,371,250,0.723200903539357,0.489852789148073
608,157,106,376,375,373,372,275,371,250,0.562163098898851,0.480176764350996
159,157,377,376,375,373,372,890,371,250,0.723200903539357,0.477974005594878
159,157,377,376,640,373,372,856,371,250,0.629867552705821,0.479187161875943
39,157,377,376,375,373,372,236,371,250,0.629867552705821,0.467324466697859
159,157,377,376,375,373,372,162,371,250,0.78995920588622,0.495814889606409
159,157,377,376,375,373,372,247,371,250,0.785363479185686,0.489638862179434
159,157,377,376,375,373,372,247,371,219,0.698304847101196,0.482533709776978
821,157,377,763,375,373,372,2,371,250,0.640232551278349,0.453573997938477
159,157,377,376,375,373,372,247,371,250,0.785363479185686,0.489638862179434
419,157,377,376,375,373,372,247,371,250,0.734349752281795,0.474516039249207
159,701,377,376,375,373,372,247,371,250,0.818555316410509,0.496916086659775
159,157,377,376,375,373,372,247,371,250,0.785363479185686,0.489638862179434
159,157,377,376,375,373,372,247,371,250,0.785363479185686,0.489638862179434
159,157,377,376,375,373,372,247,371,250,0.785363479185686,0.489638862179434
159,157,377,376,375,373,688,247,371,250,0.756487912274697,0.481567106456965
159,157,377,376,375,373,372,247,371,250,0.785363479185686,0.489638862179434
159,881,377,376,375,373,372,247,371,250,0.756487912274697,0.489407419252073
159,157,377,935,375,373,372,247,371,250,0.820070783818301,0.473910834315778
159,157,207,376,375,373,43,903,724,250,0.626200519509648,0.482058744710503
159,157,377,376,375,373,372,247,371,512,0.698304847101196,0.485050477260428
159,157,377,376,375,373,124,247,371,250,0.756487912274697,0.486961795606037
159,190,377,376,375,373,372,247,371,250,0.756487912274697,0.484026182578378
159,157,377,376,375,373,372,247,371,250,0.785363479185686,0.489638862179434
159,157,377,376,375,373,372,247,371,250,0.785363479185686,0.489638862179434
928,157,377,376,375,373,372,247,371,250,0.756499343986588,0.476105896869609
159,157,377,376,375,373,372,247,371,250,0.785363479185686,0.489638862179434
159,157,377,376,375,373,372,247,594,250,0.751463223772189,0.494331908049063
159,157,377,376,375,142,372,247,371,250,0.745428775143255,0.468194929881246
159,157,377,376,375,373,372,247,371,250,0.785363479185686,0.489638862179434
159,157,377,376,375,373,372,247,371,250,0.785363479185686,0.489638862179434
159,61,377,376,930,373,372,247,371,250,0.663464720536067,0.46899733228505
481,157,377,15,375,373,372,247,371,250,0.663464720536067,0.480958482991022
159,157,377,376,597,373,372,247,371,250,0.710323329264931,0.487764052299082
159,157,377,376,487,373,372,247,371,250,0.694199529474356,0.485219993103833
159,157,377,376,375,373,372,247,371,250,0.785363479185686,0.489638862179434
159,157,377,195,375,373,372,247,371,250,0.795962490435461,0.470650112700448
159,157,377,164,375,373,372,53,371,250,0.734142150432967,0.495307117452355
159,157,265,376,375,373,840,247,371,250,0.744530625645088,0.486616844081399
159,691,377,376,375,373,372,247,371,250,0.756487912274697,0.481765497897564
969,157,377,376,375,367,372,247,371,250,0.610622827240438,0.440597409351617
281,157,377,376,375,373,372,247,371,250,0.734349752281795,0.496352982713329
159,157,377,185,375,373,372,247,156,250,0.743680711539351,0.484891814947521
159,157,377,376,375,373,372,247,371,250,0.785363479185686,0.489638862179434
159,157,377,376,375,373,529,247,371,250,0.839315317267261,0.47646101670718
159,157,377,372,375,708,293,247,226,250,0.641299772057863,0.469789626628517
159,157,377,376,375,373,704,247,371,250,0.795962490435461,0.489907054001983
159,157,377,376,375,789,372,247,371,852,0.6944579761148,0.450111394156698
159,8,377,376,375,373,372,247,371,250,0.795962490435461,0.491912406581045
159,157,384,376,375,373,372,965,371,250,0.701504860650943,0.463907007925239
159,157,377,376,375,373,242,247,371,250,0.795962490435461,0.496300772656247
127,157,377,376,375,373,372,247,371,250,0.694199529474356,0.478414650391454
159,157,377,376,375,373,372,247,371,250,0.785363479185686,0.489638862179434
159,157,377,376,375,373,372,247,371,450,0.698304847101196,0.467011802830489
159,157,147,376,375,373,372,247,757,250,0.683245821998986,0.478785339345964
159,157,377,376,375,373,372,247,260,847,0.638470843976893,0.475284832780403
159,358,377,376,375,373,372,247,371,250,0.795962490435461,0.497842347164923
159,157,377,376,375,373,372,247,371,250,0.785363479185686,0.489638862179434
159,157,377,376,375,373,372,247,371,250,0.785363479185686,0.489638862179434
159,157,377,376,375,373,372,247,371,250,0.785363479185686,0.489638862179434
159,157,377,376,375,774,65,247,371,250,0.716341611995313,0.45886290681818
159,157,377,697,375,373,372,247,371,250,0.820070783818301,0.474025552220647
159,157,377,376,375,373,259,455,669,250,0.682615772603237,0.517737103678414
159,157,377,376,745,373,372,247,371,250,0.694199529474356,0.48711551448647
159,157,377,376,375,373,372,247,371,365,0.698304847101196,0.494766898940153
159,157,377,977,559,373,372,247,371,250,0.663464720536067,0.465785611516025
159,157,377,376,375,373,372,247,691,250,0.712035500861907,0.483380108686037
159,157,377,376,375,373,372,755,371,250,0.762612226784901,0.501792939100658
159,157,377,376,375,373,372,247,371,250,0.785363479185686,0.489638862179434
159,157,377,376,375,373,858,247,371,250,0.756487912274697,0.499833975941506
159,157,377,376,375,373,372,247,371,250,0.785363479185686,0.489638862179434
159,686,377,376,375,373,372,247,371,250,0.795962490435461,0.485603659093961
159,157,377,376,375,373,740,247,371,250,0.756487912274697,0.48509906128996
83,891,377,376,375,373,372,2,371,979,0.545815003448687,0.47600397238428
159,157,590,376,375,603,372,247,371,250,0.70031129397952,0.468768605166768
159,157,50,376,375,704,372,247,371,250,0.691334539025869,0.453760608706489
159,157,377,376,375,373,372,247,371,250,0.785363479185686,0.489638862179434
159,157,377,376,375,373,372,247,737,250,0.795467577284643,0.485664902864518
159,475,377,376,375,373,960,247,533,250,0.679352975873568,0.482356324637908
159,157,377,376,375,373,372,247,512,250,0.712035500861907,0.486856747623751
159,157,377,376,375,373,372,247,371,250,0.785363479185686,0.489638862179434
159,157,377,258,375,424,372,247,371,250,0.716341611995313,0.479834535908238
159,157,377,376,375,373,372,618,371,250,0.785363479185686,0.500202598087384
159,157,377,376,194,373,372,914,371,250,0.702209918534385,0.493750689432058
159,157,377,376,375,373,576,247,371,563,0.73819869277724,0.498344360492239
119,556,377,376,62,373,372,718,371,973,0.497397037883876,0.484826595444889
159,157,377,376,375,373,372,247,371,250,0.785363479185686,0.489638862179434
159,157,377,376,375,373,372,921,939,250,0.721316848968064,0.504752666520228
159,157,377,376,375,373,372,247,371,250,0.785363479185686,0.489638862179434
159,157,377,376,375,373,372,247,371,250,0.785363479185686,0.489638862179434
159,157,377,376,375,373,372,247,371,250,0.785363479185686,0.489638862179434
159,157,377,376,375,373,372,247,371,250,0.785363479185686,0.489638862179434
159,157,377,376,375,686,372,247,371,250,0.745428775143255,0.465879828525978
159,157,377,376,986,373,372,247,371,250,0.694199529474356,0.469658496675899
159,157,377,376,329,373,372,247,371,250,0.694199529474356,0.499839630959072
159,157,377,376,375,373,372,247,371,250,0.785363479185686,0.489638862179434
159,157,377,376,375,373,372,247,97,250,0.726781460149188,0.49212085859673
159,157,377,376,375,373,659,247,371,250,0.820070783818301,0.487647656394033
159,157,377,376,375,373,372,247,371,250,0.785363479185686,0.489638862179434
159,157,377,376,375,373,180,939,371,250,0.849688031540964,0.501742083009586
159,157,377,376,375,18,372,247,371,250,0.720943806780379,0.485905744536043
159,157,377,376,375,373,372,247,371,250,0.785363479185686,0.489638862179434
159,157,377,376,375,373,372,247,371,250,0.785363479185686,0.489638862179434
159,157,143,376,375,957,367,247,371,250,0.714718014585152,0.434853127390218
789,157,377,376,179,373,372,247,371,250,0.66137362645716,0.472763985377414
159,157,377,614,375,373,372,247,371,250,0.818555316410509,0.488980945696286
159,157,377,909,375,373,372,247,371,250,0.826054033321481,0.47165101500555
159,956,377,376,375,373,372,247,371,250,0.756487912274697,0.482792324255749
159,157,377,376,375,373,372,247,371,250,0.785363479185686,0.489638862179434
159,157,377,376,375,373,372,247,371,250,0.785363479185686,0.489638862179434
159,157,377,376,375,373,372,247,371,250,0.785363479185686,0.489638862179434
159,157,377,376,375,373,372,247,371,250,0.785363479185686,0.489638862179434
31,157,377,376,375,92,372,247,371,884,0.589668164157402,0.445995554760184
159,157,377,376,375,559,372,247,371,250,0.705860303720608,0.47539420868403
159,157,377,376,375,373,372,247,371,250,0.785363479185686,0.489638862179434
159,157,377,376,375,373,372,247,371,170,0.698304847101196,0.487403211383486
159,157,377,928,375,373,372,247,371,250,0.816938409533279,0.46802016893382
159,157,377,376,375,373,372,247,371,250,0.785363479185686,0.489638862179434
159,157,377,376,375,373,372,247,371,250,0.785363479185686,0.489638862179434
159,157,377,376,375,373,372,247,371,250,0.785363479185686,0.489638862179434
159,157,377,376,375,373,311,247,371,250,0.795962490435461,0.511319246469072
159,157,377,376,375,373,372,247,371,250,0.785363479185686,0.489638862179434
159,157,377,376,375,373,372,338,371,250,0.723200903539357,0.496726362849476
131,157,377,376,332,373,372,247,371,250,0.746652330588505,0.464197569103911
159,157,377,376,375,373,372,247,371,250,0.785363479185686,0.489638862179434
159,157,377,376,375,373,73,247,371,250,0.756487912274697,0.490212778318599
683,157,377,376,375,373,372,247,371,250,0.694199529474356,0.494512823205257
159,157,377,376,375,373,835,247,371,250,0.756487912274697,0.491091836273586
159,157,377,376,375,373,372,247,371,250,0.785363479185686,0.489638862179434
354,377,62,376,375,373,372,247,896,250,0.65860733737786,0.503256585502147
159,157,377,376,375,373,372,247,371,242,0.73819869277724,0.493262634061534
159,157,377,376,375,373,372,247,371,250,0.785363479185686,0.489638862179434
159,157,377,376,375,373,372,247,371,250,0.785363479185686,0.489638862179434
389,157,377,376,375,373,372,247,371,250,0.770815103311176,0.475604946282998
159,157,377,494,375,92,372,247,371,250,0.785910696633876,0.456495259652874
159,157,678,376,375,373,372,247,371,250,0.742942178095236,0.490101518856517
159,157,377,376,375,373,372,247,371,250,0.785363479185686,0.489638862179434
555,157,415,376,375,373,372,247,371,250,0.686482268259632,0.491853276062208
159,157,377,376,375,373,372,247,371,250,0.785363479185686,0.489638862179434
159,157,377,376,375,373,372,247,371,250,0.785363479185686,0.489638862179434
35,157,377,376,375,373,372,247,425,250,0.680456663364329,0.470875278058014
159,157,377,89,375,373,372,247,611,250,0.722713604396736,0.482982651274654
611,157,377,376,375,373,497,668,371,250,0.598930885267042,0.488615348359003
159,157,377,376,375,373,372,247,371,250,0.785363479185686,0.489638862179434
159,157,377,376,375,373,372,247,371,250,0.785363479185686,0.489638862179434
159,157,377,376,375,373,372,247,904,250,0.758888742990033,0.479917285795308
159,157,377,376,375,373,372,247,371,250,0.785363479185686,0.489638862179434
159,157,377,376,375,373,372,247,133,250,0.712035500861907,0.489191009644046
805,157,377,376,375,373,372,247,371,250,0.734349752281795,0.482927724930693
159,157,377,376,375,967,839,247,371,250,0.705860303720608,0.454750836467702
159,157,759,376,375,373,372,247,371,250,0.703282782240178,0.477188335156083
159,157,377,376,375,373,715,247,371,250,0.785363479185686,0.507813399968632
159,157,377,376,375,373,330,247,371,950,0.667999899745902,0.518241002405133
159,157,377,376,375,373,372,247,371,250,0.785363479185686,0.489638862179434
159,157,560,376,375,373,372,247,371,250,0.742942178095236,0.485074481705741
159,157,377,376,375,373,168,247,371,250,0.756487912274697,0.495906872448785
766,157,377,939,375,373,372,247,371,250,0.737354695545826,0.45229854820407
159,157,99,376,375,373,726,247,371,250,0.743521068509825,0.496281653624837
159,157,377,376,375,373,372,247,371,250,0.785363479185686,0.489638862179434
159,157,377,376,375,956,372,247,371,250,0.705860303720608,0.463068493687766
159,553,377,376,375,373,372,247,371,250,0.795962490435461,0.493742361781844
159,157,377,376,375,373,372,247,371,250,0.785363479185686,0.489638862179434
159,157,377,376,375,373,372,583,371,250,0.783675167659809,0.507269885262145
159,157,377,376,375,373,372,247,371,226,0.698304847101196,0.487418664553637
159,438,377,376,375,373,968,247,429,250,0.717306972663305,0.472187621134222
159,157,377,347,677,373,372,247,371,250,0.704222292403049,0.482567679026701
159,157,377,376,375,373,372,247,371,250,0.785363479185686,0.489638862179434
159,157,377,285,375,373,372,247,371,250,0.756487912274697,0.473119670928211
159,860,377,376,375,373,372,247,371,250,0.842294991733594,0.481885158638329
159,157,377,376,375,162,372,247,371,250,0.773557790680746,0.466118613440441
159,157,377,376,375,373,372,619,371,250,0.762612226784901,0.493483544542408
159,157,377,309,375,373,372,247,371,250,0.756487912274697,0.478960886321398
159,157,377,376,375,373,372,247,371,250,0.785363479185686,0.489638862179434
159,157,377,800,375,373,372,247,371,180,0.757811631908935,0.48007998424928
159,157,377,376,375,373,372,245,371,440,0.696506709572429,0.478824575258069
159,157,377,376,375,373,372,492,371,250,0.723200903539357,0.498713067888816
159,157,377,258,375,373,372,247,371,250,0.756487912274697,0.496575022277842
159,157,377,376,375,953,372,247,371,250,0.705860303720608,0.450559050498287
159,157,709,376,375,373,372,247,371,250,0.71854922614185,0.47680967785553
159,157,377,376,375,373,372,247,371,250,0.785363479185686,0.489638862179434
159,157,377,376,375,373,372,247,371,250,0.785363479185686,0.489638862179434
159,157,377,924,375,373,372,247,371,250,0.756487912274697,0.475470760184429
159,157,377,376,375,373,372,247,371,250,0.785363479185686,0.489638862179434
692,157,377,376,375,373,372,247,371,167,0.601879128317558,0.469994336703762
159,157,377,376,375,373,372,247,371,250,0.785363479185686,0.489638862179434
159,157,377,376,375,373,73,247,371,250,0.756487912274697,0.490212778318599
159,157,377,376,375,373,372,247,371,250,0.785363479185686,0.489638862179434
159,157,377,376,375,373,372,720,371,250,0.723200903539357,0.489307375379258
869,157,377,376,375,688,372,247,371,250,0.673848184282244,0.450671587269836
159,213,377,376,375,438,372,247,371,250,0.755152240425538,0.443794872818038
159,157,377,376,375,636,372,247,424,250,0.670868336729813,0.469759691160594
159,231,377,541,375,373,372,247,371,994,0.664192487038024,0.442618646148666
159,157,377,376,375,373,372,247,371,250,0.785363479185686,0.489638862179434
314,157,377,943,375,373,372,247,371,250,0.663464720536067,0.447053494206732
159,157,377,376,375,373,372,247,371,988,0.770735054392472,0.483748918215789
308,794,377,376,375,373,372,247,371,250,0.727696796393776,0.476068809949919
159,157,377,376,375,373,372,247,371,250,0.785363479185686,0.489638862179434
159,157,377,376,375,373,372,247,371,250,0.785363479185686,0.489638862179434
900,157,377,376,274,373,372,247,248,250,0.577021533980298,0.504373085145361
159,157,700,376,375,373,372,247,371,250,0.742942178095236,0.47420167743312
159,157,366,856,375,373,372,247,371,250,0.713672074105393,0.470185596326674
159,157,808,376,375,373,372,247,371,250,0.703282782240178,0.470834569505727
159,157,377,376,375,373,372,247,371,250,0.785363479185686,0.489638862179434
159,157,362,376,375,373,372,247,371,250,0.703282782240178,0.48246301380224
159,157,377,376,375,373,372,247,371,250,0.785363479185686,0.489638862179434
159,157,377,376,375,373,372,247,371,250,0.785363479185686,0.489638862179434
159,157,377,376,375,373,948,247,371,628,0.70850109448149,0.478873235898042
159,157,377,376,776,373,372,247,371,250,0.785363479185686,0.476603274047142
159,157,377,376,375,373,125,247,371,250,0.756487912274697,0.493656898572944
159,157,377,376,375,373,372,486,371,250,0.723200903539357,0.495626060318316
902,157,377,376,123,373,372,247,371,250,0.638464692517352,0.474166273428842
159,157,377,473,375,373,247,490,371,999,0.623083943242893,0.472454070356982
159,157,377,376,375,373,372,247,371,250,0.785363479185686,0.489638862179434
159,157,377,376,375,373,372,247,371,250,0.785363479185686,0.489638862179434
159,157,377,774,375,777,372,247,371,250,0.716341611995313,0.479142678069417
159,157,377,376,375,373,372,247,146,250,0.712035500861907,0.497492349800103
15,157,594,376,375,373,372,247,371,250,0.64860759340888,0.497987721285345
159,157,377,376,375,373,372,247,371,250,0.785363479185686,0.489638862179434
159,157,377,376,375,373,906,97,371,362,0.650343685359553,0.502022675139212
159,157,377,376,375,373,202,247,371,250,0.82687709518166,0.493671207470085
159,157,377,376,375,373,372,247,371,250,0.785363479185686,0.489638862179434
159,157,377,376,375,373,372,247,371,250,0.785363479185686,0.489638862179434
159,528,377,376,375,373,339,247,371,250,0.713001336215993,0.471354928288607
159,411,377,376,375,373,372,247,371,250,0.756487912274697,0.507811160738
28,157,377,376,375,373,372,247,371,536,0.64305596769982,0.482101035617303
159,157,377,376,375,373,372,247,371,250,0.785363479185686,0.489638862179434
159,157,377,376,375,373,372,247,371,250,0.785363479185686,0.489638862179434
159,157,377,376,375,373,372,247,371,250,0.785363479185686,0.489638862179434
159,157,377,376,122,373,372,247,341,250,0.617605166998239,0.476128539762886
159,157,377,376,375,373,372,247,371,250,0.785363479185686,0.489638862179434
159,157,377,376,375,373,372,247,371,250,0.785363479185686,0.489638862179434
159,157,377,376,375,373,372,592,371,250,0.723200903539357,0.488042841125712
159,157,377,376,375,373,372,247,371,250,0.785363479185686,0.489638862179434
159,157,377,376,375,373,372,247,371,250,0.785363479185686,0.489638862179434
159,157,377,376,375,373,372,247,371,388,0.698304847101196,0.472728700427415
159,157,377,376,976,373,372,247,371,250,0.734349752281795,0.470718660334088
159,909,377,376,375,373,372,247,371,250,0.826054033321481,0.482516549298906
159,157,377,376,375,373,372,247,371,250,0.785363479185686,0.489638862179434
159,157,377,661,375,373,372,247,371,250,0.756487912274697,0.474931161904298
159,157,377,376,375,373,372,247,371,250,0.785363479185686,0.489638862179434
159,157,377,376,215,373,372,247,371,250,0.734349752281795,0.485189420848835
908,157,377,376,375,373,372,247,134,250,0.617605166998239,0.480970348325496
530,157,377,376,375,373,372,247,371,250,0.694199529474356,0.476023037672234
159,157,377,376,375,373,372,247,371,250,0.785363479185686,0.489638862179434
159,157,377,376,375,88,372,247,371,250,0.705860303720608,0.464774942647141
159,157,377,376,56,373,372,247,371,250,0.710323329264931,0.485161801454518
159,157,377,376,375,373,372,247,371,250,0.785363479185686,0.489638862179434
159,157,842,376,375,373,372,247,627,250,0.720765294754312,0.474604766236296
159,157,377,376,375,373,372,247,371,594,0.73819869277724,0.492525637685741
159,157,377,376,256,373,372,247,371,993,0.660001798875156,0.475959050077847
159,157,377,376,375,373,372,247,371,250,0.785363479185686,0.489638862179434
159,157,377,376,375,373,372,908,371,250,0.723200903539357,0.486509333935899
159,388,377,376,23,373,648,247,371,250,0.684207986988101,0.472283106205542
159,157,377,376,375,373,372,247,371,250,0.785363479185686,0.489638862179434
159,157,377,376,375,373,372,247,371,250,0.785363479185686,0.489638862179434
159,157,377,376,375,373,372,247,371,250,0.785363479185686,0.489638862179434
159,157,377,376,375,373,372,247,371,250,0.785363479185686,0.489638862179434
159,157,196,376,375,373,372,247,371,250,0.703282782240178,0.479564536552418
159,157,377,356,375,373,372,247,371,250,0.795962490435461,0.472667232045122
159,157,377,376,375,373,372,247,816,250,0.800461730966243,0.485155369583444
159,157,136,376,375,791,372,840,371,250,0.64530068023141,0.463766337344462
159,157,377,376,375,373,372,247,371,250,0.785363479185686,0.489638862179434
159,157,377,376,375,373,854,247,371,250,0.795962490435461,0.488647724290195
159,157,377,376,375,373,372,247,371,250,0.785363479185686,0.489638862179434
159,157,377,376,375,373,372,247,371,250,0.785363479185686,0.489638862179434
159,157,377,376,375,373,372,247,371,250,0.785363479185686,0.489638862179434
159,157,420,376,375,373,372,247,371,250,0.742942178095236,0.477188352402641
159,157,377,982,375,373,372,178,371,250,0.694123478127879,0.477143596708719
159,157,377,376,375,373,372,247,371,250,0.785363479185686,0.489638862179434
159,157,377,376,375,373,372,247,371,250,0.785363479185686,0.489638862179434
848,157,377,376,375,373,372,247,371,250,0.767584600244168,0.484483230087429
159,157,765,376,375,373,372,247,371,250,0.703282782240178,0.472380547383126
159,157,377,347,375,373,808,247,371,250,0.713001336215993,0.48245620266401
159,868,377,376,375,373,372,247,371,250,0.795962490435461,0.499375541768677
159,157,377,376,375,373,91,247,371,250,0.843507000253996,0.488107217197913
159,157,377,376,375,373,372,247,541,250,0.712035500861907,0.481356846639126
785,157,723,376,375,458,372,247,371,250,0.630493830610113,0.446341510186616
159,157,377,376,375,373,233,202,124,250,0.731694832237034,0.494766765730764
159,157,377,376,375,373,460,247,371,250,0.756487912274697,0.50772105871758
159,157,377,376,375,373,372,247,371,250,0.785363479185686,0.489638862179434
159,157,377,376,375,373,583,247,371,250,0.816938409533279,0.500143918684023
159,157,377,350,375,373,372,247,371,250,0.820070783818301,0.483772249817569
159,501,377,390,375,373,372,247,371,250,0.826774308470496,0.471504025936736
159,157,377,376,375,373,372,247,371,250,0.785363479185686,0.489638862179434
159,157,377,376,375,373,372,388,371,250,0.723200903539357,0.482892805600251
159,157,377,186,375,373,372,247,371,250,0.756487912274697,0.485952578089991
159,157,377,376,375,302,372,102,371,250,0.783771866051053,0.482303032237509
159,157,510,376,375,373,372,247,371,250,0.742942178095236,0.471453166703259
159,157,377,376,375,373,372,840,371,250,0.792673950509539,0.486325148057528
159,157,377,74,375,373,372,247,371,250,0.827240312976188,0.487944676494362
159,157,377,376,375,951,372,247,371,250,0.705860303720608,0.488078763321838
159,157,377,376,375,373,372,247,371,250,0.785363479185686,0.489638862179434
159,157,377,376,375,373,372,247,371,250,0.785363479185686,0.489638862179434
159,157,377,376,778,373,372,483,788,250,0.709066135108305,0.48677859670691
159,665,377,376,506,373,372,247,371,250,0.694199529474356,0.46646691953244
159,157,377,316,375,373,372,247,371,250,0.756487912274697,0.498803995828883
170,157,377,376,375,373,372,247,371,250,0.694199529474356,0.484815064600768
159,157,377,376,375,584,372,247,371,250,0.705860303720608,0.482593425082991
453,157,377,376,375,373,372,247,371,250,0.734349752281795,0.477724396361749
159,157,743,376,375,373,372,247,371,250,0.703282782240178,0.468859489923947
159,157,377,376,375,373,372,247,371,250,0.785363479185686,0.489638862179434
159,495,377,376,375,373,372,247,371,250,0.756487912274697,0.484357805066632
159,157,781,376,375,373,372,247,371,250,0.703282782240178,0.471793134682927
159,157,377,376,375,269,372,247,371,250,0.745428775143255,0.492761200392585
159,157,377,376,375,373,372,247,371,250,0.785363479185686,0.489638862179434
159,157,377,376,375,373,372,247,371,250,0.785363479185686,0.489638862179434
159,157,377,376,375,373,372,247,371,250,0.785363479185686,0.489638862179434
159,157,377,376,375,373,372,247,371,250,0.785363479185686,0.489638862179434
159,157,377,376,375,503,509,247,371,250,0.780477158661255,0.458279911125394
159,157,377,376,375,373,372,247,371,250,0.785363479185686,0.489638862179434
208,157,377,376,375,373,372,247,371,250,0.756499343986588,0.478653562429301
159,520,377,376,375,373,318,247,371,250,0.713001336215993,0.471075371923966
159,157,377,343,375,373,372,247,371,250,0.756487912274697,0.495176538776668
159,157,377,742,375,373,372,247,371,250,0.756487912274697,0.478213363224619
159,157,377,376,375,373,372,247,371,250,0.785363479185686,0.489638862179434
159,157,377,376,375,373,981,247,371,250,0.795962490435461,0.476010237653281
159,157,377,393,375,373,372,247,371,250,0.795962490435461,0.469352749289265
159,157,874,20,375,373,734,247,371,250,0.700247304431811,0.492590463779573
611,959,377,376,375,373,372,247,371,250,0.663464720536067,0.483820925685668
159,157,377,376,375,373,372,247,371,250,0.785363479185686,0.489638862179434
159,157,377,829,375,373,372,247,371,250,0.756487912274697,0.475748648134822
159,157,377,376,375,373,372,247,371,250,0.785363479185686,0.489638862179434
683,664,377,376,375,373,372,247,371,283,0.64305596769982,0.479041330031994
159,157,377,376,375,373,372,247,802,250,0.751463223772189,0.481035271712486
159,879,377,376,375,373,372,236,954,250,0.619705931359192,0.484469266844825
159,157,434,376,375,373,372,247,371,250,0.703282782240178,0.486111035518503
159,157,377,376,375,373,372,775,371,250,0.762612226784901,0.48854325381566
159,157,449,376,375,591,372,247,371,250,0.661391651359553,0.439252011939303
159,157,377,376,375,373,372,247,371,525,0.698304847101196,0.482587422127202
159,157,377,376,375,642,372,247,371,250,0.705860303720608,0.45338062995548
159,157,377,376,375,373,372,247,371,250,0.785363479185686,0.489638862179434
159,157,377,376,375,373,372,247,371,250,0.785363479185686,0.489638862179434
159,157,591,376,375,373,372,247,371,250,0.742942178095236,0.464822661185179
159,157,377,376,375,373,372,247,371,250,0.785363479185686,0.489638862179434
159,157,377,4,375,373,372,247,371,250,0.756487912274697,0.468720796413785
159,157,961,376,362,373,372,247,371,250,0.607665203847603,0.48062005790303
159,157,377,376,375,373,372,247,371,250,0.785363479185686,0.489638862179434
159,157,377,531,233,373,372,247,371,250,0.734562113759861,0.455180409893939
159,157,377,376,375,373,372,247,371,250,0.785363479185686,0.489638862179434
159,157,468,376,759,373,372,76,371,250,0.542119019187642,0.47648819546512
159,157,377,376,375,373,372,247,371,250,0.785363479185686,0.489638862179434
159,893,377,376,375,373,372,247,459,250,0.722713604396736,0.482685536823908
159,157,377,376,375,373,372,247,371,250,0.785363479185686,0.489638862179434
159,157,377,376,375,373,372,247,904,250,0.758888742990033,0.479917285795308
159,157,377,86,375,373,372,247,371,250,0.795962490435461,0.493413328886356
159,157,377,376,375,373,372,247,371,250,0.785363479185686,0.489638862179434
159,157,377,376,375,373,372,247,371,250,0.785363479185686,0.489638862179434
159,157,377,376,375,373,372,247,371,250,0.785363479185686,0.489638862179434
159,157,377,376,375,373,372,247,371,250,0.785363479185686,0.489638862179434
159,157,377,627,375,373,372,247,371,250,0.843507000253996,0.475664648462757
159,644,377,153,375,373,372,247,371,250,0.77364485216216,0.471842276675339
159,157,377,376,375,373,372,247,371,250,0.785363479185686,0.489638862179434
159,157,377,376,375,373,372,247,371,986,0.698304847101196,0.472347049241834
159,157,377,376,375,373,162,652,371,250,0.761153543970935,0.503604905857957
764,157,377,643,375,373,372,247,371,17,0.611499127376769,0.493076366332549
159,157,377,376,375,373,372,795,371,250,0.723200903539357,0.482382279162039
159,157,377,376,375,373,372,247,371,250,0.785363479185686,0.489638862179434
369,157,753,376,34,373,372,247,371,250,0.635655720890749,0.469381622916745
159,157,377,376,375,373,372,247,371,250,0.785363479185686,0.489638862179434
159,157,377,376,375,665,372,247,371,250,0.720943806780379,0.454661594547762
843,157,377,376,375,373,372,247,371,250,0.694199529474356,0.477222920467464
159,157,966,376,375,373,372,247,371,250,0.703282782240178,0.474555066274367
296,157,377,376,375,373,372,247,371,250,0.694199529474356,0.489034577865663
159,157,897,376,375,315,372,247,371,250,0.661391651359553,0.44828339052474
298,157,377,376,375,373,372,247,371,250,0.694199529474356,0.502693633457343
159,157,120,376,375,373,372,247,371,250,0.703282782240178,0.488475838666471
159,157,377,376,375,373,372,247,371,250,0.785363479185686,0.489638862179434
159,810,377,142,375,373,372,247,554,250,0.709577646392767,0.468415759460052
159,269,377,376,775,857,372,880,371,250,0.617659177540069,0.480169368761825
159,157,377,376,375,373,946,247,371,250,0.756487912274697,0.512183507303728
117,157,377,376,375,373,372,247,371,488,0.601879128317558,0.473347370242698
159,157,377,376,215,373,372,247,371,250,0.734349752281795,0.485189420848835
159,157,377,376,375,373,372,247,371,250,0.785363479185686,0.489638862179434
159,157,377,376,375,373,372,247,371,250,0.785363479185686,0.489638862179434
159,157,377,376,375,373,372,247,371,250,0.785363479185686,0.489638862179434
159,157,377,376,964,373,372,247,371,250,0.694199529474356,0.473955741531935
159,157,377,376,375,373,372,247,371,250,0.785363479185686,0.489638862179434
159,157,377,376,375,373,372,247,371,224,0.73819869277724,0.485604245139835
159,157,377,376,375,373,372,247,371,250,0.785363479185686,0.489638862179434
159,157,66,376,375,645,372,247,371,250,0.747201404436888,0.449062675850193
159,157,377,376,375,373,372,154,371,250,0.762612226784901,0.507480788508495
159,157,377,376,375,373,372,247,17,250,0.712035500861907,0.508208783887397
159,157,377,376,375,373,372,247,371,250,0.785363479185686,0.489638862179434
159,157,377,704,375,373,372,247,371,250,0.795962490435461,0.476195040688762
159,783,377,376,375,373,372,247,371,250,0.820070783818301,0.487517386096992
594,157,377,376,375,373,372,247,371,250,0.734349752281795,0.489937490903022
159,762,377,376,375,373,372,832,371,250,0.822047645828253,0.47695647713499
159,157,377,376,375,373,617,247,467,250,0.769224610881027,0.481690626344972
52,157,377,376,375,373,372,247,371,704,0.64305596769982,0.477372220358023
159,157,377,376,375,373,90,247,371,250,0.795962490435461,0.496134005033313
159,157,377,376,375,373,372,247,371,250,0.785363479185686,0.489638862179434
159,157,377,376,375,373,372,247,718,250,0.726781460149188,0.493880501102289
159,157,917,376,375,373,372,247,617,250,0.760600039660192,0.465085572357553
159,157,377,376,375,373,372,247,654,250,0.798361702883169,0.486781511447792
159,157,158,376,375,373,372,247,371,250,0.742942178095236,0.478359800539874
159,157,377,376,375,373,372,247,269,250,0.751463223772189,0.51409964174904
159,157,377,376,375,373,372,247,371,250,0.785363479185686,0.489638862179434
159,157,377,376,375,373,372,247,371,250,0.785363479185686,0.489638862179434
159,157,377,527,375,373,372,247,371,250,0.843507000253996,0.469134158209644
159,157,377,376,375,373,372,247,74,250,0.78347752991663,0.500424821576192
159,369,377,376,375,373,372,247,371,250,0.756487912274697,0.477865127651494
159,157,377,376,375,373,372,247,646,250,0.772844661286763,0.489662575758426
159,157,377,376,375,373,372,247,371,250,0.785363479185686,0.489638862179434
159,157,377,376,375,373,372,247,371,250,0.785363479185686,0.489638862179434
159,157,935,376,375,905,372,247,371,250,0.686782474924938,0.462251446479497
715,157,377,376,375,373,372,132,371,250,0.646193210996885,0.503460348447127
159,157,377,376,375,373,372,247,371,250,0.785363479185686,0.489638862179434
159,157,377,355,375,722,372,247,527,250,0.763164929176224,0.437272382987147
159,157,377,376,375,373,372,247,371,250,0.785363479185686,0.489638862179434
159,157,377,376,375,373,372,247,371,250,0.785363479185686,0.489638862179434
159,157,377,376,375,373,372,247,371,250,0.785363479185686,0.489638862179434
159,157,377,376,375,705,547,247,371,250,0.780477158661255,0.441607036996069
159,157,377,376,375,373,821,247,371,250,0.756487912274697,0.487769729647026
159,157,377,376,375,373,372,247,371,250,0.785363479185686,0.489638862179434
159,529,377,376,375,373,372,247,371,250,0.839315317267261,0.473614537687317
159,157,377,376,375,373,372,325,371,250,0.809299991524329,0.51944046332094
159,157,377,376,375,446,164,247,371,250,0.676165791513122,0.46417433204085
159,157,377,376,375,373,372,247,371,250,0.785363479185686,0.489638862179434
159,157,377,376,375,373,372,247,371,250,0.785363479185686,0.489638862179434
159,157,377,376,967,373,372,247,371,250,0.694199529474356,0.470098992538761
159,157,377,376,375,373,372,247,371,250,0.785363479185686,0.489638862179434
159,157,377,376,375,373,372,845,371,250,0.723200903539357,0.485665100831154
159,157,377,376,375,373,372,247,371,250,0.785363479185686,0.489638862179434
159,157,377,376,375,373,372,247,371,250,0.785363479185686,0.489638862179434
159,157,123,376,375,479,372,247,371,62,0.526753057759243,0.469562799457049
159,157,377,376,375,373,372,247,371,250,0.785363479185686,0.489638862179434
159,981,377,376,375,373,372,247,371,250,0.795962490435461,0.473163758633417
609,496,377,298,375,373,372,247,371,250,0.659483823376588,0.492716758945606
159,157,377,376,375,373,634,247,371,250,0.756487912274697,0.480742964001987
513,157,377,376,375,373,372,247,371,250,0.694199529474356,0.497505624710284
159,555,377,376,375,373,490,247,371,250,0.713001336215993,0.492881205535681
159,157,377,376,375,373,372,247,371,250,0.785363479185686,0.489638862179434
83,157,377,376,375,373,372,247,371,989,0.64305596769982,0.475648393308299
309,157,377,376,375,373,372,247,371,250,0.694199529474356,0.487046614257188
159,157,377,376,375,373,372,247,371,250,0.785363479185686,0.489638862179434
159,157,377,376,375,373,372,247,371,65,0.698304847101196,0.481903420567463
159,157,377,376,375,373,372,247,371,250,0.785363479185686,0.489638862179434
159,543,377,376,375,373,372,247,371,250,0.756487912274697,0.474150419508684
133,157,377,376,375,373,372,247,739,250,0.617605166998239,0.480844685455944
159,157,377,376,937,373,372,247,371,250,0.734349752281795,0.485794942580881
159,157,377,376,375,373,372,440,371,250,0.723200903539357,0.489771651651684
680,361,377,376,375,373,372,247,371,250,0.712081055365989,0.473671108817193
159,157,377,376,375,373,372,247,371,82,0.760146882472686,0.477764996173364
159,157,377,376,481,373,372,247,371,250,0.694199529474356,0.477292350958927
159,157,377,486,375,373,372,247,371,250,0.756487912274697,0.474788080426973
159,157,377,376,375,373,372,247,371,250,0.785363479185686,0.489638862179434
16,157,377,376,375,373,372,247,371,250,0.694199529474356,0.490012942601921
159,157,377,376,375,373,372,247,371,250,0.785363479185686,0.489638862179434
159,157,377,376,375,373,372,247,371,250,0.785363479185686,0.489638862179434
159,157,377,376,375,373,763,170,371,250,0.694123478127879,0.490527476363999
159,179,377,376,375,373,372,247,371,250,0.756487912274697,0.486427747721072
159,157,377,376,375,373,372,247,371,250,0.785363479185686,0.489638862179434
159,157,377,376,375,184,372,247,371,250,0.705860303720608,0.481148916440119
159,157,377,158,375,373,372,247,371,250,0.795962490435461,0.473875296406429
159,157,377,376,375,373,372,247,371,250,0.785363479185686,0.489638862179434
159,157,377,376,375,373,372,247,371,250,0.785363479185686,0.489638862179434
159,157,377,376,375,373,372,247,371,250,0.785363479185686,0.489638862179434
159,157,377,376,375,373,372,247,371,250,0.785363479185686,0.489638862179434
159,157,784,376,375,373,372,247,892,250,0.693219539473778,0.483234019431333
159,157,377,376,375,373,372,247,371,250,0.785363479185686,0.489638862179434
458,157,377,376,278,373,372,247,371,250,0.597031476003695,0.482612917661071
195,157,377,376,375,373,372,247,371,250,0.734349752281795,0.478735840636238
159,157,377,100,375,373,372,247,371,250,0.795962490435461,0.473606313845779
159,157,377,376,375,373,372,247,371,250,0.785363479185686,0.489638862179434
159,157,377,376,375,373,372,247,371,250,0.785363479185686,0.489638862179434
159,157,948,376,375,373,372,247,371,250,0.742942178095236,0.474857787650493
159,157,377,376,375,373,372,247,371,250,0.785363479185686,0.489638862179434
449,157,377,375,352,373,372,247,361,250,0.586388956535941,0.472850077180082
159,157,91,51,375,396,372,247,371,250,0.725565851796379,0.428690370559927
159,157,377,376,375,373,372,247,371,250,0.785363479185686,0.489638862179434
332,157,377,376,375,373,372,837,371,250,0.744024039445687,0.473737416268974
159,157,377,503,375,373,285,247,371,250,0.776800752740566,0.468317220701621
159,157,377,376,375,373,372,247,371,250,0.785363479185686,0.489638862179434
159,157,377,376,375,373,372,247,371,250,0.785363479185686,0.489638862179434
159,157,377,376,375,289,372,247,371,250,0.705860303720608,0.459924730002956
159,157,377,376,375,373,372,247,371,250,0.785363479185686,0.489638862179434
159,157,377,376,375,373,372,247,371,616,0.746244305111805,0.485275104425589
159,157,377,376,375,373,372,247,371,250,0.785363479185686,0.489638862179434
159,157,377,376,375,373,372,247,371,250,0.785363479185686,0.489638862179434
159,157,377,376,375,373,372,247,371,250,0.785363479185686,0.489638862179434
159,157,377,376,375,373,372,247,371,250,0.785363479185686,0.489638862179434
159,157,909,376,375,373,372,247,592,250,0.699863407550144,0.466181663275759
159,157,377,514,375,373,372,247,282,250,0.68267853242691,0.469306392207894
570,157,377,376,375,373,372,247,371,70,0.749957922320822,0.467844899180914
159,157,377,376,375,373,372,247,371,250,0.785363479185686,0.489638862179434
159,157,377,376,375,373,415,247,371,250,0.830219036480747,0.490593841099555
159,157,377,376,375,373,372,247,371,250,0.785363479185686,0.489638862179434
956,157,377,376,375,418,372,247,371,250,0.673848184282244,0.454669024631504
159,157,377,376,375,373,372,247,371,250,0.785363479185686,0.489638862179434
159,157,377,376,375,373,372,247,371,985,0.698304847101196,0.469956287777769
159,157,377,376,375,373,372,247,371,250,0.785363479185686,0.489638862179434
159,157,377,376,375,373,372,247,371,250,0.785363479185686,0.489638862179434
159,648,377,376,375,373,372,247,371,250,0.820070783818301,0.482015521831543
159,157,377,376,375,373,271,247,371,250,0.756487912274697,0.489667325154891
159,157,377,376,375,373,707,247,371,250,0.795962490435461,0.497393905089086
159,157,377,376,375,238,372,247,371,250,0.745428775143255,0.478093891457629
159,157,377,376,375,373,372,69,371,250,0.723200903539357,0.493556547664826
159,157,377,376,375,373,372,247,371,250,0.785363479185686,0.489638862179434
159,157,377,376,375,373,372,315,371,250,0.723200903539357,0.506401224970664
159,398,377,376,375,373,372,247,371,823,0.70850109448149,0.48770916614909
159,157,377,205,375,373,372,247,371,250,0.795962490435461,0.493155400908386
343,157,377,376,404,373,372,247,371,250,0.597031476003695,0.49504659129943
159,454,377,376,375,373,372,247,371,250,0.843507000253996,0.488212035029148
159,157,377,698,375,373,372,247,371,250,0.795962490435461,0.47041315441507
159,157,811,219,195,373,372,247,371,250,0.648610235502387,0.458834323486073
159,157,377,376,375,373,372,247,371,250,0.785363479185686,0.489638862179434
159,157,377,419,375,373,372,365,371,250,0.734142150432967,0.481722453246973
159,157,377,376,375,373,372,247,371,250,0.785363479185686,0.489638862179434
159,157,377,376,375,373,372,247,371,250,0.785363479185686,0.489638862179434
935,157,377,376,375,373,372,247,371,250,0.759855524050457,0.481996562251567
159,379,377,114,375,373,372,247,371,250,0.795962490435461,0.458024791660546
159,842,377,376,375,373,372,247,371,250,0.756487912274697,0.482479865031055
159,157,377,376,375,373,372,63,279,250,0.689236575349284,0.512754374311592
666,157,377,376,375,373,372,247,371,250,0.710323329264931,0.485664517683479
773,157,377,453,375,373,372,247,371,250,0.780950338334369,0.451412650767779
159,157,377,376,375,373,372,247,371,250,0.785363479185686,0.489638862179434
159,157,377,376,375,373,372,247,371,250,0.785363479185686,0.489638862179434
159,157,377,376,375,373,372,247,371,250,0.785363479185686,0.489638862179434
159,157,377,376,375,373,310,247,371,250,0.795962490435461,0.500140337858697
159,157,377,376,375,373,372,239,583,250,0.710290704268989,0.517371177078929
159,157,377,376,375,169,372,247,371,250,0.705860303720608,0.46482449062239
159,157,377,376,375,373,200,247,371,250,0.816938409533279,0.482627852536575
159,157,377,376,375,35,372,856,371,250,0.642692687106236,0.461797088744741
159,157,377,376,375,315,372,247,371,250,0.705860303720608,0.476704948804695
159,980,377,376,375,373,454,247,51,649,0.683904324468209,0.457323624939817
159,157,377,376,375,373,264,247,371,250,0.785363479185686,0.489147427172361
159,157,377,376,375,882,476,247,371,250,0.716341611995313,0.486083761675398
159,157,377,376,375,373,372,247,371,465,0.698304847101196,0.494129295812086
159,157,527,376,375,373,372,247,371,250,0.792896256873421,0.473618662343089
159,157,377,376,375,373,372,247,394,250,0.712035500861907,0.506569866599248
159,157,377,376,375,373,372,247,371,250,0.785363479185686,0.489638862179434
159,157,377,317,375,373,372,247,371,250,0.820070783818301,0.483994893426703
781,157,377,376,375,373,658,247,371,250,0.663464720536067,0.491558355476607
159,157,377,376,375,373,372,253,371,250,0.805978176515536,0.497901497599901
159,157,377,376,375,373,372,247,371,250,0.785363479185686,0.489638862179434
159,157,377,376,375,373,372,247,371,250,0.785363479185686,0.489638862179434
895,157,377,121,676,132,372,247,371,250,0.551034116017934,0.447131476893426
596,157,582,791,375,373,372,247,726,441,0.556262522401353,0.434838046599931
159,157,377,376,375,373,200,784,371,250,0.818398505142378,0.494179475947114
159,157,377,376,375,373,372,247,371,250,0.785363479185686,0.489638862179434
159,157,377,376,375,373,372,247,371,250,0.785363479185686,0.489638862179434
159,157,377,376,5,373,372,247,371,250,0.694199529474356,0.491145466084513
159,711,377,376,375,373,372,247,371,250,0.756487912274697,0.475591016194389
159,157,377,376,375,373,372,247,371,250,0.785363479185686,0.489638862179434
159,326,377,376,375,373,372,247,371,250,0.756487912274697,0.48520788028288
159,157,377,376,375,373,372,247,371,250,0.785363479185686,0.489638862179434
159,157,377,376,375,373,372,247,371,250,0.785363479185686,0.489638862179434
159,157,377,376,375,373,372,247,371,250,0.785363479185686,0.489638862179434
159,157,377,376,375,373,372,247,371,236,0.698304847101196,0.475490503132083
159,157,377,376,375,373,372,247,371,250,0.785363479185686,0.489638862179434
159,157,377,507,375,373,372,247,371,250,0.83269241569386,0.472137473100483
159,157,377,376,375,373,372,247,371,161,0.698304847101196,0.497023690220038
43,157,317,376,375,373,372,469,371,250,0.650295141920652,0.468879514758753
159,248,377,376,375,373,829,247,371,250,0.7530832634363,0.512543718252608
159,157,377,376,375,373,372,247,371,250,0.785363479185686,0.489638862179434
159,157,377,376,375,85,372,247,371,250,0.705860303720608,0.459426469523379
159,157,377,376,375,373,372,247,371,250,0.785363479185686,0.489638862179434
159,157,377,376,375,373,372,247,371,250,0.785363479185686,0.489638862179434
159,157,377,376,375,373,372,247,371,250,0.785363479185686,0.489638862179434
159,157,377,607,375,373,372,247,371,250,0.756487912274697,0.469128931743612
159,157,377,376,375,373,372,247,371,250,0.785363479185686,0.489638862179434
159,157,377,376,375,751,372,247,371,250,0.705860303720608,0.477947927930532
159,478,377,376,375,373,372,247,371,250,0.82586553876776,0.499320845696799
