861,718,574,944,958,821,365,552,452,503,0.288279800338599,0.394188873735401
862,122,737,861,875,619,909,448,311,231,0.34994238136537,0.422777780296094
863,858,861,862,155,502,388,266,819,759,0.390291519125858,0.492545269563228
863,861,967,507,315,891,188,921,212,680,0.355654788078835,0.464370718097084
863,861,430,862,315,609,178,70,332,281,0.318437384290408,0.485660290902254
863,861,53,862,315,591,40,266,541,340,0.355953106020364,0.48018631214161
649,861,408,862,315,613,287,266,428,209,0.313362610771498,0.468798278117937
863,861,333,862,315,600,355,266,758,853,0.304355457795256,0.491958439454561
863,861,966,862,315,836,570,266,197,691,0.332774140174947,0.50760313659422
863,861,82,862,315,551,332,266,967,459,0.367679653920207,0.449935021887185
863,861,534,862,315,530,384,266,180,684,0.356825156736082,0.46170248773001
863,861,232,862,315,970,895,266,435,295,0.33876847918291,0.488077438726274
863,861,308,862,315,680,928,266,300,272,0.335853579339714,0.449473706042552
863,861,752,862,638,258,932,266,171,168,0.314468599827162,0.467780922132922
863,861,607,862,315,313,493,266,307,229,0.442863440205946,0.493161160300942
863,861,777,862,315,313,939,266,628,676,0.371434144771023,0.474189612537031
863,861,156,862,315,313,493,266,475,104,0.378393348920581,0.474478359878803
863,861,327,862,315,313,493,266,625,140,0.399601108007144,0.467697674947254
863,861,883,862,315,313,493,266,646,630,0.399541034928638,0.468224779651126
863,861,48,862,315,313,493,266,646,891,0.370570379779279,0.481060482038225
120,861,92,862,315,313,493,266,646,891,0.354114461395144,0.42949259156562
863,861,936,862,315,313,493,266,646,891,0.382065263256492,0.466048990527046
863,861,791,862,315,313,702,266,646,891,0.381459738618225,0.459445136600351
863,861,866,117,315,313,493,266,534,411,0.376014203914187,0.501817057590513
863,861,546,862,151,313,496,266,646,891,0.431297551637609,0.447721866872063
863,861,468,862,315,313,493,266,646,891,0.38063305769792,0.483167734268164
863,861,216,862,315,313,493,266,646,891,0.378664477535325,0.483596577634502
863,861,799,862,315,313,493,814,864,891,0.391208647131479,0.45611983961495
863,861,290,862,315,313,62,266,646,891,0.367619865097786,0.524823696479658
863,861,133,862,315,313,493,266,646,891,0.372370795911631,0.48354876626626
863,861,248,862,315,313,493,266,265,891,0.380835719551993,0.498747925013924
863,861,328,862,679,313,493,266,646,891,0.383814619141876,0.473230043545032
863,861,157,862,315,288,493,266,646,23,0.309671441467293,0.46428299897138
863,861,4,862,315,313,493,266,646,891,0.381841618909921,0.483002751341153
863,861,832,100,315,313,493,266,798,891,0.387140373850808,0.488003505655547
863,861,290,862,315,313,493,266,646,891,0.387287229402831,0.479412813460746
863,861,427,862,309,313,493,266,646,891,0.370739799105704,0.464498186409393
863,861,702,862,315,313,493,266,646,891,0.382346705529035,0.46071358838355
863,861,603,862,315,313,493,266,646,891,0.413930535834579,0.462047267181954
863,861,93,862,315,313,493,266,646,891,0.402716226535475,0.464853795166709
863,861,502,862,315,313,493,266,646,891,0.381504370256299,0.484667357289447
863,861,680,824,315,313,493,266,318,891,0.387062405118555,0.473752809433607
863,238,861,862,315,313,493,266,646,891,0.373248632928547,0.47618052452314
863,861,91,862,315,313,493,266,646,891,0.386485809755223,0.457045784621354
863,861,412,862,315,313,493,266,646,904,0.372173708313756,0.464985516389697
863,861,418,862,315,313,493,266,646,891,0.382346705529035,0.471227832998235
863,121,861,862,315,313,493,266,646,891,0.379057199981711,0.47394827402825
863,861,787,862,315,313,493,857,646,891,0.399758862270696,0.441757132764455
863,861,427,862,315,313,493,266,646,658,0.357062652691801,0.465127839400847
863,861,592,862,315,313,493,570,646,891,0.38342966453629,0.439630056699753
863,137,861,862,315,313,493,266,646,891,0.390192782490554,0.485882096233983
863,861,818,862,315,313,493,266,646,891,0.383153571599546,0.48306048333936
863,861,736,862,315,313,493,266,646,891,0.376067725183026,0.474665059570214
863,861,541,862,315,313,493,266,646,891,0.378293423867058,0.483008306605271
863,861,497,862,315,313,493,266,646,891,0.394615816071803,0.483193257215796
793,861,50,862,315,313,493,266,646,891,0.350103695827934,0.441521090554
863,861,8,862,315,313,493,266,646,891,0.376724884381852,0.478291312974722
863,312,861,862,315,143,493,113,646,891,0.327887534060374,0.420603394065556
863,861,420,862,247,313,493,266,646,891,0.383931293381851,0.458299613930686
863,861,246,862,315,60,383,266,646,891,0.304130222525494,0.498524052514499
863,861,614,862,315,313,493,168,646,891,0.371781492248846,0.439137611461661
863,861,280,862,315,313,493,266,646,891,0.372755608220547,0.462773339016315
863,861,94,862,315,313,493,266,646,891,0.439786319055605,0.464767945552683
863,861,929,862,315,313,493,266,646,891,0.378293423867058,0.467529977895797
863,861,870,862,315,721,493,266,646,891,0.310743661663088,0.493694495426916
863,861,606,862,315,313,107,266,646,891,0.366552322778131,0.459795534312499
863,861,60,862,315,313,493,266,646,891,0.37098229466704,0.51817830033767
863,861,413,862,315,313,493,266,646,891,0.391769187102403,0.483023162684865
863,861,857,862,315,313,493,266,111,891,0.402044223218908,0.502893691760831
772,861,232,862,440,313,493,266,646,674,0.34183034647879,0.435045115769197
863,939,861,862,102,313,493,266,646,891,0.3797037158427,0.447529360087732
863,112,861,862,315,313,493,266,646,891,0.389549571183043,0.458219668584891
863,861,299,862,315,313,493,266,386,891,0.375629049610896,0.498917734415726
863,861,790,862,709,313,493,266,646,891,0.411042991821304,0.453133152090061
863,861,509,862,315,313,493,582,646,768,0.411651170400965,0.419799586757116
648,861,357,862,315,313,493,266,646,891,0.409448656141972,0.433066071813106
863,861,27,862,315,313,493,266,646,891,0.371743198640504,0.458236010825991
863,861,700,862,315,313,493,266,646,891,0.375460310017114,0.473876055594722
863,861,333,862,315,313,493,266,646,891,0.373248632928547,0.483262545333083
863,861,587,862,315,313,493,266,646,869,0.370933628286276,0.448157219187617
863,861,772,862,315,313,703,266,646,891,0.375088579795939,0.531474584888854
863,861,268,862,315,313,493,266,646,891,0.388552239125873,0.485378056514548
863,861,751,862,315,313,493,266,646,891,0.390318062795306,0.483934869370655
863,861,963,862,315,313,493,266,646,891,0.401604676454144,0.483002751341153
479,56,613,862,315,313,493,266,646,891,0.236691761039969,0.468200724025244
863,861,834,862,315,313,719,266,646,891,0.380661199364611,0.481254901590606
863,861,480,862,315,313,149,266,646,891,0.374611549812484,0.464321640116946
863,861,787,862,315,313,493,266,646,891,0.380155740261895,0.467382253915266
539,861,302,862,315,313,493,266,646,891,0.338608966473842,0.419144019815822
863,861,290,862,71,313,493,266,646,268,0.391646062754377,0.478525562233933
863,861,684,862,315,313,493,266,646,891,0.386272643045107,0.483791755316645
863,861,980,50,315,313,493,266,646,891,0.384058580712022,0.474964897914634
863,861,626,862,315,313,493,266,646,891,0.380736399570903,0.484921929071831
863,861,393,862,315,313,493,266,646,891,0.38215809224153,0.47549255154451
863,478,861,862,315,709,493,266,646,891,0.311929085321178,0.456507696537061
863,861,10,862,315,313,493,266,646,891,0.387964884094074,0.486367767003463
863,861,866,862,315,313,907,266,646,891,0.390133720766343,0.484283172202802
863,911,866,862,315,313,493,266,646,891,0.299845428605917,0.50773836526313
243,861,866,862,315,313,360,266,646,891,0.391402040213279,0.455886829824168
863,861,866,862,315,313,493,266,646,891,0.385380521954156,0.486144006371187
