491,697,795,356,749,689,836,907,668,28,0.592862573754412,0.707101072895605
631,491,822,936,455,666,589,247,930,28,0.605101766916831,0.571537980760182
572,492,491,737,520,500,655,585,162,10,0.595384543613792,0.643650316811904
492,493,13,491,162,300,935,470,866,57,0.561137891187671,0.669861686889926
493,494,492,68,491,933,804,762,429,125,0.577907649687262,0.70971846222253
494,495,493,492,250,491,815,109,30,1,0.560232798074794,0.657688361422656
495,496,494,493,492,603,491,475,617,512,0.630936702481633,0.711980038864744
496,497,495,494,493,492,909,491,610,527,0.63356367778792,0.695014769190625
497,498,496,495,144,493,492,177,491,410,0.631151389374,0.79521078715548
497,317,496,495,494,493,492,148,491,410,0.623590035211162,0.753557944954208
497,498,496,495,405,493,492,483,491,395,0.61218167493047,0.770220530089728
498,747,497,496,495,494,493,492,647,491,0.612826441846805,0.79521078715548
498,775,497,496,495,745,493,492,985,820,0.626484047040489,0.787708558341072
498,51,497,496,495,494,493,492,985,491,0.619392568006459,0.787708558341072
498,424,497,496,744,112,493,492,985,491,0.620196390467469,0.741274007500277
788,498,497,496,495,494,493,492,828,240,0.619366181203696,0.704962416334656
498,499,481,497,496,495,372,493,492,84,0.624101155812074,0.733544133634974
499,500,16,498,497,496,494,975,493,492,0.644649442354766,0.704038254428786
500,941,498,499,123,497,495,494,362,493,0.631847298220567,0.76271830127532
497,941,499,500,498,750,496,495,494,611,0.665621193039531,0.755216072460912
806,941,499,293,498,540,496,495,494,261,0.638117622553871,0.747713843646504
497,941,287,500,498,849,496,39,494,297,0.61460019068481,0.729028511494538
500,942,538,495,499,498,497,225,86,494,0.618265085322549,0.71821765079986
235,943,499,972,500,417,488,495,95,726,0.624086212474443,0.708811551842009
941,944,500,499,228,33,498,496,495,317,0.630011421509533,0.68103510386794
942,945,496,941,187,499,433,497,717,495,0.639327807576536,0.708759200402309
943,946,498,942,941,493,499,143,496,812,0.611140755979741,0.741046362449383
944,947,941,943,942,497,315,498,562,496,0.60137283475373,0.79521078715548
944,947,941,943,942,497,500,498,672,496,0.593798012331565,0.742681928818862
945,948,942,944,943,941,492,895,497,745,0.581714259977568,0.802713015969888
946,949,943,945,97,942,495,499,498,497,0.622642884098981,0.748548591263791
947,138,944,946,849,943,492,500,499,498,0.593923828026998,0.76271830127532
948,950,945,947,944,126,941,494,500,499,0.604239017529381,0.755216072460912
949,948,946,276,945,944,942,941,491,500,0.572227045962115,0.766036619515134
950,941,562,42,946,945,943,549,464,493,0.595907574282399,0.79521078715548
950,941,953,948,65,946,944,942,170,760,0.602941655485372,0.802713015969888
950,941,947,948,742,946,944,942,243,410,0.594521883056249,0.79521078715548
950,941,948,451,947,946,974,942,871,493,0.585270207358887,0.802713015969888
950,188,949,948,120,946,944,942,941,375,0.582027773961001,0.748776236314685
497,817,950,949,948,947,945,943,491,941,0.595892831063788,0.802713015969888
497,941,950,949,948,947,945,725,942,254,0.583786260594273,0.79521078715548
498,941,947,950,949,948,946,943,550,759,0.610852527914369,0.79521078715548
498,941,45,950,949,948,946,943,132,548,0.568190837332794,0.79521078715548
497,941,947,949,950,90,180,944,943,57,0.615437403792335,0.709973597936649
498,891,948,944,946,202,947,945,111,941,0.573613712511626,0.762591310521745
945,892,950,636,947,949,214,249,944,942,0.599758770951202,0.768313988359271
891,893,942,950,948,586,126,946,945,567,0.556997678381922,0.752492435980138
892,894,953,500,495,950,948,496,946,943,0.630174742180065,0.787708558341072
892,894,953,500,748,950,948,947,946,943,0.608604321473391,0.763655241877733
892,894,953,500,495,950,948,203,946,943,0.617105454357304,0.755180431949371
466,894,953,500,495,945,949,476,947,944,0.621285740216096,0.802713015969888
466,894,953,295,495,680,285,948,947,944,0.635471976553391,0.771157470692141
466,894,953,500,495,945,949,948,947,944,0.624475391359402,0.79521078715548
466,894,953,500,495,945,949,948,947,183,0.628615509327434,0.79521078715548
466,870,953,500,797,945,949,948,947,944,0.623125208339522,0.755300730295576
466,894,953,77,554,945,949,948,947,944,0.597742771026432,0.79521078715548
466,894,953,500,495,945,949,423,947,944,0.620842176397038,0.79521078715548
466,894,953,500,495,945,949,948,947,944,0.624475391359402,0.79521078715548
466,894,953,500,495,945,949,948,947,944,0.624475391359402,0.79521078715548
848,894,953,500,495,945,949,948,947,944,0.623605729057918,0.755180431949371
466,894,953,500,495,945,949,948,947,944,0.624475391359402,0.79521078715548
466,894,953,500,495,945,949,948,132,944,0.609637837816419,0.79521078715548
466,894,953,500,495,945,949,948,947,944,0.624475391359402,0.79521078715548
466,894,766,426,495,945,949,948,947,944,0.612415586390965,0.748753915096877
466,894,76,500,495,945,949,948,947,944,0.59995519554062,0.79521078715548
466,894,953,500,495,945,949,948,947,944,0.624475391359402,0.79521078715548
466,894,953,500,495,945,949,948,947,944,0.624475391359402,0.79521078715548
466,894,953,500,495,945,949,948,947,944,0.624475391359402,0.79521078715548
466,894,953,486,686,945,949,948,947,944,0.596769338658603,0.79521078715548
466,894,953,500,495,945,949,948,947,944,0.624475391359402,0.79521078715548
466,894,260,500,495,945,949,948,947,944,0.617653849307547,0.79521078715548
873,894,953,500,495,945,949,948,947,944,0.622837669584263,0.752646256135768
466,894,953,500,495,945,949,948,947,944,0.624475391359402,0.79521078715548
466,894,953,500,373,945,949,948,947,978,0.618031424710015,0.748886878451767
466,876,953,500,495,712,949,948,947,944,0.642684443333065,0.79521078715548
466,894,953,500,495,945,949,948,947,944,0.624475391359402,0.79521078715548
466,894,953,71,495,945,949,948,947,944,0.615184860159237,0.802713015969888
466,894,953,503,495,945,949,948,947,944,0.617252068960413,0.768562402583024
466,894,953,500,495,945,949,948,947,944,0.624475391359402,0.79521078715548
466,894,953,500,495,945,949,948,947,944,0.624475391359402,0.79521078715548
466,894,953,500,495,945,949,948,947,944,0.624475391359402,0.79521078715548
466,894,953,500,495,945,949,948,947,944,0.624475391359402,0.79521078715548
466,894,953,500,495,945,949,948,947,944,0.624475391359402,0.79521078715548
466,894,953,500,495,945,949,948,947,944,0.624475391359402,0.79521078715548
466,894,953,500,495,945,931,948,947,944,0.625485755541055,0.750466845081531
466,894,953,500,495,945,949,948,947,944,0.624475391359402,0.79521078715548
466,894,903,500,495,945,949,948,427,944,0.589969335325583,0.750619682601142
466,894,953,765,495,945,949,948,947,944,0.618364160576883,0.802713015969888
109,595,953,500,495,945,949,948,947,944,0.618495232461676,0.780206329526664
466,894,953,500,495,945,949,948,947,944,0.624475391359402,0.79521078715548
466,894,953,500,495,945,949,948,947,989,0.618072228681411,0.787708558341072
466,894,953,500,495,707,531,948,947,944,0.632856718185316,0.780206329526664
466,894,953,500,495,945,949,492,947,944,0.621497874729355,0.802713015969888
482,799,953,500,495,945,949,948,947,944,0.620207969916273,0.79521078715548
466,894,953,500,495,945,949,948,947,944,0.624475391359402,0.79521078715548
872,894,953,500,495,945,949,948,947,350,0.614483001780025,0.761060173768616
466,894,13,500,495,945,949,948,947,944,0.603083414458055,0.79521078715548
466,803,953,500,495,945,949,948,947,944,0.626755480154548,0.787708558341072
466,894,953,500,495,945,949,948,947,944,0.624475391359402,0.79521078715548
466,894,953,500,495,321,949,948,947,944,0.629411309953314,0.79521078715548
738,894,953,444,495,945,949,948,947,944,0.614179046719945,0.802713015969888
466,894,953,500,495,563,949,948,947,944,0.628797066226917,0.787708558341072
466,894,953,500,495,945,949,948,947,944,0.624475391359402,0.79521078715548
466,894,599,106,495,945,949,948,947,944,0.584630837265125,0.766036619515134
466,894,953,500,495,945,949,948,947,944,0.624475391359402,0.79521078715548
466,672,953,500,495,945,949,948,947,944,0.62701998821515,0.742681928818862
466,894,612,500,495,945,949,948,947,944,0.600185124528028,0.79521078715548
466,894,953,500,495,945,949,948,947,944,0.624475391359402,0.79521078715548
466,894,953,500,495,945,949,948,947,944,0.624475391359402,0.79521078715548
466,894,953,500,504,945,949,948,947,408,0.623226288870837,0.79521078715548
466,281,953,500,495,945,854,948,947,944,0.622401304934992,0.780206329526664
466,894,953,500,495,801,949,948,947,944,0.625489068156343,0.741251686282469
237,894,953,500,495,945,949,948,947,944,0.619030925625542,0.787708558341072
466,894,953,500,495,945,949,82,947,944,0.62832228065054,0.770305187924392
466,894,953,500,495,954,949,948,947,944,0.654595909834225,0.79521078715548
466,894,953,500,495,954,949,948,947,944,0.654595909834225,0.79521078715548
466,894,953,500,495,954,949,507,947,944,0.649840020911366,0.757857161764247
466,894,953,500,495,954,949,948,947,944,0.654595909834225,0.79521078715548
466,894,953,500,495,954,318,948,947,944,0.660567578995724,0.79521078715548
466,894,85,500,495,227,949,948,947,944,0.616185837898079,0.755089081707337
466,894,843,500,495,954,949,948,78,944,0.612192708033788,0.79521078715548
466,894,953,500,495,294,949,948,947,944,0.628069209613537,0.762802959109984
466,894,953,673,495,954,949,948,250,944,0.640408189770588,0.744032969123354
464,894,953,500,495,954,949,948,947,944,0.673792859697796,0.79521078715548
464,894,953,500,495,954,949,948,947,944,0.673792859697796,0.79521078715548
464,545,953,500,495,954,949,948,947,944,0.668538443407813,0.787708558341072
464,894,953,500,495,954,949,948,947,944,0.673792859697796,0.79521078715548
464,802,780,500,495,954,195,948,947,944,0.654017037176403,0.780206329526664
464,894,953,500,495,954,949,948,947,944,0.673792859697796,0.79521078715548
464,894,953,500,495,975,949,948,947,944,0.668151212901849,0.744032969123354
464,894,953,500,495,954,949,948,947,944,0.673792859697796,0.79521078715548
464,894,953,500,495,954,949,948,947,944,0.673792859697796,0.79521078715548
464,894,953,500,495,954,70,948,947,944,0.670325516968575,0.751037812956899
464,894,953,500,495,160,949,948,947,944,0.654893852002682,0.75622945116437
464,894,953,500,495,954,949,948,947,944,0.673792859697796,0.79521078715548
464,894,341,500,495,954,949,948,947,944,0.646002233271752,0.79521078715548
464,894,953,500,495,954,790,948,947,735,0.673748896199315,0.766036619515134
464,894,147,500,948,954,949,140,947,944,0.640568451500381,0.733628791469639
464,894,953,500,495,954,949,948,947,944,0.673792859697796,0.79521078715548
464,894,953,500,495,94,949,948,947,944,0.682170191482412,0.757130998261838
464,894,953,3,495,954,949,948,947,944,0.671852578391782,0.765714594308836
464,894,953,500,495,954,949,948,947,944,0.673792859697796,0.79521078715548
464,894,953,500,495,954,949,342,947,944,0.672195158425058,0.802713015969888
464,894,953,500,495,954,713,948,947,944,0.667838504141928,0.787708558341072
464,894,953,500,495,469,949,948,61,944,0.650081734096608,0.79521078715548
464,894,953,500,495,954,949,948,947,944,0.673792859697796,0.79521078715548
464,894,953,500,495,954,949,948,947,944,0.673792859697796,0.79521078715548
464,894,953,500,495,169,949,948,947,944,0.65441539528454,0.79521078715548
464,962,953,919,495,954,949,948,947,944,0.698886133440407,0.802713015969888
464,962,953,500,495,954,949,948,947,944,0.675645295024294,0.79521078715548
464,233,953,500,495,954,949,948,947,944,0.669468260218162,0.787708558341072
720,962,953,500,495,202,949,948,947,944,0.646218599560242,0.755089081707337
464,962,953,500,495,306,949,617,947,428,0.677509366120837,0.771157470692141
464,962,953,500,495,954,949,948,947,944,0.675645295024294,0.79521078715548
464,962,953,500,495,954,949,948,947,729,0.68831271254998,0.79521078715548
464,962,953,500,495,954,949,948,947,944,0.675645295024294,0.79521078715548
464,962,953,500,495,954,949,948,947,944,0.675645295024294,0.79521078715548
464,962,953,500,495,954,949,948,947,944,0.675645295024294,0.79521078715548
464,962,953,1,495,954,949,948,947,944,0.677299305682473,0.748776236314685
464,962,953,436,495,954,949,948,947,944,0.671327295232048,0.802713015969888
464,962,953,500,495,954,949,948,947,944,0.675645295024294,0.79521078715548
464,962,953,901,495,954,949,948,947,445,0.683168574486648,0.760873808936024
464,962,526,500,495,954,949,948,826,944,0.638948577206216,0.787708558341072
464,962,953,500,495,954,949,948,786,944,0.669436571339588,0.761060173768616
464,962,953,500,495,954,949,948,947,944,0.675645295024294,0.79521078715548
464,962,490,500,495,954,949,948,947,944,0.654919104911382,0.79521078715548
818,916,23,500,495,907,949,948,947,944,0.617527920072399,0.79521078715548
464,962,953,500,495,613,949,948,947,944,0.654678328762487,0.79521078715548
464,962,101,500,495,954,755,948,947,944,0.659105376036313,0.787708558341072
464,554,953,987,495,954,949,948,821,944,0.660854408496319,0.79521078715548
464,962,953,500,495,954,949,74,947,944,0.668415289350464,0.762682660763779
464,962,953,500,495,954,949,948,947,199,0.679895992806173,0.754389859845099
464,962,953,500,495,954,949,948,947,944,0.675645295024294,0.79521078715548
464,962,953,500,495,954,181,948,947,944,0.675309705129175,0.761060173768616
464,962,953,500,495,954,949,948,947,944,0.675645295024294,0.79521078715548
464,980,466,500,495,954,949,948,947,944,0.656133874999635,0.79521078715548
464,962,953,500,495,954,949,948,947,944,0.675645295024294,0.79521078715548
464,962,953,500,495,954,949,948,947,944,0.675645295024294,0.79521078715548
464,962,953,500,495,954,949,948,947,944,0.675645295024294,0.79521078715548
464,962,953,500,495,954,949,948,947,944,0.675645295024294,0.79521078715548
464,962,953,500,495,954,949,948,947,485,0.67671788682564,0.787708558341072
464,962,953,500,495,954,949,948,947,944,0.675645295024294,0.79521078715548
464,962,953,500,495,954,949,948,947,127,0.674788623331994,0.79521078715548
464,962,953,500,330,954,949,948,947,944,0.665807624109266,0.79521078715548
464,962,953,500,495,954,949,948,947,944,0.675645295024294,0.79521078715548
464,962,953,500,495,954,949,948,947,584,0.678961720059032,0.79521078715548
464,962,953,500,495,954,949,948,947,944,0.675645295024294,0.79521078715548
464,962,953,500,495,916,949,948,209,944,0.654901109186985,0.757130998261838
464,962,953,500,495,267,949,948,947,944,0.655922244250076,0.79521078715548
464,962,953,500,495,954,949,948,465,944,0.683244147797047,0.79521078715548
464,700,953,500,495,954,845,948,947,944,0.668494153096957,0.787708558341072
464,222,953,500,495,954,949,948,947,944,0.673210381826423,0.787708558341072
464,962,953,500,495,954,949,948,947,944,0.675645295024294,0.79521078715548
464,962,953,500,495,954,949,948,947,944,0.675645295024294,0.79521078715548
464,492,953,500,290,954,949,948,947,944,0.664628681884157,0.741251686282469
464,962,953,948,495,954,433,382,947,944,0.681277804107165,0.79521078715548
464,962,33,500,495,954,949,948,947,944,0.657874817447933,0.755180431949371
287,962,953,500,495,954,949,948,947,8,0.650296434631181,0.736530740308946
464,962,953,500,495,954,949,948,947,944,0.675645295024294,0.79521078715548
464,962,953,500,495,954,836,948,947,944,0.665218266333409,0.79521078715548
464,962,953,500,495,954,949,948,947,944,0.675645295024294,0.79521078715548
766,962,953,500,495,954,949,948,947,944,0.665919211752008,0.79521078715548
464,962,602,500,495,954,949,948,947,944,0.657934944256936,0.752646256135768
255,962,953,500,584,954,949,948,947,944,0.64823643539169,0.79521078715548
464,131,953,500,495,954,949,854,947,944,0.680133497214169,0.757130998261838
464,962,953,500,495,954,949,948,947,944,0.675645295024294,0.79521078715548
464,962,953,500,495,954,949,948,947,944,0.675645295024294,0.79521078715548
464,962,953,500,495,954,949,948,947,489,0.671588904832472,0.79521078715548
464,962,953,500,495,954,949,948,947,944,0.675645295024294,0.79521078715548
464,962,953,483,495,954,645,948,947,944,0.674979563912927,0.770305187924392
464,962,953,500,495,954,949,948,947,944,0.675645295024294,0.79521078715548
464,962,953,500,152,481,949,948,947,117,0.65337719788177,0.79521078715548
464,962,953,500,495,954,461,948,947,323,0.68124152025086,0.780206329526664
464,962,953,500,495,954,949,948,947,944,0.675645295024294,0.79521078715548
464,962,953,500,495,954,949,948,947,944,0.675645295024294,0.79521078715548
464,962,953,500,486,954,949,948,866,944,0.648966893538406,0.79521078715548
464,962,953,500,495,712,949,948,947,944,0.657458713267037,0.79521078715548
464,962,953,500,495,954,949,948,927,944,0.678131441346107,0.79521078715548
464,962,953,500,495,954,949,948,947,944,0.675645295024294,0.79521078715548
464,962,953,500,495,954,949,810,220,751,0.674295606881966,0.79521078715548
464,962,953,500,495,954,958,948,947,944,0.672240264195362,0.761060173768616
84,645,953,500,495,910,949,948,947,944,0.651471075217445,0.715270375089468
464,962,953,500,495,954,949,948,947,944,0.675645295024294,0.79521078715548
464,962,953,500,495,954,949,948,947,944,0.675645295024294,0.79521078715548
464,962,953,500,495,954,949,948,660,944,0.679209121547016,0.787708558341072
464,962,953,500,131,954,949,948,947,944,0.675610746678701,0.757130998261838
464,962,953,500,495,954,420,948,947,944,0.666546665703723,0.787708558341072
464,962,953,500,495,954,949,948,947,944,0.675645295024294,0.79521078715548
464,962,953,500,495,954,949,948,947,944,0.675645295024294,0.79521078715548
464,962,953,500,495,954,949,948,947,944,0.675645295024294,0.79521078715548
464,962,953,631,495,954,949,948,947,944,0.670886738311417,0.750003953142758
464,962,668,500,495,954,949,581,947,944,0.645334579323109,0.770305187924392
464,962,47,500,495,954,949,948,947,944,0.652936917118755,0.79521078715548
464,962,953,500,495,954,949,948,947,944,0.675645295024294,0.79521078715548
464,962,953,500,495,954,949,948,947,944,0.675645295024294,0.79521078715548
464,962,953,500,495,954,949,948,947,944,0.675645295024294,0.79521078715548
464,962,953,500,495,954,949,948,947,944,0.675645295024294,0.79521078715548
464,962,953,500,495,954,813,948,947,944,0.683098923482045,0.79521078715548
464,962,953,500,495,954,949,948,947,944,0.675645295024294,0.79521078715548
464,962,953,500,495,954,949,948,947,944,0.675645295024294,0.79521078715548
464,962,953,500,495,652,949,948,989,944,0.654257007372629,0.787708558341072
464,962,904,500,495,954,949,948,450,944,0.670429421826601,0.763655241877733
464,962,953,500,495,954,949,948,947,944,0.675645295024294,0.79521078715548
464,962,605,500,613,954,949,948,947,944,0.652239623696893,0.79521078715548
464,962,953,500,495,954,480,948,947,944,0.666761506456331,0.756453777660235
464,962,953,500,495,954,949,948,947,944,0.675645295024294,0.79521078715548
464,962,953,500,495,954,949,948,947,944,0.675645295024294,0.79521078715548
464,962,953,500,495,893,949,948,947,467,0.653862821145752,0.787708558341072
464,962,953,500,495,954,949,948,947,944,0.675645295024294,0.79521078715548
464,962,953,500,495,713,949,805,947,944,0.641201932914841,0.787708558341072
464,962,953,500,495,954,949,948,216,944,0.675119943623237,0.79521078715548
464,962,953,500,495,954,279,948,947,944,0.662231465340556,0.787708558341072
464,962,953,500,600,954,949,948,947,944,0.659798950687213,0.79521078715548
464,962,953,500,495,954,949,948,947,944,0.675645295024294,0.79521078715548
464,962,953,500,495,954,949,948,947,944,0.675645295024294,0.79521078715548
464,829,953,500,495,954,949,260,947,944,0.670876817345724,0.802713015969888
464,823,953,500,495,954,949,948,947,944,0.675979894078928,0.787708558341072
464,962,953,500,495,954,949,48,947,944,0.67048140496783,0.79521078715548
464,84,953,500,495,954,949,948,947,107,0.667796136794406,0.780206329526664
464,962,953,500,495,954,949,948,253,944,0.669856715666835,0.74499020716573
464,962,953,500,495,954,949,948,947,944,0.675645295024294,0.79521078715548
464,962,490,500,495,954,949,948,947,944,0.654919104911382,0.79521078715548
464,962,953,500,495,954,949,972,947,944,0.681750206044922,0.802713015969888
464,962,953,500,495,954,949,948,947,944,0.675645295024294,0.79521078715548
464,962,953,500,495,954,949,948,947,944,0.675645295024294,0.79521078715548
464,962,99,500,495,954,949,948,947,944,0.650756173413277,0.787708558341072
464,962,953,500,692,954,949,948,238,944,0.668255158022912,0.787708558341072
464,962,953,500,495,954,949,948,947,721,0.682520628814726,0.787708558341072
287,962,446,500,495,792,949,948,947,944,0.631060245227093,0.744032969123354
464,962,953,500,495,954,949,948,947,944,0.675645295024294,0.79521078715548
464,962,953,500,495,954,949,948,881,166,0.674644162211336,0.79521078715548
464,962,953,500,495,264,949,668,947,376,0.64665996291237,0.744364680689197
464,962,953,500,495,954,949,948,947,101,0.672807228652089,0.79521078715548
464,962,953,500,495,954,949,948,947,944,0.675645295024294,0.79521078715548
464,962,953,500,495,954,949,948,947,944,0.675645295024294,0.79521078715548
464,962,953,500,495,954,949,948,947,944,0.675645295024294,0.79521078715548
539,962,953,500,495,954,949,948,947,944,0.651465207751682,0.787708558341072
464,962,953,500,495,954,354,948,947,944,0.669742243514696,0.787708558341072
464,962,953,500,495,954,949,948,483,944,0.675704067980787,0.79521078715548
167,962,953,500,495,954,653,948,947,944,0.656295710184201,0.79521078715548
464,962,953,500,495,954,949,948,947,944,0.675645295024294,0.79521078715548
464,559,953,191,495,954,949,948,947,944,0.678134544336289,0.770220530089728
464,962,953,500,495,720,949,441,947,944,0.668217663077163,0.771157470692141
464,962,953,500,495,954,949,278,947,944,0.674218795744918,0.802713015969888
464,962,953,500,495,954,949,948,947,944,0.675645295024294,0.79521078715548
464,962,953,500,495,708,949,781,211,944,0.653815556222132,0.762802959109984
464,962,953,500,495,954,949,948,947,885,0.673118146292915,0.79521078715548
464,962,920,500,495,954,949,948,947,944,0.664042366874485,0.79521078715548
464,99,953,500,495,954,949,948,947,944,0.666803178827146,0.787708558341072
464,962,953,500,495,954,949,948,947,944,0.675645295024294,0.79521078715548
464,962,953,500,495,954,949,948,947,944,0.675645295024294,0.79521078715548
464,962,953,500,495,954,949,948,947,944,0.675645295024294,0.79521078715548
464,962,953,500,495,954,949,948,947,944,0.675645295024294,0.79521078715548
464,962,953,500,495,537,949,948,947,944,0.666650537901983,0.744032969123354
464,962,71,500,495,954,949,948,947,944,0.65522564638076,0.79521078715548
464,962,953,500,495,954,949,567,947,944,0.671868644391727,0.802713015969888
464,962,953,500,495,138,949,948,947,944,0.662148531495961,0.79521078715548
464,962,953,500,495,954,949,948,947,944,0.675645295024294,0.79521078715548
464,962,953,500,495,954,271,948,947,944,0.668923521582644,0.79521078715548
464,962,953,500,495,954,949,948,947,944,0.675645295024294,0.79521078715548
464,962,953,500,495,954,258,948,947,944,0.672200809417622,0.79521078715548
464,962,953,711,495,954,949,948,947,944,0.680799146099546,0.802713015969888
464,962,953,500,495,897,949,948,947,944,0.674531686230213,0.787708558341072
464,962,393,500,495,954,949,948,947,944,0.657370056968029,0.787708558341072
464,962,953,500,495,954,949,948,947,944,0.675645295024294,0.79521078715548
845,962,953,500,495,954,949,948,947,944,0.654949735371762,0.79521078715548
546,962,953,500,495,954,949,602,947,944,0.648099649964842,0.752646256135768
464,962,99,500,495,954,949,679,947,8,0.655614766732693,0.780206329526664
464,962,645,500,340,954,949,925,947,944,0.65207805922035,0.762802959109984
464,962,953,500,495,954,949,948,947,944,0.675645295024294,0.79521078715548
464,962,953,500,495,954,949,948,947,944,0.675645295024294,0.79521078715548
464,962,953,500,495,954,949,948,947,944,0.675645295024294,0.79521078715548
464,962,953,500,495,954,949,12,947,170,0.667129715336879,0.748776236314685
464,962,953,500,495,954,949,77,905,944,0.685097620929985,0.802713015969888
464,962,953,573,583,954,949,948,947,944,0.67184199197117,0.770305187924392
147,962,316,500,495,92,949,948,947,944,0.623062304685367,0.727956830621492
464,962,953,500,495,954,949,948,119,944,0.669129700432486,0.79521078715548
464,962,953,500,170,954,949,948,947,944,0.66285133484581,0.79521078715548
464,962,953,500,495,954,949,948,947,944,0.675645295024294,0.79521078715548
464,31,953,500,495,954,949,948,947,944,0.668107388557023,0.79521078715548
464,962,953,500,495,954,949,948,947,944,0.675645295024294,0.79521078715548
464,962,953,500,495,954,949,948,404,944,0.672976778124814,0.79521078715548
464,962,953,500,495,954,949,948,960,944,0.670427606765464,0.79521078715548
464,962,953,746,495,954,999,948,947,944,0.661588063396998,0.79521078715548
464,962,953,500,495,954,949,948,947,944,0.675645295024294,0.79521078715548
464,962,953,500,495,954,949,948,947,944,0.675645295024294,0.79521078715548
464,962,953,500,495,463,949,948,947,944,0.661657713650379,0.741274007500277
464,962,206,500,495,954,949,948,947,944,0.655947066967673,0.79521078715548
464,962,953,500,495,954,949,948,328,944,0.671394910040294,0.79521078715548
628,962,953,500,791,954,949,948,660,944,0.646429472686377,0.787708558341072
365,962,145,500,60,954,949,614,947,944,0.622459696849692,0.76271830127532
464,962,953,500,495,954,93,948,947,944,0.681476326470986,0.758212365494428
464,962,817,500,495,954,949,825,947,944,0.64943291724834,0.79521078715548
5,962,953,500,495,954,949,948,947,944,0.656337518624092,0.79521078715548
464,962,953,500,495,954,949,948,947,944,0.675645295024294,0.79521078715548
464,962,971,500,495,123,949,948,947,944,0.637999000653994,0.79521078715548
464,962,953,500,495,954,949,948,947,944,0.675645295024294,0.79521078715548
464,962,953,500,495,954,267,948,947,944,0.668775494282973,0.79521078715548
464,962,953,159,495,954,949,948,947,944,0.682343179138966,0.748776236314685
464,962,953,500,941,954,949,948,947,719,0.660329418081806,0.79521078715548
464,962,953,500,495,954,949,948,947,944,0.675645295024294,0.79521078715548
464,962,953,500,495,954,949,948,947,944,0.675645295024294,0.79521078715548
464,962,663,500,495,954,949,948,947,944,0.65476021039662,0.79521078715548
464,962,953,500,495,954,949,948,947,944,0.675645295024294,0.79521078715548
464,962,953,500,495,954,513,948,947,944,0.676418310647264,0.79521078715548
464,962,953,500,495,954,949,948,947,944,0.675645295024294,0.79521078715548
464,962,953,500,495,954,949,948,947,944,0.675645295024294,0.79521078715548
464,962,953,544,495,954,949,948,947,944,0.675294005496597,0.79521078715548
464,962,953,500,495,954,949,230,947,944,0.670431587997972,0.79521078715548
464,962,699,500,495,954,949,948,947,944,0.6591299238617,0.75622945116437
464,962,953,500,495,954,949,948,947,944,0.675645295024294,0.79521078715548
464,962,953,500,720,954,949,948,947,944,0.672203179096551,0.79521078715548
464,962,953,500,495,954,949,948,947,944,0.675645295024294,0.79521078715548
464,962,953,500,495,954,949,948,200,944,0.685507704056839,0.762802959109984
464,962,953,500,717,954,949,948,947,944,0.669297975297311,0.787708558341072
802,962,953,500,495,954,949,948,947,944,0.652755039063956,0.787708558341072
464,962,118,500,738,954,949,948,947,944,0.65265683826361,0.79521078715548
464,962,953,500,495,954,949,948,947,140,0.679984067953002,0.762802959109984
464,622,953,500,495,954,949,948,947,944,0.664779147196946,0.755089081707337
464,962,953,500,495,954,949,948,947,944,0.675645295024294,0.79521078715548
464,962,953,500,495,954,947,948,447,944,0.674640670417746,0.763655241877733
464,962,953,765,495,954,949,948,947,944,0.672864166077526,0.802713015969888
273,962,953,500,495,954,635,948,947,944,0.662001175401642,0.753557944954208
464,962,953,500,495,954,949,948,947,944,0.675645295024294,0.79521078715548
464,962,953,500,495,954,949,948,947,445,0.678367104433572,0.79521078715548
464,962,953,500,495,954,949,948,947,944,0.675645295024294,0.79521078715548
464,962,953,500,495,954,949,855,947,6,0.6684358216681,0.79521078715548
464,567,953,500,495,954,949,948,947,562,0.670894066073498,0.787708558341072
464,962,953,500,495,954,949,948,947,177,0.67315506391579,0.79521078715548
349,962,953,500,495,954,949,948,947,624,0.645618943348582,0.757130998261838
464,962,308,500,495,750,949,948,947,944,0.656843143314175,0.79521078715548
464,962,953,500,495,954,949,948,947,944,0.675645295024294,0.79521078715548
464,962,953,500,495,954,949,948,947,944,0.675645295024294,0.79521078715548
464,962,953,500,901,954,949,948,947,944,0.676003832115301,0.753371580121616
464,679,953,500,495,954,949,948,947,944,0.682397905399626,0.787708558341072
464,962,953,500,495,954,949,948,947,944,0.675645295024294,0.79521078715548
464,962,953,500,495,954,949,948,947,944,0.675645295024294,0.79521078715548
839,962,953,500,495,954,949,948,947,944,0.645131968543832,0.766036619515134
464,962,613,500,495,954,949,948,947,944,0.652270082859744,0.79521078715548
464,962,953,500,495,954,949,948,947,658,0.680559389498905,0.79521078715548
464,962,953,500,495,954,949,948,947,944,0.675645295024294,0.79521078715548
464,872,953,500,495,954,949,948,947,944,0.663681673873402,0.79521078715548
464,994,953,500,495,954,949,948,947,944,0.669468260218162,0.787708558341072
464,962,953,500,495,954,236,948,947,944,0.668210678760318,0.79521078715548
464,962,953,500,495,954,949,835,947,944,0.674122366237685,0.802713015969888
464,962,953,500,495,954,949,948,866,944,0.669685343818707,0.79521078715548
464,962,953,500,495,954,949,948,947,944,0.675645295024294,0.79521078715548
464,962,953,500,495,954,949,308,947,944,0.683461120348217,0.802713015969888
464,962,953,500,495,954,949,948,947,944,0.675645295024294,0.79521078715548
464,962,953,500,495,954,949,948,947,700,0.677785271860348,0.787708558341072
464,962,953,107,341,954,949,948,947,944,0.657659590257188,0.79521078715548
583,962,953,518,495,954,949,948,947,944,0.663537902126487,0.737812702044233
464,962,953,500,495,954,949,948,947,944,0.675645295024294,0.79521078715548
464,962,953,500,975,954,949,948,947,944,0.672836140942546,0.744032969123354
464,962,953,500,495,954,949,948,947,944,0.675645295024294,0.79521078715548
464,962,953,500,495,954,949,948,947,944,0.675645295024294,0.79521078715548
464,962,70,500,495,954,949,948,947,944,0.656635735239584,0.751037812956899
464,962,953,500,495,624,949,948,947,891,0.658073657209912,0.757130998261838
464,962,953,500,495,954,973,948,947,944,0.673777104657142,0.762802959109984
464,962,953,338,495,954,949,948,947,944,0.663648000997136,0.802713015969888
464,962,953,815,495,954,949,948,623,944,0.672335511097387,0.756389107266175
464,962,953,500,495,954,949,287,947,237,0.66620432124431,0.744032969123354
464,962,953,500,495,291,949,314,798,271,0.67769917225281,0.802713015969888
464,962,953,500,495,954,716,948,947,944,0.673057771913301,0.79521078715548
464,119,953,500,495,954,949,948,947,714,0.663363041981378,0.787708558341072
464,962,953,61,495,954,949,948,947,944,0.671137851003814,0.802713015969888
464,962,953,500,759,954,949,768,947,944,0.678777594814882,0.79521078715548
464,962,953,355,495,954,949,948,947,944,0.675882000310191,0.802713015969888
464,962,953,500,495,954,949,948,947,944,0.675645295024294,0.79521078715548
464,962,953,500,495,954,949,948,947,374,0.676631018492313,0.79521078715548
464,962,946,500,495,954,949,948,947,944,0.65623789671077,0.79521078715548
464,962,953,500,495,954,949,831,947,944,0.672823233383246,0.79521078715548
464,962,953,500,495,954,949,948,947,944,0.675645295024294,0.79521078715548
464,846,953,500,495,954,949,948,947,944,0.67050163525853,0.787708558341072
464,962,953,500,495,954,949,948,947,746,0.667366009076147,0.787708558341072
464,962,953,500,495,954,949,155,947,944,0.67043901100865,0.79521078715548
332,962,953,500,495,954,949,948,947,944,0.654561736048467,0.755108434894581
464,962,953,500,495,954,949,948,947,944,0.675645295024294,0.79521078715548
464,962,953,500,495,954,949,948,947,944,0.675645295024294,0.79521078715548
464,962,953,500,495,954,949,948,947,944,0.675645295024294,0.79521078715548
464,962,144,500,495,306,949,948,947,944,0.633371130458845,0.79521078715548
464,962,953,500,495,954,949,948,947,944,0.675645295024294,0.79521078715548
464,962,953,500,495,954,949,396,947,944,0.673528849290293,0.802713015969888
464,962,953,500,495,954,949,948,947,944,0.675645295024294,0.79521078715548
464,962,953,500,495,954,949,948,947,944,0.675645295024294,0.79521078715548
464,962,953,930,495,954,949,948,947,944,0.675622791851706,0.802713015969888
364,962,953,500,495,954,949,948,947,944,0.650949947937848,0.79521078715548
641,962,953,500,495,954,949,948,947,944,0.667496652685848,0.79521078715548
464,962,685,500,495,954,949,948,947,740,0.635252097952726,0.79521078715548
464,456,953,500,495,954,715,948,947,944,0.646180203883909,0.766036619515134
464,962,953,500,323,954,949,948,947,944,0.673979506395717,0.787708558341072
464,962,541,500,495,954,949,948,947,944,0.654943382845977,0.79521078715548
793,106,953,879,495,954,949,948,947,944,0.658305016333472,0.773538848329542
464,962,953,500,495,954,949,948,947,944,0.675645295024294,0.79521078715548
464,962,953,500,785,954,949,948,947,944,0.663591148871213,0.761060173768616
464,962,953,630,495,954,949,948,947,944,0.672267880244927,0.773538848329542
464,962,953,500,73,954,949,948,120,944,0.659157906671301,0.79521078715548
464,962,953,500,377,954,949,948,947,944,0.672292809860951,0.747796288175318
464,962,953,500,495,954,949,948,947,724,0.681347098362643,0.787708558341072
464,962,605,500,495,954,949,948,947,944,0.658488432337477,0.79521078715548
464,962,953,500,495,954,949,830,947,944,0.666879514197146,0.802713015969888
464,588,953,500,495,954,949,948,947,795,0.683646172302623,0.757130998261838
340,962,953,500,495,954,949,42,947,944,0.628540219995366,0.802713015969888
464,962,953,500,495,954,949,948,947,944,0.675645295024294,0.79521078715548
464,962,169,500,495,944,949,948,947,331,0.640424280272235,0.79521078715548
464,962,953,500,495,954,319,948,947,268,0.673631892499057,0.766036619515134
464,962,953,500,495,832,949,948,947,944,0.654303513892691,0.787708558341072
464,962,953,502,495,954,949,948,947,944,0.667598633621105,0.802713015969888
464,962,163,500,495,954,949,948,947,944,0.669167963629693,0.79521078715548
464,962,792,500,495,954,949,948,947,944,0.649290746291952,0.79521078715548
430,962,953,500,495,954,949,948,947,944,0.656675725651831,0.79521078715548
464,962,537,500,495,954,949,948,947,944,0.663959151716099,0.744032969123354
464,962,953,500,495,954,949,948,947,944,0.675645295024294,0.79521078715548
464,962,953,500,495,954,820,948,400,944,0.664287290985,0.733771778685869
464,962,158,500,495,954,949,948,947,574,0.642874204935043,0.787708558341072
464,962,953,500,495,954,949,948,947,944,0.675645295024294,0.79521078715548
464,962,953,500,495,954,949,948,947,944,0.675645295024294,0.79521078715548
507,962,953,500,495,954,949,948,947,944,0.653181398012913,0.750354932949839
464,962,215,500,495,954,398,948,947,944,0.651941172050683,0.787708558341072
464,962,953,500,495,954,949,948,947,944,0.675645295024294,0.79521078715548
464,962,953,500,281,954,949,948,947,712,0.670626181194406,0.787708558341072
464,962,953,500,495,954,949,948,947,944,0.675645295024294,0.79521078715548
464,962,953,500,495,954,949,948,947,944,0.675645295024294,0.79521078715548
464,962,953,500,495,954,949,948,947,944,0.675645295024294,0.79521078715548
464,115,953,500,495,954,949,948,947,34,0.675722544746837,0.748806266536577
464,962,953,500,495,954,949,948,947,944,0.675645295024294,0.79521078715548
464,962,953,500,495,954,949,948,947,944,0.675645295024294,0.79521078715548
464,962,953,500,495,954,949,948,947,284,0.677665190184981,0.76271830127532
464,962,953,500,495,954,949,59,355,944,0.677053653202231,0.802713015969888
464,962,953,500,495,954,949,948,947,944,0.675645295024294,0.79521078715548
464,962,953,500,495,954,949,948,236,944,0.674684154052002,0.79521078715548
464,962,953,500,495,954,518,948,947,944,0.673487763044427,0.76271830127532
753,962,953,500,495,954,109,715,947,944,0.635689043433727,0.758534390700726
464,962,953,500,495,954,949,948,947,944,0.675645295024294,0.79521078715548
464,962,953,500,495,954,949,948,947,944,0.675645295024294,0.79521078715548
464,608,953,500,495,954,949,948,947,944,0.673244486771502,0.766036619515134
464,962,556,736,495,954,949,948,947,944,0.653318079657234,0.79521078715548
464,962,953,500,495,954,949,948,947,944,0.675645295024294,0.79521078715548
297,962,953,500,495,275,949,948,947,944,0.630019269470736,0.79521078715548
464,962,953,500,495,954,949,948,947,944,0.675645295024294,0.79521078715548
464,962,953,500,495,954,949,948,947,944,0.675645295024294,0.79521078715548
464,574,930,500,495,954,949,948,947,944,0.648459771977657,0.79521078715548
464,962,953,500,495,954,949,948,947,944,0.675645295024294,0.79521078715548
464,962,953,500,495,954,949,948,947,944,0.675645295024294,0.79521078715548
464,962,953,500,495,954,949,948,564,944,0.674971557133523,0.787708558341072
464,962,953,500,141,954,949,948,947,944,0.670239799580465,0.748397836537276
464,962,953,500,495,954,949,948,522,944,0.679547794389518,0.79521078715548
464,962,953,500,495,954,949,948,947,944,0.675645295024294,0.79521078715548
464,262,930,500,914,954,949,948,947,944,0.639514421667543,0.748727222349962
464,962,953,500,495,107,949,948,947,944,0.657689258032064,0.787708558341072
464,962,953,500,495,954,949,948,947,944,0.675645295024294,0.79521078715548
464,962,953,500,495,954,949,948,947,944,0.675645295024294,0.79521078715548
464,962,953,500,495,954,949,948,947,944,0.675645295024294,0.79521078715548
464,272,953,500,495,954,949,948,947,944,0.667865479178302,0.79521078715548
155,962,953,500,495,954,949,948,947,944,0.651878737775068,0.787708558341072
932,962,953,500,495,954,949,948,611,944,0.664836294806977,0.762802959109984
464,962,953,500,495,954,949,948,947,944,0.675645295024294,0.79521078715548
464,373,953,500,495,32,949,948,947,944,0.660879698441327,0.748886878451767
464,962,953,500,495,954,220,948,947,944,0.674721226020164,0.787708558341072
464,962,953,500,495,954,875,948,947,944,0.670942893396339,0.79521078715548
667,35,953,500,495,954,949,948,947,944,0.667371351907891,0.766036619515134
464,962,953,500,495,954,949,948,947,944,0.675645295024294,0.79521078715548
464,962,953,500,495,954,949,948,947,944,0.675645295024294,0.79521078715548
464,962,953,500,495,954,949,948,947,549,0.676595913248477,0.787708558341072
464,700,953,500,495,954,949,948,947,705,0.672068873449443,0.753557944954208
464,962,953,500,495,954,949,948,947,944,0.675645295024294,0.79521078715548
464,962,953,500,495,954,949,948,947,668,0.670852156586955,0.79521078715548
464,962,953,500,495,954,949,948,947,820,0.674106230797872,0.787708558341072
464,962,953,500,495,954,949,948,947,944,0.675645295024294,0.79521078715548
464,962,953,500,495,954,949,948,947,944,0.675645295024294,0.79521078715548
464,962,953,500,495,392,949,948,947,944,0.657430607129608,0.79521078715548
464,962,953,500,495,954,949,948,947,944,0.675645295024294,0.79521078715548
464,962,953,500,495,954,949,948,947,944,0.675645295024294,0.79521078715548
464,962,953,481,495,954,949,948,947,944,0.671808111879228,0.802713015969888
464,962,953,500,495,954,949,948,947,944,0.675645295024294,0.79521078715548
464,962,953,500,495,954,949,948,947,944,0.675645295024294,0.79521078715548
464,962,953,500,495,954,949,786,947,944,0.663904099591698,0.768562402583024
490,962,430,500,495,954,949,948,947,944,0.635150681128953,0.79521078715548
464,962,953,500,495,954,949,948,115,944,0.678556468910044,0.79521078715548
464,962,953,500,495,954,949,948,947,944,0.675645295024294,0.79521078715548
464,962,953,500,495,954,949,948,947,944,0.675645295024294,0.79521078715548
464,962,953,944,495,954,949,829,947,212,0.673610718592065,0.767650713764584
464,962,890,500,495,954,923,948,947,944,0.661061541971004,0.756453777660235
464,962,953,500,495,954,728,948,947,944,0.67199169757524,0.787708558341072
642,358,953,500,495,954,949,948,293,944,0.646315914717123,0.787708558341072
464,962,953,500,495,954,949,948,947,944,0.675645295024294,0.79521078715548
464,962,953,500,495,954,80,948,947,944,0.665488767061989,0.79521078715548
464,962,953,500,495,954,949,948,947,944,0.675645295024294,0.79521078715548
758,962,953,500,495,954,949,948,947,944,0.662270613295826,0.79521078715548
464,962,953,500,495,954,859,948,947,944,0.666639946434824,0.741274007500277
464,962,953,500,495,954,949,948,947,900,0.676793342166784,0.79521078715548
464,962,953,500,495,106,949,948,947,944,0.660180054531273,0.766036619515134
446,962,953,500,495,954,949,948,947,944,0.67865675383887,0.79521078715548
464,962,953,500,495,954,949,948,947,944,0.675645295024294,0.79521078715548
464,962,953,500,495,954,949,948,947,944,0.675645295024294,0.79521078715548
464,962,633,500,495,954,949,948,947,944,0.661598925713435,0.761060173768616
464,962,953,958,495,954,949,948,947,944,0.679527963667236,0.768562402583024
464,962,276,500,495,898,949,948,947,944,0.647000842904767,0.766036619515134
464,962,953,500,495,954,949,948,947,114,0.675931353614251,0.787708558341072
904,962,953,500,495,954,949,948,947,944,0.653248142094529,0.763655241877733
557,962,953,500,495,954,949,948,947,944,0.65023885051724,0.763655241877733
464,962,953,500,495,954,949,948,947,944,0.675645295024294,0.79521078715548
464,962,529,500,495,954,949,948,947,944,0.654898400167482,0.744276880885857
464,962,953,500,495,282,949,948,947,944,0.652665601004269,0.79521078715548
464,492,953,500,495,954,949,948,947,712,0.66852498941082,0.79521078715548
464,962,703,500,495,954,949,948,947,47,0.656882220834066,0.79521078715548
464,962,953,360,495,954,949,948,947,944,0.681034329955371,0.802713015969888
464,962,953,500,495,954,949,948,947,944,0.675645295024294,0.79521078715548
464,962,953,500,495,954,949,948,947,944,0.675645295024294,0.79521078715548
464,962,953,500,832,954,949,948,947,944,0.662163300495713,0.787708558341072
453,962,953,500,495,954,949,782,947,944,0.65206356282735,0.752429867493934
464,962,953,646,495,954,949,948,947,944,0.673633782757086,0.770305187924392
464,962,953,500,495,954,985,948,947,944,0.671780653578251,0.79521078715548
464,962,953,500,495,954,81,948,947,944,0.661048101746398,0.79521078715548
509,962,953,491,495,269,949,948,947,944,0.637355309162106,0.787708558341072
464,962,953,125,495,954,949,948,947,944,0.670407532020727,0.802713015969888
464,962,953,500,495,954,874,948,947,180,0.684742660140256,0.734999495513942
464,962,953,500,99,954,949,948,600,944,0.653455528777987,0.787708558341072
464,962,953,500,983,954,949,948,947,944,0.653302398870413,0.79521078715548
464,962,406,814,495,954,949,948,947,878,0.678169564012187,0.79521078715548
464,962,35,500,495,954,949,948,525,944,0.660959986614748,0.79521078715548
252,962,789,500,495,954,887,948,947,944,0.630013090712046,0.718302308634524
464,962,953,500,495,954,949,948,947,944,0.675645295024294,0.79521078715548
464,962,953,500,495,90,6,840,947,944,0.644986014679224,0.75622945116437
464,962,953,915,495,954,630,948,947,944,0.670658170110126,0.773538848329542
464,962,953,70,495,954,949,948,947,944,0.675096638335122,0.758540041771307
464,962,953,500,495,954,949,588,947,944,0.678138590753979,0.764633227076246
464,962,953,500,495,164,949,26,947,944,0.658467481556732,0.802713015969888
464,962,953,500,495,954,949,948,947,944,0.675645295024294,0.79521078715548
464,962,953,572,495,954,176,425,947,944,0.667839171010327,0.737685711290658
464,962,953,500,495,954,949,948,677,944,0.675119943623237,0.787708558341072
464,962,953,500,495,954,115,948,947,944,0.665929366956259,0.79521078715548
464,962,953,500,495,954,949,948,947,944,0.675645295024294,0.79521078715548
464,962,953,500,495,954,949,948,947,944,0.675645295024294,0.79521078715548
464,962,953,500,495,954,949,606,947,944,0.677950406681175,0.773538848329542
464,962,507,500,495,954,949,948,947,944,0.655691336142726,0.750354932949839
464,962,953,500,495,954,949,475,947,944,0.676632754970067,0.79521078715548
312,962,953,500,673,954,949,948,947,944,0.656047924260736,0.787708558341072
464,962,953,500,495,954,949,948,645,944,0.6846483163579,0.762802959109984
464,962,953,500,495,954,949,948,947,944,0.675645295024294,0.79521078715548
464,962,953,500,495,954,949,948,947,944,0.675645295024294,0.79521078715548
464,962,19,500,495,954,949,948,592,944,0.653690151908486,0.79521078715548
464,962,953,500,495,954,949,948,947,944,0.675645295024294,0.79521078715548
464,962,953,901,495,954,949,948,947,944,0.683787234993927,0.760873808936024
464,962,925,410,495,954,949,948,947,598,0.663377672036259,0.787708558341072
464,836,953,500,495,954,949,948,947,944,0.668665404143384,0.79521078715548
464,778,953,500,495,954,949,948,947,944,0.67377477597097,0.761060173768616
464,962,953,500,495,954,949,948,947,944,0.675645295024294,0.79521078715548
464,962,953,500,495,954,949,948,947,944,0.675645295024294,0.79521078715548
464,962,953,500,495,954,949,948,947,944,0.675645295024294,0.79521078715548
464,962,953,500,495,954,949,948,947,944,0.675645295024294,0.79521078715548
464,433,953,500,495,954,949,948,947,944,0.680977142802259,0.79521078715548
464,962,953,500,495,954,949,948,947,944,0.675645295024294,0.79521078715548
464,962,953,500,495,954,949,106,947,944,0.673462612893598,0.773538848329542
464,962,953,500,495,954,949,948,947,944,0.675645295024294,0.79521078715548
464,962,953,500,469,954,949,948,947,879,0.67794934559446,0.79521078715548
958,962,953,500,315,954,949,948,947,944,0.646037765780033,0.761060173768616
464,962,953,500,495,954,949,948,242,944,0.676258138798786,0.787708558341072
464,962,953,500,495,954,949,44,947,944,0.657587533875377,0.802713015969888
464,962,953,500,495,954,949,948,947,944,0.675645295024294,0.79521078715548
464,962,953,500,495,954,949,948,947,525,0.680515849651907,0.79521078715548
464,962,953,427,495,33,949,948,947,944,0.659420044111139,0.725593785023849
464,773,953,500,972,394,949,948,947,944,0.658190842899479,0.752318179440505
732,962,953,500,495,954,949,948,530,944,0.657102046494756,0.79521078715548
464,962,953,500,92,954,949,948,947,944,0.678250140009332,0.757130998261838
3,962,953,500,495,954,949,948,947,944,0.660150034937148,0.758212365494428
464,962,953,500,495,954,949,948,947,944,0.675645295024294,0.79521078715548
464,962,608,500,495,954,949,948,947,944,0.657010076958897,0.766036619515134
464,962,953,500,495,954,949,948,947,944,0.675645295024294,0.79521078715548
132,962,107,500,495,954,949,948,947,944,0.637087905189662,0.787708558341072
464,962,953,500,495,954,949,948,947,907,0.673391259417997,0.79521078715548
464,962,197,144,495,954,949,948,947,944,0.652572471554454,0.758540041771307
464,962,953,500,495,954,949,948,947,944,0.675645295024294,0.79521078715548
464,962,953,500,495,954,949,725,947,944,0.665804879588575,0.802713015969888
464,904,953,500,495,954,949,948,947,944,0.672300662934636,0.763655241877733
464,962,953,500,495,954,949,948,947,944,0.675645295024294,0.79521078715548
238,962,953,500,495,954,949,948,609,944,0.659228915458228,0.787708558341072
464,962,953,500,975,954,949,948,947,944,0.672836140942546,0.744032969123354
804,962,953,500,495,954,949,948,947,463,0.654012286363709,0.733771778685869
464,962,953,500,495,954,949,607,947,944,0.691078198756205,0.802713015969888
464,962,953,500,495,954,949,948,947,944,0.675645295024294,0.79521078715548
464,673,953,612,495,954,857,948,947,944,0.663736075289932,0.79521078715548
464,962,953,500,495,954,949,948,947,944,0.675645295024294,0.79521078715548
464,962,953,500,495,954,949,948,947,944,0.675645295024294,0.79521078715548
464,962,953,206,495,954,949,948,947,944,0.673443564098805,0.802713015969888
464,962,953,500,495,954,949,948,947,944,0.675645295024294,0.79521078715548
464,962,953,791,495,954,949,948,947,944,0.675191583078016,0.802713015969888
461,962,953,500,495,954,949,948,373,169,0.653673779095952,0.741384649637359
464,962,31,500,495,42,949,948,947,944,0.627560940496181,0.79521078715548
464,962,953,500,495,954,595,467,947,632,0.656265292656811,0.780206329526664
464,962,953,500,495,954,105,948,432,944,0.678124613248508,0.762802959109984
464,962,953,500,495,954,949,948,947,944,0.675645295024294,0.79521078715548
464,962,953,500,495,964,949,948,947,944,0.651673457301597,0.79521078715548
464,962,953,500,495,954,949,801,947,944,0.662457945134099,0.748753915096877
464,962,953,500,495,954,949,948,947,944,0.675645295024294,0.79521078715548
168,962,953,500,495,954,949,948,947,944,0.656869216888803,0.79521078715548
464,962,953,500,495,954,949,948,327,944,0.688449587960625,0.79521078715548
464,962,953,500,495,954,949,948,947,944,0.675645295024294,0.79521078715548
464,962,953,500,495,954,949,948,947,997,0.67198810103395,0.787708558341072
464,962,953,500,495,954,949,948,947,944,0.675645295024294,0.79521078715548
464,962,953,500,495,954,949,948,947,944,0.675645295024294,0.79521078715548
464,962,953,500,495,68,221,948,947,944,0.645620182288526,0.787708558341072
464,962,953,500,495,954,949,948,296,944,0.671221684613302,0.79521078715548
464,962,953,500,495,812,949,948,947,944,0.648954529886505,0.79521078715548
464,962,953,500,495,954,949,948,947,944,0.675645295024294,0.79521078715548
464,962,746,500,495,954,481,948,947,944,0.631725007716874,0.787708558341072
464,962,953,500,495,900,322,948,947,944,0.651238111268342,0.79521078715548
464,962,953,500,495,954,949,948,947,944,0.675645295024294,0.79521078715548
464,962,953,500,941,954,89,948,947,944,0.644835403134766,0.787708558341072
464,962,953,28,495,954,949,948,947,944,0.678128069810917,0.79521078715548
464,962,953,500,495,954,949,948,947,944,0.675645295024294,0.79521078715548
464,962,953,500,495,954,949,948,947,944,0.675645295024294,0.79521078715548
464,962,953,500,495,954,949,948,947,944,0.675645295024294,0.79521078715548
464,962,953,951,495,954,949,948,947,944,0.678207441689448,0.802713015969888
464,962,953,500,495,954,949,948,200,944,0.685507704056839,0.762802959109984
464,962,953,500,495,954,949,948,947,944,0.675645295024294,0.79521078715548
464,962,953,500,495,954,949,948,947,784,0.675841562182518,0.761060173768616
464,962,263,500,495,954,473,948,528,944,0.663656142065632,0.745676043152186
464,962,953,500,495,954,949,948,947,302,0.680559389498905,0.748806266536577
464,962,953,500,495,954,949,948,947,944,0.675645295024294,0.79521078715548
464,962,953,500,495,954,949,948,947,944,0.675645295024294,0.79521078715548
464,962,953,500,495,954,949,948,815,944,0.666814390142207,0.79521078715548
464,962,953,500,495,954,949,948,947,944,0.675645295024294,0.79521078715548
464,962,953,500,495,954,949,948,947,944,0.675645295024294,0.79521078715548
464,962,953,500,495,954,949,948,947,178,0.676403374802324,0.79521078715548
464,962,953,500,495,954,949,948,947,944,0.675645295024294,0.79521078715548
464,962,953,500,495,888,949,948,947,944,0.652601313247345,0.751234605159683
464,962,953,500,14,954,949,948,947,944,0.664249029365911,0.762802959109984
464,962,953,500,495,954,949,948,947,944,0.675645295024294,0.79521078715548
464,962,953,500,495,954,352,948,947,944,0.671185082548659,0.79521078715548
858,962,953,500,495,954,949,948,947,944,0.661523810028466,0.79521078715548
464,962,953,500,495,954,949,948,947,944,0.675645295024294,0.79521078715548
464,962,953,855,495,50,949,948,947,944,0.651658951216289,0.787708558341072
464,962,953,500,495,954,949,948,947,944,0.675645295024294,0.79521078715548
364,962,953,500,495,954,949,948,947,944,0.650949947937848,0.79521078715548
464,962,953,500,495,954,98,948,947,944,0.662683313744621,0.787708558341072
464,67,953,500,495,954,949,948,947,944,0.662871223795021,0.79521078715548
390,494,953,493,495,954,949,948,947,944,0.647608940098901,0.752429867493934
464,962,953,500,63,954,949,948,103,944,0.661578799602293,0.787708558341072
464,962,90,500,495,954,949,948,947,944,0.661612038030798,0.787708558341072
464,962,953,228,495,954,949,948,947,944,0.66907937903719,0.79521078715548
464,962,953,500,495,954,949,948,947,944,0.675645295024294,0.79521078715548
464,962,165,500,495,954,805,948,947,944,0.661213153329403,0.787708558341072
363,962,953,500,495,954,949,948,947,944,0.655207894217183,0.79521078715548
464,962,953,500,495,954,949,948,947,944,0.675645295024294,0.79521078715548
464,962,953,500,495,954,949,948,947,944,0.675645295024294,0.79521078715548
464,962,953,500,495,954,949,948,947,944,0.675645295024294,0.79521078715548
464,962,953,500,495,954,949,948,947,944,0.675645295024294,0.79521078715548
763,719,953,500,495,954,949,948,947,944,0.650687137693433,0.79521078715548
464,962,953,500,495,166,862,707,947,944,0.645358234165694,0.79521078715548
464,962,953,500,495,954,949,948,947,944,0.675645295024294,0.79521078715548
464,962,953,500,495,954,949,948,947,944,0.675645295024294,0.79521078715548
464,962,953,500,495,954,949,948,947,944,0.675645295024294,0.79521078715548
464,962,953,500,495,954,949,948,947,944,0.675645295024294,0.79521078715548
464,962,995,500,495,954,949,948,409,944,0.655093486083731,0.780206329526664
464,962,953,500,495,954,949,948,947,944,0.675645295024294,0.79521078715548
464,962,953,500,495,954,949,933,947,944,0.674568494198985,0.802713015969888
464,962,953,500,495,954,949,948,947,944,0.675645295024294,0.79521078715548
464,962,953,500,495,954,949,948,652,944,0.674808328449257,0.79521078715548
464,962,214,500,572,954,949,948,947,944,0.656650342317178,0.713187825282313
464,962,939,500,495,954,727,948,947,243,0.661521430518029,0.755108434894581
464,962,953,500,324,356,949,948,947,944,0.656051629010635,0.787708558341072
464,962,953,500,495,954,949,948,493,944,0.667065037605081,0.79521078715548
464,962,953,500,495,954,949,948,947,944,0.675645295024294,0.79521078715548
464,962,953,344,495,954,949,948,947,944,0.673318904184369,0.802713015969888
464,962,953,321,495,954,949,948,947,944,0.676467485500586,0.802713015969888
464,962,953,500,495,954,949,948,947,944,0.675645295024294,0.79521078715548
464,962,953,500,495,954,949,948,947,944,0.675645295024294,0.79521078715548
464,962,534,500,495,954,949,948,947,944,0.65940952305348,0.79521078715548
464,962,953,500,495,954,949,948,947,944,0.675645295024294,0.79521078715548
464,962,706,500,495,954,949,948,947,944,0.654349007713575,0.79521078715548
464,962,527,500,495,954,949,948,947,944,0.651004368058516,0.741274007500277
464,962,953,500,495,954,949,948,947,944,0.675645295024294,0.79521078715548
464,817,953,500,920,954,949,948,947,944,0.667322003263128,0.79521078715548
464,962,916,500,495,536,949,241,720,944,0.64800315834506,0.762682660763779
464,962,743,500,495,954,859,231,947,944,0.649826621596869,0.748776236314685
464,962,953,500,495,954,949,948,947,944,0.675645295024294,0.79521078715548
658,962,953,500,495,945,949,948,947,944,0.634785326584387,0.79521078715548
464,93,953,500,495,954,949,948,947,944,0.684277268695809,0.758212365494428
464,962,953,500,495,565,949,177,947,944,0.652957042764982,0.79521078715548
464,962,953,500,495,954,949,948,947,530,0.671445567039483,0.79521078715548
464,962,953,500,103,954,949,948,947,944,0.660191799775774,0.787708558341072
464,962,953,500,495,954,949,948,947,944,0.675645295024294,0.79521078715548
464,962,953,500,495,178,949,948,947,944,0.659410577183568,0.79521078715548
464,962,953,500,495,410,949,948,947,512,0.669220024231759,0.787708558341072
464,962,953,500,495,954,949,948,947,653,0.677013922659487,0.79521078715548
464,962,953,500,495,954,949,948,947,944,0.675645295024294,0.79521078715548
464,962,953,500,495,954,949,948,947,944,0.675645295024294,0.79521078715548
464,962,953,500,495,954,949,801,947,944,0.662457945134099,0.748753915096877
464,962,953,500,495,954,949,948,947,944,0.675645295024294,0.79521078715548
464,962,953,500,495,531,949,948,947,944,0.657084348496511,0.787708558341072
464,962,953,500,495,954,949,948,947,702,0.676238234560736,0.748806266536577
464,962,953,500,495,535,484,948,947,944,0.634901618605007,0.79521078715548
667,962,901,500,495,954,949,948,947,944,0.658195272721546,0.724197412481271
464,962,953,500,495,954,949,948,947,944,0.675645295024294,0.79521078715548
464,962,953,500,818,954,949,948,947,944,0.659675225596693,0.79521078715548
464,962,953,500,495,954,949,948,947,944,0.675645295024294,0.79521078715548
464,962,953,500,495,954,949,948,947,944,0.675645295024294,0.79521078715548
464,962,953,396,495,954,290,948,947,944,0.66929422160624,0.748753915096877
464,962,953,500,495,954,949,948,947,944,0.675645295024294,0.79521078715548
464,962,953,500,495,954,949,948,947,944,0.675645295024294,0.79521078715548
464,962,953,500,495,205,949,948,947,944,0.663536381926511,0.787708558341072
464,962,953,500,495,954,579,948,947,944,0.672211595402801,0.763655241877733
464,962,953,500,495,954,949,948,947,944,0.675645295024294,0.79521078715548
464,962,953,500,495,954,949,948,947,944,0.675645295024294,0.79521078715548
464,551,953,500,495,954,107,948,947,944,0.654100915894674,0.780206329526664
464,962,953,500,495,954,949,948,947,944,0.675645295024294,0.79521078715548
464,962,953,500,495,954,236,948,947,944,0.668210678760318,0.79521078715548
464,962,953,500,415,954,949,948,947,944,0.67483794279831,0.752429867493934
464,801,953,500,495,954,949,948,947,944,0.66405984993479,0.741251686282469
162,962,953,500,495,954,949,948,947,944,0.658064539813673,0.758212365494428
464,962,953,500,495,954,224,948,947,944,0.671065512023186,0.787708558341072
464,962,953,500,495,954,949,527,947,944,0.665432566281334,0.748776236314685
464,962,953,500,495,954,949,948,947,944,0.675645295024294,0.79521078715548
464,962,953,500,311,954,929,948,947,944,0.663024286058741,0.755300730295576
464,962,783,500,495,954,819,948,947,944,0.636220398330707,0.761060173768616
464,962,953,500,495,954,949,216,947,944,0.672850294460932,0.802713015969888
610,857,953,500,495,954,949,948,947,333,0.662006251767147,0.787708558341072
464,962,953,500,938,851,949,948,947,939,0.654059682783498,0.747606206080173
464,78,204,500,495,954,949,948,947,944,0.651794772986967,0.752646256135768
464,962,953,500,495,954,949,948,947,944,0.675645295024294,0.79521078715548
464,962,953,500,495,731,949,393,947,944,0.655186647850589,0.787708558341072
464,962,953,500,152,954,949,948,947,944,0.673781112455031,0.79521078715548
464,962,953,500,495,954,949,948,947,944,0.675645295024294,0.79521078715548
464,962,953,500,495,954,949,948,947,960,0.671571253876807,0.79521078715548
464,962,953,977,495,954,949,948,947,944,0.676999434354013,0.802713015969888
464,962,953,500,187,954,949,948,947,944,0.677834626643885,0.741251686282469
464,962,953,500,495,603,949,948,947,39,0.668951531827591,0.751037812956899
464,962,953,500,495,954,949,948,947,944,0.675645295024294,0.79521078715548
464,962,953,500,495,954,949,611,947,944,0.681964867268192,0.802713015969888
464,962,953,500,495,954,949,948,947,944,0.675645295024294,0.79521078715548
464,962,953,710,495,954,949,948,947,944,0.680048785748082,0.762610663708989
464,962,953,500,495,954,949,948,947,944,0.675645295024294,0.79521078715548
464,892,953,500,495,954,949,948,947,944,0.664438822593764,0.79521078715548
464,962,953,500,495,954,949,948,947,944,0.675645295024294,0.79521078715548
464,962,953,500,940,954,949,948,947,944,0.681965919176531,0.79521078715548
464,962,953,500,495,442,949,948,947,944,0.663014268822593,0.79521078715548
464,488,953,500,495,954,949,948,947,944,0.669095826628072,0.79521078715548
464,962,441,500,495,954,949,948,947,944,0.662672546149602,0.763655241877733
464,962,953,500,495,954,949,948,947,944,0.675645295024294,0.79521078715548
464,962,953,500,495,954,949,948,947,944,0.675645295024294,0.79521078715548
464,962,953,500,257,954,949,948,360,944,0.674857464162226,0.79521078715548
464,962,618,500,495,954,949,948,947,944,0.660463435013214,0.763655241877733
464,962,953,500,495,954,949,948,947,944,0.675645295024294,0.79521078715548
464,962,953,500,495,954,949,948,947,944,0.675645295024294,0.79521078715548
464,962,953,500,495,954,949,948,947,944,0.675645295024294,0.79521078715548
464,962,953,694,495,954,949,948,947,944,0.681706726029326,0.802713015969888
464,962,953,500,495,954,949,948,947,944,0.675645295024294,0.79521078715548
464,962,953,500,495,954,949,948,947,944,0.675645295024294,0.79521078715548
12,962,953,500,495,954,949,948,947,944,0.64949454983248,0.741274007500277
464,962,953,500,495,954,949,948,947,944,0.675645295024294,0.79521078715548
464,962,953,500,495,954,949,948,947,944,0.675645295024294,0.79521078715548
464,962,947,500,495,362,949,948,680,944,0.644721079466677,0.763655241877733
464,962,953,500,495,954,949,948,947,944,0.675645295024294,0.79521078715548
464,962,550,500,944,954,491,948,947,172,0.612526643544533,0.787708558341072
464,962,953,500,495,954,949,948,947,946,0.675769010779008,0.79521078715548
464,962,953,500,495,954,896,948,947,944,0.670942893396339,0.787708558341072
464,321,953,500,495,954,949,948,947,944,0.674252673102748,0.79521078715548
464,962,953,500,495,954,949,948,947,944,0.675645295024294,0.79521078715548
464,962,953,500,495,954,949,948,947,944,0.675645295024294,0.79521078715548
464,962,953,500,495,954,949,948,947,944,0.675645295024294,0.79521078715548
464,962,953,500,495,954,949,948,947,944,0.675645295024294,0.79521078715548
464,82,953,500,495,820,949,948,947,944,0.650571184597143,0.755300730295576
464,962,953,977,529,954,949,948,947,944,0.662074766833477,0.751779109700265
464,962,953,500,495,954,949,948,947,310,0.676789751212157,0.787708558341072
464,962,953,273,495,954,949,948,947,956,0.690443594450433,0.768562402583024
464,962,953,500,495,954,831,948,947,197,0.6714244110435,0.743535584142491
464,962,953,500,495,954,949,948,947,944,0.675645295024294,0.79521078715548
866,962,953,500,495,954,949,948,947,944,0.645912453189331,0.79521078715548
464,962,953,500,495,954,949,948,947,944,0.675645295024294,0.79521078715548
464,962,953,500,495,954,948,662,947,944,0.663973519060011,0.766036619515134
464,962,953,500,495,954,949,948,947,782,0.677418456118067,0.752429867493934
464,962,953,500,495,954,949,948,947,944,0.675645295024294,0.79521078715548
332,962,953,234,495,954,949,948,947,944,0.654431062376979,0.762610663708989
464,962,302,500,495,954,221,948,970,944,0.657221171943933,0.741304037722169
464,962,953,500,495,954,949,948,947,944,0.675645295024294,0.79521078715548
464,962,953,500,495,954,949,948,947,944,0.675645295024294,0.79521078715548
464,962,953,500,495,954,949,948,947,944,0.675645295024294,0.79521078715548
464,962,902,500,495,954,949,948,947,944,0.659134294782537,0.787708558341072
464,962,953,500,495,954,949,948,947,944,0.675645295024294,0.79521078715548
464,884,953,500,495,954,949,948,947,944,0.681546931555719,0.79521078715548
464,962,953,500,495,954,949,948,548,304,0.675566644628951,0.787708558341072
464,857,953,500,495,310,949,948,744,944,0.65817010305467,0.787708558341072
464,962,953,500,495,954,949,948,947,944,0.675645295024294,0.79521078715548
464,962,953,500,274,954,949,549,947,944,0.663118427309557,0.766036619515134
464,962,953,500,495,954,949,948,947,944,0.675645295024294,0.79521078715548
464,962,892,500,495,954,748,148,947,944,0.646131760362415,0.771157470692141
464,399,953,500,495,637,949,948,403,944,0.644751035567851,0.753557944954208
464,962,953,500,495,954,949,948,947,944,0.675645295024294,0.79521078715548
464,962,953,500,495,954,949,50,947,944,0.673357469531663,0.79521078715548
464,962,953,500,495,877,949,948,947,507,0.675373747429164,0.742852704135431
464,962,953,836,495,954,949,948,947,573,0.674089938881063,0.802713015969888
464,962,953,500,495,954,949,948,947,944,0.675645295024294,0.79521078715548
464,962,953,500,495,954,949,948,947,944,0.675645295024294,0.79521078715548
464,962,953,500,495,954,949,948,899,944,0.67939743380333,0.79521078715548
464,962,953,500,495,954,949,948,947,944,0.675645295024294,0.79521078715548
464,962,953,500,495,954,949,948,947,944,0.675645295024294,0.79521078715548
464,962,953,500,495,368,949,948,947,944,0.652184867730789,0.787708558341072
421,962,953,500,927,954,949,948,947,944,0.641954026563208,0.787708558341072
464,962,953,500,495,954,949,737,947,944,0.673809479386128,0.753178271966594
464,962,953,500,495,954,949,948,947,944,0.675645295024294,0.79521078715548
464,962,953,500,495,954,949,948,947,944,0.675645295024294,0.79521078715548
464,962,953,500,495,954,399,948,947,944,0.673766646784704,0.787708558341072
464,609,953,500,495,954,949,948,947,944,0.678516136679298,0.79521078715548
941,227,953,734,495,954,949,948,947,944,0.650230027611404,0.755089081707337
927,962,953,500,495,954,922,948,947,944,0.653796629892113,0.76271830127532
464,962,953,500,495,954,949,948,947,944,0.675645295024294,0.79521078715548
464,962,953,500,495,628,949,948,406,377,0.682355189278578,0.747796288175318
464,962,179,500,495,954,949,975,947,944,0.664593660741875,0.751535197937762
464,962,953,500,495,954,949,408,947,944,0.671114653839645,0.802713015969888
661,962,953,500,495,954,949,948,947,944,0.648748461614648,0.79521078715548
419,962,953,363,495,954,949,948,947,944,0.655597011733963,0.79521078715548
464,962,953,500,495,954,949,948,947,944,0.675645295024294,0.79521078715548
464,962,594,500,495,33,949,948,947,944,0.635400180449196,0.747678203134963
464,962,953,499,495,954,949,948,933,944,0.687593940753087,0.770220530089728
464,962,953,500,495,954,949,948,97,944,0.669425482474481,0.766036619515134
464,962,953,500,495,740,949,948,947,944,0.652142634041786,0.79521078715548
879,962,247,500,495,954,949,948,947,944,0.640321578714463,0.763655241877733
464,962,423,500,495,954,949,948,947,71,0.655031326036659,0.787708558341072
464,962,892,500,495,954,949,948,947,944,0.648501598066512,0.79521078715548
464,962,35,500,495,954,949,948,947,944,0.658095354773382,0.79521078715548
464,962,953,500,495,954,949,920,947,944,0.681455693663826,0.802713015969888
464,962,953,500,495,954,949,948,947,944,0.675645295024294,0.79521078715548
464,962,953,500,495,954,949,948,407,944,0.675516724953133,0.787708558341072
87,962,166,500,672,954,949,948,947,944,0.627504933485109,0.742681928818862
809,962,953,500,495,954,949,948,947,944,0.648902486474026,0.79521078715548
464,962,392,698,495,954,949,948,947,944,0.657987893175447,0.79521078715548
464,962,953,500,495,954,949,948,947,944,0.675645295024294,0.79521078715548
464,962,953,500,495,954,949,948,947,944,0.675645295024294,0.79521078715548
464,962,953,500,495,954,949,948,178,944,0.676105990127729,0.79521078715548
464,962,953,500,495,954,949,948,947,944,0.675645295024294,0.79521078715548
464,962,953,500,495,954,777,948,108,944,0.676053789024622,0.787708558341072
464,962,953,500,495,954,949,948,947,944,0.675645295024294,0.79521078715548
464,962,953,470,495,954,949,788,947,692,0.673298952754747,0.759024648055627
464,962,953,500,495,954,949,948,947,944,0.675645295024294,0.79521078715548
464,962,356,500,495,954,949,334,947,944,0.6527909526838,0.787708558341072
464,962,953,500,412,954,532,948,947,944,0.666130763960565,0.787708558341072
464,962,953,500,495,954,949,948,947,944,0.675645295024294,0.79521078715548
464,962,953,500,495,954,949,948,947,432,0.679856136933079,0.762802959109984
464,962,953,500,495,954,949,948,947,944,0.675645295024294,0.79521078715548
464,962,953,500,495,954,949,948,15,944,0.671765525675093,0.79521078715548
464,962,953,500,495,954,659,948,947,944,0.674640670417746,0.761060173768616
464,962,953,590,495,781,949,948,947,944,0.661982245169496,0.802713015969888
872,962,953,500,495,954,949,948,947,944,0.646587710508132,0.79521078715548
464,962,953,500,495,954,949,948,947,944,0.675645295024294,0.79521078715548
464,194,953,500,589,954,949,948,947,944,0.659888432015366,0.762802959109984
464,962,953,500,495,954,949,948,947,944,0.675645295024294,0.79521078715548
464,962,953,495,370,954,949,948,32,944,0.669519525785724,0.773538848329542
464,962,953,500,300,954,949,948,947,944,0.660062625955017,0.766036619515134
464,962,953,500,495,977,949,948,947,944,0.657766604507362,0.79521078715548
464,962,953,572,495,954,949,948,947,944,0.675932729676612,0.762591310521745
464,962,953,500,495,954,949,578,947,937,0.658330703569218,0.79521078715548
40,962,953,500,495,954,949,948,947,944,0.653900401695907,0.79521078715548
464,962,953,500,495,954,949,948,947,944,0.675645295024294,0.79521078715548
464,962,953,500,495,954,949,948,947,944,0.675645295024294,0.79521078715548
464,472,953,172,495,954,949,948,947,944,0.670308323987817,0.802713015969888
464,962,953,500,495,954,949,948,947,944,0.675645295024294,0.79521078715548
464,962,953,500,495,954,949,948,947,944,0.675645295024294,0.79521078715548
464,962,953,500,495,954,949,285,947,944,0.681133811260546,0.802713015969888
464,973,953,500,495,954,572,948,947,944,0.672641760873297,0.722681253661842
464,962,835,619,495,954,949,948,947,944,0.655838949989434,0.79521078715548
464,962,953,500,495,954,949,948,965,944,0.677715707575412,0.79521078715548
464,962,953,500,495,954,949,948,947,944,0.675645295024294,0.79521078715548
464,962,953,500,495,954,949,948,603,944,0.6836951548692,0.751037812956899
464,962,953,500,495,954,949,948,947,507,0.676796872770077,0.750354932949839
464,962,953,500,495,954,949,948,947,944,0.675645295024294,0.79521078715548
995,962,953,679,495,954,949,948,947,811,0.661441704602068,0.780206329526664
464,962,953,500,495,954,949,948,947,944,0.675645295024294,0.79521078715548
464,962,953,500,495,954,949,948,910,596,0.687373039566028,0.755180431949371
464,969,953,500,495,954,949,948,947,944,0.677931163903241,0.79521078715548
558,962,953,500,495,954,949,948,947,944,0.650782716286218,0.79521078715548
464,962,953,720,727,445,949,948,947,944,0.658847832314947,0.802713015969888
464,962,953,500,65,954,949,948,705,944,0.662021110796946,0.761060173768616
464,962,953,500,495,954,949,948,947,605,0.678600822600203,0.79521078715548
464,962,953,500,495,954,949,948,947,944,0.675645295024294,0.79521078715548
464,236,953,500,495,302,422,948,947,944,0.648561748254355,0.748806266536577
464,962,953,500,495,954,949,948,947,944,0.675645295024294,0.79521078715548
464,962,953,334,495,954,949,948,947,944,0.675294005496597,0.79521078715548
464,962,953,111,495,954,949,948,947,346,0.677066388174203,0.760148484950176
464,962,953,500,495,954,949,948,947,944,0.675645295024294,0.79521078715548
464,962,953,500,495,954,949,948,947,944,0.675645295024294,0.79521078715548
464,962,953,500,323,954,949,948,947,944,0.673979506395717,0.787708558341072
996,147,402,383,367,710,949,948,947,944,0.60265837536982,0.69352643920874
464,962,340,500,495,954,949,948,408,944,0.653843250099631,0.79521078715548
464,962,953,500,495,954,230,948,947,999,0.668022529968545,0.787708558341072
464,962,953,500,495,954,949,948,947,944,0.675645295024294,0.79521078715548
464,962,953,500,495,954,949,948,947,944,0.675645295024294,0.79521078715548
464,962,953,500,495,40,949,948,947,944,0.655809082082485,0.79521078715548
464,962,953,500,495,954,949,948,947,944,0.675645295024294,0.79521078715548
284,962,953,500,495,954,949,111,947,944,0.651588032406608,0.770220530089728
464,962,953,500,495,954,949,948,947,944,0.675645295024294,0.79521078715548
464,962,953,500,495,954,949,948,947,944,0.675645295024294,0.79521078715548
139,962,953,500,495,954,949,948,947,655,0.665225111495162,0.79521078715548
464,962,953,500,495,954,949,948,947,944,0.675645295024294,0.79521078715548
136,962,953,578,495,954,949,948,947,252,0.658516811886703,0.766036619515134
464,962,953,500,495,954,949,948,947,944,0.675645295024294,0.79521078715548
464,962,469,500,495,954,949,948,947,944,0.658091272452063,0.79521078715548
464,962,953,500,495,954,949,948,947,944,0.675645295024294,0.79521078715548
464,962,953,500,495,954,949,308,96,944,0.684576582519643,0.802713015969888
464,962,953,500,495,954,949,948,947,944,0.675645295024294,0.79521078715548
960,962,953,243,495,954,683,948,947,944,0.666993724112665,0.802713015969888
464,962,953,734,495,954,949,948,947,127,0.667745918404252,0.79521078715548
464,962,953,500,495,954,949,948,947,55,0.678751428862382,0.76271830127532
464,962,953,500,495,954,949,948,947,944,0.675645295024294,0.79521078715548
464,962,391,500,495,954,949,557,947,944,0.649419491098555,0.771157470692141
464,962,953,500,495,954,781,948,480,325,0.678670384435411,0.702494676787224
464,962,953,500,397,954,949,948,314,324,0.690433631211138,0.742681928818862
464,962,953,500,495,954,949,948,947,944,0.675645295024294,0.79521078715548
464,962,953,500,495,954,949,948,947,944,0.675645295024294,0.79521078715548
691,962,953,500,495,954,949,948,947,944,0.648787672354445,0.79521078715548
464,962,526,500,495,954,949,948,947,944,0.647545027510639,0.787708558341072
426,138,953,526,495,954,949,462,947,944,0.651731968778302,0.741251686282469
464,962,953,500,495,954,949,948,947,944,0.675645295024294,0.79521078715548
464,962,953,500,495,954,949,948,947,944,0.675645295024294,0.79521078715548
464,942,953,500,495,954,793,948,491,944,0.657795804169307,0.79521078715548
464,962,953,500,495,954,949,948,947,944,0.675645295024294,0.79521078715548
464,992,953,500,495,954,949,948,947,944,0.671597582348063,0.79521078715548
464,962,953,500,495,954,949,948,947,944,0.675645295024294,0.79521078715548
464,962,953,500,495,954,949,948,947,944,0.675645295024294,0.79521078715548
464,962,953,69,495,954,949,948,947,944,0.673662548752866,0.802713015969888
5,962,953,500,495,122,949,948,947,944,0.640303292588615,0.79521078715548
464,962,953,500,495,954,949,948,947,944,0.675645295024294,0.79521078715548
464,962,953,785,495,954,949,948,947,262,0.673167306482589,0.761060173768616
7,962,953,500,495,954,949,948,947,944,0.6490464804077,0.787708558341072
464,962,953,500,495,954,949,948,947,944,0.675645295024294,0.79521078715548
464,962,953,500,495,954,949,948,947,944,0.675645295024294,0.79521078715548
464,962,40,500,495,97,949,948,947,944,0.634529686739892,0.766036619515134
885,962,953,500,495,954,241,948,947,944,0.643098964730819,0.755180431949371
464,962,953,500,495,954,949,948,947,944,0.675645295024294,0.79521078715548
464,962,953,500,349,954,949,948,947,944,0.657661488412648,0.79521078715548
96,962,953,500,495,954,949,948,947,944,0.656930067098811,0.79521078715548
464,962,953,500,495,954,949,948,947,944,0.675645295024294,0.79521078715548
464,962,953,500,495,954,949,850,947,944,0.665226848998038,0.79521078715548
464,962,953,500,495,954,949,948,900,944,0.676077359298166,0.79521078715548
464,962,953,500,495,382,949,8,947,944,0.659924228512678,0.787708558341072
464,962,953,500,495,954,949,948,947,944,0.675645295024294,0.79521078715548
354,962,953,500,495,954,949,948,65,944,0.649815494904657,0.787708558341072
464,962,953,170,495,954,949,376,947,944,0.670093700544841,0.78104107714395
464,824,953,500,495,954,949,948,947,944,0.673241615776217,0.787708558341072
464,962,953,500,495,954,949,948,947,467,0.671887440478971,0.787708558341072
76,184,953,1000,495,954,949,948,947,944,0.658854025268358,0.79521078715548
464,962,953,500,495,954,949,948,947,944,0.675645295024294,0.79521078715548
464,962,225,500,495,954,298,948,947,944,0.646980032645535,0.758212365494428
464,962,953,500,495,954,949,948,947,944,0.675645295024294,0.79521078715548
464,962,953,500,69,954,949,948,947,944,0.664725093270912,0.79521078715548
464,962,953,500,495,954,949,948,947,944,0.675645295024294,0.79521078715548
464,962,953,500,495,865,949,948,947,944,0.659111936748691,0.787708558341072
464,962,953,500,495,954,949,948,947,944,0.675645295024294,0.79521078715548
464,962,953,500,495,954,949,948,947,944,0.675645295024294,0.79521078715548
464,962,913,500,495,954,949,948,947,944,0.658615787440203,0.766036619515134
464,962,953,500,495,954,33,948,947,944,0.670646176003085,0.755180431949371
464,962,953,500,495,954,949,948,947,944,0.675645295024294,0.79521078715548
177,962,953,500,495,954,949,948,947,944,0.661370774822425,0.79521078715548
464,962,953,500,495,954,513,948,947,944,0.676418310647264,0.79521078715548
464,962,953,500,495,954,949,948,947,944,0.675645295024294,0.79521078715548
464,962,953,500,495,752,949,762,947,944,0.647697310522235,0.748776236314685
464,962,953,500,495,954,949,948,703,944,0.675669132405402,0.79521078715548
464,962,953,500,495,954,949,948,947,944,0.675645295024294,0.79521078715548
464,962,953,500,495,954,33,948,947,944,0.670646176003085,0.755180431949371
464,962,953,500,495,954,949,948,947,944,0.675645295024294,0.79521078715548
