941,915,299,249,431,373,384,52,343,388,0.600735410786983,0.735077466356958
942,941,47,815,39,212,467,529,652,451,0.602028597558332,0.704960846152293
943,942,941,456,927,440,220,494,707,386,0.565916038712548,0.765034856195866
944,943,942,941,159,155,690,946,657,84,0.57963783190488,0.687728595706484
945,944,943,942,941,220,433,191,495,733,0.592378358749197,0.765315273876089
946,945,944,943,942,941,17,169,435,965,0.574505646741731,0.814259031204777
946,945,944,943,942,941,484,976,96,151,0.588863829294215,0.764815368714723
947,946,945,944,943,942,941,472,583,617,0.575635570422488,0.748336250098618
120,947,946,945,944,724,942,955,941,929,0.576721769787891,0.764963795916065
948,854,947,946,945,943,24,941,942,320,0.595191523707545,0.78144291453217
949,948,910,947,946,944,943,942,694,635,0.629878112622161,0.741732251634064
950,949,948,673,947,945,944,943,304,941,0.584684585267746,0.78144291453217
948,950,949,885,531,44,945,944,943,46,0.572790442480379,0.78144291453217
949,948,950,19,657,946,55,945,929,942,0.569433172921614,0.693799683775428
950,949,947,948,457,416,946,572,944,919,0.607349920709666,0.678525037078799
946,945,948,949,36,947,438,115,736,943,0.59868152346407,0.748407310378419
951,189,944,950,948,106,947,354,945,968,0.57110759028293,0.751744331851051
952,951,336,946,949,948,94,947,885,944,0.615811879692864,0.742495956671142
953,952,951,947,779,949,948,386,946,945,0.605568451895945,0.78144291453217
953,952,951,947,950,126,720,948,462,946,0.602476533507552,0.765034856195866
953,952,951,947,945,950,949,348,500,849,0.598801706818225,0.748626797859563
954,953,952,943,946,949,950,565,947,416,0.627070456308513,0.735148526636759
955,954,953,946,950,943,948,949,214,996,0.62137439896266,0.755610631299576
955,954,953,856,950,943,948,797,255,947,0.624078003872125,0.78144291453217
955,954,953,946,995,943,948,500,426,947,0.631882542894972,0.710916900491056
955,954,953,951,950,944,948,630,450,839,0.635424666324994,0.738453807506236
955,954,953,951,950,949,943,166,948,434,0.634960357016863,0.797850972868474
955,954,953,951,950,949,943,166,948,434,0.634960357016863,0.797850972868474
955,954,632,951,950,949,943,166,299,483,0.607737901315297,0.797850972868474
955,701,953,951,950,949,943,166,948,434,0.614578219417137,0.765315273876089
955,954,953,951,950,949,943,166,948,434,0.634960357016863,0.797850972868474
955,954,953,951,950,949,943,166,948,478,0.645600661909749,0.760455729684477
955,954,769,951,950,949,943,166,948,434,0.607448071455278,0.78144291453217
955,954,953,951,950,949,943,166,948,434,0.634960357016863,0.797850972868474
955,954,953,951,674,949,249,166,172,434,0.623572297648789,0.797850972868474
955,954,953,951,950,949,943,166,948,434,0.634960357016863,0.797850972868474
955,954,953,951,950,949,943,166,948,434,0.634960357016863,0.797850972868474
955,954,953,951,950,949,943,166,948,434,0.634960357016863,0.797850972868474
906,954,953,951,950,949,943,325,948,94,0.648609175724733,0.675087476621516
955,954,953,951,599,949,388,166,948,434,0.636656370666616,0.78144291453217
955,954,953,951,950,505,943,166,428,357,0.649924039983624,0.814259031204777
955,954,953,951,661,949,885,166,948,434,0.630706197608639,0.797850972868474
955,954,953,699,950,949,943,166,948,434,0.639035503953607,0.760455729684477
955,954,953,951,950,949,943,166,948,764,0.64005921025789,0.797850972868474
955,954,953,951,950,949,943,166,948,434,0.634960357016863,0.797850972868474
955,954,953,951,316,949,943,166,948,434,0.631902873863866,0.797850972868474
955,954,953,951,950,949,943,166,512,434,0.636459212847178,0.814259031204777
955,954,953,951,950,949,943,166,948,961,0.643015399949487,0.797850972868474
955,954,953,951,950,949,943,166,948,434,0.634960357016863,0.797850972868474
955,954,953,951,950,295,943,166,38,434,0.645543655668961,0.814259031204777
955,954,953,951,155,949,943,166,948,434,0.629552159306801,0.78144291453217
955,82,953,951,532,356,943,27,948,434,0.601040089267113,0.682913283861142
955,67,953,951,950,949,943,166,948,434,0.617362522701363,0.797850972868474
955,954,953,646,950,949,943,166,948,434,0.634488976963216,0.764963795916065
955,954,953,951,950,949,943,166,948,434,0.634960357016863,0.797850972868474
955,954,953,951,950,949,161,166,948,217,0.633675827078183,0.797850972868474
955,954,953,951,936,949,943,166,948,434,0.633374993795283,0.772428672360192
858,954,953,951,950,949,943,166,948,254,0.636084319714514,0.78144291453217
955,954,953,951,950,949,943,166,948,519,0.637993886765532,0.797850972868474
955,954,953,951,950,949,943,166,948,434,0.634960357016863,0.797850972868474
955,954,953,529,950,949,943,166,948,434,0.651167509841676,0.747027282226994
955,954,953,4,950,949,943,166,948,434,0.644034700559905,0.797850972868474
955,46,953,951,950,949,943,166,948,724,0.626011329072022,0.78144291453217
955,954,953,951,950,949,943,166,948,434,0.634960357016863,0.797850972868474
955,954,304,951,950,146,943,166,948,434,0.591775174750449,0.797850972868474
955,954,953,260,950,949,943,166,948,434,0.642040467468852,0.797850972868474
955,954,953,662,950,949,943,166,948,434,0.631111371431514,0.768152390187355
955,954,953,951,950,46,943,166,948,434,0.623630655426998,0.797850972868474
955,954,953,951,950,949,381,166,948,434,0.624752869337101,0.797850972868474
784,954,953,58,950,949,943,166,242,434,0.635073573318603,0.772428672360192
955,954,953,951,950,949,943,166,948,434,0.634960357016863,0.797850972868474
955,954,953,951,950,484,943,166,948,434,0.630953378161762,0.797850972868474
955,954,953,951,950,949,172,166,948,434,0.62975923958325,0.797850972868474
955,954,953,951,950,949,943,166,948,434,0.634960357016863,0.797850972868474
955,954,953,951,950,949,943,166,948,434,0.634960357016863,0.797850972868474
955,954,953,775,950,410,943,166,948,434,0.637938806744865,0.765034856195866
955,954,953,951,950,949,943,166,948,434,0.634960357016863,0.797850972868474
955,954,780,951,950,949,943,166,948,434,0.624644801540685,0.797850972868474
955,954,953,951,950,949,943,166,948,434,0.634960357016863,0.797850972868474
955,954,953,951,950,949,943,166,948,434,0.634960357016863,0.797850972868474
955,954,953,950,519,949,943,166,948,434,0.638785263928363,0.797850972868474
955,954,953,951,950,949,943,166,948,434,0.634960357016863,0.797850972868474
955,954,953,951,950,949,354,166,948,434,0.628201685351277,0.78144291453217
955,954,953,951,950,949,943,166,948,434,0.634960357016863,0.797850972868474
955,954,953,951,950,949,943,166,948,270,0.635638865390203,0.768152390187355
955,754,953,951,950,949,943,166,101,434,0.604324945953067,0.781371854252369
955,954,953,951,950,788,943,166,948,434,0.632174911252881,0.746049574974321
492,954,953,951,950,880,943,166,948,434,0.592627756618212,0.768152390187355
955,954,953,951,950,949,943,166,948,434,0.634960357016863,0.797850972868474
955,954,953,951,950,949,943,298,442,434,0.626789672632608,0.814259031204777
955,954,953,908,950,949,943,166,948,434,0.638870752469679,0.797850972868474
955,954,953,951,950,949,943,166,948,434,0.634960357016863,0.797850972868474
955,954,999,363,950,949,943,166,948,434,0.615031258786145,0.797850972868474
955,30,953,951,950,949,943,166,948,640,0.622581090599635,0.764963795916065
955,954,953,951,950,949,943,166,948,434,0.634960357016863,0.797850972868474
955,954,953,951,950,949,943,198,948,434,0.630651950192916,0.797850972868474
955,876,953,951,950,949,394,278,948,434,0.607936554351685,0.797850972868474
955,954,808,951,950,949,943,363,948,434,0.608900938836926,0.797850972868474
955,583,953,951,950,949,943,166,948,434,0.618352782886751,0.764963795916065
574,954,953,951,950,949,943,166,948,434,0.618210866494831,0.797850972868474
955,954,953,401,950,949,943,166,948,434,0.64016410868131,0.797850972868474
955,159,953,951,950,949,943,166,948,934,0.631147639459751,0.726357008854737
955,954,953,951,950,949,943,166,948,434,0.634960357016863,0.797850972868474
955,954,953,951,950,949,943,166,948,434,0.634960357016863,0.797850972868474
955,558,953,951,950,949,943,398,948,434,0.62456269489353,0.797850972868474
955,954,953,951,824,949,943,166,948,434,0.629864771972016,0.78144291453217
955,954,953,951,950,949,382,166,948,434,0.624329681654313,0.78144291453217
955,954,953,951,950,949,943,166,948,434,0.634960357016863,0.797850972868474
955,954,953,951,870,949,943,166,948,434,0.635797556892523,0.764963795916065
955,954,953,951,950,747,943,166,948,434,0.621479943341393,0.797850972868474
955,954,953,62,267,949,943,166,948,434,0.634478326859062,0.797850972868474
955,954,953,951,950,949,416,166,948,434,0.631981806936277,0.751556584973063
955,954,953,951,950,930,943,166,948,434,0.644826444971532,0.797850972868474
955,768,953,951,950,949,943,166,948,434,0.616357753467518,0.78144291453217
955,954,281,951,950,949,943,987,948,434,0.606847488395467,0.78144291453217
955,954,953,951,298,949,943,166,948,434,0.628875510877679,0.797850972868474
955,463,953,951,950,949,943,166,161,434,0.620766806645194,0.759173125527344
955,954,953,453,950,949,943,166,948,434,0.639849508497079,0.78144291453217
955,954,953,951,950,949,943,166,948,434,0.634960357016863,0.797850972868474
955,954,953,951,950,949,185,166,948,630,0.621915866485772,0.768152390187355
955,954,953,951,950,949,943,101,948,434,0.620092117860615,0.797850972868474
955,954,953,951,781,949,943,166,948,224,0.628410062468877,0.78144291453217
955,954,953,951,950,949,943,166,948,434,0.634960357016863,0.797850972868474
955,954,953,951,950,180,943,67,948,434,0.629336613435961,0.744543198341468
955,954,953,951,950,949,943,237,948,434,0.624499549313969,0.78144291453217
955,954,953,951,950,949,943,166,948,434,0.634960357016863,0.797850972868474
955,954,953,951,60,949,943,927,948,58,0.633436749735176,0.797850972868474
955,954,953,951,950,949,943,704,948,434,0.624551570824151,0.78144291453217
955,954,953,705,950,949,943,500,948,434,0.639414141291203,0.756020614023888
955,954,953,951,950,949,943,166,948,434,0.634960357016863,0.797850972868474
955,954,953,951,950,949,873,166,948,434,0.61978117408975,0.755784536793773
955,17,953,951,950,949,943,166,948,434,0.606787310914737,0.797850972868474
955,954,953,951,950,949,943,166,948,434,0.634960357016863,0.797850972868474
955,954,953,951,950,949,943,166,948,434,0.634960357016863,0.797850972868474
955,954,953,951,950,949,943,166,948,434,0.634960357016863,0.797850972868474
955,954,953,951,950,949,943,166,940,434,0.647946952855414,0.814259031204777
955,954,953,951,950,949,943,166,948,434,0.634960357016863,0.797850972868474
955,954,953,951,950,949,943,166,948,434,0.634960357016863,0.797850972868474
955,954,953,951,950,949,943,166,948,434,0.634960357016863,0.797850972868474
955,954,953,951,950,949,943,166,948,434,0.634960357016863,0.797850972868474
289,954,953,951,850,949,943,166,948,521,0.652554767662751,0.765034856195866
955,954,331,951,950,949,943,166,948,434,0.608884631939664,0.797850972868474
955,954,953,951,950,46,943,166,948,434,0.623630655426998,0.797850972868474
955,954,953,110,950,949,943,166,948,434,0.628871613648495,0.797850972868474
955,954,953,951,950,949,943,166,948,434,0.634960357016863,0.797850972868474
955,954,953,951,950,949,943,166,948,434,0.634960357016863,0.797850972868474
955,954,953,951,950,832,943,166,948,79,0.635647886074218,0.748555737579761
955,954,953,951,950,949,943,166,948,434,0.634960357016863,0.797850972868474
955,188,953,371,950,949,943,412,948,434,0.623382911597709,0.756486703622204
955,954,953,951,950,949,943,9,948,434,0.616637416289749,0.797850972868474
955,954,953,951,950,949,943,166,948,434,0.634960357016863,0.797850972868474
955,954,953,951,950,949,943,166,948,434,0.634960357016863,0.797850972868474
955,954,953,951,950,949,943,166,948,434,0.634960357016863,0.797850972868474
955,954,953,951,950,949,943,166,948,434,0.634960357016863,0.797850972868474
785,954,953,951,950,949,943,166,948,434,0.633975315723124,0.772428672360192
955,978,953,951,950,949,943,166,107,434,0.620183157836006,0.797850972868474
955,954,953,951,950,339,323,166,948,434,0.632417665200249,0.78144291453217
762,954,953,951,950,949,943,166,948,434,0.635026507917323,0.742765067191041
955,954,953,951,950,666,290,166,948,434,0.619631864109763,0.714034434482544
955,938,760,951,950,949,943,166,948,434,0.589678412262435,0.78144291453217
955,954,953,951,950,949,943,166,948,434,0.634960357016863,0.797850972868474
955,954,953,951,950,949,943,166,948,434,0.634960357016863,0.797850972868474
356,954,953,951,950,949,551,467,948,434,0.6085014688075,0.748626797859563
955,533,953,951,950,949,888,166,948,434,0.618928301206099,0.753185373464032
304,669,953,166,950,949,943,878,194,344,0.603027718816005,0.765315273876089
687,954,953,951,950,949,943,166,103,434,0.63174287553249,0.797850972868474
569,954,953,951,950,949,943,166,676,434,0.628621502434879,0.760455729684477
955,954,953,951,950,949,943,166,948,434,0.634960357016863,0.797850972868474
955,614,953,951,950,148,943,166,27,434,0.590067139645226,0.732488936830077
955,954,103,951,950,455,943,166,948,434,0.622655588354669,0.78144291453217
955,954,953,951,950,949,943,166,948,601,0.639939534374155,0.797850972868474
955,954,953,951,950,949,943,166,948,434,0.634960357016863,0.797850972868474
823,954,953,951,950,949,943,166,948,434,0.631395798992466,0.78144291453217
955,954,953,951,974,775,943,166,948,434,0.641956216382138,0.78144291453217
955,954,953,486,950,949,943,166,948,468,0.626998833990927,0.797850972868474
955,954,953,951,950,949,943,166,948,434,0.634960357016863,0.797850972868474
955,331,953,951,950,949,229,166,948,434,0.608094031687117,0.78144291453217
955,954,563,951,950,949,943,166,948,434,0.600927084248796,0.78144291453217
955,954,953,951,950,949,943,166,948,434,0.634960357016863,0.797850972868474
955,954,953,658,950,949,943,166,948,434,0.640379102998921,0.797850972868474
813,954,953,951,950,949,943,166,948,434,0.645983087807033,0.797850972868474
955,954,953,951,950,949,387,191,948,434,0.619867226419068,0.720649674471648
955,954,953,231,950,949,943,514,948,434,0.648718948921574,0.797850972868474
955,954,953,499,950,949,943,166,921,434,0.665673879391868,0.781723332212393
463,954,953,951,950,949,943,166,793,434,0.642208357875239,0.759173125527344
955,954,953,951,950,949,943,166,948,434,0.634960357016863,0.797850972868474
955,954,953,951,950,949,943,166,948,434,0.634960357016863,0.797850972868474
955,704,953,951,950,949,943,166,948,434,0.608459165574702,0.78144291453217
955,954,953,951,950,949,943,166,948,434,0.634960357016863,0.797850972868474
872,948,953,951,10,949,943,166,966,434,0.610503012508756,0.797850972868474
587,954,953,951,950,949,943,166,948,434,0.62640188549706,0.759222559720221
955,954,953,78,950,949,943,166,948,434,0.644203313825041,0.797850972868474
333,954,953,951,950,949,943,166,948,970,0.645766522483638,0.797850972868474
955,954,912,951,950,949,943,188,948,434,0.615065187603056,0.78144291453217
955,954,953,951,950,949,943,166,948,144,0.646936440849187,0.797850972868474
955,954,953,951,762,949,943,166,948,434,0.637170312458125,0.742765067191041
955,954,953,951,950,949,943,166,948,434,0.634960357016863,0.797850972868474
578,954,953,951,950,949,943,166,948,434,0.621064452622505,0.797850972868474
955,954,953,951,950,949,943,166,488,434,0.637302638289624,0.814259031204777
955,307,953,951,950,384,943,166,948,434,0.620378614327555,0.764963795916065
955,954,953,951,950,949,943,166,948,434,0.634960357016863,0.797850972868474
955,954,953,951,950,949,943,166,948,434,0.634960357016863,0.797850972868474
955,954,953,951,950,949,943,166,948,434,0.634960357016863,0.797850972868474
955,954,953,951,950,949,943,166,948,434,0.634960357016863,0.797850972868474
955,954,953,951,950,949,943,166,830,434,0.627878906649323,0.814259031204777
955,954,953,951,950,949,943,166,948,434,0.634960357016863,0.797850972868474
955,954,953,951,950,129,943,166,948,434,0.632558569005185,0.797850972868474
955,954,953,951,950,949,943,896,948,540,0.624339298209428,0.78144291453217
792,954,953,951,950,949,943,166,948,434,0.625396295088498,0.797850972868474
955,954,953,951,950,949,943,166,948,434,0.634960357016863,0.797850972868474
955,954,953,951,950,949,943,166,948,434,0.634960357016863,0.797850972868474
955,954,953,951,950,949,943,166,948,434,0.634960357016863,0.797850972868474
955,954,953,351,950,949,943,166,948,434,0.632063813975626,0.78144291453217
955,710,953,951,950,949,943,166,162,339,0.618597916182196,0.736385249040726
955,954,359,951,950,949,943,166,948,434,0.600475552210179,0.78144291453217
955,954,213,951,950,949,943,166,948,434,0.609058175577614,0.764815368714723
955,954,953,951,950,949,943,166,974,434,0.644124662815068,0.814259031204777
955,954,860,951,950,949,943,166,948,434,0.60546435075234,0.743733017163663
955,954,953,951,950,949,943,166,948,434,0.634960357016863,0.797850972868474
955,954,345,951,950,949,943,166,948,434,0.61164430134813,0.797850972868474
955,954,953,951,950,949,943,166,398,434,0.643608334958924,0.814259031204777
955,954,953,951,950,949,943,166,948,270,0.635638865390203,0.768152390187355
955,954,953,951,950,437,943,166,948,434,0.628036214573985,0.797850972868474
955,954,953,951,950,949,943,166,948,434,0.634960357016863,0.797850972868474
955,940,953,951,950,949,943,166,948,434,0.630628605850647,0.797850972868474
955,954,953,951,950,159,943,166,948,434,0.633159229312389,0.742765067191041
955,954,727,951,950,949,943,166,948,434,0.599976358759216,0.797850972868474
955,954,953,951,330,949,943,166,948,434,0.628649630114245,0.797850972868474
955,954,953,951,950,949,943,166,948,707,0.641615554821045,0.78144291453217
955,954,953,951,950,511,943,166,948,434,0.622046804959705,0.78144291453217
955,954,552,282,950,949,943,166,948,986,0.625690292597709,0.797850972868474
955,954,953,951,950,949,943,166,948,434,0.634960357016863,0.797850972868474
955,954,953,951,950,949,943,166,948,434,0.634960357016863,0.797850972868474
955,803,953,951,950,949,943,166,948,434,0.615752320221428,0.78144291453217
822,62,953,542,950,949,943,166,948,434,0.627075811225448,0.746247067856369
955,954,953,951,950,949,943,166,948,434,0.634960357016863,0.797850972868474
799,954,953,951,950,949,943,166,948,434,0.623577497486867,0.797850972868474
955,954,953,35,950,949,943,166,948,434,0.638877819304436,0.797850972868474
955,954,52,951,621,949,943,166,35,434,0.597849711284258,0.781223427051027
955,198,953,951,950,949,943,166,674,434,0.609106475391261,0.797850972868474
955,954,953,951,950,949,943,166,373,434,0.63672971512625,0.767964643309366
955,954,953,951,950,949,943,166,948,434,0.634960357016863,0.797850972868474
955,376,953,951,950,949,943,166,948,434,0.614617998565414,0.768152390187355
955,954,953,951,950,949,943,166,948,434,0.634960357016863,0.797850972868474
955,954,670,951,950,949,943,166,948,434,0.614094390578057,0.78144291453217
955,954,953,951,950,536,943,719,384,434,0.645069770378374,0.781371854252369
955,954,213,951,950,949,440,166,948,434,0.600192412449883,0.764815368714723
955,954,953,951,950,949,943,166,948,434,0.634960357016863,0.797850972868474
955,954,953,951,950,949,943,523,948,434,0.634842364629955,0.797850972868474
955,954,953,951,950,949,943,166,948,434,0.634960357016863,0.797850972868474
955,954,953,608,950,949,943,166,948,434,0.638250845586119,0.768152390187355
955,954,953,951,950,949,943,166,283,434,0.641996044743693,0.797850972868474
955,954,953,951,122,949,943,166,144,434,0.640850043510277,0.814259031204777
955,453,953,951,950,949,943,166,948,434,0.616902966610715,0.78144291453217
955,954,953,418,950,949,943,166,948,434,0.642827314409089,0.764963795916065
955,954,953,951,950,949,943,420,948,543,0.645138040882017,0.78144291453217
955,954,953,597,950,949,943,166,948,776,0.628515215354411,0.713066484509922
955,954,953,951,950,949,943,166,653,434,0.635715579730176,0.814259031204777
880,954,953,951,950,742,735,166,948,974,0.600957547947042,0.768152390187355
955,106,295,760,950,949,943,166,369,595,0.602672080355317,0.768152390187355
955,954,953,951,950,949,943,166,948,434,0.634960357016863,0.797850972868474
955,954,953,951,950,949,943,166,948,434,0.634960357016863,0.797850972868474
955,954,953,951,950,949,943,166,948,434,0.634960357016863,0.797850972868474
636,954,953,951,950,949,859,166,948,813,0.644648306716189,0.742765067191041
955,954,953,951,950,949,943,166,948,434,0.634960357016863,0.797850972868474
955,954,953,467,950,949,943,166,948,434,0.640265493221574,0.78144291453217
955,954,953,951,917,949,943,35,948,434,0.633973670481485,0.747940622433618
955,954,953,951,950,949,943,166,948,434,0.634960357016863,0.797850972868474
955,954,953,951,950,949,943,166,948,434,0.634960357016863,0.797850972868474
955,954,953,951,950,949,943,166,253,674,0.61919453844701,0.747915468533656
955,954,953,951,950,738,943,166,948,434,0.629425611369706,0.797850972868474
955,954,953,951,950,949,943,166,948,434,0.634960357016863,0.797850972868474
955,954,953,951,950,949,943,166,114,434,0.643419440170973,0.797850972868474
955,954,953,797,950,949,943,166,948,434,0.624229857887248,0.78144291453217
955,954,953,951,950,949,943,349,948,434,0.623441996213667,0.797850972868474
955,954,953,951,950,229,943,166,948,434,0.629528029311205,0.78144291453217
955,954,953,951,950,949,943,166,948,434,0.634960357016863,0.797850972868474
955,954,953,951,123,949,943,166,948,434,0.634878761797447,0.797850972868474
955,954,953,951,950,949,943,166,948,434,0.634960357016863,0.797850972868474
955,954,953,951,950,949,99,166,948,434,0.608074525550175,0.78144291453217
955,954,953,951,950,949,943,218,948,434,0.634723971015878,0.764963795916065
955,954,953,951,950,949,943,166,948,434,0.634960357016863,0.797850972868474
955,948,953,951,359,949,943,166,434,634,0.615545612919102,0.78144291453217
955,954,953,951,950,949,943,166,948,434,0.634960357016863,0.797850972868474
955,954,953,951,950,949,943,166,948,434,0.634960357016863,0.797850972868474
955,954,953,951,950,949,943,166,948,434,0.634960357016863,0.797850972868474
168,506,953,951,950,949,943,659,948,434,0.598566081415318,0.772428672360192
955,954,252,951,950,949,943,166,948,434,0.606859389435255,0.78144291453217
955,619,953,951,950,949,943,166,948,434,0.6153967586173,0.78144291453217
955,954,953,951,950,949,943,166,948,347,0.629959012859339,0.797850972868474
870,954,169,951,950,949,943,166,948,434,0.60610236653377,0.764963795916065
955,954,953,951,950,949,499,166,948,145,0.653734662883017,0.748907215539786
955,954,953,951,950,949,943,166,948,434,0.634960357016863,0.797850972868474
955,954,953,951,879,949,943,166,948,434,0.638292141303774,0.797850972868474
955,954,953,951,950,949,943,166,948,434,0.634960357016863,0.797850972868474
955,954,953,951,826,949,943,166,948,434,0.628254513316945,0.797850972868474
955,954,953,78,928,949,943,166,948,434,0.643512040783506,0.764963795916065
955,954,953,951,950,949,943,166,948,434,0.634960357016863,0.797850972868474
955,954,953,51,950,949,943,166,948,434,0.635275166464775,0.78144291453217
955,954,953,951,950,949,943,431,948,434,0.632902761542601,0.797850972868474
955,954,953,951,950,949,943,166,948,99,0.626870628945453,0.78144291453217
955,954,953,83,352,949,943,166,948,434,0.624790767983111,0.797850972868474
955,954,953,951,950,949,943,166,744,848,0.632564769137057,0.774548368306672
955,954,953,452,950,949,943,166,948,434,0.644091786623096,0.750774394224608
955,954,953,951,950,949,943,166,934,434,0.63858487230596,0.797850972868474
955,954,953,951,950,949,943,166,948,434,0.634960357016863,0.797850972868474
983,954,953,951,950,949,943,166,948,434,0.64303081383278,0.797850972868474
955,954,953,951,950,949,943,166,948,434,0.634960357016863,0.797850972868474
955,954,953,951,950,949,943,166,948,434,0.634960357016863,0.797850972868474
955,954,754,951,950,949,943,166,948,434,0.606989740135803,0.764963795916065
955,954,953,951,950,949,943,166,948,434,0.634960357016863,0.797850972868474
955,954,953,210,950,949,963,166,948,434,0.649416052444121,0.760819909978601
955,954,953,951,950,949,943,591,948,434,0.646071679682497,0.78144291453217
229,954,953,951,950,949,943,166,948,434,0.629788437786996,0.78144291453217
955,61,953,951,950,949,943,166,948,434,0.613062038139328,0.797850972868474
955,954,953,951,950,949,943,166,948,434,0.634960357016863,0.797850972868474
955,954,953,951,950,949,943,166,948,434,0.634960357016863,0.797850972868474
955,954,953,951,950,949,943,166,948,434,0.634960357016863,0.797850972868474
955,954,953,951,950,466,943,166,948,434,0.633164412520166,0.797850972868474
955,954,953,267,950,949,943,166,948,434,0.637568471362579,0.797850972868474
955,954,953,951,950,949,943,166,405,434,0.635357844045437,0.781723332212393
955,954,23,951,950,949,943,166,948,434,0.6028617343126,0.797850972868474
955,954,953,951,950,949,943,166,948,434,0.634960357016863,0.797850972868474
955,954,953,951,950,949,943,166,948,434,0.634960357016863,0.797850972868474
955,954,953,951,950,949,943,166,948,434,0.634960357016863,0.797850972868474
955,954,953,951,950,949,943,712,948,434,0.632499913183231,0.797850972868474
955,954,953,951,950,949,943,166,433,434,0.635860916740982,0.814259031204777
955,954,953,951,950,949,943,166,948,434,0.634960357016863,0.797850972868474
955,954,953,951,950,697,943,166,948,434,0.627523934895039,0.772428672360192
955,954,953,951,950,949,828,166,948,434,0.61165569154986,0.78144291453217
955,954,953,951,950,949,943,166,948,434,0.634960357016863,0.797850972868474
955,954,953,140,950,949,943,166,948,434,0.639855862713398,0.764963795916065
126,954,953,161,950,949,943,166,948,434,0.632584450647934,0.797850972868474
955,954,76,951,950,949,943,166,948,434,0.606715870916736,0.797850972868474
955,428,953,951,950,949,943,166,948,434,0.622796141001976,0.797850972868474
955,954,953,915,950,949,943,166,948,434,0.639359972325805,0.797850972868474
955,954,953,951,950,949,943,81,948,434,0.612706436356777,0.797850972868474
979,954,953,951,950,949,943,166,948,434,0.641333124958899,0.797850972868474
955,954,953,951,950,949,943,166,948,434,0.634960357016863,0.797850972868474
955,954,953,951,950,949,943,166,948,434,0.634960357016863,0.797850972868474
955,954,953,951,950,949,943,166,948,93,0.656608467714753,0.760819909978601
955,954,953,951,950,949,943,166,948,434,0.634960357016863,0.797850972868474
955,954,953,951,950,949,943,166,948,434,0.634960357016863,0.797850972868474
955,954,953,951,950,949,943,166,948,434,0.634960357016863,0.797850972868474
955,954,953,951,950,949,943,166,948,434,0.634960357016863,0.797850972868474
875,954,953,263,845,949,943,166,948,434,0.640799608578478,0.747271413530103
955,954,953,951,950,949,943,166,948,434,0.634960357016863,0.797850972868474
955,954,953,951,950,949,943,166,948,434,0.634960357016863,0.797850972868474
955,954,953,951,950,949,943,166,948,434,0.634960357016863,0.797850972868474
955,954,953,951,950,949,943,166,948,434,0.634960357016863,0.797850972868474
955,954,953,951,950,949,943,166,948,434,0.634960357016863,0.797850972868474
955,954,953,951,950,949,943,166,948,434,0.634960357016863,0.797850972868474
955,954,953,951,950,949,943,166,948,434,0.634960357016863,0.797850972868474
955,954,731,800,950,949,943,166,948,434,0.611536561526067,0.78144291453217
955,954,953,951,950,949,943,166,948,434,0.634960357016863,0.797850972868474
955,954,953,951,119,949,943,166,948,434,0.628167749615141,0.797850972868474
955,954,953,951,950,949,943,166,948,434,0.634960357016863,0.797850972868474
955,425,953,951,950,949,943,166,948,434,0.6153967586173,0.764963795916065
955,954,953,951,950,949,943,166,948,434,0.634960357016863,0.797850972868474
955,954,953,951,950,347,675,166,948,434,0.593301604456712,0.78144291453217
955,524,953,951,608,949,943,321,936,434,0.606503557339401,0.759138148015377
955,954,415,951,950,949,917,166,948,434,0.601570739062519,0.705113124686716
955,954,953,951,950,949,943,166,948,434,0.634960357016863,0.797850972868474
6,954,953,951,950,949,943,166,661,280,0.62135429585162,0.772192595130076
955,954,953,951,178,757,521,166,948,434,0.638836261869447,0.765034856195866
674,954,953,951,950,949,943,166,948,434,0.621987924637363,0.78144291453217
955,954,57,951,950,949,943,566,422,434,0.581220870735469,0.758140309970368
955,155,903,951,950,949,943,92,948,434,0.594694605712972,0.726087898334838
955,954,953,951,950,949,943,488,948,434,0.634529230444355,0.797850972868474
326,954,953,951,831,949,943,166,948,434,0.624876700462268,0.78144291453217
955,954,953,951,950,949,943,640,948,434,0.630357478152941,0.797850972868474
955,954,953,951,950,949,943,166,948,233,0.636916517047456,0.78144291453217
955,954,953,951,950,949,943,166,948,434,0.634960357016863,0.797850972868474
955,954,953,951,950,949,943,166,948,434,0.634960357016863,0.797850972868474
955,954,953,951,950,949,943,166,948,434,0.634960357016863,0.797850972868474
955,954,953,951,950,949,129,166,948,422,0.627419453500306,0.797850972868474
955,954,953,662,950,949,943,166,948,434,0.631111371431514,0.768152390187355
627,954,953,951,883,949,943,166,948,434,0.6438550257474,0.742765067191041
955,954,953,951,950,944,943,166,948,434,0.622526678516271,0.797850972868474
955,954,953,951,950,949,943,166,948,434,0.634960357016863,0.797850972868474
101,954,953,951,950,949,943,166,948,434,0.62011764526424,0.797850972868474
955,954,953,951,215,949,943,166,948,434,0.633783038355098,0.78144291453217
955,954,953,951,950,949,330,166,948,434,0.61895416970302,0.797850972868474
955,954,953,951,715,949,64,166,948,434,0.612097437621653,0.768152390187355
955,954,953,951,740,489,943,348,948,434,0.600228917257257,0.78144291453217
955,954,953,951,950,949,943,166,948,434,0.634960357016863,0.797850972868474
955,954,953,951,572,949,943,166,948,434,0.63997829334517,0.757355123966594
955,954,953,951,950,949,943,166,948,434,0.634960357016863,0.797850972868474
122,954,953,951,98,949,943,166,948,434,0.630849356953616,0.78144291453217
955,954,953,951,950,949,943,166,948,434,0.634960357016863,0.797850972868474
483,954,953,951,712,949,966,166,948,434,0.629607758032975,0.797850972868474
955,991,953,951,950,112,943,166,948,982,0.626335905698238,0.742765067191041
955,954,953,951,950,949,943,673,948,383,0.647012689767908,0.748555737579761
955,954,953,951,950,949,943,166,948,434,0.634960357016863,0.797850972868474
955,954,953,951,950,949,943,166,948,434,0.634960357016863,0.797850972868474
320,954,953,951,910,949,943,166,948,434,0.638297266655483,0.758140309970368
955,954,953,951,950,414,943,282,948,645,0.640957160236195,0.764963795916065
955,954,953,951,950,949,943,166,948,434,0.634960357016863,0.797850972868474
955,954,953,951,950,949,943,166,948,434,0.634960357016863,0.797850972868474
955,954,953,951,950,949,943,166,948,434,0.634960357016863,0.797850972868474
146,954,953,951,950,949,943,166,948,434,0.625962843613169,0.797850972868474
955,954,953,951,950,949,943,166,948,434,0.634960357016863,0.797850972868474
955,954,953,951,950,589,943,166,570,434,0.605932412646751,0.755949553744087
955,954,953,658,950,949,943,166,948,434,0.640379102998921,0.797850972868474
955,954,953,951,950,949,943,166,948,434,0.634960357016863,0.797850972868474
343,954,953,951,622,949,943,166,948,434,0.618706169449004,0.757355123966594
453,954,586,951,950,949,943,166,948,136,0.621752993489757,0.701808827516234
955,954,953,951,950,679,943,166,948,434,0.630128937419868,0.78144291453217
955,100,953,951,950,206,943,166,948,434,0.607120220509971,0.78144291453217
955,241,953,951,950,949,943,166,948,434,0.609590353956699,0.758140309970368
955,954,953,951,950,949,784,166,948,434,0.630470654531379,0.772428672360192
955,18,953,951,950,949,943,166,948,434,0.610321080643022,0.768152390187355
955,954,953,789,950,949,943,166,948,434,0.636945543755053,0.764963795916065
955,954,953,951,950,949,943,166,948,934,0.644973959230503,0.78144291453217
955,954,953,951,950,949,943,166,948,836,0.641548192363177,0.797850972868474
955,954,953,951,950,949,943,823,948,434,0.630220318793727,0.78144291453217
955,954,953,951,950,517,943,166,948,434,0.638861057997134,0.797850972868474
955,954,953,951,950,262,943,166,948,434,0.620903712585608,0.78144291453217
955,954,953,951,950,949,943,166,948,233,0.636916517047456,0.78144291453217
955,954,953,951,950,949,23,166,948,434,0.621486890469815,0.797850972868474
955,954,953,951,950,778,376,166,948,434,0.610206583993801,0.742730089679073
955,954,953,951,950,949,943,707,948,434,0.62974650734468,0.78144291453217
955,954,953,951,950,821,943,166,948,434,0.622620363151336,0.797850972868474
955,954,953,951,6,949,943,736,948,434,0.626687125705654,0.78144291453217
955,954,953,951,950,949,943,166,981,434,0.643866359588638,0.797850972868474
244,954,953,951,950,180,943,166,948,434,0.634912279268047,0.71165602138906
74,371,953,951,950,988,943,166,948,434,0.616286265145169,0.676280191822219
955,954,953,951,950,949,943,166,948,434,0.634960357016863,0.797850972868474
950,838,953,951,733,949,943,166,948,434,0.600533172508331,0.797850972868474
955,954,953,951,950,949,809,166,948,434,0.620996814563277,0.797850972868474
128,954,953,951,950,949,943,166,948,796,0.611875716372462,0.797850972868474
955,954,953,951,950,949,943,166,948,434,0.634960357016863,0.797850972868474
955,954,953,951,950,949,943,166,948,434,0.634960357016863,0.797850972868474
955,306,953,500,950,949,943,166,948,434,0.623180508825605,0.78144291453217
224,954,953,951,950,949,943,166,959,434,0.63279336816959,0.797850972868474
277,954,953,951,950,949,943,166,944,434,0.618641030755262,0.814259031204777
955,954,953,951,950,267,943,166,948,434,0.627788952293887,0.797850972868474
955,954,953,11,950,949,943,166,948,434,0.6384148622772,0.78144291453217
955,954,953,966,950,949,943,166,948,434,0.641769767830882,0.797850972868474
955,954,953,886,950,949,907,346,948,434,0.652189973363032,0.739376478457469
955,954,953,951,950,949,943,166,948,434,0.634960357016863,0.797850972868474
955,812,953,951,950,949,943,166,948,434,0.615182210864553,0.797850972868474
955,733,953,951,950,949,943,166,948,434,0.608952015703794,0.797850972868474
955,954,953,951,950,240,943,166,948,434,0.630973961820802,0.764815368714723
955,954,953,951,950,949,943,166,948,434,0.634960357016863,0.797850972868474
955,954,953,951,950,949,274,166,948,434,0.612333936489573,0.768152390187355
955,954,953,951,950,949,943,477,948,434,0.61705222501852,0.797850972868474
27,954,953,951,950,949,943,166,948,434,0.627656249734017,0.748616577486158
955,954,953,951,950,949,943,166,948,434,0.634960357016863,0.797850972868474
955,954,953,951,950,949,943,166,948,434,0.634960357016863,0.797850972868474
955,742,953,951,950,949,943,166,948,434,0.605010130355127,0.797850972868474
955,954,735,951,950,949,943,166,948,434,0.600931534106099,0.797850972868474
955,954,763,951,928,949,943,969,948,434,0.624757688551119,0.764963795916065
955,954,953,951,950,949,943,166,948,434,0.634960357016863,0.797850972868474
955,954,953,951,278,949,943,166,948,434,0.634199176124816,0.797850972868474
955,954,953,951,726,949,943,166,381,434,0.632015900159034,0.797850972868474
955,954,345,951,577,949,943,166,948,434,0.610709578273358,0.797850972868474
955,954,953,951,950,949,943,166,418,434,0.639827710390256,0.781371854252369
955,954,953,951,950,949,943,166,948,434,0.634960357016863,0.797850972868474
285,954,953,951,950,949,943,166,948,434,0.637279590900451,0.797850972868474
955,954,953,951,950,949,943,628,948,690,0.636111636404819,0.797850972868474
955,954,953,951,950,949,943,166,948,434,0.634960357016863,0.797850972868474
955,954,953,951,950,949,943,166,948,434,0.634960357016863,0.797850972868474
955,954,953,951,950,949,943,994,948,434,0.632519117408957,0.78144291453217
627,954,953,951,950,949,212,166,829,434,0.616830664613675,0.717106689452643
955,954,953,951,950,949,943,166,948,703,0.649853962672317,0.797850972868474
955,954,953,951,950,949,943,166,948,312,0.65204298469971,0.797850972868474
955,954,953,951,950,949,943,166,948,434,0.634960357016863,0.797850972868474
955,954,953,951,950,949,943,166,948,434,0.634960357016863,0.797850972868474
955,260,953,951,950,949,885,166,948,434,0.615423178125828,0.797850972868474
955,954,953,951,950,949,116,166,948,434,0.63093082569564,0.797850972868474
955,954,953,466,950,949,943,166,948,434,0.642526890810706,0.797850972868474
955,954,953,951,950,949,943,166,948,434,0.634960357016863,0.797850972868474
955,954,953,951,950,949,943,166,948,434,0.634960357016863,0.797850972868474
955,954,953,951,950,281,943,166,948,434,0.630079889101278,0.78144291453217
955,954,953,951,950,949,943,166,948,434,0.634960357016863,0.797850972868474
955,954,953,951,950,949,943,166,948,434,0.634960357016863,0.797850972868474
955,954,953,951,950,949,943,166,948,434,0.634960357016863,0.797850972868474
955,954,953,951,950,949,943,166,948,434,0.634960357016863,0.797850972868474
955,954,953,951,311,949,943,166,948,434,0.63251210236724,0.78144291453217
129,954,953,951,950,949,705,166,948,434,0.628796819687084,0.772428672360192
955,954,56,951,950,949,943,166,948,434,0.596334899284713,0.768152390187355
955,590,953,951,950,949,943,166,948,434,0.611753929129591,0.797850972868474
955,954,953,951,950,949,943,166,948,434,0.634960357016863,0.797850972868474
955,954,953,951,950,949,537,166,11,434,0.615903987909936,0.746247067856369
955,326,953,951,523,949,943,166,948,434,0.618325878615064,0.797850972868474
955,954,917,951,950,949,943,166,948,434,0.612790914516951,0.747940622433618
955,954,953,951,223,949,943,166,948,956,0.649797254996248,0.78144291453217
955,954,953,951,950,949,943,166,948,434,0.634960357016863,0.797850972868474
626,954,953,951,950,949,943,166,948,434,0.626863258750857,0.797850972868474
668,954,953,951,950,949,943,166,948,434,0.635279477802522,0.797850972868474
270,954,743,951,950,949,943,166,948,434,0.610032186548368,0.768152390187355
955,461,953,951,950,949,943,166,948,434,0.610641652659881,0.78144291453217
955,954,953,951,337,949,418,166,948,434,0.6316904804355,0.764963795916065
955,954,953,951,950,949,943,166,948,434,0.634960357016863,0.797850972868474
955,954,953,951,950,949,943,166,948,434,0.634960357016863,0.797850972868474
955,954,953,951,950,949,943,166,948,434,0.634960357016863,0.797850972868474
955,954,953,951,950,949,943,166,948,434,0.634960357016863,0.797850972868474
955,397,953,951,950,949,943,485,948,434,0.596944626553436,0.72874072110831
955,954,953,824,950,949,943,166,948,434,0.638163472243261,0.78144291453217
955,954,57,951,950,949,943,166,948,434,0.599744704717798,0.758140309970368
955,954,953,951,950,949,943,166,948,434,0.634960357016863,0.797850972868474
955,954,636,951,950,949,943,166,948,434,0.605336133868612,0.797850972868474
955,954,953,951,950,949,943,166,948,434,0.634960357016863,0.797850972868474
955,954,953,951,950,409,943,166,948,434,0.62771997033254,0.78144291453217
955,954,953,951,950,949,943,166,948,434,0.634960357016863,0.797850972868474
955,954,953,951,950,949,943,166,948,434,0.634960357016863,0.797850972868474
955,954,953,951,950,949,943,166,948,434,0.634960357016863,0.797850972868474
955,580,953,951,950,949,943,166,948,434,0.6272689651982,0.764963795916065
955,954,953,951,950,897,943,166,948,434,0.643570483388082,0.78144291453217
955,954,953,951,950,629,943,166,948,434,0.630706481441488,0.797850972868474
955,954,126,951,950,949,943,166,948,434,0.604591122918568,0.797850972868474
955,954,953,951,950,949,943,166,948,434,0.634960357016863,0.797850972868474
955,954,953,951,950,949,943,166,948,434,0.634960357016863,0.797850972868474
955,954,953,29,950,447,20,59,948,434,0.624482779698824,0.764815368714723
955,954,953,951,950,949,356,166,948,434,0.624908746502783,0.78144291453217
955,954,953,951,950,949,943,166,948,944,0.640388727172267,0.797850972868474
955,954,953,951,950,646,943,166,948,434,0.622621448167626,0.764963795916065
955,954,634,951,950,949,943,166,948,434,0.61589540149078,0.797850972868474
955,552,953,951,950,949,943,166,948,434,0.619549503993196,0.797850972868474
776,954,953,977,60,949,943,166,948,434,0.645786549130617,0.742765067191041
955,954,953,951,950,949,327,166,948,434,0.639741167682598,0.797850972868474
587,954,953,951,950,949,943,166,948,434,0.62640188549706,0.759222559720221
69,954,953,543,950,949,943,166,948,434,0.642900528111163,0.797850972868474
955,954,953,951,950,949,943,166,948,434,0.634960357016863,0.797850972868474
955,353,953,951,950,949,943,166,948,434,0.612697690889554,0.78144291453217
955,954,953,951,950,949,943,166,948,434,0.634960357016863,0.797850972868474
955,954,953,951,950,949,943,166,184,434,0.635692410308719,0.814259031204777
955,954,953,951,35,949,943,166,948,434,0.634634438847052,0.797850972868474
955,205,953,951,950,71,357,166,543,434,0.617855541618227,0.797850972868474
955,954,953,951,950,949,943,166,948,434,0.634960357016863,0.797850972868474
955,954,953,951,950,949,943,166,948,28,0.637958624080781,0.78144291453217
955,730,953,951,950,949,700,166,296,434,0.609045222596612,0.78144291453217
642,954,953,951,950,949,943,166,948,434,0.63810436690612,0.797850972868474
955,954,953,951,950,949,943,166,948,434,0.634960357016863,0.797850972868474
955,954,953,951,950,949,943,878,948,434,0.636104610711952,0.78144291453217
955,954,953,951,573,949,943,166,948,734,0.626064949422805,0.78144291453217
955,954,953,951,950,949,943,166,948,434,0.634960357016863,0.797850972868474
955,954,953,952,950,949,943,166,948,434,0.635086677330589,0.78144291453217
955,954,984,951,950,48,943,166,948,434,0.591932296669046,0.78144291453217
955,954,953,951,950,949,943,166,948,434,0.634960357016863,0.797850972868474
955,795,953,951,950,949,943,166,948,967,0.648441460431201,0.797850972868474
955,954,953,951,950,949,943,166,948,383,0.651490702233478,0.764963795916065
955,954,953,951,950,66,943,166,948,434,0.630178914956934,0.765315273876089
955,954,953,951,906,949,943,413,948,434,0.633982380001236,0.768152390187355
955,849,92,251,950,949,943,166,948,434,0.609451171692823,0.698307599352662
955,954,953,951,950,949,943,166,948,434,0.634960357016863,0.797850972868474
955,954,953,951,950,949,943,166,948,434,0.634960357016863,0.797850972868474
955,954,953,951,950,949,943,166,948,434,0.634960357016863,0.797850972868474
955,954,953,951,950,949,943,101,948,617,0.63453299955872,0.764815368714723
955,954,953,951,950,949,943,752,342,434,0.635923568948548,0.814259031204777
955,954,953,951,950,949,943,166,948,18,0.63846538428698,0.768152390187355
955,954,953,951,836,949,943,166,948,434,0.632843090057072,0.797850972868474
578,954,953,951,79,949,943,166,948,650,0.65725690284343,0.748555737579761
955,954,953,951,950,949,943,166,948,434,0.634960357016863,0.797850972868474
955,954,953,951,950,949,943,166,806,434,0.626386824945649,0.797850972868474
955,954,953,951,950,949,943,166,948,434,0.634960357016863,0.797850972868474
955,954,806,951,950,949,943,166,948,434,0.600302341503108,0.78144291453217
955,954,953,951,950,949,943,166,948,434,0.634960357016863,0.797850972868474
955,954,953,951,950,949,943,166,948,434,0.634960357016863,0.797850972868474
955,954,953,951,950,949,943,166,948,434,0.634960357016863,0.797850972868474
955,928,953,951,950,350,943,166,948,434,0.602054746665938,0.739541495407783
955,954,953,951,413,949,943,166,948,434,0.644013999638873,0.797850972868474
955,954,953,951,950,949,943,166,948,434,0.634960357016863,0.797850972868474
406,954,953,951,52,949,943,166,948,434,0.645080954334828,0.797850972868474
955,602,953,951,950,949,943,166,948,434,0.615569450566953,0.755784536793773
955,954,538,951,950,949,943,166,948,434,0.619702467783983,0.797850972868474
955,954,953,951,950,949,943,166,948,434,0.634960357016863,0.797850972868474
955,954,704,951,950,949,334,166,948,434,0.588594500402032,0.765034856195866
955,811,953,554,704,475,943,166,948,434,0.599691532004713,0.732218739523259
430,954,953,951,950,773,943,166,948,434,0.635810310316737,0.754638159358539
955,954,953,951,950,162,943,166,948,612,0.617256462897545,0.760819909978601
955,954,953,951,950,949,943,166,948,434,0.634960357016863,0.797850972868474
955,954,953,951,950,949,943,166,948,649,0.647901339719418,0.797850972868474
955,954,953,951,428,949,766,166,948,26,0.646819241040157,0.797850972868474
955,954,953,951,950,949,943,166,948,434,0.634960357016863,0.797850972868474
955,30,953,951,950,949,943,166,948,434,0.616013207754924,0.764963795916065
955,954,953,951,950,949,943,113,948,434,0.623756090606924,0.752874549144081
955,954,953,951,950,695,943,166,948,434,0.626603109632449,0.78144291453217
955,954,953,951,950,949,943,517,948,434,0.640768252998602,0.797850972868474
955,954,953,951,950,949,943,166,948,434,0.634960357016863,0.797850972868474
739,954,953,951,950,949,943,166,948,434,0.630557964020306,0.797850972868474
693,954,953,873,950,949,943,166,948,434,0.624681356130593,0.739376478457469
955,954,442,721,950,949,943,166,948,434,0.616863020250386,0.78144291453217
955,954,953,951,950,949,943,166,948,434,0.634960357016863,0.797850972868474
955,954,953,951,950,949,943,166,948,434,0.634960357016863,0.797850972868474
955,954,953,951,950,949,338,166,948,434,0.616865577128128,0.797850972868474
955,954,953,542,950,949,943,166,948,434,0.645586331182133,0.797850972868474
955,954,953,951,950,949,943,166,948,434,0.634960357016863,0.797850972868474
955,954,953,951,39,949,943,166,948,434,0.646325433578777,0.797850972868474
955,954,953,939,950,949,571,166,948,434,0.631039380987188,0.757008253594295
622,954,953,951,950,949,943,166,948,434,0.62326764711358,0.757355123966594
955,954,953,951,950,949,943,166,948,434,0.634960357016863,0.797850972868474
507,954,953,951,950,949,943,449,948,21,0.6349734220965,0.705998511972544
955,954,953,818,950,949,943,166,352,434,0.637623779381779,0.814259031204777
955,954,953,421,950,949,943,166,358,434,0.638797502720752,0.78144291453217
955,954,953,951,619,804,943,166,948,434,0.617173671323031,0.765034856195866
955,875,953,951,950,949,22,166,948,434,0.590698385353366,0.797850972868474
955,954,953,951,950,949,943,166,426,434,0.638194958740896,0.760141075499967
955,954,953,951,950,949,943,166,948,434,0.634960357016863,0.797850972868474
955,954,953,951,169,949,943,166,948,434,0.641124364929652,0.797850972868474
955,954,953,951,950,949,943,871,948,434,0.618986322294651,0.797850972868474
955,954,953,951,950,949,943,904,948,434,0.633378145151093,0.764815368714723
955,954,953,951,950,949,943,166,948,434,0.634960357016863,0.797850972868474
955,954,953,951,950,949,943,166,49,434,0.622674255845812,0.814259031204777
955,954,953,951,950,949,943,166,948,434,0.634960357016863,0.797850972868474
955,570,953,951,950,949,943,166,948,434,0.603630056516131,0.772428672360192
955,954,993,951,950,949,943,166,948,434,0.608394512529899,0.768152390187355
955,954,953,951,950,949,943,636,948,434,0.627034187713974,0.797850972868474
955,954,953,951,283,30,943,166,948,434,0.633050088929357,0.748555737579761
955,954,953,951,950,949,943,166,948,129,0.645647240011576,0.797850972868474
955,954,780,951,950,949,943,166,948,434,0.624644801540685,0.797850972868474
955,954,953,951,950,949,943,166,948,434,0.634960357016863,0.797850972868474
955,802,953,951,950,31,943,166,948,434,0.590388208393836,0.78144291453217
955,61,953,508,950,335,943,166,948,434,0.606632867411533,0.797850972868474
955,954,953,951,950,949,943,166,948,434,0.634960357016863,0.797850972868474
955,954,953,951,950,949,943,811,948,434,0.629680125783546,0.78144291453217
603,954,953,683,950,949,943,166,948,434,0.649082565148742,0.753662615549994
955,954,953,951,950,949,943,166,948,434,0.634960357016863,0.797850972868474
955,954,953,951,950,949,943,969,948,434,0.642261562451048,0.797850972868474
955,954,822,951,950,949,943,166,948,434,0.602125455666148,0.746247067856369
955,954,953,951,950,949,943,166,948,434,0.634960357016863,0.797850972868474
955,954,953,779,950,949,943,166,469,434,0.643981015006437,0.814259031204777
955,954,532,951,280,949,943,166,948,434,0.600216175920037,0.739376478457469
955,954,391,951,950,949,943,166,426,434,0.592812367129244,0.760141075499967
955,954,336,951,950,949,943,166,948,434,0.605235205935225,0.797850972868474
955,954,700,951,950,949,943,166,948,206,0.621016491343176,0.78144291453217
955,130,953,951,950,949,943,166,948,434,0.610489314518668,0.797850972868474
955,954,953,951,950,949,943,166,948,434,0.634960357016863,0.797850972868474
955,760,953,951,14,804,943,166,948,434,0.595153207538757,0.748555737579761
923,886,953,951,950,949,943,166,571,846,0.616915188072313,0.741565667459226
955,954,953,951,950,949,943,166,337,434,0.632623634346697,0.814259031204777
955,954,426,951,420,56,943,166,948,434,0.586230185755963,0.697626376146241
955,108,953,951,328,949,943,166,948,434,0.598972985945854,0.78144291453217
955,954,953,951,950,2,943,166,948,434,0.641527212607708,0.78144291453217
73,954,953,951,950,459,943,166,948,434,0.617913579100476,0.78144291453217
955,954,953,951,950,949,943,166,948,434,0.634960357016863,0.797850972868474
955,954,953,951,950,949,943,166,948,434,0.634960357016863,0.797850972868474
955,954,953,951,950,949,943,166,948,916,0.63958596550012,0.797850972868474
955,935,953,951,950,949,943,166,948,434,0.617560762224931,0.772428672360192
955,954,298,951,950,949,943,166,948,434,0.601004460862528,0.797850972868474
955,954,953,951,950,618,943,166,948,434,0.618314500258595,0.764815368714723
955,954,953,951,950,108,943,166,948,434,0.627518565200096,0.78144291453217
955,954,953,951,950,949,943,166,948,434,0.634960357016863,0.797850972868474
955,954,953,951,950,949,943,166,948,434,0.634960357016863,0.797850972868474
955,954,953,951,608,949,943,166,948,434,0.634754380274103,0.768152390187355
71,954,953,951,950,949,943,166,948,434,0.626215049732987,0.797850972868474
955,954,581,951,950,949,943,166,948,434,0.609364272081773,0.764963795916065
955,954,953,951,950,532,943,166,948,434,0.627376647660681,0.78144291453217
623,954,953,951,950,949,943,941,948,434,0.644371513583765,0.751556584973063
955,954,953,951,950,949,943,166,948,434,0.634960357016863,0.797850972868474
955,954,953,951,950,949,943,166,948,434,0.634960357016863,0.797850972868474
955,954,953,645,950,949,943,166,948,434,0.646774982574149,0.764963795916065
955,954,953,951,950,949,943,166,948,434,0.634960357016863,0.797850972868474
825,954,953,951,700,949,943,166,948,434,0.623249602335419,0.765034856195866
955,616,157,951,629,949,943,166,948,434,0.558784367282021,0.735116786033604
955,954,953,684,950,949,943,166,948,434,0.641647607157891,0.797850972868474
955,954,953,951,560,949,943,341,948,434,0.621601529584882,0.78144291453217
955,954,953,951,950,949,943,166,948,533,0.649510999869268,0.797850972868474
955,954,953,950,459,949,943,166,948,434,0.647978329037015,0.78144291453217
955,954,953,951,950,949,943,166,948,434,0.634960357016863,0.797850972868474
955,954,953,951,950,987,943,166,948,434,0.629502600362199,0.797850972868474
955,954,953,951,950,949,918,166,948,434,0.625605939071661,0.78144291453217
955,954,953,951,950,949,943,166,948,434,0.634960357016863,0.797850972868474
955,954,953,951,950,949,943,166,511,434,0.633803521543626,0.797850972868474
955,954,953,534,950,949,132,166,948,434,0.629382235441153,0.797850972868474
955,481,953,102,950,949,943,166,948,614,0.630250226795074,0.732428096923681
955,954,953,951,950,949,943,166,760,434,0.634968205982173,0.814259031204777
955,954,953,951,950,869,943,166,948,434,0.632845395050232,0.764963795916065
719,954,953,951,950,821,943,166,948,434,0.6252629450926,0.797850972868474
955,954,953,951,950,949,943,166,948,434,0.634960357016863,0.797850972868474
955,954,953,951,950,949,943,660,948,434,0.635600540392503,0.78144291453217
774,954,953,951,950,815,943,166,948,434,0.617570581608085,0.78144291453217
955,954,953,701,950,949,943,461,948,434,0.634220512791227,0.748907215539786
955,600,953,879,950,949,943,197,948,434,0.626120247765776,0.753662615549994
955,954,102,951,950,949,943,166,948,434,0.608216169249258,0.764963795916065
955,954,953,951,950,949,943,166,948,434,0.634960357016863,0.797850972868474
955,954,953,951,950,949,943,166,948,434,0.634960357016863,0.797850972868474
955,954,953,951,950,372,943,166,948,434,0.618193942604502,0.768152390187355
955,954,953,951,950,540,943,166,948,434,0.623093618389961,0.797850972868474
955,954,953,951,950,949,943,166,948,434,0.634960357016863,0.797850972868474
955,954,953,951,950,949,943,166,948,434,0.634960357016863,0.797850972868474
955,954,953,687,950,949,943,166,948,434,0.63827367122797,0.797850972868474
955,954,798,951,950,949,943,166,729,434,0.622082397311482,0.814259031204777
955,954,953,326,950,949,943,166,948,499,0.664669995834625,0.765315273876089
955,954,953,951,950,949,943,166,634,434,0.642427020102678,0.814259031204777
955,954,953,951,950,949,943,166,948,434,0.634960357016863,0.797850972868474
955,954,953,951,950,949,943,166,948,434,0.634960357016863,0.797850972868474
955,246,953,951,950,368,943,166,948,434,0.599956995982891,0.765034856195866
955,954,953,951,950,568,943,166,948,434,0.617904912900144,0.797850972868474
955,954,559,951,950,949,943,166,948,434,0.601119738456243,0.797850972868474
49,954,953,951,950,949,943,166,948,434,0.619809144898049,0.797850972868474
955,954,953,172,950,949,943,166,397,434,0.628850383322,0.761556837780917
955,954,953,951,677,949,943,166,948,434,0.634649661570087,0.78144291453217
955,954,953,951,950,949,943,166,948,434,0.634960357016863,0.797850972868474
955,954,561,951,52,949,943,166,948,434,0.594972411726921,0.78144291453217
657,954,953,951,556,949,943,166,948,434,0.645693222351495,0.759222559720221
955,954,953,951,950,949,943,166,948,434,0.634960357016863,0.797850972868474
692,954,953,951,950,949,943,166,948,434,0.631944501631175,0.797850972868474
955,954,953,951,950,949,943,166,948,434,0.634960357016863,0.797850972868474
955,954,953,951,764,949,943,166,948,434,0.634985319708956,0.797850972868474
955,954,953,951,950,949,943,166,948,595,0.643572698968605,0.78144291453217
955,954,953,951,950,949,943,166,948,434,0.634960357016863,0.797850972868474
955,954,953,951,950,949,943,166,948,434,0.634960357016863,0.797850972868474
955,954,953,951,950,949,943,166,948,434,0.634960357016863,0.797850972868474
955,954,953,951,950,949,943,166,948,434,0.634960357016863,0.797850972868474
955,954,953,951,950,949,943,166,948,434,0.634960357016863,0.797850972868474
144,954,953,951,950,949,943,166,948,434,0.637293041434196,0.797850972868474
955,954,953,625,950,949,943,166,948,434,0.638713004040701,0.772428672360192
955,954,953,951,950,949,93,166,948,434,0.641834278325268,0.760819909978601
955,954,953,951,950,949,943,166,948,434,0.634960357016863,0.797850972868474
955,954,953,951,950,949,943,166,948,434,0.634960357016863,0.797850972868474
955,954,953,601,950,949,943,166,845,434,0.640551499907193,0.814259031204777
955,954,953,951,950,949,518,166,948,434,0.626051029796948,0.765315273876089
955,954,953,626,933,949,943,166,948,434,0.635485173774838,0.797850972868474
955,954,953,188,950,949,943,166,948,434,0.646774982574149,0.797850972868474
955,954,953,951,950,188,943,166,905,434,0.653646090901589,0.814259031204777
955,954,953,951,950,949,943,166,948,434,0.634960357016863,0.797850972868474
955,954,953,951,88,949,943,166,948,434,0.638762000072242,0.797850972868474
955,954,953,951,950,949,943,166,948,434,0.634960357016863,0.797850972868474
955,954,953,951,950,949,943,166,948,434,0.634960357016863,0.797850972868474
955,954,953,951,950,949,943,166,917,434,0.639029718947146,0.764348680769922
955,954,953,951,950,949,943,166,948,434,0.634960357016863,0.797850972868474
955,954,953,951,360,334,943,166,948,982,0.650986990398162,0.78144291453217
955,954,953,951,950,949,943,256,948,434,0.64589615668498,0.78144291453217
955,954,953,951,950,949,943,166,948,434,0.634960357016863,0.797850972868474
894,954,684,951,950,949,943,16,948,723,0.591037649324288,0.78144291453217
955,954,562,951,950,949,943,166,948,434,0.611907245899778,0.78144291453217
955,954,953,951,950,949,943,166,948,434,0.634960357016863,0.797850972868474
955,954,953,951,590,949,943,166,948,434,0.631261464776258,0.797850972868474
955,954,953,951,950,949,943,166,948,434,0.634960357016863,0.797850972868474
955,954,953,951,950,949,943,166,948,434,0.634960357016863,0.797850972868474
955,954,953,951,789,396,943,166,948,434,0.630339849744531,0.764963795916065
955,954,953,796,905,644,943,166,948,434,0.653219231304363,0.797850972868474
955,598,953,951,122,949,25,166,948,444,0.630131380205303,0.797850972868474
955,954,953,951,950,949,943,166,948,434,0.634960357016863,0.797850972868474
955,954,953,951,950,949,943,166,948,434,0.634960357016863,0.797850972868474
757,954,953,951,950,949,943,166,948,434,0.631026245876685,0.78144291453217
955,954,953,951,950,949,943,166,948,434,0.634960357016863,0.797850972868474
955,954,953,951,950,949,943,166,547,434,0.649947142740194,0.797850972868474
768,954,953,951,931,949,466,166,948,434,0.626034470482314,0.736412525640757
955,818,953,951,950,949,943,166,948,434,0.617661976223308,0.797850972868474
955,954,953,951,950,949,943,166,948,434,0.634960357016863,0.797850972868474
955,954,953,951,950,949,943,166,948,434,0.634960357016863,0.797850972868474
955,954,953,951,950,949,943,166,948,434,0.634960357016863,0.797850972868474
955,954,953,951,950,949,943,166,948,434,0.634960357016863,0.797850972868474
955,954,953,951,950,949,943,166,948,434,0.634960357016863,0.797850972868474
955,954,953,951,950,949,943,166,948,179,0.643015399949487,0.797850972868474
955,954,953,951,950,949,943,166,948,667,0.649546191469672,0.768152390187355
955,954,953,951,950,949,943,166,948,434,0.634960357016863,0.797850972868474
955,954,953,951,950,949,943,166,948,434,0.634960357016863,0.797850972868474
955,954,953,951,950,949,988,166,948,434,0.638857811586366,0.757355123966594
955,954,953,951,950,949,943,166,948,434,0.634960357016863,0.797850972868474
955,128,953,951,950,949,943,166,948,434,0.604380281584306,0.797850972868474
955,954,953,677,950,949,943,166,948,434,0.638393650351609,0.78144291453217
637,954,246,951,950,949,272,166,948,434,0.603792823246676,0.756020614023888
955,954,953,951,950,949,943,166,948,434,0.634960357016863,0.797850972868474
955,954,953,314,950,949,943,166,948,434,0.662641625591949,0.797850972868474
955,954,953,951,950,405,943,166,948,434,0.628043237126344,0.765315273876089
955,367,953,951,950,949,943,166,948,434,0.618904721446334,0.797850972868474
955,954,953,951,950,949,943,166,948,434,0.634960357016863,0.797850972868474
732,954,953,951,950,949,351,166,948,434,0.614353560618067,0.78144291453217
955,954,953,952,950,949,943,166,948,434,0.635086677330589,0.78144291453217
955,954,953,951,950,949,943,166,948,434,0.634960357016863,0.797850972868474
955,954,953,951,950,949,943,166,948,434,0.634960357016863,0.797850972868474
955,954,953,224,950,949,89,166,948,434,0.629739319915212,0.765034856195866
955,954,953,184,882,949,943,166,948,434,0.641165696088734,0.78144291453217
955,954,953,951,950,949,943,166,948,434,0.634960357016863,0.797850972868474
955,954,953,951,950,949,943,166,948,434,0.634960357016863,0.797850972868474
955,954,953,951,950,949,943,166,948,434,0.634960357016863,0.797850972868474
955,954,953,951,950,949,943,166,948,434,0.634960357016863,0.797850972868474
955,954,953,951,950,949,943,166,948,434,0.634960357016863,0.797850972868474
955,954,953,898,950,949,943,166,948,434,0.642428922100379,0.797850972868474
955,954,422,951,950,949,996,166,948,434,0.575593442266001,0.797850972868474
955,954,953,951,950,949,943,166,948,434,0.634960357016863,0.797850972868474
955,954,953,951,950,949,943,166,948,434,0.634960357016863,0.797850972868474
161,954,953,951,950,949,943,166,948,434,0.627548012455329,0.797850972868474
955,954,953,360,950,949,301,166,948,434,0.639324141595449,0.755784536793773
955,954,953,951,950,661,943,448,948,434,0.634065390566296,0.797850972868474
955,954,953,951,950,949,943,166,948,434,0.634960357016863,0.797850972868474
955,954,953,951,950,949,943,166,948,434,0.634960357016863,0.797850972868474
955,954,953,951,950,949,943,166,948,201,0.642997418038243,0.797850972868474
955,954,953,951,950,949,943,166,494,434,0.634938951289541,0.797850972868474
955,954,953,951,950,949,391,166,154,375,0.610977544200855,0.742765067191041
955,954,953,951,950,949,943,166,948,434,0.634960357016863,0.797850972868474
955,954,953,1000,950,949,943,166,948,762,0.653060966429935,0.726357008854737
955,954,953,423,874,949,943,166,781,434,0.631520810311764,0.78144291453217
955,954,953,951,950,949,943,166,948,434,0.634960357016863,0.797850972868474
282,49,953,329,950,949,943,492,948,434,0.597820518170113,0.797850972868474
955,954,35,951,950,949,943,166,948,434,0.609682335280259,0.797850972868474
955,954,282,951,950,949,312,166,948,434,0.607725567376402,0.797850972868474
955,954,953,951,950,949,943,166,948,434,0.634960357016863,0.797850972868474
955,954,953,951,950,949,943,166,948,434,0.634960357016863,0.797850972868474
955,954,953,951,950,771,943,166,948,434,0.62577283818003,0.78144291453217
955,954,953,951,950,949,943,166,948,434,0.634960357016863,0.797850972868474
955,954,953,951,950,949,943,166,948,434,0.634960357016863,0.797850972868474
955,954,953,951,950,949,943,166,948,434,0.634960357016863,0.797850972868474
955,293,953,951,950,949,943,166,948,434,0.623138075136273,0.797850972868474
955,954,953,951,950,949,943,166,948,434,0.634960357016863,0.797850972868474
891,954,953,951,950,949,943,166,948,434,0.627639585417523,0.797850972868474
955,954,900,951,950,701,943,166,948,434,0.5972549377344,0.765315273876089
955,954,953,951,950,949,943,166,948,434,0.634960357016863,0.797850972868474
955,954,953,951,950,949,943,166,948,434,0.634960357016863,0.797850972868474
955,954,953,951,823,949,943,166,948,434,0.636565534719069,0.78144291453217
955,954,953,951,500,949,943,166,371,434,0.636510709742669,0.756486703622204
955,954,953,951,950,702,943,166,948,434,0.629861849732954,0.75147757254812
955,174,953,951,950,949,667,166,948,434,0.613709753402025,0.768152390187355
955,954,953,951,950,949,943,166,948,434,0.634960357016863,0.797850972868474
955,147,953,951,950,949,943,166,58,434,0.61479438322582,0.784560448523658
955,954,953,951,950,949,668,214,582,434,0.668294981234898,0.73913151268347
955,646,953,196,950,949,943,166,948,434,0.615443461234763,0.764963795916065
955,954,953,951,108,949,943,166,948,434,0.633783038355098,0.78144291453217
955,954,953,951,950,441,943,680,948,434,0.627388483366539,0.731779764560972
955,954,149,951,950,949,943,166,230,434,0.601807873205887,0.797850972868474
955,954,953,951,950,940,943,668,676,434,0.629245120071179,0.797850972868474
223,954,953,951,950,949,943,166,948,434,0.6218078757555,0.78144291453217
955,954,953,951,950,949,546,166,948,434,0.628815278469556,0.78144291453217
955,954,953,951,950,949,943,166,948,434,0.634960357016863,0.797850972868474
955,954,953,985,950,949,943,166,948,885,0.649447994011309,0.797850972868474
955,954,290,951,950,76,545,166,948,830,0.596038653342166,0.727324958827359
955,954,953,951,950,949,943,166,948,434,0.634960357016863,0.797850972868474
955,449,953,951,950,949,943,166,948,434,0.623107628431192,0.797850972868474
955,954,109,951,950,949,943,166,948,434,0.607225937751441,0.78144291453217
955,954,953,951,950,949,943,166,948,434,0.634960357016863,0.797850972868474
955,954,953,951,950,949,943,166,948,434,0.634960357016863,0.797850972868474
955,954,953,951,950,36,943,166,948,434,0.630502137353102,0.797850972868474
955,954,262,951,950,949,943,166,948,434,0.602872851475088,0.78144291453217
955,954,953,951,950,949,943,166,948,816,0.6398054362044,0.742765067191041
955,954,953,951,950,949,943,166,948,434,0.634960357016863,0.797850972868474
955,954,953,1,950,949,943,135,948,434,0.632699600884367,0.742765067191041
955,954,953,951,950,3,943,166,948,434,0.628716553619417,0.760819909978601
955,954,953,228,550,949,943,820,948,434,0.617721295484814,0.748626797859563
955,954,953,951,950,949,943,166,948,434,0.634960357016863,0.797850972868474
955,525,953,951,950,206,943,166,948,434,0.61729636567128,0.797850972868474
955,954,953,951,950,949,943,166,948,434,0.634960357016863,0.797850972868474
955,954,953,951,950,949,943,166,948,79,0.642978844176837,0.764963795916065
955,954,953,951,950,949,943,166,948,434,0.634960357016863,0.797850972868474
955,954,953,951,950,949,943,166,948,434,0.634960357016863,0.797850972868474
955,954,953,951,950,949,943,166,948,434,0.634960357016863,0.797850972868474
955,954,953,951,950,949,700,166,948,111,0.634589909163436,0.78144291453217
955,424,953,951,454,949,943,166,948,434,0.601927725393757,0.726357008854737
955,954,953,176,950,949,943,166,948,434,0.627836065662336,0.797850972868474
357,954,953,951,950,949,943,166,948,434,0.639374714630394,0.797850972868474
955,954,953,951,950,68,943,166,948,434,0.629730096858417,0.797850972868474
955,954,953,951,950,780,943,166,948,434,0.647005847694413,0.797850972868474
955,954,953,170,950,949,943,166,948,434,0.633433611973756,0.797850972868474
955,954,528,951,950,949,943,166,948,434,0.625598647242958,0.797850972868474
955,993,953,951,950,949,943,166,948,434,0.613423491063848,0.768152390187355
955,954,953,951,950,949,51,125,948,434,0.60955138435446,0.78144291453217
955,954,953,951,950,949,943,166,948,434,0.634960357016863,0.797850972868474
955,954,439,951,950,949,943,166,948,434,0.623969496904491,0.797850972868474
955,954,953,951,950,949,482,166,948,434,0.621185410671496,0.797850972868474
955,954,953,951,950,949,943,166,423,434,0.635715579730176,0.797850972868474
955,519,953,951,950,949,943,166,222,434,0.612262198373729,0.797850972868474
955,954,953,951,950,949,943,166,948,434,0.634960357016863,0.797850972868474
955,645,953,951,950,949,943,166,948,515,0.62935160234531,0.732428096923681
955,954,953,951,950,949,826,166,948,766,0.642665549165239,0.797850972868474
955,333,953,951,950,949,943,166,500,434,0.617463289909618,0.797850972868474
856,298,953,395,950,949,943,166,948,434,0.620771150147707,0.797850972868474
955,954,953,951,950,949,656,166,948,434,0.620456894768284,0.78144291453217
872,954,953,996,950,949,943,166,948,434,0.60480153517769,0.797850972868474
955,954,953,951,950,793,943,166,948,434,0.632644912975597,0.797850972868474
955,954,953,951,950,949,943,166,948,434,0.634960357016863,0.797850972868474
955,954,953,951,950,949,943,166,948,434,0.634960357016863,0.797850972868474
955,954,953,951,950,949,943,166,948,434,0.634960357016863,0.797850972868474
97,954,953,951,950,949,943,833,948,434,0.616283003639386,0.751744331851051
955,954,953,853,950,949,943,166,948,434,0.641107561624427,0.78144291453217
955,954,953,951,950,949,943,166,948,434,0.634960357016863,0.797850972868474
955,626,953,951,950,195,943,166,948,434,0.597121027518654,0.78144291453217
955,954,401,951,973,949,279,166,948,434,0.621422523513809,0.748555737579761
955,954,953,951,950,949,754,166,948,570,0.62812763708436,0.739541495407783
955,954,953,951,950,949,943,166,948,434,0.634960357016863,0.797850972868474
955,954,953,951,950,949,943,166,948,434,0.634960357016863,0.797850972868474
955,954,953,951,950,949,943,166,948,434,0.634960357016863,0.797850972868474
955,436,953,697,950,949,943,166,948,434,0.616167900908063,0.772428672360192
955,954,953,951,950,949,943,166,948,434,0.634960357016863,0.797850972868474
955,954,953,951,950,949,943,166,948,434,0.634960357016863,0.797850972868474
955,954,953,951,950,949,943,166,948,382,0.642463971090595,0.78144291453217
955,954,953,951,950,949,943,166,948,434,0.634960357016863,0.797850972868474
955,954,953,951,950,949,943,166,948,434,0.634960357016863,0.797850972868474
955,954,953,951,343,949,943,166,948,434,0.627263154861724,0.797850972868474
955,954,953,951,950,949,31,166,948,434,0.616951119997902,0.797850972868474
955,954,953,684,950,949,943,166,948,434,0.641647607157891,0.797850972868474
955,954,953,951,950,949,943,165,948,483,0.648634292910027,0.797850972868474
955,954,953,951,950,949,943,166,948,434,0.634960357016863,0.797850972868474
955,298,708,951,950,949,943,166,948,434,0.578946276911499,0.78144291453217
955,756,953,951,950,949,943,166,948,434,0.620439754001086,0.797850972868474
955,954,953,951,950,949,943,166,948,434,0.634960357016863,0.797850972868474
955,954,953,951,950,949,943,166,948,434,0.634960357016863,0.797850972868474
955,954,953,951,950,949,943,166,948,434,0.634960357016863,0.797850972868474
955,954,953,951,950,381,943,166,948,434,0.62675034920237,0.797850972868474
955,954,953,951,950,949,473,166,948,434,0.626991960147085,0.797850972868474
955,954,953,951,950,949,943,166,948,434,0.634960357016863,0.797850972868474
955,954,953,951,950,949,943,166,948,434,0.634960357016863,0.797850972868474
601,954,953,951,950,949,943,166,948,434,0.62862440118928,0.797850972868474
955,954,953,465,950,949,943,166,948,434,0.648588211430212,0.797850972868474
31,954,953,951,416,949,943,166,948,434,0.618610143506455,0.751556584973063
955,954,953,951,950,949,943,166,948,434,0.634960357016863,0.797850972868474
955,954,384,951,950,949,943,166,30,434,0.619396015409219,0.74848467729996
955,954,993,951,950,949,943,166,948,434,0.608394512529899,0.768152390187355
955,954,953,951,950,346,943,166,948,434,0.639461831709214,0.755784536793773
955,954,953,951,950,949,943,166,948,434,0.634960357016863,0.797850972868474
955,954,953,951,950,949,943,166,911,434,0.634083518894279,0.814259031204777
955,954,953,951,950,949,842,274,948,434,0.621529786968677,0.768152390187355
955,954,953,951,950,949,943,166,948,688,0.643136569883726,0.797850972868474
955,954,953,951,950,949,943,166,948,434,0.634960357016863,0.797850972868474
955,706,953,951,950,949,943,166,948,434,0.614983549829344,0.797850972868474
955,954,953,951,950,949,943,166,948,434,0.634960357016863,0.797850972868474
955,954,953,951,950,949,943,166,948,434,0.634960357016863,0.797850972868474
955,954,953,951,950,949,943,556,948,434,0.640099301921584,0.797850972868474
910,954,953,951,950,949,943,166,948,434,0.642161949104065,0.758140309970368
955,954,953,343,950,949,943,166,948,434,0.637155431867527,0.797850972868474
955,954,953,951,950,949,943,166,364,434,0.630295615821318,0.814259031204777
955,954,953,951,950,949,943,166,948,434,0.634960357016863,0.797850972868474
955,954,953,951,788,949,13,166,948,434,0.635050984148875,0.746049574974321
275,954,953,951,195,949,943,166,948,434,0.635368350525875,0.78144291453217
955,954,953,951,950,949,943,166,948,434,0.634960357016863,0.797850972868474
955,954,953,804,950,949,943,166,948,434,0.629407710376093,0.78144291453217
850,954,932,951,950,949,943,166,948,434,0.597824189828579,0.748555737579761
955,954,953,951,950,949,943,166,948,434,0.634960357016863,0.797850972868474
955,667,953,951,950,949,943,166,948,492,0.62615728526451,0.768152390187355
955,954,953,951,236,949,943,166,948,434,0.638077835710335,0.797850972868474
955,954,953,951,950,949,943,166,948,434,0.634960357016863,0.797850972868474
955,199,863,951,950,949,943,166,948,434,0.609106433533357,0.756568238034585
572,954,953,415,950,949,943,166,948,434,0.647859778779563,0.714527626219692
955,954,953,951,950,949,943,166,948,434,0.634960357016863,0.797850972868474
955,954,953,194,950,949,943,166,948,434,0.638700342457842,0.797850972868474
955,954,953,951,950,949,696,166,948,434,0.63441892382546,0.78144291453217
955,954,953,951,950,949,943,166,948,434,0.634960357016863,0.797850972868474
955,954,953,951,950,949,943,166,948,434,0.634960357016863,0.797850972868474
955,954,953,342,950,949,89,166,948,434,0.638417490353231,0.78144291453217
955,439,953,951,950,978,943,166,948,434,0.635940430600595,0.797850972868474
955,954,953,951,950,949,943,166,948,434,0.634960357016863,0.797850972868474
955,954,953,951,358,949,943,166,948,434,0.626445299939176,0.78144291453217
955,954,233,951,950,949,943,166,829,434,0.597454235021415,0.797850972868474
955,954,953,240,950,949,943,166,948,434,0.637581968938985,0.764815368714723
955,954,953,951,950,949,943,962,948,434,0.643382399460306,0.797850972868474
955,954,953,951,950,949,943,166,948,434,0.634960357016863,0.797850972868474
955,954,953,951,950,949,943,166,948,434,0.634960357016863,0.797850972868474
955,954,953,951,580,949,943,166,948,434,0.645739382000842,0.764963795916065
955,954,953,951,950,949,943,166,948,434,0.634960357016863,0.797850972868474
955,954,953,98,950,817,943,166,948,434,0.622061747806786,0.78144291453217
955,954,953,951,950,949,14,166,948,991,0.624020264430357,0.764963795916065
955,954,953,951,950,949,943,166,948,434,0.634960357016863,0.797850972868474
955,954,953,75,950,949,943,166,948,434,0.624996845917125,0.797850972868474
955,954,953,951,950,949,167,166,581,434,0.633261410385702,0.781371854252369
196,735,953,951,950,730,943,166,948,434,0.600129945102268,0.78144291453217
955,954,953,951,950,949,943,166,948,434,0.634960357016863,0.797850972868474
955,954,953,951,950,949,943,166,948,171,0.643415341022147,0.797850972868474
955,954,953,951,950,949,943,166,948,434,0.634960357016863,0.797850972868474
955,954,953,951,950,949,943,166,948,434,0.634960357016863,0.797850972868474
955,886,953,951,984,949,943,166,948,434,0.617307854633286,0.78144291453217
955,954,953,951,950,949,943,166,948,434,0.634960357016863,0.797850972868474
955,954,953,951,950,949,248,166,948,761,0.638120238141887,0.78144291453217
955,954,953,951,950,949,943,166,787,434,0.631095981499,0.788836730696496
955,954,671,151,950,949,943,166,948,45,0.62234412323857,0.764815368714723
955,954,953,951,950,949,943,166,948,434,0.634960357016863,0.797850972868474
955,954,953,951,434,949,943,166,948,705,0.640514094031903,0.772428672360192
955,954,953,951,950,949,943,166,450,434,0.656774431971252,0.814259031204777
955,954,953,951,673,949,943,166,948,434,0.632489971489924,0.78144291453217
955,954,953,951,950,949,943,166,948,434,0.634960357016863,0.797850972868474
955,634,953,951,950,949,943,166,948,434,0.625039606362177,0.797850972868474
955,954,953,951,950,949,839,166,948,612,0.6097581549397,0.768152390187355
955,954,953,951,950,949,943,166,948,434,0.634960357016863,0.797850972868474
955,954,953,951,950,949,638,166,948,434,0.625379760265393,0.768152390187355
955,954,953,951,950,949,444,131,948,434,0.621911358700368,0.758904015007446
955,954,953,951,950,949,943,166,948,434,0.634960357016863,0.797850972868474
955,954,953,951,237,949,943,166,948,434,0.6282173904855,0.78144291453217
955,954,953,951,950,949,360,166,299,434,0.634171088842001,0.814259031204777
955,954,953,951,950,709,943,166,948,72,0.64041026898988,0.751744331851051
955,954,953,312,658,949,943,166,948,434,0.652913699140362,0.797850972868474
955,954,953,951,457,949,943,166,265,434,0.616391808200865,0.781723332212393
955,954,953,951,950,949,943,275,948,434,0.642448129110357,0.797850972868474
955,954,95,951,862,949,943,166,948,225,0.613520693613013,0.760819909978601
955,954,953,951,950,949,943,166,948,434,0.634960357016863,0.797850972868474
955,954,953,951,950,949,943,166,948,434,0.634960357016863,0.797850972868474
955,954,953,951,950,949,943,166,948,434,0.634960357016863,0.797850972868474
955,954,953,951,950,949,943,166,948,434,0.634960357016863,0.797850972868474
494,954,199,951,950,949,419,166,948,434,0.596368435202777,0.723752121361977
955,954,953,951,950,949,943,166,595,434,0.637153346736019,0.797850972868474
955,954,953,951,950,949,678,166,948,434,0.622223732850336,0.78144291453217
955,954,953,951,950,949,943,166,994,434,0.637386316236906,0.797850972868474
955,954,953,951,950,827,745,166,948,434,0.616046359830378,0.797850972868474
693,954,953,951,950,949,943,166,948,434,0.624312187675912,0.78144291453217
955,954,953,951,950,949,108,166,948,434,0.626421249000948,0.78144291453217
955,954,953,951,950,949,518,166,567,434,0.618726437605411,0.781723332212393
955,954,953,951,950,949,270,166,948,434,0.623704838858612,0.768152390187355
955,17,953,951,950,949,943,713,948,434,0.604511794078937,0.78144291453217
955,954,953,949,950,2,943,166,873,250,0.658712515791954,0.704180631781668
955,954,953,951,950,949,943,166,948,434,0.634960357016863,0.797850972868474
955,954,953,951,950,949,943,166,948,434,0.634960357016863,0.797850972868474
955,954,953,951,950,949,943,166,948,434,0.634960357016863,0.797850972868474
955,485,953,951,82,949,943,166,948,434,0.607429332864027,0.748555737579761
955,954,953,951,950,600,943,166,948,434,0.628280438696232,0.797850972868474
955,954,222,951,732,949,943,166,948,434,0.604189676998713,0.78144291453217
955,954,953,951,950,949,943,166,948,434,0.634960357016863,0.797850972868474
955,849,953,951,950,949,943,166,948,434,0.615228701494977,0.78144291453217
955,954,545,951,950,949,943,166,948,434,0.604353582884908,0.78144291453217
955,954,953,187,950,949,943,166,948,434,0.64959064983101,0.743733017163663
955,954,953,951,950,949,943,166,948,434,0.634960357016863,0.797850972868474
