941,546,465,656,558,80,45,41,508,589,0.570539973861996,0.751777394542132
942,941,743,205,411,444,57,946,751,30,0.564555239125191,0.767175973521492
453,942,941,323,206,210,924,225,227,140,0.61147079767343,0.677893725499454
943,601,942,941,52,58,965,267,839,410,0.591981246887883,0.809643129584188
944,943,532,942,941,783,367,32,904,150,0.572159978866997,0.757589889623252
945,963,943,703,942,941,59,537,566,159,0.597466917002952,0.733567354613434
946,719,944,943,795,942,941,764,401,97,0.565122204243303,0.825041708563548
947,944,945,531,943,370,942,941,793,731,0.583884476992438,0.794244550604829
948,945,946,944,776,943,755,942,941,94,0.617719823625093,0.732244915977542
949,946,947,945,944,738,943,580,942,941,0.605610310410794,0.823067842498092
950,947,948,946,702,944,118,30,943,942,0.582709276317759,0.761036963591596
949,948,825,947,945,352,944,943,464,923,0.59500606581043,0.784575693900948
491,531,949,948,946,945,564,944,340,943,0.582249934421145,0.809112201126305
492,949,950,108,947,946,945,682,944,743,0.586711641872337,0.790666658642977
493,950,947,949,948,631,946,945,964,944,0.570249883284087,0.785769546261543
494,946,491,950,949,947,446,440,945,685,0.595326788970112,0.839909359085025
494,946,491,950,949,908,947,182,945,487,0.57494385667322,0.839909359085025
494,946,491,945,950,947,948,513,420,685,0.564914947016279,0.809112201126305
216,491,492,950,944,948,949,947,946,945,0.572887029701413,0.839909359085025
495,492,493,950,949,920,825,948,947,946,0.585788738126172,0.824510780105665
496,493,494,950,944,949,435,772,948,947,0.613313056985561,0.809112201126305
496,493,494,950,944,555,856,949,929,948,0.614793821943766,0.776872105560013
497,494,495,491,949,950,62,518,979,479,0.609712996447491,0.807921573453285
497,494,495,491,949,478,950,35,156,196,0.591768149519972,0.768239972000334
498,495,496,492,3,949,943,950,535,309,0.602433446296961,0.802825504673684
499,496,497,755,491,560,947,728,949,652,0.642920349605846,0.761725836515205
500,497,797,151,492,989,949,947,950,19,0.606530302205075,0.776125019954701
943,498,243,740,493,950,352,948,942,315,0.584769773277712,0.839909359085025
943,498,248,493,599,950,486,522,942,949,0.587298539867055,0.824510780105665
943,498,335,494,116,948,220,554,945,950,0.583717661477611,0.793713622146945
495,499,498,25,493,950,943,948,615,941,0.637357718380677,0.807921573453285
495,499,498,896,32,950,595,948,544,941,0.598196546452249,0.761725836515205
311,500,499,495,493,949,943,440,948,947,0.632783950198643,0.777124415494565
802,946,500,496,493,491,943,950,942,945,0.595828924091546,0.809112201126305
891,491,942,497,493,492,943,715,946,949,0.571916971297095,0.825041708563548
892,304,492,498,494,493,491,448,948,947,0.585382591538262,0.824510780105665
893,946,493,499,495,494,492,491,947,320,0.59048605211466,0.807921573453285
894,492,499,500,496,495,493,392,942,946,0.616935843883336,0.792522994473925
895,500,891,950,497,496,494,492,942,947,0.614083293456232,0.809112201126305
895,500,891,950,440,496,494,492,942,947,0.611200309103759,0.809112201126305
895,405,891,950,497,496,494,790,253,947,0.614060703310203,0.711608915442734
896,500,715,941,934,497,495,492,942,491,0.594737353212263,0.778845971625469
897,891,892,493,498,69,496,542,948,492,0.612947010850214,0.809112201126305
869,891,892,493,498,565,496,340,948,492,0.579551463224878,0.776872105560013
897,892,893,495,499,498,497,493,949,137,0.625473317289226,0.807921573453285
897,892,893,495,499,498,497,493,538,830,0.622896380800186,0.807921573453285
897,892,893,495,499,498,497,493,311,119,0.627789525357995,0.792522994473925
897,892,893,495,499,498,497,493,949,617,0.635616121191798,0.77493439228168
897,892,893,495,499,498,497,493,949,132,0.640080260203116,0.807921573453285
897,892,893,495,499,498,252,493,949,878,0.632292321737208,0.777124415494565
897,892,893,495,499,498,497,493,949,480,0.640622229553696,0.767986487248568
897,892,893,495,499,498,497,493,949,902,0.641280518358107,0.792522994473925
897,892,893,495,499,498,497,493,949,109,0.63395761133206,0.792522994473925
897,892,893,495,499,498,497,493,949,33,0.6393435555896,0.767428283456043
897,892,893,495,499,498,497,493,949,519,0.637399398261206,0.807921573453285
897,892,807,495,699,498,497,493,949,941,0.621245499076091,0.785081488587267
897,892,893,495,499,498,497,493,949,369,0.63913960195683,0.807921573453285
990,971,893,495,499,498,497,493,949,964,0.637175834490008,0.823320152432644
990,892,893,495,499,498,497,493,949,964,0.611023336678948,0.823320152432644
990,629,893,495,499,498,497,588,949,964,0.639158243635537,0.784436514246713
990,892,893,495,499,498,497,493,949,964,0.611023336678948,0.823320152432644
990,892,893,495,499,498,497,493,949,964,0.611023336678948,0.823320152432644
990,892,893,495,464,498,497,493,949,510,0.619227881574038,0.839909359085025
614,892,893,495,499,498,497,493,949,964,0.619993483843574,0.791332366800904
990,892,893,495,499,498,497,493,949,964,0.611023336678948,0.823320152432644
990,892,893,495,499,498,497,493,949,964,0.611023336678948,0.823320152432644
990,892,893,495,356,498,497,493,949,964,0.581972321863815,0.839909359085025
935,892,893,495,499,498,497,493,949,964,0.626713624518852,0.789386443121835
990,892,893,495,885,498,497,493,949,964,0.573747683178648,0.855307938064385
990,892,893,495,499,498,497,493,949,964,0.611023336678948,0.823320152432644
990,892,893,495,499,159,497,493,949,964,0.617618801716815,0.769937926490453
990,892,893,184,499,536,497,493,949,964,0.601124908483023,0.823320152432644
990,892,893,495,499,498,497,493,949,964,0.611023336678948,0.823320152432644
990,892,893,495,499,498,497,493,949,964,0.611023336678948,0.823320152432644
990,892,893,495,499,498,139,493,927,964,0.601366790862221,0.823320152432644
990,892,893,495,499,498,497,493,949,298,0.618052505023339,0.823320152432644
990,557,893,495,499,498,497,493,949,964,0.615368035502804,0.79033297126104
990,892,893,495,499,498,497,493,949,964,0.611023336678948,0.823320152432644
990,892,893,495,499,498,487,493,949,964,0.592441812945887,0.823320152432644
990,892,893,495,499,498,497,493,949,964,0.611023336678948,0.823320152432644
990,466,893,495,499,498,625,493,949,964,0.631161439621841,0.789386443121835
856,892,893,495,499,498,497,493,949,964,0.618003311548415,0.823320152432644
990,892,893,495,499,498,497,493,949,964,0.611023336678948,0.823320152432644
990,892,893,495,793,498,497,493,949,964,0.583243919603853,0.855307938064385
990,892,893,495,499,498,497,493,373,964,0.606730828011388,0.776370800276627
530,892,893,495,499,498,497,493,949,964,0.616925714624886,0.823320152432644
990,892,893,481,499,498,575,493,798,964,0.562915115975823,0.823320152432644
990,892,893,298,499,498,729,493,976,964,0.582667283411185,0.807921573453285
990,892,893,495,499,848,497,493,949,964,0.614699031393226,0.782826862435403
897,892,893,495,499,498,497,493,949,894,0.635292922227773,0.807921573453285
897,949,893,495,499,498,497,493,174,894,0.622656215253408,0.807921573453285
880,71,893,18,499,498,497,493,949,894,0.592548791010846,0.762787693430972
897,892,893,495,499,498,497,493,276,964,0.6232213569693,0.777655343952448
897,892,893,495,415,498,497,493,949,964,0.602125117682348,0.796620564823399
990,892,893,495,499,498,18,493,949,964,0.596671103558536,0.793053922931808
897,892,149,495,307,498,497,493,949,964,0.608586621033897,0.839909359085025
897,892,893,495,499,498,497,493,949,964,0.630138118884795,0.807921573453285
897,892,893,495,499,498,563,493,949,964,0.6153337867351,0.792522994473925
897,892,893,495,499,498,497,493,949,336,0.635267237438201,0.807921573453285
897,892,893,495,499,498,497,493,949,146,0.635056571663619,0.807921573453285
897,892,322,495,499,498,497,493,949,964,0.630146074286304,0.807921573453285
897,892,893,495,499,498,497,493,949,964,0.630138118884795,0.807921573453285
897,4,973,495,499,498,497,332,949,901,0.653642653892519,0.692422267475523
897,892,893,495,499,498,497,550,435,964,0.62718336402383,0.792522994473925
897,892,893,495,499,498,497,493,949,964,0.630138118884795,0.807921573453285
897,892,893,495,499,498,497,493,745,964,0.619327551579904,0.807921573453285
897,696,893,495,499,623,497,493,949,964,0.666075030714541,0.745573642317908
897,892,893,495,499,498,497,493,949,964,0.630138118884795,0.807921573453285
897,892,893,495,499,498,497,493,949,964,0.630138118884795,0.807921573453285
897,892,893,495,499,619,497,493,949,964,0.637184860069056,0.792522994473925
897,297,893,495,388,498,497,252,949,964,0.645565860277574,0.824510780105665
897,915,893,495,499,498,497,493,949,964,0.647244108745265,0.807921573453285
746,892,893,495,499,426,497,493,949,964,0.614776813324881,0.753333880098086
897,892,417,495,499,498,497,493,949,964,0.635933285954553,0.761289273526147
897,892,893,495,499,498,497,493,949,964,0.630138118884795,0.807921573453285
255,892,893,495,499,498,497,493,949,964,0.619114313609172,0.823320152432644
897,892,893,495,499,498,497,493,949,964,0.630138118884795,0.807921573453285
897,892,893,495,499,498,497,493,949,964,0.630138118884795,0.807921573453285
897,892,893,495,499,498,497,493,949,964,0.630138118884795,0.807921573453285
897,892,144,495,499,498,497,493,949,732,0.645400943801535,0.807921573453285
897,892,893,495,499,498,497,493,949,964,0.630138118884795,0.807921573453285
897,892,893,495,499,498,497,429,949,964,0.641291875072458,0.77493439228168
897,892,893,495,499,498,497,493,949,964,0.630138118884795,0.807921573453285
897,892,893,495,499,498,497,493,949,964,0.630138118884795,0.807921573453285
897,892,893,495,313,498,497,493,949,964,0.637600105005503,0.839909359085025
897,892,893,495,808,498,497,493,949,964,0.619029706237002,0.839909359085025
897,892,893,495,811,498,497,493,949,108,0.615305328494107,0.809112201126305
897,892,893,822,313,498,497,493,949,964,0.615910367643562,0.786949580555625
897,892,893,495,973,14,497,493,949,964,0.628432916037079,0.775429167952441
360,892,893,495,499,498,497,493,949,964,0.62993668346911,0.823320152432644
897,892,893,495,499,498,497,493,949,964,0.630138118884795,0.807921573453285
897,978,893,495,499,498,497,493,949,964,0.635876407056103,0.807921573453285
854,892,893,495,499,498,497,493,806,964,0.595729402989483,0.792522994473925
897,892,893,495,499,498,497,493,949,964,0.630138118884795,0.807921573453285
897,892,893,495,499,498,497,493,949,19,0.635528165429331,0.807921573453285
897,892,893,495,499,498,497,493,949,964,0.630138118884795,0.807921573453285
897,892,893,495,499,498,102,493,949,964,0.621851953844066,0.775681477886993
897,892,589,650,499,498,497,493,644,964,0.62311398883091,0.760282898907633
897,892,893,495,499,498,497,493,949,964,0.630138118884795,0.807921573453285
897,892,893,495,499,498,497,493,949,964,0.630138118884795,0.807921573453285
897,892,893,495,499,498,437,493,949,964,0.625614741165338,0.807921573453285
897,892,893,495,499,498,497,493,949,964,0.630138118884795,0.807921573453285
897,892,893,495,499,498,497,493,949,964,0.630138118884795,0.807921573453285
615,892,893,495,499,498,497,493,949,964,0.61556996826284,0.823320152432644
897,892,893,495,499,775,497,493,949,964,0.637800173682559,0.792522994473925
897,892,893,81,499,498,926,493,949,964,0.582560722280016,0.792522994473925
897,892,443,495,499,498,497,493,949,964,0.633034606562594,0.807921573453285
897,892,893,495,499,498,497,493,949,964,0.630138118884795,0.807921573453285
897,474,893,495,499,498,658,493,949,964,0.620418143337242,0.754961794923885
897,892,893,495,499,498,497,493,949,964,0.630138118884795,0.807921573453285
897,892,704,495,499,498,497,493,828,964,0.59665886369537,0.777124415494565
897,632,893,495,499,498,497,493,949,964,0.636853887386951,0.792522994473925
897,892,893,495,499,119,497,493,949,964,0.631243825876188,0.807921573453285
897,892,893,495,499,498,497,493,949,964,0.630138118884795,0.807921573453285
897,892,893,710,499,498,497,493,949,964,0.623542302382538,0.76698688133756
897,892,893,495,499,498,497,493,949,964,0.630138118884795,0.807921573453285
897,892,893,495,499,498,497,493,949,964,0.630138118884795,0.807921573453285
897,523,893,495,499,498,497,493,949,964,0.64693633285223,0.807921573453285
897,879,893,495,767,498,497,493,949,964,0.620940461266099,0.839909359085025
897,892,893,495,499,498,497,493,949,279,0.638425410553808,0.792522994473925
897,892,893,495,499,498,497,493,949,964,0.630138118884795,0.807921573453285
897,892,893,495,499,99,497,493,949,964,0.622658379839666,0.792522994473925
897,892,893,495,499,498,251,493,409,964,0.622868039239538,0.747802134217371
897,892,298,495,499,465,297,589,949,964,0.639627967998957,0.775681477886993
897,892,893,163,499,498,497,120,949,964,0.637509442118298,0.807921573453285
897,892,893,495,499,498,497,493,949,964,0.630138118884795,0.807921573453285
1,892,893,495,499,498,497,400,949,964,0.618799591425549,0.716555700548261
897,892,893,495,499,498,497,493,949,695,0.63549190261883,0.792522994473925
897,892,893,495,499,498,497,493,949,964,0.630138118884795,0.807921573453285
897,892,893,495,499,498,497,493,949,964,0.630138118884795,0.807921573453285
897,649,893,495,499,498,497,493,949,964,0.643560492706257,0.807921573453285
897,892,893,495,499,498,497,493,949,964,0.630138118884795,0.807921573453285
897,892,893,495,499,498,497,493,949,964,0.630138118884795,0.807921573453285
897,892,893,495,499,498,497,493,949,964,0.630138118884795,0.807921573453285
332,892,950,495,499,498,497,493,949,964,0.613291180134265,0.78238546031692
897,892,882,495,499,498,497,688,949,79,0.641533037706897,0.760282898907633
858,892,893,495,499,498,261,713,955,964,0.614338169535578,0.792522994473925
897,892,893,495,535,498,497,493,993,964,0.593277687191215,0.809643129584188
897,892,893,495,499,498,497,493,949,964,0.630138118884795,0.807921573453285
520,892,893,495,499,498,497,493,949,964,0.613233472560532,0.823320152432644
897,892,893,495,499,498,497,493,6,964,0.614838960933872,0.807921573453285
897,892,893,495,499,498,497,493,949,202,0.645926283166446,0.767712323236047
897,892,893,495,499,498,497,493,949,964,0.630138118884795,0.807921573453285
897,892,893,430,499,498,497,478,949,964,0.636949933053492,0.768492281934886
897,892,893,495,499,498,497,493,949,964,0.630138118884795,0.807921573453285
75,892,893,495,499,498,497,493,949,964,0.611480515063641,0.823320152432644
897,892,893,495,499,498,629,493,949,964,0.620270649096742,0.807921573453285
897,892,893,495,499,498,497,493,949,964,0.630138118884795,0.807921573453285
897,892,893,495,499,498,497,493,949,964,0.630138118884795,0.807921573453285
897,892,893,495,499,498,497,493,949,964,0.630138118884795,0.807921573453285
897,806,893,495,499,498,497,493,949,817,0.639851384998503,0.792522994473925
897,892,893,495,499,498,946,493,949,964,0.61338472987487,0.807921573453285
897,892,221,495,499,498,497,350,949,160,0.639626583700324,0.719159993644717
897,892,893,495,499,498,497,493,949,964,0.630138118884795,0.807921573453285
897,892,893,495,499,498,497,493,949,964,0.630138118884795,0.807921573453285
897,892,893,495,499,498,770,493,923,964,0.617089706843137,0.767986487248568
897,892,893,495,499,498,497,493,949,964,0.630138118884795,0.807921573453285
897,892,893,495,499,498,497,493,949,964,0.630138118884795,0.807921573453285
897,892,353,495,499,498,451,493,949,964,0.623804506140914,0.792522994473925
617,632,893,882,499,498,993,560,949,964,0.591447486271309,0.713871004822124
897,892,893,495,499,498,497,493,949,964,0.630138118884795,0.807921573453285
773,892,893,495,499,760,497,493,949,964,0.625116018108877,0.77991675352696
897,892,893,338,499,498,710,493,949,964,0.586274779107923,0.76698688133756
791,892,893,495,499,498,184,493,880,964,0.587414821094411,0.793053922931808
897,892,893,495,499,943,497,493,949,964,0.626521570000179,0.807921573453285
897,892,893,495,499,498,497,493,949,964,0.630138118884795,0.807921573453285
897,132,893,495,499,498,497,704,949,964,0.632054179857468,0.792522994473925
897,892,893,495,499,498,497,493,949,964,0.630138118884795,0.807921573453285
897,892,486,495,499,880,497,493,949,795,0.645591762315247,0.777655343952448
897,892,99,568,499,498,497,493,949,964,0.596584804836107,0.792522994473925
897,331,893,495,499,498,497,493,949,964,0.644752760474878,0.807921573453285
715,892,893,495,499,498,497,248,949,812,0.626311364869763,0.777655343952448
897,892,893,495,499,555,220,493,949,210,0.64077112738877,0.755439140062584
897,892,665,495,499,479,497,493,949,964,0.65475515933337,0.777655343952448
897,694,893,599,499,498,497,493,949,964,0.624142836613745,0.792522994473925
897,892,893,495,499,498,497,493,949,964,0.630138118884795,0.807921573453285
897,845,893,495,499,498,497,493,949,964,0.643230682461597,0.807921573453285
897,892,893,969,499,498,497,493,949,964,0.62132199442831,0.807921573453285
897,892,893,495,499,498,497,493,949,964,0.630138118884795,0.807921573453285
897,892,893,495,499,498,497,493,949,964,0.630138118884795,0.807921573453285
897,892,233,495,499,498,497,493,949,964,0.625219279086275,0.792522994473925
897,892,197,495,499,498,497,493,949,964,0.631463929332208,0.763200713196731
897,892,168,495,499,498,497,493,949,964,0.62874791531973,0.807921573453285
897,892,893,495,499,498,461,493,949,964,0.61928951228503,0.792522994473925
897,892,893,495,499,498,497,493,949,434,0.623483692085636,0.807921573453285
694,892,769,495,499,498,497,493,949,964,0.622540168211015,0.807921573453285
897,892,893,495,499,498,497,493,949,964,0.630138118884795,0.807921573453285
897,892,893,495,499,530,497,493,949,964,0.634948754779645,0.807921573453285
897,892,893,495,499,498,497,493,949,964,0.630138118884795,0.807921573453285
897,892,893,495,499,498,497,493,870,964,0.624993694754739,0.775681477886993
897,892,893,495,499,498,497,493,949,964,0.630138118884795,0.807921573453285
897,892,893,21,499,498,497,493,949,964,0.623033980517865,0.760008732596685
897,892,893,495,499,498,497,493,949,964,0.630138118884795,0.807921573453285
897,892,893,177,499,498,497,493,949,964,0.625406686524052,0.807921573453285
846,892,893,495,499,498,497,882,949,742,0.606384573860991,0.792522994473925
897,892,893,495,499,498,497,493,949,964,0.630138118884795,0.807921573453285
897,892,893,495,499,498,497,493,949,964,0.630138118884795,0.807921573453285
282,892,893,495,499,498,497,493,949,964,0.622847767151748,0.823320152432644
897,892,893,495,499,498,497,447,949,964,0.644050809646185,0.77493439228168
897,832,895,495,499,498,497,493,949,964,0.6315769290233,0.792522994473925
897,892,893,495,499,498,497,493,949,964,0.630138118884795,0.807921573453285
897,892,893,495,499,498,497,493,949,964,0.630138118884795,0.807921573453285
897,892,893,495,499,498,497,493,949,964,0.630138118884795,0.807921573453285
897,892,893,495,499,498,497,493,949,964,0.630138118884795,0.807921573453285
897,892,893,495,499,498,497,493,949,964,0.630138118884795,0.807921573453285
897,892,893,495,499,498,807,71,949,964,0.628146331475655,0.792522994473925
897,892,559,495,499,498,497,493,949,964,0.629300250312212,0.807921573453285
897,892,893,495,499,498,184,493,949,964,0.622282240422299,0.807921573453285
897,766,893,495,499,498,497,493,949,113,0.641286327235708,0.76266782137477
897,892,893,495,499,498,497,493,949,964,0.630138118884795,0.807921573453285
897,892,893,907,499,436,497,493,949,964,0.624365147640701,0.807921573453285
897,892,893,495,316,498,497,811,949,964,0.617738774383247,0.824510780105665
298,892,893,495,499,498,497,493,949,964,0.616526338899552,0.823320152432644
897,892,893,495,499,498,497,493,949,964,0.630138118884795,0.807921573453285
897,892,893,495,499,774,497,493,949,964,0.638100026887622,0.792522994473925
897,173,893,495,499,498,497,493,333,999,0.645005425544827,0.807921573453285
897,892,893,376,499,498,497,493,949,964,0.619182144977075,0.777655343952448
897,892,893,495,787,498,497,493,949,964,0.596566621144492,0.805975649774216
897,892,893,495,499,498,497,493,949,964,0.630138118884795,0.807921573453285
229,892,893,495,499,498,497,493,949,964,0.622618307400734,0.807921573453285
897,892,845,159,499,498,497,493,949,964,0.630055005562778,0.754539347511093
62,892,893,495,499,498,497,493,949,964,0.619708391054965,0.823320152432644
897,892,893,495,499,498,497,493,949,964,0.630138118884795,0.807921573453285
897,892,893,495,499,211,497,493,949,930,0.656712405076247,0.775681477886993
897,892,893,495,499,498,497,493,766,964,0.63533753102513,0.807921573453285
897,892,893,495,333,498,369,493,949,309,0.594277482407058,0.839909359085025
897,892,893,495,499,498,497,493,949,781,0.624915303038359,0.807921573453285
897,892,893,495,499,57,497,493,949,964,0.633687902854247,0.767428283456043
897,892,727,495,499,498,497,115,296,964,0.632251693435809,0.807921573453285
897,892,893,495,499,498,497,493,949,964,0.630138118884795,0.807921573453285
897,892,893,495,305,498,497,493,949,964,0.610986995681313,0.790186109194475
897,892,893,495,499,498,497,493,949,964,0.630138118884795,0.807921573453285
897,892,893,495,499,498,497,493,949,964,0.630138118884795,0.807921573453285
897,892,604,495,226,498,497,493,949,964,0.604455363694124,0.824510780105665
978,892,924,495,499,498,497,493,949,964,0.605307944760837,0.823320152432644
897,232,893,495,740,498,497,493,949,964,0.625633792807645,0.824510780105665
379,892,893,552,499,65,497,493,949,964,0.591933845392893,0.793053922931808
559,892,893,495,499,498,497,493,949,964,0.61844702295934,0.823320152432644
897,892,893,495,499,498,497,493,949,964,0.630138118884795,0.807921573453285
897,892,893,495,499,922,991,493,949,964,0.624179775063416,0.775933787821544
897,892,893,495,499,739,497,493,949,964,0.622255365609329,0.807921573453285
897,709,893,495,499,498,497,493,949,964,0.645687907413418,0.777655343952448
897,892,893,495,499,498,497,493,949,198,0.638468983538557,0.807921573453285
897,892,307,495,499,498,9,493,949,964,0.596615044763823,0.807921573453285
897,892,893,495,499,498,497,617,949,964,0.636760722259259,0.77493439228168
897,892,893,495,499,498,497,493,949,964,0.630138118884795,0.807921573453285
223,892,893,495,499,498,497,493,949,964,0.603818968900763,0.807921573453285
897,892,893,495,499,498,497,493,949,964,0.630138118884795,0.807921573453285
897,892,893,495,499,498,497,493,949,964,0.630138118884795,0.807921573453285
897,892,893,495,499,868,497,493,949,964,0.642868399197076,0.792522994473925
897,892,893,495,499,498,497,493,949,964,0.630138118884795,0.807921573453285
897,892,893,495,896,498,497,493,949,964,0.604936735809788,0.824510780105665
897,892,893,495,499,498,497,493,949,964,0.630138118884795,0.807921573453285
897,892,893,495,499,498,497,493,949,964,0.630138118884795,0.807921573453285
897,666,893,495,144,498,497,493,949,964,0.613884902582164,0.809643129584188
897,892,893,495,499,498,497,390,949,964,0.634121062036495,0.764632779191659
389,892,893,495,499,498,497,493,949,964,0.61380051679415,0.780031358171019
897,892,893,495,499,498,497,493,949,964,0.630138118884795,0.807921573453285
897,892,893,495,499,498,497,493,949,964,0.630138118884795,0.807921573453285
897,892,893,495,499,498,497,493,949,964,0.630138118884795,0.807921573453285
562,775,371,413,816,498,497,493,949,964,0.591288202698537,0.728804035867728
897,892,893,39,499,498,497,493,956,964,0.620785035899631,0.807921573453285
897,892,893,495,499,498,497,178,949,972,0.653013358830584,0.807921573453285
897,892,893,495,499,957,497,493,949,964,0.639877024340104,0.754539347511093
897,892,893,495,499,368,592,493,949,964,0.622854936403291,0.792522994473925
897,892,893,495,499,298,497,493,949,964,0.636280795785727,0.807921573453285
897,892,893,660,499,680,497,493,949,964,0.626617181910562,0.759535813302321
817,892,893,495,499,498,497,806,949,964,0.621415047368646,0.807921573453285
70,892,893,495,499,498,497,407,949,964,0.627569532073788,0.763200713196731
897,322,893,495,499,498,497,493,949,964,0.642906217907267,0.807921573453285
897,892,893,495,499,498,497,493,949,964,0.630138118884795,0.807921573453285
897,892,893,907,499,498,497,493,949,964,0.626907319183407,0.807921573453285
897,151,893,495,499,498,497,493,949,964,0.65377153473187,0.77493439228168
897,334,893,495,499,498,497,493,949,964,0.638907992915811,0.792522994473925
897,892,893,495,499,498,497,493,949,964,0.630138118884795,0.807921573453285
897,43,893,567,499,498,497,493,949,964,0.620244241526642,0.792522994473925
584,892,893,495,499,662,497,493,949,964,0.617237886774422,0.793053922931808
897,892,893,495,499,498,497,493,949,964,0.630138118884795,0.807921573453285
897,892,893,495,499,498,497,493,549,964,0.619418484723223,0.792522994473925
897,892,129,495,499,498,497,493,949,964,0.635182198144833,0.807921573453285
897,892,893,495,499,498,497,493,949,964,0.630138118884795,0.807921573453285
897,258,893,495,499,498,497,493,949,964,0.63728826479311,0.807921573453285
897,892,893,495,499,498,497,493,949,964,0.630138118884795,0.807921573453285
217,892,893,495,499,498,497,493,949,964,0.618568897650766,0.823320152432644
897,892,893,686,958,498,497,493,949,964,0.570009508488218,0.790577070794856
897,892,893,495,499,498,497,493,949,964,0.630138118884795,0.807921573453285
897,892,893,495,499,498,497,493,949,964,0.630138118884795,0.807921573453285
897,892,893,495,499,498,497,493,949,964,0.630138118884795,0.807921573453285
897,892,893,122,499,498,497,493,949,964,0.623033980517865,0.807921573453285
897,892,893,495,499,498,497,493,949,964,0.630138118884795,0.807921573453285
897,892,893,495,499,14,497,493,949,964,0.644897845057724,0.775681477886993
897,892,893,690,499,498,497,931,949,964,0.635169808956579,0.762611025591548
97,892,893,170,971,37,497,493,949,964,0.556524814529085,0.825041708563548
897,892,893,495,741,498,568,493,349,964,0.604319744736972,0.839909359085025
897,892,893,495,499,498,497,493,949,964,0.630138118884795,0.807921573453285
897,892,893,495,499,498,159,493,949,629,0.631401000211756,0.754539347511093
897,892,893,495,499,498,497,493,949,964,0.630138118884795,0.807921573453285
897,892,893,495,499,498,497,493,949,964,0.630138118884795,0.807921573453285
897,892,893,177,499,242,497,493,46,964,0.615378064225312,0.792522994473925
897,892,893,495,880,498,266,493,949,964,0.590814669683143,0.809643129584188
897,892,893,495,687,498,497,553,949,964,0.608757121017241,0.824510780105665
897,892,893,495,499,498,497,493,949,649,0.641395181795638,0.807921573453285
897,892,893,495,499,498,497,493,949,964,0.630138118884795,0.807921573453285
897,892,893,495,499,498,497,493,949,964,0.630138118884795,0.807921573453285
897,892,893,495,499,498,497,493,949,964,0.630138118884795,0.807921573453285
897,892,893,495,499,498,497,493,949,964,0.630138118884795,0.807921573453285
140,892,893,495,499,498,497,493,949,964,0.624365735586493,0.791080056866352
897,892,893,495,499,498,497,493,949,964,0.630138118884795,0.807921573453285
897,892,893,336,499,498,497,493,949,964,0.61328583866864,0.807921573453285
897,892,893,495,499,498,497,493,949,964,0.630138118884795,0.807921573453285
897,892,893,504,499,498,497,493,949,394,0.617201034187313,0.807921573453285
897,892,893,495,499,498,497,493,949,964,0.630138118884795,0.807921573453285
897,892,893,495,499,48,497,493,949,964,0.631448762192643,0.792522994473925
897,892,893,495,499,498,497,493,949,964,0.630138118884795,0.807921573453285
897,892,893,495,499,498,497,493,949,964,0.630138118884795,0.807921573453285
897,892,893,495,499,498,497,493,692,779,0.63374712558987,0.807921573453285
897,892,69,495,499,498,497,493,949,964,0.633950005109808,0.807921573453285
897,32,893,495,499,498,164,380,949,964,0.622553824275822,0.777655343952448
897,892,893,495,499,498,497,493,949,964,0.630138118884795,0.807921573453285
897,892,893,183,499,498,497,493,949,964,0.628538220199419,0.807921573453285
897,892,893,495,499,498,497,493,949,964,0.630138118884795,0.807921573453285
897,892,893,495,499,498,497,493,949,554,0.629984089679373,0.792522994473925
897,892,893,495,499,498,497,493,949,695,0.63549190261883,0.792522994473925
984,892,893,495,499,498,497,493,949,964,0.618442362507707,0.823320152432644
306,892,893,495,499,498,497,493,949,964,0.618442819719219,0.823320152432644
897,892,893,495,499,498,497,493,949,964,0.630138118884795,0.807921573453285
897,892,893,495,499,498,497,493,949,964,0.630138118884795,0.807921573453285
897,892,893,495,499,498,497,493,949,964,0.630138118884795,0.807921573453285
897,892,893,495,499,134,497,493,949,964,0.636157111669667,0.807921573453285
897,892,893,495,499,498,497,493,949,213,0.643058594821667,0.77493439228168
897,892,893,495,499,498,497,493,949,964,0.630138118884795,0.807921573453285
897,892,893,495,877,498,596,493,949,964,0.621507088789552,0.824510780105665
897,629,893,495,499,498,497,493,949,964,0.641496672155678,0.807921573453285
897,185,893,495,499,498,497,493,949,964,0.63606209234155,0.807921573453285
897,892,893,495,84,498,497,493,949,964,0.600632631337978,0.824510780105665
897,892,893,495,499,498,497,493,949,964,0.630138118884795,0.807921573453285
897,892,893,495,499,498,497,493,949,964,0.630138118884795,0.807921573453285
897,892,893,495,524,498,497,735,949,964,0.628968840712559,0.839909359085025
701,892,893,495,377,498,797,493,949,964,0.572495381416324,0.758966961634356
897,892,893,495,499,498,497,493,949,964,0.630138118884795,0.807921573453285
330,892,893,495,499,498,497,493,249,964,0.607129162494777,0.823320152432644
897,892,893,495,499,498,497,493,949,964,0.630138118884795,0.807921573453285
897,892,893,495,499,498,497,493,949,964,0.630138118884795,0.807921573453285
897,892,622,340,745,498,368,493,949,964,0.562244997428287,0.784301529888427
897,892,893,887,492,498,497,493,563,964,0.548439648511923,0.787426925694325
897,892,893,495,499,498,497,493,949,964,0.630138118884795,0.807921573453285
897,892,893,495,499,498,497,493,949,964,0.630138118884795,0.807921573453285
897,892,594,495,499,498,497,493,949,921,0.639275818891339,0.792522994473925
897,892,893,495,499,498,497,493,949,964,0.630138118884795,0.807921573453285
897,892,893,495,499,338,497,493,949,964,0.61418286294012,0.807921573453285
897,892,893,495,499,498,497,493,949,964,0.630138118884795,0.807921573453285
897,624,893,100,499,989,497,493,949,964,0.624900010989838,0.738240777308634
897,892,893,495,499,498,497,493,76,574,0.623330800239184,0.807921573453285
897,892,893,495,499,498,497,493,949,964,0.630138118884795,0.807921573453285
897,892,93,495,365,498,497,493,949,964,0.626340801154729,0.802825504673684
916,892,908,495,499,498,497,493,464,964,0.622670823944935,0.823320152432644
897,655,893,495,499,498,497,493,949,964,0.649741257627344,0.807921573453285
897,892,893,495,499,498,497,493,949,964,0.630138118884795,0.807921573453285
897,892,893,495,149,498,40,493,949,964,0.608005125654256,0.839909359085025
897,892,893,495,499,72,497,200,949,964,0.663931985178253,0.760282898907633
897,892,893,495,499,498,49,493,949,964,0.595084932779285,0.807921573453285
897,892,893,495,499,498,497,493,949,964,0.630138118884795,0.807921573453285
755,683,893,495,499,498,497,493,949,964,0.640849790312449,0.807921573453285
898,892,893,495,499,498,497,493,949,964,0.63345343722158,0.823320152432644
898,892,893,495,499,498,497,493,949,964,0.63345343722158,0.823320152432644
898,892,893,495,499,498,497,493,949,964,0.63345343722158,0.823320152432644
898,892,893,495,499,498,497,493,949,964,0.63345343722158,0.823320152432644
898,304,893,495,499,498,497,493,469,964,0.62685245131917,0.823320152432644
898,892,893,495,499,498,497,493,949,964,0.63345343722158,0.823320152432644
898,892,893,495,499,498,497,493,949,957,0.646006527047428,0.769937926490453
898,892,893,495,499,498,497,493,949,964,0.63345343722158,0.823320152432644
898,892,893,495,499,498,497,493,949,964,0.63345343722158,0.823320152432644
898,892,893,495,499,498,497,918,426,964,0.636007367503244,0.753333880098086
898,892,893,495,499,498,497,493,949,964,0.63345343722158,0.823320152432644
898,892,893,495,499,498,497,493,949,964,0.63345343722158,0.823320152432644
269,892,893,495,499,498,497,493,949,964,0.621155724786394,0.807921573453285
135,892,893,495,732,498,497,493,949,322,0.602277837450419,0.855307938064385
898,892,893,146,499,498,497,513,949,964,0.624717760749905,0.823320152432644
898,892,893,895,499,498,497,493,949,434,0.619395805334608,0.823320152432644
898,892,893,203,720,498,497,493,949,964,0.611739886543424,0.814814648067143
898,892,893,495,499,506,497,493,949,964,0.635034092631892,0.823320152432644
155,892,893,92,648,498,497,493,949,99,0.608342432695653,0.751693432608925
898,892,893,495,917,498,497,493,949,964,0.612504774226825,0.804819607696831
898,892,893,495,499,734,497,493,949,964,0.617798512269282,0.807921573453285
898,870,893,495,499,498,497,493,345,964,0.640085482618884,0.791080056866352
743,892,893,495,499,498,497,493,949,444,0.625164837762882,0.823320152432644
898,892,893,495,213,498,497,493,949,964,0.611890931190114,0.822320756892781
898,892,893,495,499,498,497,493,949,964,0.63345343722158,0.823320152432644
898,5,893,495,499,498,497,493,949,964,0.640194485174421,0.823320152432644
898,892,893,495,499,498,497,493,949,964,0.63345343722158,0.823320152432644
898,892,275,542,899,498,497,493,949,964,0.608051802246228,0.855307938064385
898,892,893,495,899,121,497,493,949,964,0.607609408152271,0.839909359085025
898,892,893,495,899,498,497,493,949,964,0.604863300680339,0.855307938064385
898,892,893,495,899,111,473,493,949,964,0.591478613729604,0.855307938064385
898,892,893,676,899,498,497,493,949,964,0.58177621452149,0.839909359085025
898,892,893,495,899,498,497,493,949,964,0.604863300680339,0.855307938064385
898,892,893,495,899,498,497,493,949,964,0.604863300680339,0.855307938064385
465,892,893,274,899,106,497,493,949,964,0.590072225325914,0.794775479062712
418,892,893,495,899,498,497,493,991,964,0.594161300370312,0.823067842498092
898,892,235,495,899,829,497,493,949,964,0.592427247001893,0.839909359085025
898,945,893,495,899,882,497,698,949,964,0.621770407169701,0.824510780105665
898,892,893,495,899,498,497,995,949,964,0.618375822032379,0.839909359085025
898,900,893,495,899,498,497,493,949,964,0.618255325916948,0.855307938064385
898,900,893,495,899,498,497,493,949,964,0.618255325916948,0.855307938064385
898,900,893,495,899,498,772,94,437,348,0.619222019714818,0.801025720899094
898,900,893,495,899,498,497,493,949,311,0.613841099676508,0.839909359085025
898,900,893,495,899,498,497,493,949,787,0.608697456268553,0.821374228753576
898,900,893,495,899,498,497,493,949,964,0.618255325916948,0.855307938064385
898,900,893,495,899,498,253,493,949,964,0.593180963938628,0.80466008853403
898,900,893,495,107,498,497,493,949,518,0.622192477949852,0.807921573453285
898,900,893,495,899,498,497,493,949,964,0.618255325916948,0.855307938064385
898,900,893,495,899,498,497,493,949,964,0.618255325916948,0.855307938064385
898,900,893,495,899,712,497,493,949,964,0.625630141195921,0.855307938064385
898,900,893,234,899,498,497,493,949,964,0.611932964617213,0.855307938064385
898,900,675,495,899,497,615,493,345,964,0.610953590792721,0.839909359085025
898,900,893,495,714,498,497,493,86,964,0.613933236364061,0.824510780105665
898,900,893,495,899,498,497,493,949,964,0.618255325916948,0.855307938064385
898,900,893,866,899,498,497,732,949,964,0.605944366451882,0.855307938064385
898,900,893,495,899,498,40,493,949,964,0.609702463349949,0.855307938064385
898,900,893,495,899,498,497,493,949,964,0.618255325916948,0.855307938064385
898,900,893,495,899,498,497,493,25,964,0.627381753658065,0.855307938064385
898,900,893,495,899,498,497,493,165,964,0.613575717575947,0.855307938064385
898,900,893,495,748,498,497,493,165,964,0.622241598742719,0.822320756892781
898,900,893,470,899,498,497,493,165,964,0.608674893164526,0.855307938064385
898,900,934,495,899,498,497,493,165,964,0.612130156924572,0.839909359085025
898,900,893,495,842,498,260,493,165,964,0.616645219233498,0.855307938064385
898,900,893,495,899,498,497,493,165,964,0.613575717575947,0.855307938064385
898,900,893,495,899,498,99,493,832,964,0.565004378819225,0.824510780105665
898,900,893,495,899,498,497,493,165,964,0.613575717575947,0.855307938064385
898,900,893,495,899,362,497,493,165,964,0.618813428496269,0.855307938064385
898,900,893,495,899,498,497,949,165,964,0.625201838121008,0.855307938064385
898,127,893,495,961,498,497,949,165,964,0.628777020169236,0.855307938064385
898,900,893,495,899,487,497,949,165,964,0.621708425475851,0.855307938064385
898,900,893,495,899,498,497,949,165,964,0.625201838121008,0.855307938064385
898,745,39,449,899,498,497,949,165,964,0.629050639363774,0.855307938064385
426,900,893,495,899,498,497,949,165,964,0.621768005039299,0.800720244709186
898,900,893,495,899,498,497,949,165,964,0.625201838121008,0.855307938064385
77,900,893,495,899,302,497,949,165,964,0.621314197691727,0.808675638137247
898,900,893,75,899,498,497,949,165,964,0.609374201047224,0.855307938064385
548,900,893,495,899,498,497,949,135,781,0.582047620621886,0.839909359085025
898,540,867,495,402,498,497,859,165,964,0.624631614007031,0.756260903641997
898,900,893,495,899,498,497,949,165,964,0.625201838121008,0.855307938064385
898,900,893,643,31,498,497,949,165,964,0.628079251355164,0.839909359085025
898,391,893,516,899,498,497,949,165,964,0.602012681300922,0.855307938064385
898,900,893,495,899,498,497,949,165,861,0.647777338656804,0.855307938064385
898,900,893,509,899,498,497,949,165,964,0.622562076208074,0.839909359085025
898,456,893,495,899,498,497,949,165,964,0.629594344031254,0.855307938064385
898,900,893,495,899,498,497,949,165,964,0.625201838121008,0.855307938064385
898,900,893,495,899,498,497,949,165,964,0.625201838121008,0.855307938064385
216,900,893,495,899,498,497,949,165,655,0.615014133346379,0.855307938064385
898,900,893,495,899,498,497,949,165,964,0.625201838121008,0.855307938064385
898,900,893,495,899,250,497,949,165,964,0.627426795383482,0.802348159534985
898,900,893,906,899,498,581,949,165,964,0.605637679880621,0.792801612997256
572,900,893,495,589,498,497,949,165,964,0.618001854470768,0.782858592280855
898,900,893,491,899,498,497,949,165,964,0.62176910851323,0.855307938064385
898,900,893,983,899,862,497,949,165,964,0.62640494978059,0.855307938064385
898,900,449,983,899,498,497,949,165,964,0.631465638389087,0.855307938064385
898,900,893,983,899,498,497,949,798,915,0.614325358556218,0.855307938064385
898,900,893,983,899,498,497,949,165,964,0.630247015368008,0.855307938064385
898,900,893,983,899,498,497,949,788,964,0.627139461338632,0.802791698348978
898,471,893,983,899,52,497,949,165,964,0.625264312048798,0.855307938064385
898,900,893,983,899,498,497,949,165,964,0.630247015368008,0.855307938064385
898,900,893,72,899,498,497,949,165,28,0.6149540014526,0.824510780105665
898,900,893,983,899,498,497,311,165,684,0.61858598356764,0.839909359085025
898,900,893,981,899,498,497,949,165,964,0.626223666180576,0.839909359085025
898,238,893,983,899,498,497,949,165,964,0.632118343677793,0.839909359085025
530,900,893,983,899,547,34,949,165,578,0.633381411953238,0.793277059157888
661,900,846,983,899,498,497,949,165,964,0.612508626651479,0.839909359085025
898,900,893,983,899,498,497,949,279,964,0.623770729776563,0.839909359085025
898,900,893,983,899,498,497,949,165,964,0.630247015368008,0.855307938064385
898,900,893,983,899,498,497,949,165,223,0.614963055075904,0.839909359085025
646,900,893,983,899,226,497,949,165,964,0.630000204302352,0.823067842498092
40,900,893,983,899,498,497,949,165,964,0.624337982140515,0.855307938064385
898,900,893,983,899,498,497,949,165,964,0.630247015368008,0.855307938064385
898,900,893,983,899,498,497,486,165,964,0.609321922690392,0.855307938064385
898,900,893,983,899,498,497,949,165,964,0.630247015368008,0.855307938064385
898,900,893,983,899,498,497,949,165,964,0.630247015368008,0.855307938064385
898,900,66,983,899,498,168,949,165,964,0.613794299914232,0.823320152432644
898,900,893,983,899,498,497,949,165,964,0.630247015368008,0.855307938064385
898,348,893,871,899,498,497,949,165,964,0.620118198544192,0.839909359085025
898,900,893,983,899,498,497,949,165,792,0.623605856219287,0.855307938064385
898,900,893,983,899,498,497,949,165,964,0.630247015368008,0.855307938064385
646,900,893,983,899,498,497,949,165,964,0.625976962946898,0.823067842498092
898,900,893,983,899,498,497,949,165,964,0.630247015368008,0.855307938064385
898,900,893,983,899,498,497,949,165,77,0.625486296915993,0.855307938064385
898,900,893,983,899,498,497,969,165,964,0.622365144465102,0.855307938064385
898,900,893,983,899,498,497,949,165,964,0.630247015368008,0.855307938064385
898,900,893,983,899,498,497,949,29,964,0.625740513482994,0.855307938064385
898,900,893,983,899,498,497,949,165,964,0.630247015368008,0.855307938064385
898,900,893,983,161,498,497,949,165,964,0.629264098495018,0.855307938064385
799,900,893,983,899,701,497,949,165,964,0.632816666228048,0.823320152432644
898,900,893,983,899,19,497,949,165,964,0.635591044741637,0.855307938064385
898,900,893,983,899,498,497,949,491,964,0.623619790694511,0.855307938064385
537,900,893,983,899,498,497,949,165,964,0.627778558843995,0.802348159534985
898,900,893,983,899,498,497,949,165,964,0.630247015368008,0.855307938064385
898,2,893,983,899,498,497,949,241,964,0.641957052073073,0.799416069087784
623,900,639,983,899,498,497,949,165,964,0.624348146274651,0.808358585908368
898,900,893,983,899,498,45,150,165,964,0.606230811789688,0.839909359085025
716,900,893,983,899,498,497,949,165,964,0.632574977925844,0.855307938064385
898,900,893,983,899,498,497,949,165,964,0.630247015368008,0.855307938064385
898,900,893,983,899,498,497,949,165,964,0.630247015368008,0.855307938064385
898,900,893,968,899,498,497,949,165,402,0.602583252358095,0.839909359085025
898,900,893,983,899,498,497,949,165,964,0.630247015368008,0.855307938064385
898,900,503,983,899,498,497,949,165,964,0.626230133388227,0.821374228753576
898,900,893,983,899,498,497,949,165,167,0.63132927677689,0.855307938064385
898,900,729,983,899,498,497,949,165,167,0.647805553994589,0.855307938064385
898,900,893,101,899,498,497,949,165,167,0.618678589675718,0.855307938064385
898,900,893,983,899,498,497,949,165,167,0.63132927677689,0.855307938064385
898,900,913,983,899,498,497,949,578,167,0.62156142474119,0.825041708563548
778,900,893,983,899,498,497,949,165,167,0.625004279435273,0.821374228753576
898,900,893,382,899,498,497,949,165,167,0.615889852936832,0.839909359085025
898,730,893,741,899,498,497,949,165,167,0.641813651781279,0.839909359085025
898,900,893,983,899,498,883,949,165,167,0.640744309764989,0.855307938064385
898,900,893,436,899,498,497,949,165,167,0.620094090841219,0.855307938064385
898,900,227,983,899,305,497,6,165,167,0.620442167242558,0.765375437956597
898,900,893,983,899,498,497,949,165,167,0.63132927677689,0.855307938064385
733,900,893,983,899,498,497,949,165,167,0.626279373476721,0.855307938064385
898,900,893,983,899,498,497,949,165,167,0.63132927677689,0.855307938064385
898,587,893,983,899,498,497,949,165,167,0.631705702275865,0.816660556992656
898,900,893,983,899,498,497,949,165,167,0.63132927677689,0.855307938064385
898,900,65,983,899,498,497,949,165,167,0.6263202795441,0.855307938064385
898,900,893,983,2,498,497,467,165,167,0.647151206270016,0.824510780105665
848,900,893,983,899,498,497,949,165,167,0.608878261450068,0.814814648067143
898,900,893,983,481,498,497,949,165,167,0.637250244211935,0.855307938064385
898,900,893,248,899,498,497,611,165,167,0.605720117197486,0.839909359085025
898,900,893,983,899,498,497,949,500,167,0.630919516274878,0.839909359085025
898,900,893,983,899,498,772,949,165,167,0.615768338130053,0.855307938064385
898,900,893,983,272,912,497,949,165,167,0.637515086105069,0.839909359085025
898,551,893,983,756,498,497,679,165,167,0.621637952558979,0.824510780105665
898,900,893,983,899,498,522,949,165,167,0.610218529235636,0.855307938064385
953,900,893,428,899,498,497,949,165,167,0.642927469260382,0.855307938064385
749,900,893,983,899,498,497,949,165,86,0.619110030229472,0.785321665729826
898,900,893,983,899,498,497,949,165,167,0.63132927677689,0.855307938064385
898,900,893,983,899,498,803,949,818,167,0.618218536934479,0.839909359085025
898,900,893,146,899,498,497,348,165,167,0.606490525041585,0.839909359085025
898,900,893,983,982,498,497,949,179,167,0.633621895186096,0.855307938064385
898,900,285,983,899,498,497,949,165,581,0.637839064563445,0.823067842498092
898,443,893,983,899,498,497,949,165,167,0.631144407366886,0.855307938064385
898,900,893,983,899,498,497,949,165,167,0.63132927677689,0.855307938064385
898,900,893,983,899,498,497,949,165,975,0.641207632465332,0.802348159534985
898,900,893,983,899,498,497,949,165,167,0.63132927677689,0.855307938064385
898,900,893,726,899,498,497,949,165,167,0.614476612186051,0.839909359085025
898,900,980,983,899,498,497,949,165,167,0.623116110957663,0.855307938064385
898,900,893,983,730,498,497,949,621,167,0.620693241095293,0.806922177913421
898,900,893,983,899,498,497,949,165,167,0.63132927677689,0.855307938064385
898,900,893,983,899,498,497,949,165,167,0.63132927677689,0.855307938064385
898,900,893,983,899,324,497,949,165,959,0.632318058327957,0.855307938064385
496,900,893,983,899,498,497,949,165,167,0.647659355551092,0.839909359085025
898,900,893,983,899,665,497,949,165,167,0.653310737835976,0.825041708563548
898,900,893,983,899,498,497,949,165,167,0.63132927677689,0.855307938064385
898,900,893,983,477,923,497,949,90,167,0.635305883100418,0.799974272880308
898,900,893,983,899,498,497,949,165,167,0.63132927677689,0.855307938064385
898,900,893,293,899,498,497,949,531,167,0.632867233523098,0.839909359085025
898,900,275,983,899,498,497,949,165,167,0.624203184223345,0.855307938064385
898,900,893,983,899,498,497,949,165,167,0.63132927677689,0.855307938064385
898,900,893,983,899,498,497,254,165,914,0.620183680923357,0.800480067566627
186,900,893,983,899,498,497,949,165,167,0.615649982754823,0.855307938064385
898,900,893,125,899,498,497,949,165,167,0.602609276443402,0.855307938064385
898,900,893,983,899,498,497,949,165,167,0.63132927677689,0.855307938064385
898,900,893,983,899,339,254,949,349,167,0.626615678509972,0.839909359085025
805,900,893,983,915,498,497,949,165,167,0.619805501093873,0.839909359085025
898,900,893,983,899,498,497,949,165,591,0.632395520944365,0.839909359085025
898,900,893,983,181,498,497,949,165,167,0.632743157603886,0.821374228753576
898,900,893,983,899,498,497,949,165,167,0.63132927677689,0.855307938064385
898,900,893,905,899,498,497,949,165,167,0.643806128559342,0.855307938064385
898,900,893,983,899,329,497,677,165,167,0.622323716358181,0.839909359085025
898,900,893,983,264,498,497,949,165,167,0.636693196973405,0.825041708563548
898,900,893,309,899,498,497,949,165,167,0.598295183855138,0.855307938064385
898,900,893,983,899,498,497,949,165,167,0.63132927677689,0.855307938064385
898,900,893,983,899,290,348,949,165,631,0.615939701668584,0.731181852906344
898,900,893,983,899,904,497,949,165,167,0.634230823363027,0.822320756892781
898,423,893,983,899,18,497,935,165,517,0.617928168820578,0.77570942027338
898,900,893,983,899,498,497,949,165,167,0.63132927677689,0.855307938064385
898,900,893,983,899,7,497,949,165,167,0.638114732049958,0.839909359085025
898,900,893,983,899,498,497,949,353,167,0.624169788144527,0.839909359085025
124,900,893,983,899,498,497,949,165,167,0.624549052424126,0.855307938064385
898,900,893,983,899,498,497,949,165,167,0.63132927677689,0.855307938064385
898,900,893,983,899,51,497,949,165,167,0.634715597679925,0.839909359085025
898,900,893,983,899,498,497,949,165,167,0.63132927677689,0.855307938064385
898,900,893,983,899,498,497,949,165,167,0.63132927677689,0.855307938064385
898,900,893,983,899,498,303,949,165,167,0.61807527124882,0.839909359085025
898,900,80,983,899,498,690,949,165,167,0.609837741426295,0.855307938064385
898,900,893,983,899,498,497,949,165,167,0.63132927677689,0.855307938064385
898,900,893,983,899,498,497,949,165,167,0.63132927677689,0.855307938064385
611,900,893,983,899,498,497,949,165,167,0.629907805528296,0.855307938064385
898,900,932,983,899,498,497,949,165,167,0.621620210996286,0.823067842498092
898,900,893,983,899,498,497,949,165,167,0.63132927677689,0.855307938064385
898,900,659,983,216,22,497,949,165,167,0.615012758260338,0.821374228753576
898,900,336,983,609,498,497,949,165,167,0.626463745336583,0.855307938064385
932,900,893,983,899,498,497,949,820,167,0.614637485733099,0.807669263518733
898,900,893,983,899,498,497,949,165,167,0.63132927677689,0.855307938064385
898,900,893,983,899,498,497,949,165,167,0.63132927677689,0.855307938064385
898,900,893,983,899,498,497,949,165,801,0.61968538252323,0.800720244709186
898,900,893,983,899,498,497,949,165,988,0.6478970836757,0.815098687847147
898,900,893,983,899,498,497,307,165,167,0.621992117182501,0.855307938064385
898,604,893,983,899,498,952,949,165,167,0.620493650820463,0.824510780105665
514,900,893,983,899,498,599,949,165,167,0.593761271487863,0.839909359085025
402,900,893,983,899,498,497,949,165,167,0.615267059616172,0.839909359085025
898,900,893,983,922,498,497,949,165,670,0.621305511554144,0.807921573453285
898,900,893,983,829,498,497,949,165,167,0.626434939523977,0.855307938064385
898,900,893,983,899,498,497,949,165,167,0.63132927677689,0.855307938064385
898,56,893,983,899,498,497,949,165,167,0.633440375607115,0.825041708563548
898,900,893,983,899,498,497,949,165,167,0.63132927677689,0.855307938064385
898,900,893,983,899,923,497,949,165,167,0.6384781610846,0.815372851859668
898,900,893,983,899,498,497,949,165,167,0.63132927677689,0.855307938064385
903,610,893,983,899,498,497,949,165,167,0.630367272768592,0.824510780105665
69,900,893,983,899,498,497,949,165,167,0.625534806398124,0.855307938064385
898,900,893,983,899,498,497,949,165,167,0.63132927677689,0.855307938064385
898,900,893,983,899,498,497,949,165,167,0.63132927677689,0.855307938064385
898,900,129,966,899,498,497,949,165,167,0.614882469056219,0.855307938064385
898,900,893,983,899,498,497,949,285,167,0.644507235441806,0.855307938064385
898,900,893,983,833,498,497,851,165,453,0.603064756631939,0.824510780105665
898,900,893,983,899,498,497,949,165,167,0.63132927677689,0.855307938064385
898,900,893,983,899,498,497,949,165,167,0.63132927677689,0.855307938064385
898,900,893,983,899,498,497,949,165,167,0.63132927677689,0.855307938064385
686,344,893,143,899,498,497,422,165,167,0.592696735752922,0.809643129584188
898,900,303,238,899,264,497,949,118,167,0.620629382075422,0.794244550604829
236,900,893,983,899,498,497,949,165,167,0.628534125508012,0.855307938064385
898,900,893,983,451,498,497,949,165,167,0.632468185881527,0.855307938064385
837,900,893,983,899,498,497,949,165,167,0.635224115211044,0.839909359085025
898,900,893,983,899,498,497,949,134,167,0.626113371316563,0.855307938064385
898,900,893,983,899,498,497,949,165,167,0.63132927677689,0.855307938064385
898,900,893,983,899,498,199,949,165,167,0.618740292088834,0.814009823124584
898,900,893,983,899,498,497,949,165,167,0.63132927677689,0.855307938064385
898,900,893,281,899,498,497,949,165,167,0.616871718608172,0.839909359085025
898,900,216,983,899,498,497,949,165,167,0.624513156047672,0.855307938064385
898,57,893,983,899,498,497,949,165,167,0.626395924178754,0.814814648067143
898,900,893,654,899,498,744,949,165,167,0.603804086060702,0.801168125240902
898,900,893,983,899,498,497,949,165,167,0.63132927677689,0.855307938064385
921,900,157,311,899,498,497,944,165,167,0.589931922704741,0.809643129584188
898,900,893,983,899,498,497,949,165,167,0.63132927677689,0.855307938064385
898,900,464,983,899,498,497,949,165,167,0.650157787244655,0.855307938064385
898,900,464,983,899,498,497,949,165,167,0.650157787244655,0.855307938064385
898,900,464,983,899,498,497,949,165,167,0.650157787244655,0.855307938064385
898,900,464,983,899,498,497,949,165,96,0.644206569022815,0.855307938064385
898,900,464,983,899,498,497,949,165,167,0.650157787244655,0.855307938064385
898,900,464,983,899,498,497,949,165,167,0.650157787244655,0.855307938064385
898,900,464,983,306,498,497,949,165,167,0.655088725521456,0.855307938064385
898,900,867,983,899,626,497,804,165,167,0.621127850721948,0.809643129584188
898,900,464,127,899,932,497,949,985,167,0.654336978715158,0.823067842498092
898,900,464,391,899,761,497,949,165,204,0.62688790095631,0.812241037803997
898,900,464,981,899,498,497,949,165,167,0.651404127518089,0.839909359085025
898,900,464,983,899,498,497,949,165,167,0.650157787244655,0.855307938064385
898,900,464,983,626,498,497,949,165,167,0.652397508447686,0.855307938064385
408,900,163,983,899,498,497,626,800,167,0.628864249074674,0.855307938064385
898,900,464,730,899,727,497,142,165,167,0.626707172478459,0.824510780105665
898,900,464,983,899,498,497,949,165,167,0.650157787244655,0.855307938064385
898,900,464,983,899,498,497,949,165,167,0.650157787244655,0.855307938064385
898,900,464,983,899,498,497,272,165,167,0.647413878990095,0.855307938064385
898,900,464,983,899,498,497,949,165,372,0.63498754073687,0.825041708563548
100,900,464,983,899,498,497,949,410,167,0.630949612239101,0.824510780105665
898,900,464,983,899,498,497,949,561,167,0.646389645280045,0.839909359085025
898,900,464,983,899,498,497,949,165,167,0.650157787244655,0.855307938064385
898,900,464,640,899,498,104,949,165,167,0.634111112387359,0.855307938064385
898,900,464,983,899,498,497,949,165,167,0.650157787244655,0.855307938064385
898,900,464,479,899,856,497,949,165,167,0.648611487368833,0.855307938064385
898,900,464,983,167,498,497,949,165,316,0.650368906973434,0.855307938064385
898,868,464,983,899,498,497,949,165,167,0.649258097113502,0.839909359085025
898,900,464,983,899,498,497,662,165,167,0.642432595006447,0.825041708563548
898,900,464,983,899,498,497,949,165,910,0.645583912442826,0.814814648067143
898,900,359,308,899,498,497,467,165,167,0.608554939216753,0.824510780105665
898,900,464,983,899,498,497,949,165,167,0.650157787244655,0.855307938064385
898,900,464,983,899,498,497,949,165,167,0.650157787244655,0.855307938064385
898,900,464,983,899,498,497,949,165,167,0.650157787244655,0.855307938064385
898,900,464,252,899,498,497,949,165,167,0.633928826021091,0.839909359085025
898,900,464,983,899,498,497,949,165,690,0.652570839269208,0.855307938064385
898,900,464,983,899,498,497,949,165,167,0.650157787244655,0.855307938064385
898,900,464,983,899,498,497,949,165,167,0.650157787244655,0.855307938064385
898,900,464,983,899,498,497,949,165,738,0.638626721556607,0.855307938064385
103,900,237,983,899,498,269,949,165,429,0.592665966162476,0.776125019954701
898,900,294,983,899,498,497,949,165,167,0.626636868400827,0.823067842498092
898,900,464,983,899,498,497,949,165,167,0.650157787244655,0.855307938064385
898,900,464,983,899,498,497,949,165,167,0.650157787244655,0.855307938064385
898,900,464,983,899,498,433,949,165,167,0.632111849208218,0.855307938064385
898,900,397,983,899,459,497,949,165,167,0.626959074963684,0.786423098459728
898,900,464,983,899,498,497,949,165,167,0.650157787244655,0.855307938064385
898,900,464,983,899,498,497,949,165,167,0.650157787244655,0.855307938064385
797,395,332,523,899,498,497,949,165,167,0.619957158143287,0.7989746669693
898,900,184,983,899,498,497,949,165,167,0.621017613581348,0.855307938064385
908,900,464,983,899,498,497,949,165,167,0.650208462618054,0.855307938064385
423,900,464,983,899,498,497,435,165,167,0.63895879880317,0.839909359085025
898,278,464,803,899,498,497,949,165,167,0.644173563053001,0.839909359085025
898,900,11,983,899,498,497,949,165,167,0.626103107668132,0.839909359085025
898,900,464,983,899,742,497,949,165,167,0.652187454388607,0.855307938064385
898,900,464,983,899,498,497,949,165,167,0.650157787244655,0.855307938064385
898,900,464,983,899,498,497,949,165,961,0.639581955498579,0.855307938064385
898,900,464,983,899,498,497,949,796,167,0.634663157637273,0.855307938064385
898,900,464,369,899,498,497,949,165,167,0.646289159043189,0.855307938064385
898,900,464,983,899,498,497,949,165,656,0.642141852435441,0.839909359085025
898,900,692,983,622,498,497,355,165,249,0.614725845291165,0.815098687847147
423,900,464,983,899,822,497,949,165,167,0.64704153163039,0.786949580555625
898,900,464,199,899,498,208,949,348,167,0.610295041092507,0.766371148578933
898,900,464,983,530,844,497,949,511,167,0.641724655820796,0.824510780105665
898,900,464,983,899,498,497,949,562,167,0.650043588544249,0.839909359085025
898,900,864,983,899,498,497,949,165,290,0.620875022129191,0.761836606523255
898,900,17,983,899,498,497,949,165,167,0.623968588793245,0.855307938064385
898,414,464,535,899,498,497,949,165,167,0.641735134410915,0.855307938064385
898,900,464,983,899,498,497,949,165,167,0.650157787244655,0.855307938064385
898,900,464,983,226,498,497,949,165,167,0.656084348414121,0.855307938064385
898,900,464,983,899,498,497,949,165,167,0.650157787244655,0.855307938064385
898,900,464,983,899,498,497,940,165,218,0.640425103386959,0.823067842498092
898,188,464,983,899,498,497,949,165,167,0.643471731017877,0.855307938064385
898,900,464,983,899,291,497,949,165,167,0.656838283308875,0.855307938064385
898,406,464,983,899,498,497,949,165,361,0.67347516363449,0.855307938064385
898,900,464,983,899,498,497,918,165,167,0.644885489318706,0.839909359085025
898,900,464,983,899,498,497,949,165,167,0.650157787244655,0.855307938064385
898,129,464,983,899,498,497,949,165,167,0.643275583322971,0.855307938064385
898,900,987,389,899,498,497,949,165,167,0.616630346918749,0.812019143802759
898,900,464,983,899,498,459,820,165,167,0.621178435224483,0.824510780105665
147,900,464,983,899,498,497,949,165,167,0.644074887847101,0.825041708563548
898,900,464,393,899,498,497,949,165,167,0.644637859634536,0.839909359085025
898,900,464,983,899,498,497,949,165,379,0.643730756858869,0.825041708563548
898,900,464,983,899,498,497,949,165,167,0.650157787244655,0.855307938064385
898,900,464,983,899,498,497,949,165,167,0.650157787244655,0.855307938064385
898,900,464,294,899,498,497,949,165,167,0.640073200437524,0.823067842498092
898,900,986,983,289,498,497,949,165,167,0.630815467122098,0.855307938064385
898,900,464,983,899,498,497,949,165,167,0.650157787244655,0.855307938064385
898,900,464,983,899,498,497,949,549,167,0.647037274813438,0.839909359085025
898,190,464,983,899,498,955,949,165,167,0.633711029080604,0.855307938064385
898,865,464,983,899,498,497,949,165,167,0.642672316999397,0.839909359085025
898,900,464,983,899,498,497,949,813,167,0.648915139535294,0.855307938064385
898,900,464,983,899,498,497,949,165,167,0.650157787244655,0.855307938064385
985,900,483,316,501,498,99,949,165,167,0.607458188694475,0.824510780105665
898,900,464,983,899,498,497,949,165,167,0.650157787244655,0.855307938064385
328,900,464,983,899,498,497,949,165,167,0.63825131284651,0.855307938064385
898,900,464,983,899,498,497,949,165,167,0.650157787244655,0.855307938064385
898,900,580,983,899,498,497,949,165,167,0.6408511590975,0.823067842498092
898,900,464,983,899,498,497,501,165,167,0.646355853965203,0.839909359085025
898,900,159,317,899,498,497,949,165,167,0.608027606065277,0.767992002811384
898,900,464,983,899,498,497,949,165,167,0.650157787244655,0.855307938064385
898,900,464,94,899,246,497,949,165,167,0.659608274780828,0.801025720899094
898,900,757,983,899,323,497,949,165,167,0.636785736875524,0.824510780105665
898,900,464,983,899,498,497,949,165,167,0.650157787244655,0.855307938064385
898,900,203,983,899,498,497,949,165,167,0.64734671469997,0.814814648067143
898,900,464,983,899,713,497,949,165,167,0.660465391659769,0.839909359085025
898,900,464,983,65,498,253,949,165,167,0.645272874967995,0.80466008853403
898,900,464,66,899,498,497,949,58,167,0.633854104990487,0.823320152432644
898,811,464,983,899,498,497,949,740,167,0.645663610707121,0.839909359085025
898,900,464,419,899,498,497,949,165,167,0.645798370940508,0.839909359085025
898,900,464,983,899,498,497,949,165,167,0.650157787244655,0.855307938064385
898,459,464,983,899,498,497,949,165,167,0.640283004209335,0.839909359085025
856,900,464,983,899,498,606,733,165,807,0.629596619350444,0.809643129584188
898,900,464,662,899,498,497,949,165,167,0.638647238290213,0.825041708563548
898,900,464,983,899,498,497,949,165,167,0.650157787244655,0.855307938064385
898,56,464,983,899,498,497,949,165,167,0.653490884845898,0.825041708563548
898,900,464,983,899,498,497,949,165,167,0.650157787244655,0.855307938064385
898,900,464,983,899,367,497,949,165,167,0.660575803719973,0.855307938064385
898,900,464,983,899,498,497,949,165,167,0.650157787244655,0.855307938064385
903,900,464,983,899,498,497,949,165,167,0.649536326634329,0.839909359085025
898,900,464,983,899,498,497,468,165,167,0.646090060659127,0.855307938064385
898,900,464,242,899,498,281,949,165,167,0.619549216842811,0.824510780105665
898,567,464,983,899,498,497,949,165,167,0.639398541474348,0.855307938064385
898,900,464,983,899,498,497,949,165,167,0.650157787244655,0.855307938064385
898,900,464,983,899,498,497,949,165,167,0.650157787244655,0.855307938064385
898,900,464,983,899,175,497,949,165,167,0.661789396734937,0.855307938064385
898,900,464,983,899,549,497,949,165,167,0.657564585144089,0.839909359085025
898,900,464,983,899,175,497,949,165,167,0.661789396734937,0.855307938064385
107,900,464,983,899,175,497,949,165,167,0.658632014622661,0.839909359085025
898,373,464,983,899,175,497,949,165,167,0.660089273370297,0.808358585908368
898,488,464,983,899,621,497,949,165,167,0.647291683512481,0.822320756892781
898,900,340,983,899,175,497,949,165,167,0.633456944921416,0.855307938064385
898,900,464,983,899,175,497,809,165,167,0.656252342769778,0.855307938064385
898,900,464,983,579,951,92,949,165,167,0.635473728753605,0.783437118706849
898,900,464,983,899,175,497,949,165,167,0.661789396734937,0.855307938064385
898,900,464,983,75,175,497,828,165,167,0.642014195745634,0.839909359085025
898,900,464,983,899,175,497,949,165,167,0.661789396734937,0.855307938064385
898,925,464,983,899,175,497,949,165,167,0.661893477893221,0.839909359085025
898,900,464,983,899,175,497,949,293,167,0.665770975200795,0.855307938064385
338,900,464,983,899,548,497,949,165,167,0.652574177558407,0.839909359085025
898,900,464,983,380,175,497,949,165,167,0.657602409871226,0.825041708563548
898,900,464,383,899,175,497,949,165,167,0.656079849792734,0.823067842498092
898,900,464,983,899,175,730,242,165,167,0.639094153771459,0.824510780105665
898,449,464,983,899,175,497,949,165,167,0.662475125959585,0.855307938064385
373,716,464,11,899,175,497,249,352,167,0.612748845452715,0.792960006929008
898,900,464,983,899,175,497,949,176,167,0.658027707766093,0.855307938064385
898,900,464,983,899,175,497,949,165,167,0.661789396734937,0.855307938064385
898,900,464,983,899,175,497,949,165,357,0.655009091427651,0.855307938064385
898,900,464,983,899,175,497,949,165,167,0.661789396734937,0.855307938064385
898,900,464,983,899,175,497,949,165,167,0.661789396734937,0.855307938064385
898,900,464,983,899,175,813,408,165,239,0.669575063620553,0.855307938064385
898,900,464,238,899,175,151,949,165,167,0.654785388360211,0.806922177913421
898,900,464,983,899,175,497,949,165,167,0.661789396734937,0.855307938064385
898,900,464,983,899,175,495,949,165,167,0.652158323990204,0.855307938064385
898,761,464,983,899,175,497,949,165,167,0.653992866163681,0.855307938064385
898,900,554,983,899,175,497,949,165,167,0.634138342165284,0.839909359085025
898,900,816,983,899,175,497,949,165,167,0.640852345446875,0.801925712122193
898,900,916,983,168,175,497,949,165,167,0.630031015864298,0.855307938064385
898,900,464,983,899,175,497,949,165,167,0.661789396734937,0.855307938064385
898,900,464,983,899,175,497,949,165,167,0.661789396734937,0.855307938064385
898,900,464,983,46,175,497,649,165,167,0.649784042781811,0.855307938064385
898,900,447,983,527,286,219,949,442,167,0.611551915770466,0.71597875242119
898,900,185,983,899,175,497,949,165,167,0.634335281236309,0.855307938064385
898,900,464,983,899,175,497,949,165,167,0.661789396734937,0.855307938064385
898,900,464,983,899,928,497,949,165,167,0.658607308896416,0.823067842498092
898,900,464,983,899,175,497,949,165,167,0.661789396734937,0.855307938064385
898,900,464,983,899,175,497,949,165,167,0.661789396734937,0.855307938064385
898,900,464,983,899,175,497,949,165,167,0.661789396734937,0.855307938064385
898,900,464,983,899,450,497,949,165,167,0.674183615592434,0.855307938064385
898,900,464,983,899,175,539,949,165,167,0.652346933900862,0.839909359085025
898,900,464,983,899,175,497,949,165,167,0.661789396734937,0.855307938064385
898,299,464,983,899,175,497,949,165,167,0.661029586012461,0.855307938064385
639,900,464,983,899,175,497,949,165,167,0.656957741465123,0.855307938064385
898,900,623,983,899,175,497,949,165,167,0.640172808587948,0.808358585908368
898,900,464,983,899,175,497,949,165,167,0.661789396734937,0.855307938064385
898,900,464,983,899,175,497,234,165,167,0.655554964022764,0.855307938064385
898,900,464,983,899,175,497,949,165,167,0.661789396734937,0.855307938064385
898,900,464,983,899,175,497,949,165,167,0.661789396734937,0.855307938064385
898,900,464,983,899,175,497,949,165,167,0.661789396734937,0.855307938064385
898,900,464,983,899,175,497,949,165,167,0.661789396734937,0.855307938064385
898,900,464,983,899,175,497,949,165,167,0.661789396734937,0.855307938064385
898,900,464,983,899,175,497,949,165,167,0.661789396734937,0.855307938064385
898,900,464,983,899,175,461,949,165,156,0.646864242759574,0.807669263518733
898,900,464,983,899,175,497,949,165,167,0.661789396734937,0.855307938064385
898,900,464,983,899,968,497,949,165,167,0.654288842364566,0.855307938064385
898,900,464,983,899,175,497,949,165,167,0.661789396734937,0.855307938064385
516,900,464,983,899,175,497,62,165,167,0.644931445075631,0.855307938064385
898,900,464,983,899,175,497,949,165,592,0.658070301866417,0.855307938064385
898,500,464,983,899,175,497,949,165,167,0.662992024133536,0.839909359085025
898,900,464,983,899,175,497,912,165,167,0.655516323015278,0.839909359085025
898,900,464,983,899,175,497,949,165,167,0.661789396734937,0.855307938064385
898,900,464,983,899,175,497,949,165,167,0.661789396734937,0.855307938064385
383,900,659,983,899,175,497,949,165,167,0.63427415339654,0.789134133187284
898,900,464,983,899,175,497,949,165,167,0.661789396734937,0.855307938064385
898,900,464,983,899,175,497,823,165,167,0.661695145531682,0.839909359085025
898,900,464,983,899,175,497,949,165,167,0.661789396734937,0.855307938064385
898,900,464,983,707,175,497,949,165,291,0.646726601614791,0.839909359085025
898,352,464,983,899,175,497,949,165,210,0.659819047446539,0.818224083653044
619,900,464,983,745,175,497,949,165,167,0.64926357700235,0.839909359085025
898,900,464,983,103,175,497,949,165,167,0.659342206297682,0.839909359085025
898,900,464,983,899,175,497,949,165,167,0.661789396734937,0.855307938064385
898,900,464,983,899,175,497,949,165,167,0.661789396734937,0.855307938064385
898,900,464,71,899,175,497,949,165,167,0.653302205058698,0.855307938064385
898,900,464,983,899,175,497,949,165,167,0.661789396734937,0.855307938064385
898,900,464,983,899,175,497,949,165,167,0.661789396734937,0.855307938064385
898,900,464,983,899,175,497,197,165,167,0.648175118024757,0.810587077807831
898,900,464,983,899,175,497,949,165,167,0.661789396734937,0.855307938064385
898,347,464,983,899,175,925,949,165,167,0.654590668931298,0.839909359085025
898,900,333,983,899,175,497,949,165,167,0.632899840604113,0.855307938064385
898,900,464,992,899,728,497,949,165,167,0.642936074310866,0.839909359085025
898,900,464,983,899,175,497,949,165,167,0.661789396734937,0.855307938064385
898,900,464,983,899,175,497,949,165,167,0.661789396734937,0.855307938064385
898,900,464,983,899,175,497,949,165,167,0.661789396734937,0.855307938064385
898,900,464,983,899,175,497,949,165,167,0.661789396734937,0.855307938064385
898,900,464,983,899,175,497,949,165,212,0.658108614457615,0.812241037803997
898,900,464,983,899,175,497,949,165,167,0.661789396734937,0.855307938064385
898,900,464,983,899,175,497,949,165,167,0.661789396734937,0.855307938064385
898,900,907,983,899,706,497,949,165,167,0.642521572711394,0.855307938064385
898,900,464,983,899,175,497,949,165,167,0.661789396734937,0.855307938064385
898,900,464,983,899,175,497,949,165,167,0.661789396734937,0.855307938064385
898,900,464,983,899,175,497,949,165,747,0.65909439570448,0.855307938064385
898,900,464,983,899,175,497,949,165,167,0.661789396734937,0.855307938064385
898,900,464,983,899,175,497,504,165,167,0.649742438500685,0.855307938064385
898,900,464,983,55,175,497,949,165,787,0.651373226662097,0.789386443121835
898,900,464,983,899,175,497,317,165,167,0.651587789148219,0.821374228753576
898,900,464,983,899,544,497,949,165,705,0.655623964958823,0.805975649774216
898,900,464,959,899,175,497,949,165,916,0.649508902568454,0.855307938064385
898,900,464,983,899,175,497,949,165,167,0.661789396734937,0.855307938064385
898,900,464,616,949,175,497,416,165,167,0.655411663441102,0.775371404736763
898,900,464,983,899,46,740,949,165,167,0.656356135492193,0.855307938064385
898,900,464,983,699,175,497,808,165,318,0.663310376428306,0.815878646545986
304,900,464,983,899,175,497,949,165,167,0.658658462650867,0.855307938064385
898,900,931,458,899,310,497,949,165,167,0.609583501539663,0.794598811223288
898,900,464,983,33,175,497,949,165,167,0.657895491767599,0.814814648067143
898,900,464,147,899,175,372,808,165,167,0.636595496151327,0.794775479062712
898,588,464,983,899,175,497,949,165,167,0.659397365821901,0.816424299878453
898,900,464,983,158,175,497,949,165,167,0.65886450843302,0.839909359085025
898,900,464,983,899,175,497,419,165,167,0.655462501568476,0.839909359085025
898,900,131,393,899,175,497,949,165,167,0.637342758962148,0.801025720899094
898,44,464,983,899,175,497,949,165,167,0.664742044629825,0.855307938064385
898,900,94,983,899,175,497,949,165,167,0.665721977527038,0.816424299878453
898,900,464,983,899,175,497,949,165,167,0.661789396734937,0.855307938064385
898,900,464,983,899,175,497,949,165,167,0.661789396734937,0.855307938064385
898,900,464,779,899,175,497,949,165,167,0.649373834052106,0.855307938064385
898,900,464,983,899,175,497,949,165,549,0.653242153805826,0.839909359085025
898,900,464,983,899,175,497,949,165,167,0.661789396734937,0.855307938064385
898,900,464,983,899,175,497,949,921,167,0.659077901408837,0.855307938064385
898,310,464,983,899,175,497,949,165,167,0.662060148435427,0.839909359085025
898,900,464,983,899,175,497,739,165,167,0.647765087258249,0.855307938064385
898,900,13,983,899,175,497,949,165,167,0.645824701974288,0.855307938064385
898,900,2,983,899,175,497,949,165,167,0.65433666485496,0.839909359085025
898,900,464,983,899,175,497,949,165,167,0.661789396734937,0.855307938064385
898,900,464,975,899,175,497,336,165,167,0.663210024509699,0.802348159534985
898,900,464,983,899,892,497,949,165,167,0.658879309114237,0.855307938064385
898,272,464,983,899,175,497,673,165,167,0.654084503545072,0.839909359085025
898,900,464,983,471,175,497,949,165,167,0.6535451779798,0.855307938064385
898,900,464,983,899,97,497,949,165,167,0.661451503530818,0.825041708563548
898,25,464,983,95,175,497,949,165,911,0.668861080982457,0.855307938064385
898,900,464,983,578,175,497,949,62,167,0.650043349220121,0.855307938064385
561,900,464,983,899,175,497,949,165,167,0.657949547413538,0.839909359085025
898,900,464,983,899,175,33,949,165,167,0.654708265505199,0.814814648067143
898,900,464,983,303,175,497,764,165,167,0.651892283628287,0.839909359085025
898,160,464,983,899,175,497,949,165,167,0.662292488497889,0.815878646545986
898,900,464,983,899,175,497,949,276,167,0.65898969381088,0.825041708563548
898,986,464,983,899,175,849,949,165,167,0.663007603670278,0.839909359085025
898,900,464,983,899,175,497,949,165,167,0.661789396734937,0.855307938064385
898,900,464,983,418,175,497,949,549,167,0.645250614384627,0.807669263518733
898,900,464,983,899,175,497,949,165,167,0.661789396734937,0.855307938064385
898,900,464,983,191,107,497,330,165,167,0.643996559548684,0.807921573453285
898,900,464,756,186,175,497,949,165,167,0.645293950955614,0.855307938064385
898,900,464,983,282,175,497,949,165,167,0.651390650151337,0.855307938064385
471,900,464,983,899,175,157,949,165,167,0.644121185746506,0.825041708563548
898,900,464,983,899,175,497,40,165,167,0.655544232853202,0.855307938064385
898,900,464,983,899,175,497,949,165,167,0.661789396734937,0.855307938064385
898,900,464,983,899,175,497,949,165,167,0.661789396734937,0.855307938064385
898,900,464,183,899,175,497,949,165,167,0.654704994132456,0.855307938064385
898,900,464,983,899,175,497,949,165,167,0.661789396734937,0.855307938064385
898,900,464,983,899,175,497,949,165,167,0.661789396734937,0.855307938064385
898,900,464,983,899,175,497,949,165,167,0.661789396734937,0.855307938064385
898,900,464,983,700,175,497,137,165,167,0.646546313847849,0.839909359085025
898,900,464,983,899,175,497,941,165,167,0.64769822200958,0.855307938064385
898,900,464,603,899,175,497,949,165,167,0.671968929583266,0.810587077807831
898,900,464,983,899,175,497,949,165,996,0.659274640170043,0.855307938064385
898,900,464,591,899,175,497,949,853,167,0.674120125422446,0.824510780105665
898,900,464,983,899,175,497,949,165,167,0.661789396734937,0.855307938064385
898,900,273,983,899,175,497,949,165,167,0.638179657604514,0.821374228753576
898,833,464,983,899,736,497,949,165,167,0.653964579760127,0.824510780105665
898,900,464,983,596,175,497,949,165,167,0.646789320267568,0.855307938064385
898,268,464,983,367,175,497,949,165,167,0.641641971704666,0.855307938064385
898,900,464,983,899,175,497,949,165,167,0.661789396734937,0.855307938064385
898,900,464,983,899,175,497,915,165,167,0.653128669068293,0.855307938064385
898,900,464,983,899,175,497,949,165,167,0.661789396734937,0.855307938064385
898,900,464,983,899,175,497,949,165,167,0.661789396734937,0.855307938064385
898,900,464,983,899,305,497,949,165,167,0.656572790235651,0.805584688173835
898,900,464,983,899,175,976,717,165,167,0.65454586635666,0.824510780105665
898,900,464,983,899,175,497,949,887,167,0.657168558975156,0.818224083653044
898,900,464,983,899,175,497,949,165,167,0.661789396734937,0.855307938064385
898,900,464,983,312,175,497,949,165,623,0.651476560002407,0.808358585908368
898,900,464,540,899,175,429,274,165,833,0.609973578008582,0.776655948412584
898,900,759,983,899,175,497,949,165,167,0.662568427645547,0.855307938064385
898,900,464,983,899,175,497,949,833,167,0.656992676783081,0.839909359085025
898,900,464,983,899,175,497,285,165,167,0.668022380946765,0.855307938064385
275,900,464,983,899,374,497,949,165,167,0.653117134236495,0.855307938064385
898,900,325,983,899,175,497,949,165,167,0.637624198860349,0.800720244709186
628,900,464,983,899,943,497,949,165,167,0.657965752781452,0.855307938064385
775,900,464,983,899,175,497,782,165,167,0.647127196336064,0.796620564823399
898,900,464,287,977,175,497,949,165,167,0.6581541861837,0.802348159534985
898,900,464,983,899,175,497,585,165,167,0.655538913273669,0.823067842498092
898,900,464,983,899,175,390,949,428,795,0.652049443124166,0.812019143802759
429,900,464,983,899,175,497,949,165,167,0.645267578820993,0.822320756892781
898,900,464,983,899,175,497,113,289,167,0.637931095412511,0.810054185985871
898,900,464,983,899,175,497,949,165,167,0.661789396734937,0.855307938064385
898,900,200,983,899,175,497,949,165,167,0.644494562059426,0.823067842498092
898,869,464,983,899,175,497,949,165,167,0.660738149652509,0.823067842498092
996,900,464,983,899,175,497,949,165,167,0.659584572333905,0.855307938064385
898,900,464,983,899,175,497,949,580,315,0.658047497140006,0.823067842498092
118,900,464,983,899,175,497,949,165,167,0.658483869157579,0.855307938064385
898,158,464,983,899,175,497,949,165,167,0.657537987047821,0.839909359085025
898,900,464,983,708,175,497,949,165,483,0.642236162258934,0.839909359085025
898,637,464,983,899,175,497,949,165,167,0.65998664875705,0.821374228753576
898,900,464,983,899,175,497,949,165,167,0.661789396734937,0.855307938064385
898,900,464,983,899,175,497,949,514,167,0.65647250746085,0.855307938064385
898,900,464,983,275,175,497,949,383,167,0.650476151169063,0.823067842498092
898,900,464,983,388,175,497,949,165,167,0.654111899699472,0.855307938064385
898,900,464,983,899,175,497,949,165,167,0.661789396734937,0.855307938064385
898,900,464,983,899,175,497,949,528,167,0.664649333996595,0.855307938064385
847,900,464,983,485,175,497,949,165,167,0.643129876731422,0.809643129584188
47,900,464,524,899,175,497,949,165,167,0.642718388885476,0.855307938064385
898,900,464,983,899,175,497,949,165,804,0.660410702807223,0.839909359085025
898,900,464,88,899,175,497,949,165,167,0.65351478201622,0.855307938064385
898,900,464,983,899,175,497,949,165,167,0.661789396734937,0.855307938064385
