941,957,993,686,186,204,62,245,104,776,0.981738415981572,0.700246738442139
942,941,316,186,312,247,259,53,830,578,0.909953836703406,0.783422332868718
943,942,941,219,534,969,878,144,917,462,0.968891714033004,0.783121832514831
944,943,602,941,387,29,817,591,417,587,0.965180235070057,0.716092423191575
945,944,942,427,941,16,156,218,664,783,0.986261824661422,0.727217598999577
946,945,943,942,779,941,246,226,359,98,0.952819778804122,0.814603649472116
947,554,944,943,942,570,941,251,979,854,0.95927843654887,0.782983338531387
948,946,945,944,943,942,979,504,941,570,0.969109611103078,0.802540421618127
949,947,946,945,944,943,942,941,338,300,0.93600321623802,0.805393446315522
950,948,886,946,945,944,943,942,84,941,0.959517631478907,0.806941633641409
948,949,947,54,946,945,944,943,942,320,0.955634147945864,0.814169700366836
836,950,948,947,227,946,945,650,943,942,0.978162778972714,0.765293015609902
948,27,168,633,947,686,946,944,268,943,0.955236318710499,0.770444367429119
946,766,949,948,98,947,304,82,944,202,0.974403468905124,0.748138573706827
950,946,870,949,948,266,947,945,523,944,0.965010021445988,0.777890259316385
943,949,950,441,239,106,948,946,945,32,0.913367330267886,0.75365727147651
950,945,367,871,949,948,837,947,946,177,0.927453790329813,0.784310364887094
948,271,945,950,712,949,244,132,947,51,0.983919848938889,0.783597674474479
948,75,947,944,950,290,294,373,383,945,0.967392560531764,0.712370232281617
947,948,943,950,285,713,949,449,503,946,0.955453311980358,0.768715399075962
949,942,537,715,943,910,950,948,134,947,0.959525173221202,0.720299332074924
946,639,945,942,583,950,944,949,948,433,0.940110573351466,0.777510908387051
950,946,941,17,80,942,943,572,949,948,0.975214331741102,0.784896733849371
950,946,941,62,242,945,943,87,322,949,0.896800561390175,0.804118465376604
531,950,948,946,822,949,945,282,607,706,0.959272268340496,0.750793240315431
532,947,944,777,946,941,372,950,200,643,0.945419788746923,0.754883859535783
533,948,946,947,945,944,583,201,950,985,0.956736400894542,0.784405578575566
534,945,931,949,418,918,947,943,941,950,0.962087503782585,0.775145750524373
535,948,945,429,547,720,319,942,135,941,0.969941642650065,0.762931288468364
536,946,943,188,945,942,941,401,998,948,0.956714147382777,0.815010556954396
536,946,943,603,646,942,941,483,89,948,0.934489920293472,0.763820355712999
537,531,946,943,945,944,942,464,996,542,0.939895580838091,0.76860082285959
538,532,945,584,948,946,944,943,942,42,0.958921941873054,0.808338373179143
538,532,945,651,948,946,944,943,947,942,0.988773111055079,0.812655288272282
538,532,945,155,948,526,963,943,947,942,0.969825981873406,0.81088619847039
538,532,945,818,948,946,944,943,947,942,0.982358108064083,0.818353720913992
538,532,945,369,948,946,944,943,947,942,0.984573505799421,0.818345973713402
538,532,945,369,948,255,944,943,947,942,0.984573505799421,0.817684598222716
538,532,945,369,948,946,977,943,947,942,0.992972716310737,0.816425681492194
538,532,945,369,948,946,944,943,947,942,0.984573505799421,0.818345973713402
538,532,413,369,948,946,944,943,947,258,0.975887305462316,0.817029450800573
538,532,945,369,948,946,944,943,947,942,0.984573505799421,0.818345973713402
538,532,945,369,948,946,944,943,947,942,0.984573505799421,0.818345973713402
538,532,945,369,948,946,567,869,947,942,0.985115974297553,0.792472067822615
538,532,945,369,948,946,944,943,947,942,0.984573505799421,0.818345973713402
538,532,443,369,827,441,944,943,61,942,0.984193382081276,0.801773187416058
538,532,945,369,948,946,944,943,947,521,0.984573505799421,0.805122621910361
538,532,945,369,948,946,944,943,816,942,0.977546222110158,0.792431260829377
538,532,945,1000,948,946,944,943,947,942,0.981745827365816,0.804969736650059
538,532,561,369,948,946,944,943,947,942,0.975887305462316,0.810624976674852
538,869,945,369,948,946,944,943,947,942,0.984573505799421,0.802400582941882
538,532,92,369,948,946,944,943,947,942,0.991600789488684,0.790374904067121
538,532,945,369,948,946,944,943,947,942,0.984573505799421,0.818345973713402
538,532,945,369,384,946,944,943,947,942,0.978835752693928,0.798195393941176
538,532,945,369,948,946,944,943,947,942,0.984573505799421,0.818345973713402
538,532,945,369,406,946,125,943,947,942,0.981187603290961,0.802214822762011
538,532,945,369,948,946,944,943,947,942,0.984573505799421,0.818345973713402
538,532,945,369,948,946,944,943,947,942,0.984573505799421,0.818345973713402
538,532,945,369,948,946,944,943,947,942,0.984573505799421,0.818345973713402
538,532,945,369,948,122,944,943,603,942,0.977056123197704,0.783814405183316
538,532,945,369,948,946,944,443,947,942,0.988773111055079,0.81319413133003
538,532,945,369,948,946,944,854,780,942,0.979875700098487,0.801560803330837
538,532,945,369,948,946,944,943,947,942,0.984573505799421,0.818345973713402
538,532,945,369,948,946,934,943,947,942,0.992972716310737,0.80878971123549
318,532,945,369,948,946,944,943,947,942,0.984573505799421,0.809964806008405
538,532,945,369,948,946,944,943,947,942,0.984573505799421,0.818345973713402
538,532,945,369,90,946,944,943,845,942,0.979604465849421,0.809891126346941
538,532,945,369,948,946,944,943,232,942,0.979724219349732,0.817340111664749
538,532,945,369,948,946,261,943,947,151,0.975177894397554,0.778878122163403
538,532,554,369,948,946,944,943,947,489,0.981925071349732,0.81735845250767
538,532,945,369,948,946,944,943,947,942,0.984573505799421,0.818345973713402
538,532,945,369,948,946,944,943,947,942,0.984573505799421,0.818345973713402
538,532,332,369,453,946,944,943,947,942,0.991600789488684,0.795559284501326
538,532,945,369,948,946,944,943,947,630,0.965063184176993,0.802007187172061
538,532,945,369,948,946,944,943,947,942,0.984573505799421,0.818345973713402
538,532,945,369,948,946,944,943,947,942,0.984573505799421,0.818345973713402
538,532,945,369,87,946,944,943,947,942,0.958921941873054,0.821974433097788
538,532,945,369,948,946,944,943,947,942,0.984573505799421,0.818345973713402
538,532,945,369,948,946,890,943,947,942,0.992972716310737,0.806411526519481
538,532,945,369,948,946,944,943,947,942,0.984573505799421,0.818345973713402
538,532,213,369,948,946,367,219,947,942,0.977547489531515,0.796444688460477
873,532,945,172,948,946,944,943,947,942,0.978601866931956,0.79450190070214
538,532,945,369,948,946,944,943,947,942,0.984573505799421,0.818345973713402
538,532,945,369,948,946,944,943,947,942,0.984573505799421,0.818345973713402
538,532,945,369,948,946,944,269,947,942,0.972856938476927,0.807990126416219
538,532,945,369,948,946,944,943,947,942,0.984573505799421,0.818345973713402
538,532,945,472,948,780,201,45,947,942,0.979863572258788,0.797858601806172
538,532,945,369,948,946,944,943,947,367,0.978634367090256,0.821236898492783
538,532,945,369,948,232,944,413,947,942,0.990951108294653,0.818419441651735
538,532,9,369,948,261,944,943,947,942,0.977906468456558,0.81313046660884
538,532,945,369,948,988,944,943,947,635,0.985863036383191,0.781084787071187
538,532,945,369,948,946,944,133,947,942,0.974463098813759,0.812422185646002
228,532,945,369,948,946,944,943,947,942,0.970652035117202,0.817166057731276
538,532,945,369,948,946,944,521,947,942,0.988773111055079,0.801271877722749
538,532,945,369,948,946,944,943,947,942,0.984573505799421,0.818345973713402
538,532,945,369,948,946,944,943,947,942,0.984573505799421,0.818345973713402
538,532,945,369,948,946,944,943,947,942,0.984573505799421,0.818345973713402
279,532,945,369,948,946,944,943,930,942,0.975278473660964,0.802919931786398
538,532,945,369,948,946,944,943,947,942,0.984573505799421,0.818345973713402
538,532,945,758,948,946,944,943,947,942,0.983804071105079,0.810993536019057
