941,622,190,703,305,317,89,963,160,500,0.601118204090382,0.675843321548509
942,941,508,972,13,528,110,879,564,885,0.631716152490309,0.858643497395649
942,941,86,558,611,2,804,273,549,815,0.613371218301909,0.769111223062368
943,942,941,450,459,658,334,185,495,12,0.614686155232006,0.785372320286351
944,943,942,941,247,238,273,774,133,571,0.572791103071272,0.772403154893877
945,944,943,942,941,707,559,327,903,461,0.57075474614878,0.822310486472385
946,945,944,943,942,941,550,26,608,301,0.546422915243562,0.785658239962468
947,946,945,944,943,942,941,607,465,553,0.603456952936652,0.858643497395649
947,946,945,944,943,942,941,832,984,492,0.571122033007188,0.858643497395649
948,947,946,945,944,943,942,941,117,16,0.581551618819116,0.858643497395649
949,948,947,946,945,944,943,973,941,632,0.588343482979342,0.80749553953206
950,949,948,947,946,945,944,942,467,941,0.589331076242564,0.840476991934017
947,950,949,948,767,505,945,943,942,560,0.586026554552847,0.840476991934017
948,946,950,949,947,863,629,944,338,942,0.608358295396369,0.858643497395649
948,946,950,949,947,93,51,944,943,942,0.616026876557224,0.802911822262523
948,946,945,950,502,643,662,747,944,943,0.559917638482085,0.810760916904044
947,808,950,944,948,946,617,945,936,706,0.614666893392942,0.79056966035551
942,947,341,949,339,703,946,236,479,944,0.604460181836696,0.876810002857282
942,947,946,949,582,180,828,723,945,944,0.613852926060168,0.753349793334915
950,941,948,487,949,947,946,788,932,945,0.588144370487427,0.773185418121337
947,949,839,945,950,948,554,946,40,706,0.583250528840486,0.810760916904044
942,950,949,947,943,349,25,724,946,815,0.615250813547763,0.858643497395649
942,950,949,947,943,392,70,5,946,362,0.591421219696293,0.83186209190214
942,197,949,947,943,141,511,126,709,302,0.577190785816906,0.688917526421481
491,319,950,948,947,949,357,539,326,946,0.581235832120337,0.810760916904044
204,950,491,949,944,709,947,149,888,404,0.603280253612137,0.758667440068238
492,98,225,944,946,950,948,947,902,132,0.560028622112357,0.78474531680089
493,947,492,491,760,942,949,948,722,701,0.60292355812301,0.786235770975109
494,946,493,492,947,943,950,949,464,618,0.610491780452229,0.825602418303894
494,946,493,492,947,943,941,950,821,913,0.58618637411574,0.828927422365676
964,946,494,493,947,945,942,944,727,354,0.568539650966336,0.840476991934017
495,491,268,494,482,943,950,941,947,758,0.609422783805305,0.858643497395649
495,491,148,494,796,943,950,941,947,463,0.605934781398107,0.803538825747984
495,491,163,494,460,943,950,949,948,947,0.626049418206272,0.840476991934017
495,491,163,494,522,786,128,949,948,947,0.603329774059662,0.805444233985632
495,491,163,494,381,943,337,941,949,948,0.616541900057201,0.840476991934017
495,491,163,494,587,943,950,941,949,948,0.609269434678047,0.801668982005824
495,491,163,494,941,943,950,949,181,826,0.615194733469369,0.823610739447265
495,491,163,494,172,943,950,949,814,34,0.610234897744917,0.811766528496911
495,491,163,494,82,943,944,942,950,949,0.616031125113889,0.825662044993692
495,491,163,494,308,943,944,942,946,950,0.618103295014167,0.858643497395649
495,237,163,494,491,943,944,942,946,950,0.606889851044101,0.840476991934017
495,491,163,494,228,943,944,942,946,950,0.601339768726676,0.840476991934017
495,491,163,494,878,943,944,942,946,950,0.611440235615154,0.840476991934017
495,491,163,494,383,943,944,942,946,950,0.618580973864295,0.825662044993692
495,491,163,494,206,943,944,942,946,950,0.608570573405587,0.858643497395649
662,491,163,494,259,943,944,942,946,950,0.591249437591097,0.828927422365676
495,491,163,494,363,943,944,942,946,950,0.60604151170883,0.858643497395649
495,491,163,494,891,766,944,942,946,950,0.615970776517143,0.858643497395649
495,491,163,494,891,943,944,122,946,950,0.608323254899791,0.858643497395649
495,782,163,667,891,943,944,942,946,927,0.599360439505588,0.803599815011733
495,491,163,494,891,943,895,942,946,950,0.595117568488373,0.858643497395649
495,491,163,494,891,943,944,942,946,950,0.606104782807653,0.858643497395649
495,491,163,494,891,943,944,942,946,104,0.617437108880758,0.858643497395649
495,491,163,494,667,943,944,942,946,950,0.619121931017598,0.828927422365676
495,818,163,494,891,943,944,942,946,950,0.608306035372033,0.858643497395649
495,491,163,494,891,943,944,942,946,554,0.608716552506821,0.840476991934017
495,491,163,184,891,943,944,942,946,950,0.596489354587178,0.876810002857282
495,491,163,494,891,943,944,942,946,950,0.606104782807653,0.858643497395649
495,491,626,494,891,943,374,942,946,950,0.567706604670206,0.858643497395649
495,491,163,494,17,943,944,942,946,950,0.599148627528356,0.858643497395649
495,491,163,494,891,943,944,942,740,950,0.60397422732848,0.858643497395649
495,491,36,494,891,943,576,942,946,950,0.592607593211183,0.828927422365676
495,491,163,494,365,943,944,942,946,950,0.607246134473536,0.858643497395649
495,491,163,494,891,943,944,942,946,950,0.606104782807653,0.858643497395649
495,491,963,494,891,943,944,942,946,950,0.60799455958006,0.858643497395649
495,491,163,494,891,943,944,942,946,950,0.606104782807653,0.858643497395649
495,491,163,494,891,943,944,942,946,48,0.598651036908188,0.840476991934017
495,491,163,494,891,943,944,942,946,607,0.62174693678291,0.858643497395649
495,491,163,494,891,943,705,942,946,950,0.608701697469875,0.823610739447265
495,491,163,494,891,943,944,942,946,115,0.617365246651987,0.858643497395649
495,491,163,494,891,943,944,942,946,369,0.6091996689997,0.858643497395649
495,491,163,494,891,943,944,942,946,950,0.606104782807653,0.858643497395649
495,491,163,494,891,145,944,942,946,950,0.607096429407113,0.840476991934017
495,491,163,494,891,943,944,942,946,950,0.606104782807653,0.858643497395649
495,491,163,494,891,943,944,942,554,682,0.614244176314984,0.790914839875579
495,491,163,655,891,943,944,942,946,950,0.614519185594028,0.876810002857282
495,924,163,494,218,943,944,942,946,950,0.619910801236534,0.825662044993692
223,491,163,494,214,943,944,942,946,950,0.605534258409877,0.797895502242463
495,491,163,494,891,943,944,942,946,950,0.606104782807653,0.858643497395649
495,224,163,494,891,943,944,942,946,362,0.610630677109367,0.840476991934017
495,491,163,494,891,943,944,942,946,950,0.606104782807653,0.858643497395649
448,491,163,494,891,943,944,941,946,950,0.61208962882199,0.858643497395649
495,491,163,494,965,943,944,942,946,950,0.616312360446581,0.858643497395649
495,491,163,494,235,943,944,942,21,950,0.604990018581379,0.792291975843702
495,491,163,494,891,943,944,942,946,950,0.606104782807653,0.858643497395649
495,491,479,494,891,943,944,942,946,950,0.591020948385642,0.858643497395649
495,808,163,494,891,720,944,942,708,950,0.605122255952006,0.840476991934017
495,491,163,494,891,943,944,942,946,950,0.606104782807653,0.858643497395649
495,491,163,494,891,943,944,942,946,950,0.606104782807653,0.858643497395649
495,491,163,494,891,943,222,942,150,646,0.62126391990093,0.789329034070427
15,491,163,765,948,943,944,942,80,950,0.580904534428513,0.858643497395649
495,491,163,494,891,177,944,942,946,950,0.607267318525759,0.858643497395649
495,491,163,494,891,943,158,942,946,950,0.602546229715526,0.840476991934017
495,491,163,494,891,943,944,236,946,950,0.609590988856961,0.858643497395649
495,491,163,494,891,943,944,942,946,950,0.606104782807653,0.858643497395649
495,491,163,494,891,943,944,942,946,950,0.606104782807653,0.858643497395649
495,491,163,494,891,943,944,942,946,123,0.599954851375823,0.858643497395649
495,491,163,494,891,943,944,942,946,950,0.606104782807653,0.858643497395649
495,491,286,494,891,943,944,942,946,950,0.587953876872248,0.80526221449558
234,491,163,494,891,943,944,942,946,950,0.593907514367052,0.858643497395649
275,491,163,494,354,943,944,942,946,950,0.60595735563822,0.840476991934017
495,491,511,494,891,943,944,942,946,950,0.584145387359422,0.840476991934017
427,491,163,494,891,943,184,942,946,950,0.584575518963733,0.820618341625188
495,903,163,494,139,943,944,942,946,950,0.611018207650276,0.840476991934017
495,491,163,494,891,943,849,942,946,950,0.604818778116432,0.840476991934017
495,491,163,517,891,943,944,942,946,950,0.615173296084086,0.876810002857282
495,491,163,494,426,943,944,942,122,950,0.61538440862423,0.803595047431809
495,491,163,494,891,943,117,942,946,950,0.614326940323789,0.858643497395649
495,491,163,494,891,496,944,942,946,127,0.623610772218413,0.840476991934017
305,491,163,494,891,943,944,942,946,950,0.593265000201109,0.808588901588884
495,491,163,494,985,943,944,942,787,950,0.620204067761064,0.823610739447265
61,491,163,494,891,943,944,942,946,950,0.592645286548654,0.858643497395649
495,491,42,494,891,943,944,228,946,950,0.570643971060015,0.840476991934017
352,491,163,494,596,943,760,942,946,502,0.579513759829654,0.858643497395649
495,491,163,494,891,943,944,942,946,950,0.606104782807653,0.858643497395649
495,491,163,494,891,943,944,942,946,950,0.606104782807653,0.858643497395649
495,491,321,494,891,943,944,942,946,950,0.574845291339222,0.858643497395649
495,491,163,494,57,943,944,194,946,13,0.599426584422408,0.817996320604125
495,491,163,494,891,915,944,942,946,950,0.603468505484149,0.858643497395649
495,491,163,494,891,943,944,942,946,782,0.603022855104621,0.815149384580074
495,455,163,494,891,943,944,942,946,93,0.638812968157942,0.821078327724155
495,491,163,494,891,943,944,942,946,950,0.606104782807653,0.858643497395649
495,491,163,537,891,943,944,942,946,950,0.593281849670633,0.823428719957212
495,491,163,494,633,943,944,942,647,950,0.620831513920627,0.823610739447265
495,149,163,494,891,943,228,942,946,950,0.592784388624806,0.840476991934017
495,491,163,494,891,943,944,942,946,791,0.600076848609364,0.858643497395649
495,491,163,494,891,943,944,942,946,950,0.606104782807653,0.858643497395649
495,491,256,494,891,943,944,942,946,950,0.602302369809962,0.840476991934017
495,491,163,494,684,943,944,942,946,950,0.614579033389408,0.858643497395649
495,491,838,494,891,943,101,942,946,950,0.580793222003863,0.858643497395649
495,491,163,494,891,943,944,942,946,950,0.606104782807653,0.858643497395649
495,491,163,494,891,943,944,942,946,950,0.606104782807653,0.858643497395649
495,491,946,494,891,943,944,942,824,950,0.575960799529136,0.840476991934017
495,491,163,494,891,911,944,942,946,950,0.60248605181938,0.858643497395649
652,491,163,494,891,943,944,942,946,950,0.582428006937546,0.858643497395649
495,491,163,494,891,943,944,942,946,886,0.60533670625517,0.840476991934017
495,491,163,494,891,943,944,942,946,950,0.606104782807653,0.858643497395649
495,491,163,494,891,943,944,942,946,950,0.606104782807653,0.858643497395649
495,491,768,494,891,943,944,410,946,950,0.585614704820382,0.822310486472385
495,491,163,494,891,943,944,942,946,950,0.606104782807653,0.858643497395649
495,491,163,859,891,943,944,942,946,950,0.600927492511007,0.821705331209616
495,491,163,494,891,943,944,58,224,950,0.604349399703426,0.840476991934017
593,491,437,494,891,943,944,942,946,950,0.580621475763172,0.858643497395649
495,491,944,494,891,901,923,942,946,950,0.586390275963714,0.77640647714288
495,491,428,494,891,943,944,942,946,950,0.590201679432093,0.858643497395649
495,491,163,494,171,943,944,942,946,950,0.6105419798776,0.858643497395649
495,491,163,494,891,943,944,942,946,950,0.606104782807653,0.858643497395649
495,491,163,494,891,943,944,942,946,950,0.606104782807653,0.858643497395649
495,491,163,494,891,943,944,942,946,950,0.606104782807653,0.858643497395649
495,491,163,494,891,943,944,942,946,950,0.606104782807653,0.858643497395649
495,491,163,494,891,943,944,942,946,950,0.606104782807653,0.858643497395649
495,491,163,494,891,943,944,942,471,950,0.620039828469097,0.858643497395649
495,491,163,221,891,943,311,942,946,950,0.59277506974803,0.840476991934017
495,491,863,494,891,943,944,942,946,950,0.60446264876228,0.858643497395649
189,491,361,494,891,283,944,942,946,950,0.582161541142687,0.840476991934017
515,491,163,494,891,943,944,942,946,950,0.593330692247901,0.825640450633936
495,491,163,494,891,943,944,942,946,950,0.606104782807653,0.858643497395649
495,916,344,929,891,943,944,942,946,950,0.580166324412079,0.843828550455324
495,491,163,494,891,954,176,942,946,950,0.597035180173135,0.858643497395649
495,491,163,494,891,943,944,942,946,950,0.606104782807653,0.858643497395649
495,102,163,494,891,943,944,942,49,950,0.600371205506508,0.825662044993692
727,491,163,494,891,943,944,942,448,950,0.61542651735968,0.858643497395649
495,491,163,358,891,943,944,942,946,950,0.590201100026858,0.858643497395649
495,491,163,494,891,943,944,942,946,950,0.606104782807653,0.858643497395649
495,491,163,494,821,943,944,942,946,950,0.603674295559627,0.858643497395649
495,491,163,494,891,943,944,942,946,950,0.606104782807653,0.858643497395649
495,491,163,494,891,943,944,942,946,950,0.606104782807653,0.858643497395649
495,491,163,494,556,787,944,942,946,950,0.617159208483725,0.823610739447265
495,491,163,494,891,943,442,942,946,950,0.605189119478142,0.858643497395649
495,491,422,494,891,943,944,942,991,280,0.600668561419158,0.815374314992441
495,491,163,494,891,943,944,942,946,950,0.606104782807653,0.858643497395649
495,491,163,494,891,943,944,942,946,950,0.606104782807653,0.858643497395649
495,491,163,130,891,943,944,942,946,700,0.598455872534186,0.858643497395649
495,491,163,494,891,943,944,942,946,950,0.606104782807653,0.858643497395649
495,491,163,494,891,943,944,942,946,423,0.605107453932852,0.840476991934017
495,491,163,494,891,943,944,942,946,950,0.606104782807653,0.858643497395649
495,491,163,494,891,49,944,942,946,950,0.594894143408709,0.858643497395649
495,491,163,494,891,943,217,942,946,950,0.599086277209267,0.858643497395649
495,708,163,494,891,943,750,942,946,950,0.604010077992553,0.840476991934017
495,491,163,494,891,285,944,942,946,950,0.6115093929228,0.858643497395649
495,491,163,494,891,943,944,942,946,950,0.606104782807653,0.858643497395649
495,491,163,494,891,209,944,942,946,950,0.601303071062166,0.819238817736823
953,491,163,494,188,943,212,942,946,950,0.632349607674313,0.815374314992441
495,491,52,494,891,310,944,942,946,35,0.564739769582303,0.840476991934017
495,491,163,494,891,943,944,942,946,950,0.606104782807653,0.858643497395649
495,491,163,483,891,943,944,942,946,950,0.605064368160105,0.876810002857282
495,491,163,494,891,943,944,790,946,950,0.614900790736245,0.828927422365676
546,491,163,494,51,943,944,942,946,950,0.588413386714691,0.822310486472385
495,491,163,494,891,943,944,942,946,950,0.606104782807653,0.858643497395649
495,491,163,494,170,943,944,942,946,950,0.599405905083588,0.858643497395649
495,491,163,494,891,943,944,942,946,950,0.606104782807653,0.858643497395649
495,491,163,494,891,943,944,942,946,950,0.606104782807653,0.858643497395649
495,491,985,494,891,943,944,942,946,950,0.60799455958006,0.858643497395649
518,491,163,494,891,943,944,600,946,950,0.59129048164585,0.825640450633936
495,491,163,494,891,943,944,942,946,950,0.606104782807653,0.858643497395649
89,491,163,494,891,943,944,942,946,950,0.588280452207963,0.840476991934017
253,491,163,494,891,943,944,942,946,950,0.587565096688484,0.80678137495052
495,491,163,494,891,943,944,942,946,950,0.606104782807653,0.858643497395649
495,491,163,621,891,943,944,942,946,950,0.604848587101285,0.843768923765526
495,491,163,494,891,277,944,942,963,759,0.626945846505232,0.858643497395649
495,491,163,494,891,943,944,942,963,950,0.628359840311134,0.858643497395649
788,491,163,494,891,943,944,942,963,950,0.616685791322735,0.806166870523294
495,80,163,494,762,943,862,942,963,950,0.618119475948816,0.803538825747984
495,491,163,494,891,943,944,942,24,950,0.631695246395978,0.858643497395649
495,491,163,494,891,943,944,942,946,950,0.606104782807653,0.858643497395649
495,491,163,494,891,943,685,942,946,905,0.607822422599294,0.858643497395649
495,491,163,977,891,943,944,942,946,950,0.615840526628163,0.876810002857282
495,491,726,494,891,943,944,942,946,950,0.591171185263364,0.840476991934017
551,180,163,494,891,943,944,942,946,950,0.59331204249849,0.786331245736872
495,491,163,494,891,943,944,956,946,368,0.615665061458896,0.840476991934017
495,491,938,494,891,943,944,4,946,950,0.58851247624437,0.840476991934017
495,491,288,494,891,943,944,942,946,950,0.581189332822915,0.840476991934017
495,491,283,494,891,943,944,942,946,950,0.594385601600986,0.840476991934017
495,491,163,494,891,943,944,445,946,950,0.607383563598917,0.858643497395649
495,491,163,494,891,943,944,942,376,950,0.610608208311377,0.828927422365676
495,491,163,494,891,943,944,942,946,777,0.59647403065547,0.858643497395649
495,491,163,494,324,943,944,323,946,950,0.621699192974402,0.840476991934017
495,661,163,494,308,943,944,942,946,950,0.606394645602671,0.858643497395649
495,491,163,494,891,943,944,942,946,950,0.606104782807653,0.858643497395649
495,359,163,494,891,943,944,942,946,136,0.602046052378268,0.810760916904044
495,491,97,494,891,943,944,942,946,950,0.58539703091217,0.828927422365676
495,491,163,494,891,943,944,942,946,950,0.606104782807653,0.858643497395649
495,491,163,494,891,943,944,942,946,950,0.606104782807653,0.858643497395649
495,491,627,494,891,943,944,942,946,950,0.588843058404156,0.803538825747984
495,491,163,494,305,943,944,942,946,950,0.607890658700985,0.808588901588884
495,491,163,494,891,943,944,942,946,950,0.606104782807653,0.858643497395649
495,491,163,103,891,943,944,942,946,950,0.608339816637368,0.858643497395649
495,491,163,494,891,943,944,942,946,950,0.606104782807653,0.858643497395649
495,491,305,494,891,943,944,942,946,950,0.589048180691212,0.808588901588884
495,491,272,494,891,943,368,942,946,950,0.584621964133559,0.840476991934017
495,905,163,494,891,943,944,942,814,950,0.624919307664345,0.858643497395649
495,491,306,494,891,943,944,942,946,950,0.591967114484851,0.858643497395649
495,491,163,494,891,943,947,942,946,950,0.615830250783248,0.858643497395649
384,491,163,494,891,943,944,942,946,950,0.6051852301381,0.825662044993692
495,491,163,494,891,943,944,942,946,950,0.606104782807653,0.858643497395649
495,491,163,494,891,943,944,942,946,950,0.606104782807653,0.858643497395649
495,450,163,494,891,943,944,942,946,710,0.630236952288927,0.817531122895148
495,491,163,494,891,943,944,942,946,950,0.606104782807653,0.858643497395649
495,491,163,494,891,943,944,942,166,950,0.619036327727539,0.858643497395649
495,491,163,685,891,201,944,942,946,950,0.589380099906938,0.876810002857282
495,663,163,494,891,943,944,942,946,950,0.594498966797187,0.858643497395649
495,491,163,494,891,980,944,942,946,950,0.612267991319986,0.858643497395649
495,491,163,494,891,943,681,942,946,950,0.588148605594173,0.811766528496911
495,491,163,494,891,943,944,59,946,47,0.611308809514305,0.858643497395649
495,491,695,494,25,943,944,942,946,950,0.609666385968103,0.840476991934017
495,491,163,494,891,943,944,942,946,950,0.606104782807653,0.858643497395649
495,491,163,494,891,943,944,942,134,950,0.612298657419431,0.858643497395649
495,491,163,494,891,943,135,942,946,981,0.611046814634648,0.840476991934017
495,491,163,782,891,943,944,942,946,517,0.613175669704819,0.833315890041706
495,491,163,494,891,943,944,942,946,950,0.606104782807653,0.858643497395649
495,945,163,494,891,943,944,942,946,950,0.598906073277001,0.858643497395649
495,491,163,494,891,131,944,942,946,950,0.610513648084223,0.819238817736823
495,491,163,306,891,943,944,942,946,950,0.606340780927526,0.876810002857282
495,491,163,494,891,943,78,942,946,950,0.604409602096644,0.858643497395649
495,491,163,494,891,943,944,942,946,950,0.606104782807653,0.858643497395649
495,491,163,494,134,943,944,942,946,950,0.61011117792462,0.858643497395649
495,347,163,494,891,943,944,942,946,950,0.593158329893823,0.858643497395649
773,491,163,494,891,943,944,942,946,950,0.604395519961327,0.815033176764516
495,491,163,494,891,943,944,942,946,950,0.606104782807653,0.858643497395649
495,453,163,494,891,943,944,942,946,950,0.608413862445068,0.840476991934017
495,691,735,641,891,943,944,942,946,950,0.61380681189849,0.876810002857282
495,491,163,641,891,510,944,942,946,950,0.623941600049274,0.858643497395649
495,491,163,641,891,737,944,942,946,950,0.626226104203057,0.825678184442252
495,491,163,641,211,943,944,942,946,72,0.635734265731202,0.825662044993692
495,491,163,641,891,943,839,942,946,950,0.607734868734616,0.847093927827308
495,491,163,641,891,943,944,942,946,950,0.623251220346825,0.876810002857282
495,491,163,641,891,943,944,942,946,950,0.623251220346825,0.876810002857282
866,491,163,641,891,943,533,942,946,741,0.633454883046443,0.876810002857282
495,491,163,641,891,943,944,942,946,950,0.623251220346825,0.876810002857282
495,491,163,641,891,943,944,942,946,950,0.623251220346825,0.876810002857282
495,491,163,641,891,943,944,942,946,950,0.623251220346825,0.876810002857282
495,4,163,641,891,10,944,942,978,950,0.636797117565724,0.876810002857282
495,491,163,641,260,943,944,942,946,950,0.636331948147817,0.876810002857282
495,491,163,641,891,943,944,942,946,950,0.623251220346825,0.876810002857282
495,491,163,641,891,943,242,942,946,950,0.615655508621776,0.858643497395649
495,491,163,641,891,943,944,942,946,950,0.623251220346825,0.876810002857282
712,491,163,641,891,943,944,942,946,950,0.615256862961166,0.876810002857282
495,491,133,641,891,93,944,942,946,950,0.622978301488093,0.839244833185787
495,491,163,641,891,943,944,333,946,950,0.625808207614171,0.876810002857282
495,491,163,641,891,943,944,942,946,950,0.623251220346825,0.876810002857282
495,491,163,641,891,943,944,942,198,950,0.627924858417114,0.876810002857282
495,491,829,641,891,961,110,942,946,950,0.585675613907195,0.876810002857282
495,491,163,641,891,943,944,942,946,950,0.623251220346825,0.876810002857282
495,491,163,674,891,943,944,930,946,950,0.613064914558681,0.858643497395649
495,491,163,641,891,943,944,942,946,950,0.623251220346825,0.876810002857282
495,491,163,641,891,943,944,942,946,950,0.623251220346825,0.876810002857282
495,491,163,641,891,185,944,942,946,950,0.60515701279181,0.876810002857282
495,491,163,641,202,943,944,942,946,950,0.635813867717273,0.836838255082354
868,491,163,641,891,943,944,942,946,950,0.61357393300769,0.858643497395649
495,491,163,641,891,943,944,942,946,950,0.623251220346825,0.876810002857282
495,491,163,641,891,943,944,942,946,950,0.623251220346825,0.876810002857282
495,491,163,641,891,943,944,942,946,950,0.623251220346825,0.876810002857282
495,491,163,641,891,943,944,942,946,950,0.623251220346825,0.876810002857282
495,491,345,641,891,943,944,60,946,950,0.608913405054705,0.876810002857282
495,491,163,641,891,943,944,942,946,289,0.625062444545617,0.876810002857282
495,491,163,641,891,943,944,324,946,950,0.618510013564626,0.876810002857282
495,491,163,641,891,943,944,942,946,465,0.632617824070613,0.876810002857282
495,491,163,641,399,943,944,942,946,950,0.628518673854973,0.858643497395649
495,491,163,641,891,943,944,942,946,950,0.623251220346825,0.876810002857282
495,491,163,85,891,943,944,942,946,950,0.601047963190413,0.876810002857282
495,491,163,641,891,943,944,942,946,950,0.623251220346825,0.876810002857282
495,491,163,641,891,943,944,942,946,950,0.623251220346825,0.876810002857282
495,491,163,641,891,943,944,942,946,950,0.623251220346825,0.876810002857282
495,187,163,641,891,943,944,942,836,950,0.629770326438359,0.821761552893441
495,491,163,641,891,943,944,942,946,950,0.623251220346825,0.876810002857282
394,491,163,641,891,943,944,942,946,950,0.59153839230701,0.876810002857282
495,491,163,641,891,943,944,942,946,950,0.623251220346825,0.876810002857282
495,491,163,641,891,943,944,942,946,950,0.623251220346825,0.876810002857282
495,491,194,641,891,943,944,922,946,950,0.588437176871653,0.843806956095568
495,491,163,641,891,943,944,942,622,950,0.620212147147201,0.836838255082354
495,491,163,156,891,535,944,942,946,950,0.609693552673867,0.843828550455324
495,491,163,698,891,943,944,942,946,950,0.60809849110503,0.858643497395649
495,491,163,641,891,943,944,942,946,950,0.623251220346825,0.876810002857282
495,491,163,641,105,943,944,942,168,950,0.622946392873572,0.876810002857282
495,491,163,641,891,943,944,942,168,950,0.624586116734445,0.876810002857282
622,567,163,641,891,943,944,942,168,950,0.606071725112871,0.836838255082354
495,491,215,641,891,943,944,942,168,950,0.613749710196949,0.858643497395649
495,491,163,641,891,284,944,942,168,950,0.622415090397134,0.843806956095568
495,491,163,641,891,943,944,942,168,950,0.624586116734445,0.876810002857282
495,491,163,641,891,943,944,748,96,950,0.628448424353028,0.843768923765526
495,491,970,641,891,943,944,670,168,950,0.622680649587889,0.858643497395649
495,491,45,641,891,943,944,942,168,255,0.60539806683308,0.876810002857282
495,491,163,641,891,11,944,942,168,950,0.613879422251189,0.858643497395649
495,246,163,641,891,943,944,942,168,950,0.631191379895069,0.858643497395649
495,491,163,641,891,943,944,942,168,950,0.624586116734445,0.876810002857282
495,491,163,641,891,943,944,942,773,950,0.636900955921954,0.833199682226148
495,491,163,641,891,943,944,942,168,950,0.624586116734445,0.876810002857282
88,491,163,484,891,943,689,942,168,950,0.606986503298869,0.876810002857282
495,491,163,34,891,943,944,942,168,950,0.603591130669022,0.829933033958543
495,491,163,641,891,943,906,942,168,950,0.619441485150098,0.847093927827308
495,491,163,641,543,943,944,942,168,950,0.635364825167794,0.876810002857282
630,491,163,641,891,943,944,942,168,950,0.604342050561285,0.847093927827308
249,491,163,641,891,943,944,942,168,950,0.611739135021422,0.876810002857282
495,491,163,641,891,943,915,942,168,950,0.62210201884517,0.876810002857282
495,491,163,641,891,943,829,447,168,950,0.62112658005399,0.843768923765526
495,491,163,641,891,943,944,770,168,950,0.625225307859613,0.876810002857282
495,491,163,641,891,943,944,942,168,223,0.61072068524599,0.858643497395649
495,491,163,641,891,943,944,942,168,950,0.624586116734445,0.876810002857282
495,491,163,641,891,943,944,942,168,950,0.624586116734445,0.876810002857282
495,491,163,641,891,211,944,942,168,950,0.624286620044894,0.843828550455324
495,491,163,641,891,943,944,942,168,950,0.624586116734445,0.876810002857282
495,491,163,641,891,943,944,942,581,950,0.619397462129672,0.843828550455324
495,491,163,641,891,943,944,942,168,950,0.624586116734445,0.876810002857282
495,491,78,641,891,943,944,942,336,950,0.61745668920881,0.876810002857282
810,491,10,641,891,943,666,942,168,950,0.601099191005518,0.847093927827308
495,320,163,641,891,943,944,942,168,950,0.622938351109127,0.876810002857282
495,491,569,641,891,943,944,25,168,950,0.640896957162518,0.83723543400185
495,491,163,641,891,943,944,942,168,950,0.624586116734445,0.876810002857282
495,828,163,721,891,943,944,942,168,950,0.607685016298253,0.840476991934017
495,499,163,641,891,943,944,494,168,950,0.635927088576879,0.825640450633936
495,491,163,641,891,943,944,942,168,607,0.637886486057904,0.876810002857282
495,491,163,641,683,943,944,942,168,950,0.627664592958551,0.876810002857282
495,491,163,641,891,943,944,942,168,730,0.621238987067762,0.858643497395649
495,491,498,520,891,943,944,942,168,950,0.575878712218245,0.876810002857282
495,491,163,641,891,943,944,942,168,950,0.624586116734445,0.876810002857282
495,491,163,641,891,943,944,942,168,950,0.624586116734445,0.876810002857282
495,491,163,392,891,943,944,942,168,950,0.606567571667664,0.876810002857282
495,491,163,641,891,943,944,393,14,950,0.635871996726569,0.825662044993692
760,491,163,641,891,943,944,942,568,950,0.615175540192662,0.876810002857282
495,491,163,641,891,943,944,942,168,950,0.624586116734445,0.876810002857282
495,491,163,641,891,943,944,942,168,950,0.624586116734445,0.876810002857282
495,491,163,641,891,943,944,942,168,950,0.624586116734445,0.876810002857282
495,491,695,641,891,943,103,942,168,950,0.605739351497621,0.840476991934017
495,491,163,641,891,633,944,942,168,950,0.637210061983473,0.841777244908897
495,491,163,641,891,943,944,171,168,950,0.626103914666623,0.876810002857282
495,491,163,641,891,943,944,942,168,950,0.624586116734445,0.876810002857282
495,491,163,641,891,943,944,792,168,950,0.62453109302725,0.876810002857282
495,491,163,641,891,943,944,372,168,950,0.620098215965309,0.847093927827308
495,491,163,641,469,44,944,942,168,950,0.63141268579041,0.876810002857282
495,491,163,641,891,943,109,942,533,950,0.631724171158187,0.858643497395649
495,491,163,641,891,437,652,942,168,950,0.611690461728201,0.876810002857282
797,491,163,641,891,943,944,942,168,950,0.605722657684717,0.858643497395649
495,491,163,641,891,943,944,942,168,950,0.624586116734445,0.876810002857282
495,491,163,641,891,943,944,942,168,950,0.624586116734445,0.876810002857282
495,491,163,641,891,943,944,942,168,950,0.624586116734445,0.876810002857282
495,491,163,641,891,943,944,942,168,950,0.624586116734445,0.876810002857282
495,491,163,641,891,943,944,229,168,950,0.626606330989146,0.858643497395649
495,491,163,328,891,943,944,942,168,950,0.597374160954292,0.876810002857282
495,491,163,150,891,943,786,942,168,950,0.615393558740996,0.823610739447265
495,491,163,641,891,943,944,942,168,950,0.624586116734445,0.876810002857282
429,491,163,641,891,943,944,942,168,950,0.608749211861384,0.843768923765526
495,491,163,641,891,943,944,942,168,17,0.606219108413985,0.876810002857282
495,491,163,641,891,943,944,271,168,950,0.626885740374379,0.876810002857282
495,491,163,641,317,943,944,993,168,950,0.628633906382388,0.812061169878924
495,491,163,641,891,943,944,942,168,950,0.624586116734445,0.876810002857282
495,491,163,641,891,943,944,948,168,950,0.62562725239416,0.858643497395649
495,491,163,641,891,943,944,942,168,950,0.624586116734445,0.876810002857282
495,491,163,641,891,943,944,306,168,950,0.624877927717396,0.876810002857282
495,491,163,641,891,943,944,942,168,950,0.624586116734445,0.876810002857282
495,491,163,641,891,943,944,942,168,950,0.624586116734445,0.876810002857282
495,491,163,641,891,943,944,942,168,950,0.624586116734445,0.876810002857282
495,491,163,641,336,943,944,942,168,950,0.622846385358014,0.876810002857282
495,431,163,641,891,943,944,942,168,950,0.620065283279292,0.876810002857282
495,491,163,641,891,905,944,942,168,950,0.635666934731935,0.876810002857282
495,491,163,641,891,943,944,777,168,950,0.620223046451987,0.876810002857282
495,491,163,53,891,943,944,942,168,950,0.600490929048168,0.858643497395649
678,491,163,641,891,943,944,942,168,950,0.604416909055363,0.858643497395649
495,290,163,641,891,943,799,942,168,950,0.613515500654483,0.821761552893441
168,598,163,641,891,159,944,942,47,950,0.635133349833586,0.821705331209616
495,491,163,641,891,943,944,942,168,950,0.624586116734445,0.876810002857282
495,491,163,422,891,943,944,383,168,950,0.613251612141267,0.843828550455324
495,491,163,641,891,943,944,942,168,950,0.624586116734445,0.876810002857282
776,491,163,641,891,943,944,942,168,950,0.612950599798811,0.821705331209616
495,491,163,641,891,943,944,942,168,810,0.613041793827703,0.876810002857282
495,491,163,641,891,943,944,883,168,950,0.626490540464235,0.876810002857282
495,491,163,641,891,765,944,942,38,950,0.630301224652967,0.876810002857282
495,491,163,641,590,943,944,942,168,950,0.62747473708272,0.876810002857282
495,491,619,641,891,599,280,942,894,950,0.604671697884845,0.797207809530809
495,491,163,641,891,943,944,942,168,950,0.624586116734445,0.876810002857282
495,491,163,641,891,943,944,326,168,950,0.630018003586064,0.876810002857282
495,491,163,641,891,803,944,694,168,950,0.620012917042245,0.858643497395649
495,491,466,641,891,943,944,942,168,950,0.621256523951361,0.876810002857282
495,491,163,883,891,943,944,942,168,950,0.609912110957265,0.876810002857282
495,491,163,641,193,943,944,939,168,950,0.631616081278672,0.83569762835678
495,491,163,641,891,943,944,942,168,950,0.624586116734445,0.876810002857282
495,607,163,641,891,600,944,942,168,950,0.636066103585097,0.876810002857282
495,491,163,641,891,943,944,942,168,934,0.627177950873444,0.858643497395649
495,491,163,641,891,66,944,942,168,950,0.619529149304534,0.843806956095568
495,491,163,641,891,943,944,942,168,950,0.624586116734445,0.876810002857282
845,491,163,641,891,943,944,942,168,950,0.614196954046223,0.876810002857282
495,491,163,641,891,943,944,942,168,950,0.624586116734445,0.876810002857282
495,491,163,641,891,943,944,942,168,950,0.624586116734445,0.876810002857282
495,209,776,641,891,943,944,942,231,950,0.628968048947283,0.782300651550789
495,491,163,641,891,468,944,325,168,950,0.613821426966274,0.821761552893441
495,491,163,641,891,879,944,116,168,950,0.630965046113847,0.876810002857282
495,491,163,641,891,943,944,942,168,950,0.624586116734445,0.876810002857282
495,491,163,641,891,18,944,942,168,950,0.61269831744825,0.847093927827308
495,491,163,333,891,943,944,942,168,950,0.607545891978913,0.876810002857282
495,491,163,641,891,943,944,942,168,950,0.624586116734445,0.876810002857282
717,491,163,641,891,943,535,942,168,950,0.617104720146244,0.858643497395649
495,596,163,641,891,943,944,942,168,950,0.62619318529243,0.876810002857282
495,491,163,641,818,943,944,546,168,950,0.619786179667091,0.858643497395649
495,491,83,641,891,943,944,942,168,950,0.606394868570527,0.876810002857282
495,491,163,641,891,943,185,942,168,950,0.611757232141266,0.876810002857282
495,491,163,220,891,943,944,942,168,950,0.609119613694364,0.858643497395649
495,491,178,641,891,943,48,942,168,761,0.605721527850752,0.858643497395649
303,491,163,641,891,943,944,351,168,950,0.614510641667761,0.840476991934017
495,491,163,641,891,943,944,942,168,950,0.624586116734445,0.876810002857282
495,491,163,641,891,943,944,942,168,950,0.624586116734445,0.876810002857282
826,491,163,641,891,943,944,942,168,950,0.608750045027561,0.876810002857282
495,491,163,641,891,943,944,942,168,950,0.624586116734445,0.876810002857282
495,491,163,641,891,943,944,942,168,950,0.624586116734445,0.876810002857282
495,491,163,641,891,943,944,942,168,950,0.624586116734445,0.876810002857282
495,491,245,641,891,943,944,942,168,950,0.624167112687451,0.843828550455324
495,491,163,599,891,596,944,942,168,950,0.599884244309389,0.858643497395649
495,160,163,641,891,750,369,942,168,950,0.637234680326963,0.83723543400185
495,491,163,641,891,943,944,328,168,950,0.617177899103237,0.876810002857282
495,491,163,965,891,943,944,942,168,950,0.613537196323055,0.876810002857282
495,491,163,641,891,943,944,942,511,950,0.624354859613966,0.858643497395649
495,491,163,641,30,943,944,942,168,950,0.622061428829867,0.843828550455324
495,491,163,641,891,943,944,942,168,950,0.624586116734445,0.876810002857282
495,491,163,641,891,943,944,657,168,950,0.633491784441192,0.838001992929089
495,491,163,641,891,598,944,942,168,950,0.634184691068773,0.876810002857282
495,491,163,641,891,943,944,942,168,950,0.624586116734445,0.876810002857282
495,491,163,641,891,943,944,942,168,962,0.633323956543043,0.876810002857282
495,491,163,641,891,943,944,942,168,950,0.624586116734445,0.876810002857282
495,491,163,641,891,943,944,942,168,950,0.624586116734445,0.876810002857282
495,491,163,641,891,943,944,942,305,950,0.628269156070331,0.826755407050516
495,491,163,641,891,943,944,942,168,950,0.624586116734445,0.876810002857282
495,491,163,641,891,943,944,942,168,950,0.624586116734445,0.876810002857282
495,491,163,641,891,943,599,942,168,950,0.622124595851125,0.858643497395649
495,491,163,641,891,943,944,942,168,950,0.624586116734445,0.876810002857282
495,798,573,641,19,943,944,942,168,950,0.599171112156994,0.876810002857282
495,491,163,641,891,943,944,942,168,950,0.624586116734445,0.876810002857282
495,491,163,641,891,943,944,942,168,950,0.624586116734445,0.876810002857282
495,491,163,641,891,943,944,942,168,950,0.624586116734445,0.876810002857282
495,491,163,641,891,943,944,942,168,950,0.624586116734445,0.876810002857282
495,491,163,641,891,943,562,942,168,950,0.624803848585134,0.858643497395649
495,171,163,641,891,943,944,942,168,950,0.625946313916482,0.876810002857282
495,491,163,641,891,943,944,942,168,950,0.624586116734445,0.876810002857282
495,491,163,641,891,373,944,942,168,950,0.62227900297926,0.829592518696867
495,491,163,641,891,943,944,942,566,950,0.621750730938324,0.858643497395649
495,491,163,740,891,943,944,576,168,950,0.601781763449362,0.847093927827308
495,491,163,969,891,943,92,942,168,950,0.629281765513426,0.837405323198455
495,491,471,956,891,943,944,942,168,950,0.611643722594919,0.876810002857282
495,491,163,641,891,943,944,942,601,950,0.635009398156278,0.876810002857282
495,121,163,641,891,943,944,942,168,950,0.622869283685251,0.858643497395649
405,491,163,641,891,943,944,942,168,950,0.612551465343826,0.843806956095568
495,491,163,641,891,943,944,435,168,950,0.621986299616257,0.876810002857282
495,491,163,641,891,943,978,942,168,950,0.630633059547647,0.876810002857282
495,491,163,641,891,943,944,942,168,950,0.624586116734445,0.876810002857282
495,491,163,641,891,971,569,942,168,950,0.640111487383577,0.83723543400185
495,491,163,641,891,943,944,942,577,950,0.62616486702986,0.876810002857282
495,491,163,641,891,943,590,942,168,950,0.618175752215682,0.876810002857282
495,491,163,641,891,943,944,942,168,950,0.624586116734445,0.876810002857282
495,491,163,641,891,943,944,942,168,950,0.624586116734445,0.876810002857282
495,491,163,641,891,943,514,942,168,186,0.614497736021898,0.876810002857282
495,491,163,641,891,943,944,319,168,950,0.612447559205771,0.847093927827308
495,491,163,641,891,141,242,942,168,950,0.611381253281422,0.810458481305334
495,491,163,641,891,943,599,942,168,165,0.629340583501019,0.858643497395649
946,491,163,641,891,943,944,942,168,950,0.606330404547636,0.876810002857282
495,491,268,641,891,943,944,942,168,800,0.607417689637651,0.876810002857282
229,491,163,641,891,943,944,942,507,950,0.617073058849397,0.812978105147769
495,491,163,641,891,165,944,942,168,950,0.632607277566215,0.876810002857282
495,512,163,641,891,946,944,942,168,950,0.615859525640386,0.876810002857282
495,491,163,315,965,943,944,942,168,950,0.609144228217372,0.876810002857282
495,951,163,641,891,943,944,942,878,950,0.631431155918587,0.858643497395649
495,491,304,641,891,943,593,942,168,950,0.608900554747016,0.876810002857282
495,98,163,641,891,943,944,942,168,950,0.620588454893352,0.858643497395649
495,491,163,641,891,943,944,942,168,950,0.624586116734445,0.876810002857282
495,491,163,641,891,943,944,942,168,950,0.624586116734445,0.876810002857282
495,491,763,641,891,943,944,942,168,676,0.611638883449533,0.858643497395649
495,158,163,641,891,943,944,942,168,530,0.62409368683033,0.858643497395649
495,486,163,641,891,943,944,942,168,950,0.62423914054677,0.876810002857282
495,491,163,641,891,943,944,942,168,950,0.624586116734445,0.876810002857282
495,491,163,95,891,943,944,942,168,418,0.609512927647768,0.843828550455324
495,491,675,641,891,943,417,942,168,950,0.623092175680385,0.811766528496911
495,491,163,641,891,943,944,942,139,244,0.628438160054469,0.843828550455324
495,491,163,641,891,943,944,942,168,950,0.624586116734445,0.876810002857282
495,491,163,641,891,943,398,942,168,950,0.63312093819231,0.876810002857282
495,291,163,641,891,943,944,942,168,950,0.626136903552927,0.876810002857282
495,142,163,641,891,943,944,827,168,950,0.620621639698942,0.858643497395649
495,491,163,641,891,943,944,942,168,548,0.604611026644672,0.858643497395649
495,491,163,641,891,943,812,942,168,950,0.616723032465752,0.876810002857282
604,272,163,641,373,943,944,942,168,950,0.624679382920013,0.811426013235234
495,491,163,641,891,943,944,942,168,950,0.624586116734445,0.876810002857282
495,391,163,641,891,943,944,942,168,950,0.620083687621096,0.876810002857282
495,491,163,641,891,943,944,942,168,950,0.624586116734445,0.876810002857282
495,491,163,641,891,943,944,942,168,950,0.624586116734445,0.876810002857282
495,491,163,641,891,943,944,215,584,950,0.621874921907928,0.858643497395649
495,491,163,641,157,943,944,942,168,950,0.626685674382791,0.847093927827308
495,491,163,641,891,943,944,942,168,950,0.624586116734445,0.876810002857282
495,491,163,641,513,943,944,942,168,950,0.627496424980723,0.876810002857282
495,491,163,641,891,943,223,942,168,950,0.618513902528566,0.858643497395649
495,491,163,641,891,943,944,942,352,950,0.622882267474945,0.876810002857282
495,491,163,607,891,943,944,942,168,109,0.608776116812082,0.858643497395649
495,491,357,641,891,943,944,942,168,950,0.618933429964966,0.876810002857282
69,491,163,899,891,943,944,942,168,561,0.604607663925299,0.858643497395649
495,491,163,641,891,943,944,942,168,950,0.624586116734445,0.876810002857282
495,491,163,641,891,943,944,942,168,434,0.617815420688082,0.876810002857282
495,491,853,641,891,943,944,942,168,950,0.615166590646954,0.858643497395649
495,572,163,641,891,943,944,942,168,950,0.629697654609367,0.836838255082354
495,491,163,641,891,663,944,363,168,950,0.603312211708646,0.876810002857282
495,491,163,641,891,943,944,942,168,950,0.624586116734445,0.876810002857282
495,491,163,641,891,943,944,942,168,950,0.624586116734445,0.876810002857282
495,491,163,295,891,943,944,942,168,950,0.612241492870411,0.876810002857282
495,491,163,641,978,943,944,942,168,950,0.626505274485836,0.876810002857282
495,491,163,641,891,943,448,137,168,950,0.639599127888281,0.876810002857282
495,491,163,641,891,943,944,942,168,682,0.62390598987774,0.827247850798843
495,491,163,444,891,943,944,942,168,950,0.610127271688184,0.876810002857282
495,534,163,641,891,943,944,942,168,950,0.616884794205646,0.876810002857282
495,491,163,641,891,943,944,942,168,174,0.620088498666921,0.876810002857282
495,491,163,851,891,943,944,942,518,950,0.613602838092851,0.843806956095568
495,491,163,363,891,943,973,942,539,950,0.610946885613833,0.825662044993692
495,491,163,641,891,943,944,942,168,950,0.624586116734445,0.876810002857282
495,491,163,641,891,943,944,942,168,950,0.624586116734445,0.876810002857282
495,408,163,641,891,943,944,942,168,950,0.63010324717808,0.876810002857282
495,491,163,641,891,943,944,942,168,950,0.624586116734445,0.876810002857282
495,911,163,641,891,943,944,338,168,950,0.615665297153479,0.876810002857282
495,491,163,641,891,943,944,942,168,979,0.626694405069309,0.876810002857282
495,491,163,641,891,943,944,942,168,950,0.624586116734445,0.876810002857282
495,491,163,641,891,943,944,942,168,835,0.622157767926573,0.876810002857282
495,491,163,641,891,943,944,942,168,950,0.624586116734445,0.876810002857282
495,491,669,641,891,216,944,942,168,950,0.585897342525701,0.843806956095568
319,990,163,894,891,943,944,720,168,950,0.575282929790122,0.847093927827308
495,491,163,641,891,943,944,942,20,950,0.6222683700829,0.876810002857282
76,491,163,641,891,943,944,942,168,950,0.61524708442664,0.876810002857282
495,491,163,641,891,943,944,942,168,950,0.624586116734445,0.876810002857282
495,491,163,641,891,943,944,942,168,950,0.624586116734445,0.876810002857282
495,491,163,641,891,315,339,942,168,950,0.608026888965752,0.876810002857282
495,491,163,641,164,943,944,942,168,950,0.62415095111392,0.876810002857282
495,491,163,641,266,943,944,942,53,950,0.614795482541494,0.858643497395649
495,491,163,641,891,943,944,942,168,950,0.624586116734445,0.876810002857282
495,491,163,641,891,79,944,942,168,950,0.621655935981538,0.843828550455324
495,491,163,641,891,488,944,438,168,950,0.629624261487282,0.843768923765526
495,491,163,712,891,943,944,942,168,950,0.606188660778024,0.876810002857282
495,491,163,641,891,943,944,942,168,950,0.624586116734445,0.876810002857282
495,491,163,641,891,943,944,942,168,950,0.624586116734445,0.876810002857282
495,491,163,68,891,943,944,942,551,950,0.601787393254159,0.858643497395649
955,491,808,641,891,943,944,942,168,950,0.608698491196691,0.876810002857282
495,491,163,641,891,943,944,155,168,950,0.620402527751241,0.858643497395649
495,491,163,641,891,943,944,942,168,950,0.624586116734445,0.876810002857282
495,491,978,641,891,943,944,942,168,950,0.617829425142546,0.876810002857282
495,491,163,641,891,943,944,985,168,950,0.638229172696497,0.876810002857282
495,491,163,641,891,943,944,942,168,950,0.624586116734445,0.876810002857282
495,211,163,641,891,943,944,942,168,950,0.627169316678905,0.843828550455324
495,491,163,641,891,943,944,942,168,950,0.624586116734445,0.876810002857282
495,491,163,641,417,792,944,942,168,950,0.629742828691941,0.829933033958543
495,491,163,641,891,943,665,942,168,950,0.634560415283383,0.847093927827308
495,491,163,641,891,943,944,942,168,950,0.624586116734445,0.876810002857282
495,491,163,641,891,943,74,942,168,950,0.613792422247715,0.836162826065757
495,491,295,641,891,943,944,942,168,950,0.620013207959159,0.876810002857282
495,491,163,641,891,943,944,942,168,950,0.624586116734445,0.876810002857282
495,491,163,641,891,943,944,985,168,950,0.638229172696497,0.876810002857282
495,491,163,641,891,943,944,985,168,950,0.638229172696497,0.876810002857282
495,491,163,948,891,943,433,985,168,950,0.616978015907284,0.858643497395649
926,491,163,641,134,943,944,985,168,950,0.627811534385466,0.858643497395649
495,163,810,641,891,943,944,985,168,950,0.637910196215305,0.876810002857282
495,491,163,641,891,943,944,985,168,950,0.638229172696497,0.876810002857282
495,491,163,641,891,943,944,985,168,287,0.631576703198521,0.823428719957212
352,491,163,641,526,943,944,985,168,950,0.621445304404858,0.858643497395649
495,491,163,641,891,943,820,985,168,950,0.638130898247168,0.858643497395649
495,491,163,641,891,943,944,985,168,950,0.638229172696497,0.876810002857282
495,118,163,641,891,943,944,985,168,950,0.62854658336441,0.876810002857282
495,491,163,641,891,943,944,985,168,950,0.638229172696497,0.876810002857282
495,491,163,641,891,943,944,985,115,950,0.646311062690591,0.876810002857282
495,491,163,995,54,943,944,985,168,950,0.617419739652861,0.858643497395649
495,491,163,641,891,943,944,985,168,950,0.638229172696497,0.876810002857282
495,491,163,641,891,943,944,985,168,950,0.638229172696497,0.876810002857282
495,188,163,641,891,587,944,985,168,950,0.64430060874018,0.838001992929089
495,712,163,641,891,943,288,239,168,950,0.617043284526916,0.858643497395649
495,445,163,641,891,943,944,985,168,950,0.637982277130362,0.876810002857282
513,491,163,641,891,943,944,985,76,950,0.634417497564497,0.876810002857282
495,491,163,641,891,943,944,985,168,950,0.638229172696497,0.876810002857282
495,491,163,641,891,943,944,985,168,950,0.638229172696497,0.876810002857282
495,491,772,641,891,943,944,985,168,950,0.628155290751956,0.876810002857282
495,491,163,213,891,943,944,985,168,950,0.625446358936276,0.843768923765526
495,491,163,641,891,943,944,985,168,950,0.638229172696497,0.876810002857282
495,491,163,641,891,943,944,985,168,950,0.638229172696497,0.876810002857282
495,491,163,641,891,943,944,985,168,950,0.638229172696497,0.876810002857282
495,491,163,641,891,943,944,985,168,950,0.638229172696497,0.876810002857282
495,491,163,641,891,943,944,985,168,950,0.638229172696497,0.876810002857282
218,491,163,641,891,943,944,985,231,950,0.645183667803779,0.843828550455324
495,570,163,641,891,943,944,985,168,950,0.633295341696729,0.841777244908897
495,491,926,641,891,943,944,985,168,950,0.627323445779365,0.858643497395649
495,491,163,641,891,943,100,985,168,432,0.648533587060621,0.825662044993692
495,491,163,641,891,943,944,985,168,950,0.638229172696497,0.876810002857282
495,491,163,592,891,943,944,985,168,950,0.625264625050734,0.876810002857282
174,491,163,641,891,943,489,983,168,950,0.631674935557777,0.876810002857282
495,830,163,641,891,943,944,985,168,950,0.630856375013491,0.876810002857282
495,491,163,567,891,943,944,985,168,950,0.623250173692863,0.876810002857282
495,491,163,641,891,943,944,985,168,950,0.638229172696497,0.876810002857282
495,491,163,767,891,943,944,985,168,950,0.621634933083798,0.876810002857282
582,491,163,641,976,943,944,985,168,950,0.641668392229259,0.825662044993692
495,491,391,641,891,943,944,866,168,950,0.602999797187861,0.876810002857282
495,491,163,971,891,517,944,985,168,950,0.63674667774896,0.876810002857282
495,491,163,641,891,943,944,985,168,950,0.638229172696497,0.876810002857282
495,491,486,641,22,943,944,985,168,950,0.630925336118297,0.876810002857282
495,427,163,641,891,943,944,985,168,431,0.62981736807,0.83878484708682
746,491,163,641,891,523,944,985,926,950,0.620884708364858,0.840476991934017
495,491,163,641,891,943,944,985,168,950,0.638229172696497,0.876810002857282
495,491,163,641,891,299,944,985,168,950,0.638806699593802,0.876810002857282
495,101,570,641,891,943,944,985,168,950,0.618986430115793,0.841777244908897
495,491,163,641,13,943,944,985,168,950,0.63157125950436,0.876810002857282
495,491,163,365,891,943,944,985,168,950,0.623775701259981,0.876810002857282
817,689,946,641,891,943,944,985,168,950,0.592506179634408,0.876810002857282
495,872,163,641,891,943,439,985,168,950,0.645066611689344,0.876810002857282
570,491,163,641,891,943,944,985,168,950,0.622448772348548,0.841777244908897
495,491,163,641,855,943,944,985,168,950,0.632744433973349,0.858643497395649
495,491,163,641,891,893,944,985,168,950,0.635786880652502,0.876810002857282
495,491,163,641,891,514,944,985,168,950,0.63799105699225,0.876810002857282
495,491,163,641,142,943,944,985,168,950,0.634082177661283,0.858643497395649
495,491,163,641,50,943,944,985,168,950,0.633988140259136,0.858643497395649
495,491,163,641,891,943,944,985,168,950,0.638229172696497,0.876810002857282
495,491,163,641,891,943,944,985,979,950,0.641883266968563,0.876810002857282
495,491,163,641,891,731,944,985,168,950,0.640192276727257,0.858643497395649
495,927,163,641,136,943,944,985,168,950,0.646570196619014,0.847093927827308
495,491,163,641,17,209,944,985,168,950,0.635009095237286,0.837405323198455
495,491,163,641,891,943,944,985,168,950,0.638229172696497,0.876810002857282
495,491,163,641,891,943,944,985,918,950,0.63669663215232,0.858643497395649
495,491,163,641,891,943,944,985,168,950,0.638229172696497,0.876810002857282
495,491,163,641,891,943,944,985,555,950,0.642915083082484,0.876810002857282
495,491,163,641,624,489,944,620,168,950,0.638692458687892,0.819238817736823
495,491,818,641,891,943,944,985,168,950,0.632536214772336,0.876810002857282
495,491,163,36,891,943,944,985,168,950,0.619993402477028,0.876810002857282
495,491,163,751,891,943,339,985,168,950,0.620229395662474,0.876810002857282
177,491,317,641,891,943,944,985,168,950,0.62004646556275,0.841777244908897
495,491,163,641,891,943,944,985,168,921,0.643148748363551,0.876810002857282
495,491,163,641,891,943,944,985,168,950,0.638229172696497,0.876810002857282
495,491,163,641,891,943,944,985,168,950,0.638229172696497,0.876810002857282
495,989,163,641,891,943,944,985,168,237,0.63520222886974,0.840476991934017
495,491,163,641,891,943,944,985,168,950,0.638229172696497,0.876810002857282
38,491,163,641,891,943,944,985,168,950,0.634312031629534,0.876810002857282
495,491,163,641,891,943,944,985,168,950,0.638229172696497,0.876810002857282
495,491,163,641,891,943,944,985,168,950,0.638229172696497,0.876810002857282
497,491,163,641,891,943,944,985,168,950,0.631760909165458,0.876810002857282
495,491,163,641,891,943,944,985,168,950,0.638229172696497,0.876810002857282
495,491,163,641,891,943,944,985,168,950,0.638229172696497,0.876810002857282
495,491,163,188,891,943,944,985,168,950,0.627368313302529,0.876810002857282
495,491,163,641,891,943,944,985,168,950,0.638229172696497,0.876810002857282
495,491,163,641,525,943,944,985,168,950,0.639554621559923,0.876810002857282
495,491,163,641,891,943,19,166,168,950,0.621711415660126,0.876810002857282
495,491,163,641,74,943,944,985,168,950,0.632446865881761,0.836162826065757
495,879,426,641,891,943,944,985,168,950,0.639134970034105,0.821761552893441
495,491,163,641,891,943,944,985,168,950,0.638229172696497,0.876810002857282
495,284,163,641,891,943,944,985,168,950,0.639438613094553,0.843806956095568
495,491,163,641,891,943,944,985,168,950,0.638229172696497,0.876810002857282
495,491,163,641,116,943,944,985,168,950,0.640367352125292,0.876810002857282
495,491,163,641,891,943,944,985,168,950,0.638229172696497,0.876810002857282
495,491,163,641,891,943,944,985,168,919,0.645871564954677,0.876810002857282
495,491,163,413,295,319,944,693,168,950,0.620639256469333,0.828927422365676
495,491,163,641,891,943,944,985,168,157,0.635171017959892,0.847093927827308
495,491,163,641,891,943,306,985,168,950,0.638751147706871,0.876810002857282
495,491,163,641,891,943,944,985,168,950,0.638229172696497,0.876810002857282
495,491,163,641,891,960,944,985,168,950,0.634701808050595,0.876810002857282
495,491,426,641,891,943,944,985,168,950,0.634414835180725,0.821761552893441
495,491,247,641,891,943,944,985,168,950,0.627324102536425,0.843768923765526
495,491,163,641,891,943,944,985,608,950,0.640030059224795,0.847093927827308
495,491,81,641,265,943,944,985,168,950,0.615228724391382,0.876810002857282
495,491,163,641,891,943,944,985,168,950,0.638229172696497,0.876810002857282
495,491,163,641,891,943,944,985,888,992,0.630946737191874,0.83165269750142
495,491,163,641,891,943,944,675,168,950,0.628669200066627,0.858643497395649
495,491,163,641,891,943,460,985,168,950,0.636424716975727,0.876810002857282
495,491,163,192,891,943,944,985,168,950,0.610056972649025,0.876810002857282
495,491,163,641,891,943,944,985,168,950,0.638229172696497,0.876810002857282
495,491,163,641,891,943,944,985,168,950,0.638229172696497,0.876810002857282
495,491,163,641,891,943,944,985,168,950,0.638229172696497,0.876810002857282
495,491,163,641,891,943,944,985,168,950,0.638229172696497,0.876810002857282
495,491,163,641,891,943,944,985,168,950,0.638229172696497,0.876810002857282
667,491,163,641,891,943,944,985,917,950,0.634050792076833,0.796695182406971
495,491,163,641,891,425,944,985,168,950,0.636593132601672,0.843828550455324
495,491,163,641,891,943,944,985,168,950,0.638229172696497,0.876810002857282
495,491,163,641,891,943,944,985,168,950,0.638229172696497,0.876810002857282
495,491,163,641,891,943,944,985,168,950,0.638229172696497,0.876810002857282
311,491,112,641,891,943,944,985,168,950,0.612213185781337,0.803538825747984
883,491,163,641,891,943,944,985,168,950,0.629055840713618,0.876810002857282
495,491,163,641,446,943,944,985,168,950,0.661251478008377,0.876810002857282
586,491,163,641,891,920,944,985,168,177,0.62986152430136,0.824947880412153
566,491,67,641,891,943,944,466,168,950,0.598535400001562,0.858643497395649
495,491,163,641,891,943,944,985,168,950,0.638229172696497,0.876810002857282
495,491,163,641,891,746,522,985,521,950,0.654007252027651,0.840476991934017
495,491,163,641,217,733,294,985,168,437,0.637007889466485,0.843828550455324
767,491,403,641,891,943,944,985,168,950,0.615661230662052,0.876810002857282
495,491,163,641,891,943,944,985,168,950,0.638229172696497,0.876810002857282
495,183,163,641,891,943,944,967,119,950,0.650065122388399,0.876810002857282
495,491,163,135,891,943,944,985,168,950,0.618540743717244,0.876810002857282
495,491,163,641,891,943,944,829,168,759,0.62837865887914,0.876810002857282
495,491,163,641,891,943,944,985,168,950,0.638229172696497,0.876810002857282
812,491,163,641,891,943,251,985,168,950,0.63746097334714,0.83186209190214
495,295,163,641,891,943,944,985,897,950,0.669493903598665,0.858643497395649
495,491,847,641,891,943,944,985,168,950,0.623531009851942,0.847093927827308
495,491,163,979,891,943,944,985,168,950,0.624395996998737,0.876810002857282
495,491,853,641,891,508,944,985,168,950,0.625760154396279,0.858643497395649
495,491,163,641,891,943,944,985,168,950,0.638229172696497,0.876810002857282
495,491,163,641,891,943,944,985,168,950,0.638229172696497,0.876810002857282
495,491,352,178,891,943,944,96,168,950,0.574381808049339,0.876810002857282
495,491,163,641,891,943,944,985,972,950,0.652432339644153,0.876810002857282
495,491,163,641,891,943,944,985,968,950,0.636400557883838,0.876810002857282
495,491,163,416,891,943,944,985,168,950,0.613069723079677,0.829592518696867
495,491,163,641,891,943,944,239,168,950,0.62494607579407,0.876810002857282
495,491,163,641,891,943,944,985,168,950,0.638229172696497,0.876810002857282
495,491,163,641,891,943,944,985,168,950,0.638229172696497,0.876810002857282
495,491,163,641,891,943,175,985,168,950,0.643592973059364,0.876810002857282
495,491,232,641,891,604,944,985,168,950,0.62716795857367,0.840476991934017
495,491,163,641,891,73,944,985,407,950,0.640898038775079,0.858643497395649
495,491,163,641,891,943,944,985,168,950,0.638229172696497,0.876810002857282
864,491,163,442,910,943,944,985,168,950,0.639397179707586,0.796758146406931
495,491,163,641,891,943,944,985,168,950,0.638229172696497,0.876810002857282
495,491,163,641,891,943,944,985,168,950,0.638229172696497,0.876810002857282
495,491,163,641,891,943,944,985,168,950,0.638229172696497,0.876810002857282
495,491,163,641,891,943,588,985,168,950,0.647683679546643,0.837405323198455
495,491,163,641,891,943,944,985,168,950,0.638229172696497,0.876810002857282
495,491,163,641,891,943,944,985,168,950,0.638229172696497,0.876810002857282
163,491,316,641,891,572,749,670,168,950,0.62014372702698,0.763623299656882
495,491,163,641,891,943,944,88,168,950,0.632065661676312,0.876810002857282
495,491,163,641,891,943,175,985,168,950,0.643592973059364,0.876810002857282
495,491,163,35,891,943,175,132,168,950,0.613471066498738,0.876810002857282
495,491,163,641,891,943,175,141,168,262,0.636965461066165,0.810458481305334
495,491,163,641,891,943,944,985,168,950,0.638229172696497,0.876810002857282
495,491,163,641,891,943,944,985,168,950,0.638229172696497,0.876810002857282
495,491,592,48,891,943,944,985,168,950,0.604459929856869,0.858643497395649
495,491,163,910,891,943,583,985,168,950,0.633478191822094,0.8031813736638
495,491,163,641,891,157,944,985,168,950,0.641576092664147,0.847093927827308
495,287,163,641,891,943,245,985,168,950,0.642617690575175,0.790447267555255
495,491,163,641,891,943,944,985,168,950,0.638229172696497,0.876810002857282
821,876,163,641,891,943,944,985,168,950,0.62843401568555,0.876810002857282
495,491,163,641,891,943,944,985,168,950,0.638229172696497,0.876810002857282
495,491,163,641,891,750,944,985,168,950,0.648048976481673,0.876810002857282
495,491,163,641,891,943,944,985,168,950,0.638229172696497,0.876810002857282
515,210,163,641,891,943,944,985,168,950,0.627318110840971,0.806241786424073
635,491,163,641,421,943,944,985,168,950,0.637664960980517,0.840476991934017
495,491,163,641,891,220,944,985,168,303,0.642460549321173,0.840476991934017
495,491,163,641,891,943,944,985,168,950,0.638229172696497,0.876810002857282
495,491,163,292,891,943,944,278,311,950,0.608027473080872,0.813695586440508
495,491,163,641,891,943,944,985,168,950,0.638229172696497,0.876810002857282
495,491,72,714,891,943,944,985,168,950,0.607034674111297,0.840476991934017
495,491,163,641,891,943,944,985,168,950,0.638229172696497,0.876810002857282
495,491,163,641,891,943,944,985,168,950,0.638229172696497,0.876810002857282
495,491,163,641,891,943,944,985,168,950,0.638229172696497,0.876810002857282
495,491,163,641,891,943,944,357,168,950,0.628917192643569,0.876810002857282
495,491,163,708,891,943,944,985,168,950,0.622357851611322,0.858643497395649
495,491,163,107,433,943,944,137,168,950,0.60699093960611,0.858643497395649
495,491,163,641,891,202,944,985,168,950,0.647665079712493,0.836838255082354
495,491,163,641,667,943,944,238,168,950,0.632590314890587,0.828927422365676
495,491,163,641,891,943,944,657,168,950,0.633491784441192,0.838001992929089
495,491,27,641,908,943,944,985,168,950,0.635604761984072,0.827702417109129
495,491,163,641,891,943,944,985,168,950,0.638229172696497,0.876810002857282
980,644,443,641,891,943,944,985,168,950,0.637339419427758,0.876810002857282
495,491,163,641,891,943,944,985,168,950,0.638229172696497,0.876810002857282
495,491,163,641,615,943,944,745,168,950,0.623408437168057,0.876810002857282
586,491,163,641,891,943,944,985,168,950,0.638432971215397,0.824947880412153
495,491,163,641,891,943,47,985,705,950,0.648875548744285,0.841777244908897
495,491,163,641,891,943,944,985,168,950,0.638229172696497,0.876810002857282
495,491,163,641,891,943,944,985,168,950,0.638229172696497,0.876810002857282
495,491,163,805,891,943,944,985,168,950,0.61974138994451,0.858643497395649
495,658,163,641,891,943,944,985,168,950,0.63387615221771,0.876810002857282
495,491,163,430,891,943,944,985,168,950,0.618880361019642,0.876810002857282
495,491,163,641,891,943,944,985,518,950,0.639006383967763,0.843806956095568
495,491,810,641,891,943,944,360,168,950,0.617708798320717,0.876810002857282
495,491,163,641,631,943,944,985,168,950,0.631771605363869,0.822664256660137
495,491,163,641,891,943,944,985,168,300,0.635815341505087,0.847093927827308
495,491,163,641,891,943,944,985,168,950,0.638229172696497,0.876810002857282
495,491,163,641,858,584,944,985,168,950,0.632522960572351,0.876810002857282
495,491,562,641,891,943,944,985,168,950,0.629026841761926,0.858643497395649
495,491,163,641,891,943,944,985,168,761,0.632049062016414,0.876810002857282
495,491,163,641,891,943,944,985,168,950,0.638229172696497,0.876810002857282
495,491,163,641,891,225,944,712,168,950,0.61593661365395,0.839244833185787
495,491,163,641,891,943,944,985,168,950,0.638229172696497,0.876810002857282
495,491,163,641,891,821,493,822,168,950,0.610586184350748,0.823428719957212
495,748,163,641,891,943,944,985,168,736,0.63149968485092,0.825602418303894
495,491,163,641,891,943,944,985,168,950,0.638229172696497,0.876810002857282
495,491,163,641,891,943,944,985,168,950,0.638229172696497,0.876810002857282
495,491,163,641,891,943,944,985,168,950,0.638229172696497,0.876810002857282
495,491,163,641,891,943,944,985,168,950,0.638229172696497,0.876810002857282
495,491,163,641,891,943,944,985,168,196,0.638043627721873,0.876810002857282
495,491,163,641,891,943,944,985,168,950,0.638229172696497,0.876810002857282
495,491,163,641,403,943,719,985,168,471,0.637885825300255,0.876810002857282
495,491,80,641,891,180,944,985,384,950,0.639745740220294,0.789682804258179
495,491,163,641,220,943,944,985,168,311,0.640050931644984,0.840476991934017
495,491,163,641,891,943,738,985,168,950,0.63689185227895,0.876810002857282
495,491,163,641,891,943,944,985,168,950,0.638229172696497,0.876810002857282
495,491,163,641,891,943,944,985,168,950,0.638229172696497,0.876810002857282
495,491,163,641,891,943,944,381,168,950,0.62562725239416,0.876810002857282
495,491,163,641,891,878,944,985,168,950,0.642592461698277,0.858643497395649
495,491,163,641,891,943,944,985,168,950,0.638229172696497,0.876810002857282
495,976,163,641,891,943,944,985,168,950,0.632778767536123,0.858643497395649
495,491,163,641,891,943,944,985,168,950,0.638229172696497,0.876810002857282
495,726,741,641,891,943,944,985,168,950,0.649630674261847,0.858643497395649
495,491,163,305,891,943,944,985,168,950,0.622181836304597,0.826755407050516
495,491,163,641,891,943,944,985,168,950,0.638229172696497,0.876810002857282
495,491,163,641,891,177,944,985,168,950,0.634802342549293,0.876810002857282
495,491,750,151,891,943,944,985,168,950,0.632026405671177,0.843768923765526
495,491,163,641,891,943,944,985,168,950,0.638229172696497,0.876810002857282
495,491,163,641,891,943,944,985,168,950,0.638229172696497,0.876810002857282
495,491,163,641,891,943,944,985,168,950,0.638229172696497,0.876810002857282
495,491,163,641,891,943,944,985,168,950,0.638229172696497,0.876810002857282
495,491,163,641,891,943,58,985,795,950,0.648476391370346,0.876810002857282
495,128,163,641,891,943,11,985,251,950,0.647818724091571,0.813695586440508
206,491,163,667,891,943,944,985,168,950,0.61421365135849,0.847093927827308
495,491,163,641,891,943,82,985,168,888,0.637821329760559,0.798671245099462
495,491,817,641,794,943,944,350,168,950,0.586805755417336,0.808774198147183
495,491,951,641,471,943,944,985,168,950,0.630924165078173,0.876810002857282
495,491,163,641,891,689,944,985,168,950,0.633804941406519,0.876810002857282
495,491,56,641,891,943,944,985,168,950,0.624091492887064,0.847093927827308
495,265,788,641,369,943,944,985,847,950,0.614923209056257,0.794617300954953
495,491,163,641,891,943,764,985,168,950,0.639201107212573,0.876810002857282
495,491,163,641,891,943,944,985,168,950,0.638229172696497,0.876810002857282
495,491,358,641,481,943,944,985,168,950,0.624631450311487,0.858643497395649
495,491,163,401,891,943,683,985,168,950,0.628777378952333,0.876810002857282
495,491,163,641,891,943,944,985,168,950,0.638229172696497,0.876810002857282
495,491,163,641,891,943,944,985,168,950,0.638229172696497,0.876810002857282
495,360,163,641,891,943,944,985,168,950,0.643946950354662,0.876810002857282
495,491,163,641,891,943,944,202,168,950,0.634571173861285,0.836838255082354
343,491,163,641,891,943,944,985,168,950,0.613682209383519,0.876810002857282
13,390,163,641,891,943,944,985,168,950,0.613942065747038,0.833315890041706
495,491,163,641,891,943,542,985,168,950,0.644643984712001,0.876810002857282
495,491,163,641,891,943,944,985,168,950,0.638229172696497,0.876810002857282
495,491,163,641,289,943,944,985,168,950,0.636563581595276,0.876810002857282
495,491,163,79,891,943,944,985,168,950,0.622539712638368,0.843828550455324
495,491,163,641,891,943,944,985,168,950,0.638229172696497,0.876810002857282
495,491,163,641,891,314,944,985,168,950,0.661445425882444,0.876810002857282
495,491,163,641,891,943,944,932,168,897,0.644922348543211,0.825662044993692
784,491,163,641,891,943,944,985,168,950,0.620142299743106,0.841777244908897
495,411,163,641,891,943,944,41,168,84,0.624664925456975,0.817996320604125
495,491,163,641,891,943,944,985,168,950,0.638229172696497,0.876810002857282
495,491,163,94,891,943,944,985,168,950,0.651074810235919,0.837405323198455
289,491,163,641,891,943,944,985,168,997,0.623212819700636,0.858643497395649
901,491,163,641,891,943,944,985,168,950,0.638245902578283,0.834292711005398
495,386,163,641,891,943,944,985,168,950,0.639301349537574,0.876810002857282
495,249,163,641,891,427,944,985,168,950,0.63523762875741,0.83878484708682
495,491,163,641,891,943,944,985,168,950,0.638229172696497,0.876810002857282
495,491,163,641,891,943,944,985,168,692,0.634673994460337,0.876810002857282
495,491,163,641,891,943,944,985,168,950,0.638229172696497,0.876810002857282
495,491,163,641,566,943,944,985,168,950,0.632749595710423,0.858643497395649
495,491,21,641,799,943,944,985,168,950,0.629072229685765,0.828624986766967
495,491,163,641,891,943,944,985,168,950,0.638229172696497,0.876810002857282
495,491,163,675,891,943,944,985,168,950,0.624250499528783,0.858643497395649
495,491,163,641,659,943,944,985,168,950,0.642289856618497,0.841777244908897
495,693,163,641,891,943,944,985,168,950,0.633893385089186,0.858643497395649
495,491,163,641,891,943,383,97,697,543,0.652069448422368,0.779079717476966
495,491,163,641,891,943,944,101,168,950,0.619060680329943,0.876810002857282
495,491,163,641,891,943,944,985,168,950,0.638229172696497,0.876810002857282
276,491,163,641,891,943,944,985,168,950,0.62750185740607,0.847093927827308
495,491,163,641,891,943,944,997,168,950,0.620818308807563,0.858643497395649
495,257,163,570,886,943,944,985,168,950,0.626960414611665,0.823610739447265
495,710,163,641,891,943,944,985,168,950,0.643071728007258,0.83569762835678
897,491,163,329,891,943,944,985,168,950,0.625669025742655,0.858643497395649
495,491,163,641,891,943,944,985,168,950,0.638229172696497,0.876810002857282
495,491,163,641,891,943,944,985,168,950,0.638229172696497,0.876810002857282
495,491,163,641,891,943,944,985,168,950,0.638229172696497,0.876810002857282
495,491,163,587,891,943,944,985,168,950,0.620607114584222,0.838001992929089
495,491,163,641,891,943,944,563,168,950,0.611804259128715,0.858643497395649
495,491,247,641,891,943,944,985,168,950,0.627324102536425,0.843768923765526
495,491,163,641,891,943,74,985,29,950,0.642731207905505,0.836162826065757
495,491,163,641,891,943,944,985,168,950,0.638229172696497,0.876810002857282
495,491,163,967,891,103,944,985,168,950,0.633585126214387,0.858643497395649
495,491,163,641,891,943,944,138,742,950,0.625516618104906,0.876810002857282
495,491,163,641,891,943,944,985,168,950,0.638229172696497,0.876810002857282
495,491,163,641,891,943,944,985,168,950,0.638229172696497,0.876810002857282
495,491,163,722,891,943,944,985,168,950,0.634596506931156,0.837405323198455
495,491,163,641,891,943,944,985,168,950,0.638229172696497,0.876810002857282
495,491,163,641,891,943,944,985,168,950,0.638229172696497,0.876810002857282
350,491,163,641,891,963,944,707,168,950,0.619249143717973,0.823610739447265
495,491,163,641,891,943,944,985,168,349,0.636766574694896,0.876810002857282
495,491,163,641,891,943,944,985,168,950,0.638229172696497,0.876810002857282
495,491,163,641,891,943,944,985,168,766,0.646183895796898,0.876810002857282
495,491,163,641,891,943,944,985,168,950,0.638229172696497,0.876810002857282
495,491,163,641,891,943,944,985,168,950,0.638229172696497,0.876810002857282
495,491,494,641,891,943,944,985,399,950,0.637670377841619,0.840476991934017
495,491,163,641,891,943,944,985,22,950,0.646514352640751,0.876810002857282
495,491,163,641,891,943,944,985,168,950,0.638229172696497,0.876810002857282
832,491,163,641,891,943,944,985,168,950,0.621684872000421,0.858643497395649
495,491,163,804,891,365,944,985,168,950,0.616746196379725,0.858643497395649
495,491,163,641,891,943,944,985,168,950,0.638229172696497,0.876810002857282
495,491,163,641,891,943,944,985,168,950,0.638229172696497,0.876810002857282
495,491,163,641,891,943,944,985,168,423,0.630842007761245,0.858643497395649
495,491,728,641,977,943,944,985,168,950,0.636266548751804,0.858643497395649
495,491,163,641,578,943,944,985,168,950,0.638125472961676,0.876810002857282
495,491,163,703,891,943,944,985,168,950,0.623645707499445,0.876810002857282
495,134,163,641,891,284,944,985,168,950,0.632879708096454,0.843806956095568
495,491,163,641,111,943,356,985,231,950,0.639847809343023,0.858643497395649
495,491,163,641,891,943,944,711,168,950,0.633515101851831,0.876810002857282
495,491,163,641,891,411,944,985,168,950,0.63394619146798,0.876810002857282
495,491,163,641,891,943,944,985,168,950,0.638229172696497,0.876810002857282
495,491,754,641,891,943,944,985,168,950,0.63087946718024,0.843828550455324
495,491,163,641,891,943,944,985,168,950,0.638229172696497,0.876810002857282
495,595,163,641,891,943,944,985,168,950,0.633334219389502,0.858643497395649
495,491,163,641,891,943,944,985,168,950,0.638229172696497,0.876810002857282
495,491,163,641,891,943,944,985,168,950,0.638229172696497,0.876810002857282
495,491,163,641,891,943,944,985,168,950,0.638229172696497,0.876810002857282
495,491,163,641,891,943,944,985,168,950,0.638229172696497,0.876810002857282
495,491,163,641,865,943,944,985,168,950,0.647049033755723,0.858643497395649
495,491,163,641,891,943,944,985,168,950,0.638229172696497,0.876810002857282
495,491,163,641,891,943,944,985,23,636,0.643549403077456,0.876810002857282
495,491,163,641,891,943,944,985,373,158,0.640526102395539,0.811426013235234
495,491,163,647,891,943,944,985,168,950,0.613077531431216,0.876810002857282
495,491,163,641,891,943,944,985,168,950,0.638229172696497,0.876810002857282
495,491,163,641,891,943,944,985,168,950,0.638229172696497,0.876810002857282
495,491,163,641,891,943,944,985,168,950,0.638229172696497,0.876810002857282
495,491,163,641,891,943,944,985,168,950,0.638229172696497,0.876810002857282
495,491,163,641,891,812,944,239,168,950,0.622918044573321,0.876810002857282
495,491,163,641,891,943,944,985,168,950,0.638229172696497,0.876810002857282
495,491,928,641,891,943,944,985,168,950,0.630399196243323,0.843828550455324
495,560,163,641,891,943,944,985,168,950,0.629849823509044,0.858643497395649
495,491,701,641,891,943,944,985,168,950,0.628844583223264,0.843806956095568
495,491,502,641,891,943,944,985,168,950,0.624836190521949,0.876810002857282
495,491,163,641,891,943,944,985,168,950,0.638229172696497,0.876810002857282
495,547,163,641,891,943,944,985,168,950,0.652667637536296,0.858643497395649
495,491,163,641,891,943,944,569,168,950,0.630459500426329,0.83723543400185
495,491,163,641,891,943,944,985,168,950,0.638229172696497,0.876810002857282
495,491,163,641,484,943,944,985,168,950,0.637811438056438,0.876810002857282
495,571,163,641,891,943,944,985,168,950,0.629453351471668,0.876810002857282
495,491,163,641,515,943,944,771,168,950,0.614373249879484,0.825640450633936
495,17,163,641,891,943,944,985,168,950,0.624282756139708,0.876810002857282
495,491,163,641,891,943,944,985,168,950,0.638229172696497,0.876810002857282
495,491,163,641,891,943,944,985,168,950,0.638229172696497,0.876810002857282
311,491,163,641,891,943,944,985,243,950,0.642938903354538,0.858643497395649
380,172,163,641,891,943,944,985,168,950,0.616191130726771,0.847093927827308
495,491,163,641,891,943,944,985,168,950,0.638229172696497,0.876810002857282
495,491,163,641,891,943,944,985,168,950,0.638229172696497,0.876810002857282
495,171,163,245,891,943,944,985,168,950,0.628481828136606,0.843828550455324
495,491,163,227,891,943,944,985,168,950,0.628572475084004,0.836838255082354
495,491,163,641,891,943,944,930,168,950,0.639316328624823,0.876810002857282
495,491,163,641,891,943,944,985,168,950,0.638229172696497,0.876810002857282
495,491,163,641,891,943,944,985,843,950,0.636303504299013,0.876810002857282
495,491,163,641,891,943,944,985,168,950,0.638229172696497,0.876810002857282
495,491,163,641,891,943,944,985,676,727,0.637502145300153,0.858643497395649
495,491,163,641,891,3,944,813,168,950,0.638218089774234,0.839244833185787
495,491,220,641,891,943,944,985,168,950,0.632990793035448,0.858643497395649
495,491,205,641,891,943,944,302,168,950,0.603508000153955,0.811766528496911
495,491,163,641,891,943,944,985,168,950,0.638229172696497,0.876810002857282
495,491,163,641,891,943,944,985,168,950,0.638229172696497,0.876810002857282
495,491,163,641,891,943,944,985,168,950,0.638229172696497,0.876810002857282
495,491,67,641,891,943,944,985,168,950,0.626651293151865,0.876810002857282
495,491,163,641,891,943,944,985,168,950,0.638229172696497,0.876810002857282
495,491,163,641,891,943,738,985,926,950,0.641967927287349,0.858643497395649
495,491,163,641,891,943,398,985,168,950,0.644242760514707,0.876810002857282
495,100,163,641,891,943,944,985,168,950,0.634484825374766,0.858643497395649
282,491,163,641,891,943,944,985,168,950,0.633654804425377,0.876810002857282
495,491,875,641,891,943,944,371,168,950,0.615895772869895,0.834292711005398
495,491,163,641,891,943,773,985,168,950,0.64442206942729,0.833199682226148
642,491,163,641,891,943,944,985,168,950,0.622435228367109,0.876810002857282
495,491,163,641,891,943,944,985,168,950,0.638229172696497,0.876810002857282
602,491,163,641,891,943,944,985,168,425,0.61784307908326,0.800559368052116
495,491,547,641,80,109,944,985,168,950,0.633402434357757,0.840476991934017
495,491,163,137,891,943,944,985,168,950,0.623836721078689,0.876810002857282
495,491,163,641,672,943,944,985,168,950,0.633003236454916,0.822885946368485
495,491,163,641,440,943,944,985,168,950,0.630727195923804,0.876810002857282
495,491,163,641,891,943,944,985,168,950,0.638229172696497,0.876810002857282
37,491,163,232,891,943,219,309,168,950,0.591553443858421,0.858643497395649
495,165,163,641,891,943,944,224,168,950,0.631346811643179,0.858643497395649
495,491,163,641,891,943,15,985,168,950,0.634459959783211,0.876810002857282
495,491,163,641,891,943,944,985,168,950,0.638229172696497,0.876810002857282
495,444,163,641,891,943,944,985,168,309,0.637319035767222,0.876810002857282
495,491,163,641,383,943,944,985,320,950,0.644011153471848,0.843828550455324
495,491,163,641,891,943,944,985,168,950,0.638229172696497,0.876810002857282
495,129,163,641,891,943,944,985,168,950,0.634293149212934,0.876810002857282
495,491,163,641,891,943,944,985,168,950,0.638229172696497,0.876810002857282
495,491,163,641,891,943,299,985,168,950,0.639154755740252,0.876810002857282
495,491,217,641,891,943,944,985,168,950,0.626758930301251,0.876810002857282
865,491,163,641,939,943,944,985,168,950,0.633578745317374,0.817531122895148
495,491,163,641,891,943,944,985,168,950,0.638229172696497,0.876810002857282
495,491,228,641,891,943,944,985,168,950,0.6257076022759,0.858643497395649
495,491,163,641,891,943,944,985,168,950,0.638229172696497,0.876810002857282
495,491,163,641,891,943,944,985,168,950,0.638229172696497,0.876810002857282
495,491,163,269,891,943,944,985,168,950,0.619362094236689,0.858643497395649
139,6,163,641,891,943,944,985,168,950,0.62752705877034,0.876810002857282
176,491,163,641,891,943,944,413,168,950,0.620876802010777,0.876810002857282
495,491,163,641,891,943,944,985,168,950,0.638229172696497,0.876810002857282
