901,306,5,110,453,513,593,470,939,481,0.451705769930799,0
902,901,657,803,278,525,767,991,450,969,0.505745561358962,0
903,902,901,482,779,205,969,286,951,277,0.480822391096704,0
904,903,902,901,927,189,637,716,131,952,0.535931459680167,0
905,904,507,902,901,237,209,14,22,366,0.565672290433922,0
906,905,903,164,902,901,882,273,614,290,0.563621853518194,0
907,906,904,903,621,902,901,253,915,711,0.56103617440433,0
908,907,905,904,903,377,902,901,218,30,0.579375957554491,0
909,908,906,905,904,903,544,902,901,270,0.558772649168411,0
910,909,907,906,905,904,903,701,902,901,0.604143001844637,0
910,776,907,906,905,904,903,357,902,901,0.600417925336183,0
910,909,25,906,905,904,903,134,838,901,0.570240424601134,0
910,909,907,906,905,904,903,249,902,624,0.580695750302141,0
910,923,907,906,905,904,869,903,902,901,0.607784808899543,0
910,613,907,906,905,901,121,903,902,786,0.558539156145197,0
910,353,907,906,905,203,903,904,902,901,0.593006151156329,0
910,178,907,906,905,904,903,298,902,901,0.554692468689474,0
910,974,138,907,906,905,904,30,903,901,0.579903609759233,0
910,107,908,926,907,906,905,904,251,901,0.575954003358238,0
908,910,909,727,442,907,906,328,904,902,0.520800053901739,0
910,410,306,908,260,780,468,905,218,903,0.510398196817175,0
621,909,910,931,908,286,907,906,905,904,0.601660591668405,0
621,175,910,909,908,501,907,906,905,904,0.564861123230268,0
621,764,907,910,909,908,162,21,906,905,0.575588717360842,0
622,909,907,761,910,994,908,995,486,906,0.527201550377603,0
623,105,910,906,941,909,735,907,698,415,0.567868980761521,0
624,907,905,304,908,910,909,14,715,893,0.554203448636164,0
625,621,710,907,905,904,910,908,490,309,0.548650056701006,0
626,418,621,904,906,905,907,909,87,538,0.526501495657083,0
627,622,76,906,903,621,632,910,907,251,0.59448641077743,0
627,737,622,906,903,621,998,910,907,225,0.621923329917219,0
52,622,393,906,248,621,903,899,907,281,0.50531475993169,0
627,623,622,621,593,387,904,910,908,907,0.600706177370938,0
231,623,545,15,903,622,904,910,181,711,0.583781038622247,0
627,623,622,621,903,663,902,910,908,907,0.586328365222002,0
627,623,622,621,903,834,904,910,908,907,0.590068411922486,0
627,623,622,621,903,136,904,910,908,907,0.618871021874577,0
627,623,622,621,513,43,904,124,908,907,0.565398281910611,0
627,623,622,621,903,433,904,910,908,907,0.595393623813458,0
627,623,622,621,903,677,904,910,908,907,0.600736147342493,0
627,623,162,621,593,622,696,910,943,907,0.590752315420189,0
627,623,622,621,903,664,904,910,908,907,0.612296207632824,0
627,623,302,621,903,622,904,879,908,907,0.589936416374175,0
627,623,622,621,903,992,904,910,908,907,0.59878945040533,0
627,623,622,621,903,505,904,910,908,907,0.594555491258871,0
627,329,622,621,903,491,904,910,908,907,0.554942733625138,0
627,623,622,621,903,222,904,910,908,907,0.600603994967035,0
627,623,622,621,903,254,478,910,908,907,0.611116308034444,0
627,623,622,621,903,557,904,910,459,907,0.604354803806253,0
627,623,622,621,903,649,818,910,513,907,0.579667123455511,0
627,623,622,621,903,268,904,910,908,907,0.5956163204175,0
627,623,622,621,903,641,904,910,908,907,0.609148675053854,0
627,623,622,621,903,533,904,910,908,907,0.594950961591299,0
627,623,622,621,903,458,904,910,908,907,0.596766737945427,0
627,623,622,621,903,199,904,910,908,907,0.618430389484443,0
627,623,622,621,607,413,904,910,908,907,0.599368271168594,0
627,623,622,621,903,778,904,910,908,907,0.6130281049518,0
627,304,622,621,903,106,904,910,908,907,0.57721360088949,0
627,623,622,621,903,159,904,910,908,907,0.629815421701391,0
627,623,622,621,679,159,904,910,908,907,0.631051235654155,0
627,623,622,621,903,159,904,910,944,907,0.625245136254345,0
627,623,622,621,903,159,904,910,908,70,0.648403638255435,0
627,623,622,621,903,159,904,910,908,907,0.629815421701391,0
627,623,622,621,903,159,904,910,908,422,0.619776786290365,0
262,623,622,621,238,159,904,910,908,907,0.603430916681547,0
627,623,622,621,903,159,904,910,908,907,0.629815421701391,0
627,623,622,621,903,952,904,910,908,907,0.601573493777452,0
627,623,622,621,903,159,904,910,908,907,0.629815421701391,0
627,623,622,621,903,159,904,910,908,907,0.629815421701391,0
627,623,622,621,144,159,904,910,908,907,0.620781890290687,0
627,623,841,621,903,159,904,24,908,907,0.613089869662996,0
627,623,349,621,903,159,904,910,729,907,0.621320982862289,0
627,826,622,621,903,850,904,910,908,907,0.556578961895096,0
627,623,622,621,903,159,904,910,908,907,0.629815421701391,0
69,623,622,621,903,159,904,910,908,907,0.597847124053671,0
627,623,622,621,903,422,904,910,908,907,0.592269628180139,0
627,623,622,621,903,159,904,910,908,907,0.629815421701391,0
627,623,204,621,903,159,904,910,908,907,0.627532060428739,0
627,623,622,621,36,159,48,910,908,907,0.60896877531313,0
627,623,566,621,392,159,904,910,908,907,0.607728729328325,0
627,623,817,621,393,424,904,910,908,907,0.578085158105174,0
637,623,622,621,903,159,904,910,908,907,0.620825597899377,0
627,623,622,621,903,159,904,910,908,907,0.629815421701391,0
627,623,622,806,903,159,904,910,908,907,0.62164364269542,0
627,623,622,876,903,930,904,910,908,907,0.589701435123793,0
627,623,622,621,903,159,904,910,908,859,0.651198644410647,0
627,623,622,621,10,159,904,910,908,195,0.620539248947442,0
627,319,622,621,903,159,904,910,908,907,0.616318353272269,0
627,623,622,621,410,159,904,910,908,907,0.627551241104878,0
627,623,622,621,921,159,904,910,908,907,0.61558458771737,0
627,32,622,621,903,35,904,910,908,907,0.558772968032675,0
627,623,622,621,903,159,904,586,908,907,0.626794281265472,0
627,623,438,621,903,159,904,910,908,558,0.627806429001508,0
627,623,622,621,903,159,904,910,908,960,0.626655864833572,0
627,623,622,621,41,159,904,910,908,907,0.63793631563937,0
627,345,622,621,903,159,904,910,908,907,0.591131545985829,0
627,623,622,621,903,159,904,910,908,907,0.629815421701391,0
627,623,622,621,903,159,82,521,908,907,0.615335543793089,0
627,623,622,621,903,159,904,910,908,907,0.629815421701391,0
627,623,622,621,903,159,904,910,908,907,0.629815421701391,0
627,623,622,621,903,159,904,910,125,970,0.623046020223295,0
627,623,622,621,903,159,904,910,908,907,0.629815421701391,0
627,623,622,621,903,159,904,910,908,907,0.629815421701391,0
627,623,622,621,903,159,904,910,908,907,0.629815421701391,0
627,623,622,621,903,159,280,910,509,907,0.637588416510062,0
627,400,622,621,903,159,904,910,908,907,0.626871189932269,0
627,623,622,621,903,518,904,910,908,907,0.616118855873445,0
627,623,622,621,903,159,258,910,908,907,0.61096138050948,0
627,623,622,621,903,159,904,910,908,907,0.629815421701391,0
627,623,622,621,903,159,904,910,908,907,0.629815421701391,0
494,623,622,621,903,159,904,910,908,907,0.610094331133713,0
627,623,622,782,72,159,904,298,908,907,0.598734401090517,0
627,623,622,621,669,159,904,910,908,907,0.631242994615811,0
627,413,622,621,903,159,904,910,908,907,0.599125740889456,0
627,623,622,621,903,159,518,910,908,907,0.632285315649063,0
627,623,622,621,903,940,904,910,105,907,0.599032679701901,0
627,914,622,621,715,159,904,910,908,907,0.623355029649095,0
627,623,622,621,903,159,904,910,908,907,0.629815421701391,0
627,623,622,621,903,159,904,910,908,907,0.629815421701391,0
627,623,622,621,903,159,904,910,908,907,0.629815421701391,0
627,623,622,621,903,159,904,910,908,907,0.629815421701391,0
627,623,622,621,903,159,904,910,908,907,0.629815421701391,0
627,623,622,621,903,159,904,910,908,907,0.629815421701391,0
627,475,622,621,903,159,904,910,908,867,0.615198680960534,0
627,544,622,621,903,159,904,910,908,907,0.604537031335893,0
627,623,622,621,903,159,904,910,908,907,0.629815421701391,0
627,755,622,621,903,159,904,910,908,907,0.612121296686928,0
627,623,622,621,903,159,904,910,483,907,0.62774147625539,0
627,623,622,621,903,159,904,910,908,907,0.629815421701391,0
627,591,622,621,903,159,904,910,908,743,0.615699282825378,0
627,623,622,621,539,159,904,910,908,907,0.629041497323446,0
627,623,622,621,903,159,904,619,908,907,0.604817528031874,0
627,623,904,621,720,822,953,555,149,907,0.555857161013396,0
627,623,622,596,903,159,904,910,908,907,0.614411629628204,0
627,623,622,621,903,159,904,910,812,907,0.619197749042636,0
627,650,622,621,903,159,904,910,908,907,0.624137315790777,0
627,623,622,621,851,159,904,910,908,907,0.613666876702321,0
627,623,622,621,216,159,904,910,908,907,0.614773073307294,0
627,623,622,621,903,159,904,910,908,907,0.629815421701391,0
627,623,622,621,903,159,904,910,908,907,0.629815421701391,0
627,623,622,621,903,893,904,910,908,907,0.58932422573608,0
627,623,622,621,903,159,904,910,908,907,0.629815421701391,0
627,623,459,621,903,159,904,910,908,907,0.617395811392153,0
627,623,603,621,903,159,671,910,908,907,0.622832705132437,0
627,519,622,621,92,159,904,910,908,907,0.610016248864933,0
13,623,622,621,903,159,904,910,908,907,0.601939282218338,0
627,623,622,621,903,159,442,284,908,907,0.594916579909343,0
627,623,622,621,223,159,904,910,908,907,0.624476820396241,0
174,623,622,621,970,159,904,910,908,907,0.584659021648899,0
627,623,622,621,903,159,904,910,908,907,0.629815421701391,0
627,623,622,621,903,159,904,910,908,907,0.629815421701391,0
627,623,622,621,903,159,904,910,908,907,0.629815421701391,0
627,623,622,621,903,159,442,537,908,907,0.609826748966427,0
627,623,731,650,903,159,904,417,207,907,0.607493491853044,0
627,623,622,621,903,159,904,910,908,540,0.62174443158387,0
627,623,622,621,903,159,904,910,908,907,0.629815421701391,0
627,619,622,621,903,159,904,910,908,907,0.607509718504761,0
627,623,969,621,903,523,683,910,908,907,0.565048021164536,0
627,623,622,621,903,159,904,910,908,170,0.617600044408627,0
627,623,622,621,903,159,904,910,908,907,0.629815421701391,0
627,623,622,621,903,159,904,910,908,907,0.629815421701391,0
627,623,767,621,903,159,904,910,908,907,0.605518758416231,0
627,623,622,621,903,159,904,910,908,105,0.621735659631849,0
627,876,622,621,903,159,590,910,908,907,0.586835813072154,0
627,623,622,621,903,159,904,910,908,907,0.629815421701391,0
627,623,622,621,575,159,904,910,908,907,0.609912208062337,0
332,623,944,331,903,159,904,910,908,907,0.583688891990334,0
896,623,622,621,903,159,904,910,908,907,0.60904801795404,0
627,623,622,621,903,159,277,910,908,907,0.612201964252591,0
627,623,622,621,903,159,904,910,908,907,0.629815421701391,0
627,201,622,621,903,159,453,910,908,907,0.591942041887734,0
627,623,622,621,903,159,904,910,908,907,0.629815421701391,0
627,623,622,621,903,159,904,910,908,907,0.629815421701391,0
627,623,622,621,903,159,904,910,908,907,0.629815421701391,0
627,623,622,621,903,159,904,910,908,907,0.629815421701391,0
627,623,622,859,903,354,904,910,908,907,0.61782883665716,0
627,623,622,621,903,159,904,910,908,907,0.629815421701391,0
627,964,622,621,903,159,904,910,908,907,0.599254719382832,0
627,185,622,621,903,693,904,910,908,907,0.557435541409405,0
627,623,622,621,903,159,904,910,908,907,0.629815421701391,0
627,623,447,621,903,159,904,910,908,907,0.619028382173971,0
927,623,622,621,903,871,904,910,748,907,0.567773533350432,0
605,55,622,621,903,159,904,910,908,907,0.584864630160406,0
627,623,622,621,903,159,85,910,115,907,0.615580775695019,0
627,623,622,621,903,218,904,910,908,907,0.618289825961826,0
627,623,622,621,903,159,904,910,908,907,0.629815421701391,0
627,623,622,621,903,646,904,910,908,907,0.615750626055422,0
627,623,622,621,903,159,904,63,908,907,0.587586995390798,0
627,501,622,621,903,159,904,910,908,907,0.607649716832669,0
627,623,622,621,903,159,904,910,908,907,0.629815421701391,0
627,623,94,621,903,159,904,910,908,907,0.647426307228287,0
627,623,622,621,903,159,904,51,908,907,0.60215888357478,0
627,623,622,621,903,217,904,910,908,907,0.591774019503637,0
627,623,622,261,903,159,904,910,908,122,0.616629488220191,0
849,711,622,621,903,159,426,910,908,907,0.595830999879396,0
627,623,622,621,903,159,904,910,908,907,0.629815421701391,0
627,623,622,621,903,159,904,910,908,907,0.629815421701391,0
627,623,622,621,903,159,904,910,908,907,0.629815421701391,0
627,623,622,621,903,159,332,910,908,907,0.639335309245907,0
627,623,622,621,903,72,904,910,908,795,0.600070723971819,0
627,623,622,811,903,159,904,910,908,907,0.621248302235968,0
627,623,622,621,903,159,904,910,908,907,0.629815421701391,0
627,623,622,621,903,159,904,910,908,907,0.629815421701391,0
627,623,622,621,903,159,904,910,908,907,0.629815421701391,0
627,623,622,621,903,159,904,910,908,907,0.629815421701391,0
627,623,622,621,903,159,728,910,908,907,0.618431429766885,0
627,623,622,621,903,159,904,910,908,907,0.629815421701391,0
627,623,622,621,903,159,904,910,908,907,0.629815421701391,0
627,42,622,621,903,159,904,910,908,907,0.591501000705927,0
627,623,622,621,903,159,904,910,908,907,0.629815421701391,0
627,623,622,621,903,588,904,910,908,907,0.620634141718867,0
739,623,622,621,903,159,904,910,908,230,0.599112770316103,0
627,623,622,621,1000,159,904,209,908,269,0.617820703414588,0
627,623,622,621,903,159,904,910,908,907,0.629815421701391,0
627,623,622,621,903,159,39,910,908,907,0.621212542602747,0
627,623,622,621,903,159,904,910,908,907,0.629815421701391,0
525,623,622,621,903,159,904,146,908,907,0.562679624213684,0
627,623,622,621,903,159,770,910,334,907,0.618220745748957,0
627,623,622,621,903,159,904,687,908,907,0.593358010370025,0
627,623,622,621,903,159,904,910,908,907,0.629815421701391,0
627,623,622,621,903,136,904,910,908,907,0.618871021874577,0
627,623,622,423,903,159,47,910,275,907,0.606193870243244,0
627,623,622,621,903,159,904,910,908,907,0.629815421701391,0
627,623,622,621,903,159,904,910,908,907,0.629815421701391,0
627,623,622,621,903,159,904,910,908,907,0.629815421701391,0
627,623,622,621,903,159,904,910,908,907,0.629815421701391,0
627,623,622,621,903,920,904,910,174,907,0.589252112702198,0
627,756,622,621,903,159,904,910,908,907,0.598396340885649,0
627,623,622,621,903,920,904,910,908,907,0.598153746518858,0
627,623,622,621,903,159,904,910,908,907,0.629815421701391,0
461,623,622,621,903,159,904,910,908,907,0.609083400969098,0
627,816,622,621,903,159,904,910,908,907,0.625299444317567,0
627,623,622,621,903,159,904,910,908,242,0.629952434937418,0
655,623,622,621,903,159,904,910,908,907,0.605553391603465,0
627,623,953,621,903,159,193,910,272,907,0.599229865722158,0
627,623,622,621,976,254,904,910,908,907,0.606328897143014,0
488,623,622,621,106,159,492,910,908,907,0.576465780239015,0
627,623,622,621,903,159,904,910,908,907,0.629815421701391,0
627,623,622,621,964,159,904,910,908,907,0.618290154550565,0
627,623,348,621,903,159,904,910,908,907,0.617068323661932,0
627,623,622,621,903,159,904,512,908,907,0.596804049623791,0
627,623,622,13,903,159,904,512,908,907,0.586879777957632,0
627,623,250,621,903,177,904,910,908,907,0.59781296252,0
627,623,622,621,903,159,904,910,908,907,0.629815421701391,0
627,623,622,621,903,159,904,910,908,907,0.629815421701391,0
627,623,622,621,903,159,683,910,908,907,0.612076928770524,0
627,623,622,621,903,159,904,910,908,907,0.629815421701391,0
627,623,622,621,903,597,904,910,908,427,0.62182803847545,0
627,623,622,621,975,465,904,910,908,907,0.623253115114515,0
627,623,622,621,260,159,904,910,908,907,0.615904293948572,0
627,623,622,621,36,159,904,910,908,907,0.618258093578028,0
627,623,622,621,903,159,904,910,908,907,0.629815421701391,0
627,623,622,621,101,159,904,910,908,907,0.608435626809798,0
627,623,622,621,903,752,904,960,908,907,0.562812420040313,0
627,623,622,621,903,446,452,910,908,907,0.624039428432171,0
627,623,622,621,903,159,904,910,908,907,0.629815421701391,0
627,623,622,621,903,159,904,910,908,907,0.629815421701391,0
627,623,622,621,903,159,904,910,908,907,0.629815421701391,0
627,623,622,404,903,159,904,910,878,907,0.621631726987036,0
627,623,622,621,903,159,904,910,908,907,0.629815421701391,0
627,623,622,621,256,159,24,910,908,907,0.621770201230292,0
627,623,622,621,903,159,904,910,908,907,0.629815421701391,0
627,623,622,621,903,159,904,910,908,907,0.629815421701391,0
627,623,622,621,559,159,904,910,908,907,0.608580878772695,0
627,623,622,621,903,159,904,910,908,907,0.629815421701391,0
627,623,622,621,680,159,904,910,908,995,0.63128856233071,0
627,623,622,621,903,159,904,910,908,907,0.629815421701391,0
627,623,622,621,903,159,904,910,908,907,0.629815421701391,0
627,623,622,621,903,159,904,435,908,907,0.592653122593478,0
627,623,622,621,903,159,904,910,50,907,0.632862120322863,0
627,623,622,621,903,159,904,910,908,842,0.618195956111245,0
627,623,622,621,903,159,904,910,908,907,0.629815421701391,0
595,623,622,621,903,159,904,910,908,907,0.60663925984358,0
627,623,622,621,903,159,904,910,908,984,0.623556385300843,0
627,623,622,621,903,159,904,910,908,907,0.629815421701391,0
627,623,622,621,678,159,904,910,908,907,0.627656031599753,0
627,623,622,621,903,159,904,910,908,907,0.629815421701391,0
627,623,622,621,903,159,904,910,908,907,0.629815421701391,0
627,623,566,621,903,159,904,910,84,907,0.623888234316753,0
627,623,622,621,903,159,904,748,908,907,0.606796747881237,0
627,316,622,621,903,159,904,910,908,907,0.599193837661568,0
627,623,622,621,903,159,904,910,908,907,0.629815421701391,0
627,623,622,621,903,159,904,910,908,907,0.629815421701391,0
627,623,894,621,903,159,904,910,908,907,0.604483783107571,0
627,623,622,132,903,159,904,910,908,907,0.614411629628204,0
627,623,622,621,903,227,249,910,908,907,0.598632384751745,0
815,623,622,621,903,159,904,910,908,907,0.593341914199938,0
627,175,622,621,463,159,904,910,908,907,0.622501068171663,0
627,623,622,235,903,159,904,910,116,907,0.621987642490032,0
627,623,622,621,903,159,904,910,908,907,0.629815421701391,0
674,623,622,636,903,159,904,910,908,907,0.582790215485292,0
627,213,622,621,903,159,904,910,908,907,0.608249775774104,0
627,623,622,439,903,159,904,910,908,907,0.624105210697635,0
627,623,622,621,903,159,910,721,908,907,0.618267588089888,0
627,623,622,621,903,159,904,910,908,907,0.629815421701391,0
627,623,622,621,903,159,904,910,908,907,0.629815421701391,0
627,623,622,621,903,159,904,910,908,907,0.629815421701391,0
627,623,622,621,903,159,904,910,908,907,0.629815421701391,0
627,623,622,621,736,159,904,910,908,907,0.626111735031164,0
59,623,637,621,903,918,904,566,908,907,0.536534748303366,0
627,34,622,621,903,159,904,910,908,907,0.625109593411995,0
627,623,882,621,903,159,904,910,908,907,0.617168203820154,0
627,623,622,621,903,159,992,910,908,907,0.617503496286397,0
627,623,608,621,903,159,904,910,908,907,0.62721812885198,0
964,623,622,621,903,159,904,925,908,907,0.575632480274113,0
627,178,622,594,903,159,904,910,908,907,0.589923215406367,0
627,623,622,621,903,159,904,910,908,907,0.629815421701391,0
627,623,622,169,903,159,904,910,908,907,0.61156208583077,0
627,623,622,621,903,159,904,910,908,907,0.629815421701391,0
627,623,622,621,903,159,904,910,908,907,0.629815421701391,0
627,623,622,213,903,159,904,910,908,907,0.630502901660266,0
627,623,622,621,560,159,904,910,908,907,0.627331656409766,0
627,623,622,628,903,451,904,910,908,471,0.572855218857566,0
627,623,622,621,903,159,904,646,908,907,0.613494409002485,0
627,715,622,621,903,159,904,910,908,907,0.610921101763336,0
627,623,622,621,903,159,904,910,908,907,0.629815421701391,0
831,232,622,621,982,159,904,910,730,907,0.586396088725925,0
627,25,622,72,903,159,904,910,908,907,0.598990095093273,0
627,813,622,621,903,159,904,692,908,907,0.565002649594626,0
821,623,622,621,85,159,904,910,908,907,0.577020136848277,0
627,623,622,621,903,159,68,910,908,907,0.611268642348148,0
627,623,622,621,903,159,904,910,908,907,0.629815421701391,0
856,586,622,621,903,159,904,944,908,907,0.551134000759559,0
627,623,622,621,903,159,904,910,908,907,0.629815421701391,0
627,623,622,621,903,159,904,910,908,907,0.629815421701391,0
627,623,622,621,885,159,904,910,908,907,0.616512150908432,0
627,623,622,621,844,159,904,910,908,907,0.629096893494033,0
627,623,622,621,903,159,904,910,908,907,0.629815421701391,0
627,623,622,621,903,159,904,910,908,907,0.629815421701391,0
627,623,622,621,903,159,904,910,908,907,0.629815421701391,0
627,623,622,621,903,159,904,910,908,907,0.629815421701391,0
627,623,622,580,903,159,904,910,908,907,0.643295032126272,0
627,716,622,143,903,159,904,197,908,907,0.591353509077035,0
627,623,622,621,903,159,904,910,908,907,0.629815421701391,0
627,623,622,621,903,159,904,910,394,946,0.613031476291856,0
627,623,622,621,903,159,680,910,908,907,0.627956667601337,0
627,623,622,699,790,159,904,910,908,907,0.651030893495342,0
993,623,622,621,322,159,904,910,908,907,0.588566389788189,0
627,623,622,621,903,159,904,910,908,907,0.629815421701391,0
627,623,622,621,903,159,904,910,908,907,0.629815421701391,0
627,623,622,621,470,44,904,910,908,907,0.576150061696709,0
627,623,622,621,903,159,904,910,908,907,0.629815421701391,0
627,660,622,621,903,159,904,910,908,907,0.609890465902342,0
627,623,393,621,903,159,904,910,908,907,0.616750794700013,0
627,623,841,621,903,159,904,910,908,907,0.637362602893829,0
627,623,622,621,903,159,904,910,908,907,0.629815421701391,0
627,623,622,621,903,159,904,910,908,907,0.629815421701391,0
627,623,622,621,903,159,904,910,908,907,0.629815421701391,0
627,623,622,621,903,159,904,910,908,907,0.629815421701391,0
627,623,622,621,903,159,904,910,908,907,0.629815421701391,0
627,623,622,621,903,159,904,910,908,907,0.629815421701391,0
627,623,622,621,903,570,904,910,908,907,0.612382635261623,0
627,623,622,621,903,159,904,910,908,907,0.629815421701391,0
627,623,622,621,903,913,904,910,908,907,0.621385120413971,0
627,623,622,621,903,159,904,910,908,907,0.629815421701391,0
627,623,622,621,903,159,904,910,908,907,0.629815421701391,0
627,623,622,621,903,674,904,910,908,907,0.603611872404629,0
627,623,622,621,903,159,904,910,908,907,0.629815421701391,0
627,623,622,621,903,159,904,910,908,907,0.629815421701391,0
627,623,622,621,903,159,904,910,908,907,0.629815421701391,0
627,623,622,621,903,159,904,910,908,907,0.629815421701391,0
627,623,622,621,958,159,743,910,908,907,0.636164147109405,0
627,623,622,621,903,159,152,910,908,907,0.609918979832951,0
627,623,622,621,903,159,904,910,908,907,0.629815421701391,0
757,749,622,621,903,159,904,910,221,907,0.608290324910836,0
627,623,622,621,903,159,904,910,908,907,0.629815421701391,0
627,623,622,621,903,159,904,910,908,907,0.629815421701391,0
627,623,622,621,69,159,904,910,908,907,0.611955806813093,0
627,623,622,621,903,159,904,910,908,907,0.629815421701391,0
627,623,622,621,903,68,904,910,908,907,0.594269008780391,0
627,623,622,621,903,159,909,910,908,907,0.63522376022323,0
627,104,841,621,903,159,904,817,908,907,0.566787594010504,0
627,623,622,621,903,159,904,910,908,907,0.629815421701391,0
627,623,622,621,903,159,904,910,908,907,0.629815421701391,0
627,623,237,621,903,159,904,910,908,907,0.612888600661662,0
973,623,622,621,903,159,581,910,908,907,0.624630684873357,0
627,645,622,621,903,159,213,575,908,302,0.596801709142397,0
859,623,622,621,27,159,904,910,908,907,0.644892772408631,0
627,421,622,621,903,583,904,910,908,907,0.595424982683008,0
627,623,622,621,903,159,904,910,908,907,0.629815421701391,0
627,623,622,621,903,927,904,910,908,907,0.594486567443625,0
627,623,622,621,903,159,712,910,908,907,0.607123562225136,0
627,623,622,621,903,177,904,910,881,907,0.589597666450844,0
627,623,622,621,903,159,904,910,908,907,0.629815421701391,0
627,623,622,621,903,159,904,910,908,907,0.629815421701391,0
627,623,622,621,903,159,904,910,908,907,0.629815421701391,0
627,623,622,621,903,159,904,910,986,907,0.632156983850415,0
627,623,622,621,903,159,904,910,908,907,0.629815421701391,0
627,623,622,621,903,159,904,910,186,907,0.623522971593872,0
627,623,622,621,903,159,904,910,908,907,0.629815421701391,0
627,623,622,621,903,159,904,910,908,261,0.636546229814563,0
627,623,622,621,903,159,904,910,908,907,0.629815421701391,0
627,623,622,621,903,159,904,910,687,907,0.626541651376661,0
627,623,622,621,903,159,904,910,908,907,0.629815421701391,0
913,450,273,621,903,159,904,910,908,907,0.605704341833109,0
627,623,36,621,903,159,904,910,908,907,0.609966767031818,0
495,623,622,621,903,159,904,910,908,907,0.600197876635238,0
627,623,622,621,970,159,904,910,908,907,0.621821036917757,0
240,623,622,621,677,159,904,910,908,907,0.601790814870054,0
627,623,622,621,903,159,904,910,848,907,0.6410776683857,0
627,623,622,621,903,159,904,910,908,907,0.629815421701391,0
627,623,622,621,903,159,904,910,908,907,0.629815421701391,0
627,623,622,621,903,159,904,910,908,907,0.629815421701391,0
627,623,622,621,903,159,904,910,908,907,0.629815421701391,0
627,623,622,621,903,159,904,910,908,907,0.629815421701391,0
627,623,622,621,903,159,904,910,908,907,0.629815421701391,0
627,623,622,621,903,159,904,910,908,907,0.629815421701391,0
627,600,622,621,903,343,904,910,908,907,0.552457741960896,0
627,623,622,621,903,159,904,910,908,907,0.629815421701391,0
315,623,84,621,903,159,904,910,908,907,0.57789566194314,0
627,623,622,621,903,159,904,910,908,907,0.629815421701391,0
627,623,622,621,903,159,904,681,908,907,0.624843759249024,0
627,623,589,621,903,159,904,910,908,907,0.626517605837079,0
627,623,622,621,903,159,904,910,908,907,0.629815421701391,0
627,623,622,773,624,159,904,910,908,525,0.646469733649612,0
627,623,146,416,903,159,904,910,908,907,0.612555596174242,0
627,623,622,621,903,159,904,910,908,907,0.629815421701391,0
670,623,622,621,903,355,725,910,832,907,0.558304879639186,0
627,623,622,621,903,159,955,910,908,907,0.613234635494899,0
627,771,622,621,903,159,904,910,908,907,0.604485657093917,0
627,623,676,621,903,159,904,910,908,907,0.616920823322955,0
946,623,622,621,506,159,53,910,908,907,0.574190796049981,0
627,623,622,621,903,159,904,910,908,907,0.629815421701391,0
627,623,622,621,903,159,904,910,908,907,0.629815421701391,0
627,623,467,621,903,159,904,910,908,907,0.615334386018212,0
627,770,622,621,903,159,904,910,908,907,0.600365750501646,0
627,623,622,621,903,159,904,952,908,907,0.599265216066057,0
627,623,622,621,903,159,904,910,908,907,0.629815421701391,0
627,623,622,621,903,694,904,910,908,907,0.600733489129339,0
627,623,622,621,903,159,904,910,908,907,0.629815421701391,0
229,623,622,621,773,258,904,910,908,907,0.596376353472045,0
406,623,622,621,24,159,79,910,908,907,0.606471639247473,0
627,623,622,621,647,159,904,910,908,907,0.613194438903456,0
627,623,622,621,903,661,904,910,908,907,0.594976620430252,0
415,623,622,621,903,159,904,910,716,907,0.623322868410671,0
627,623,622,621,903,159,904,910,908,907,0.629815421701391,0
627,623,671,621,606,159,904,910,908,907,0.602308730867003,0
627,623,727,621,903,159,904,910,908,907,0.608293076840082,0
627,623,622,630,903,159,904,910,224,907,0.630331317903742,0
89,623,622,621,903,159,904,910,908,504,0.603835567493664,0
627,623,622,621,903,159,904,175,908,907,0.595975603126485,0
627,623,622,549,903,159,904,910,908,907,0.617648185317563,0
627,623,622,621,439,159,904,910,908,907,0.624128566310517,0
627,623,622,621,903,159,904,910,908,907,0.629815421701391,0
627,631,622,621,903,159,904,910,908,907,0.616992063608112,0
516,623,622,621,903,159,904,910,908,628,0.584989082674464,0
627,623,622,621,903,159,904,910,908,907,0.629815421701391,0
627,623,622,621,903,159,904,910,908,906,0.638081610347231,0
627,453,622,369,903,159,904,910,908,907,0.591916850212945,0
627,623,622,621,903,159,904,910,908,752,0.622639115937782,0
627,623,622,621,903,159,904,910,908,907,0.629815421701391,0
627,623,622,621,903,159,511,910,543,907,0.626099917983329,0
627,623,622,621,903,159,904,910,908,907,0.629815421701391,0
627,623,354,621,903,159,904,636,602,907,0.596309611588603,0
627,623,622,621,903,159,904,910,908,907,0.629815421701391,0
312,623,622,621,903,159,904,910,908,907,0.600519645678719,0
627,623,622,621,903,159,904,910,35,907,0.628054444870495,0
627,623,28,621,903,159,904,910,584,907,0.610151346150536,0
627,623,622,621,903,159,904,910,908,907,0.629815421701391,0
627,623,622,621,903,159,904,910,908,907,0.629815421701391,0
627,623,622,621,903,159,904,910,908,907,0.629815421701391,0
368,623,622,621,903,138,904,814,908,907,0.525834321530309,0
627,623,622,621,903,159,904,910,908,320,0.618678712753422,0
627,623,622,621,903,159,904,910,908,907,0.629815421701391,0
627,623,622,621,903,159,904,910,908,907,0.629815421701391,0
627,623,622,621,903,159,904,910,908,907,0.629815421701391,0
627,623,622,727,903,159,904,910,908,907,0.612648294701438,0
627,623,622,621,903,159,445,910,908,907,0.611646549146841,0
627,623,622,621,903,159,904,910,908,907,0.629815421701391,0
627,623,622,621,903,159,904,910,908,907,0.629815421701391,0
627,623,954,621,903,159,904,910,908,907,0.618930916248437,0
627,623,622,621,903,159,904,910,908,907,0.629815421701391,0
627,623,622,621,903,159,904,910,908,907,0.629815421701391,0
627,812,622,621,903,159,904,910,908,907,0.588021174635937,0
627,623,622,621,903,159,904,910,908,907,0.629815421701391,0
627,670,622,621,903,159,904,910,908,907,0.604884298150977,0
393,251,622,621,903,159,904,910,908,907,0.603112290670685,0
627,623,622,621,903,159,904,910,908,907,0.629815421701391,0
627,623,622,621,903,159,904,910,908,907,0.629815421701391,0
627,623,622,621,903,159,904,910,908,907,0.629815421701391,0
627,623,622,621,903,159,782,910,908,907,0.634745028885732,0
627,623,966,621,903,159,904,910,908,907,0.612610038770022,0
627,623,622,621,639,159,904,910,908,907,0.61400522190351,0
627,623,622,621,903,159,904,910,908,907,0.629815421701391,0
150,623,622,621,903,159,904,910,908,907,0.612420769768159,0
627,623,622,621,903,577,904,910,908,907,0.593421703534518,0
230,623,622,621,903,159,904,553,908,907,0.57471127896696,0
627,35,622,621,903,159,904,910,908,907,0.596930049328315,0
5,623,622,621,793,159,368,910,908,907,0.579195677940532,0
627,623,622,621,903,159,904,723,908,907,0.601940998177821,0
627,623,622,621,903,159,904,910,908,907,0.629815421701391,0
627,623,291,128,903,159,992,910,908,907,0.567302603884728,0
627,623,622,621,903,159,904,910,908,907,0.629815421701391,0
627,623,622,621,903,159,669,910,908,907,0.631934896329457,0
627,623,850,621,903,159,904,910,908,907,0.615814965692275,0
452,623,622,621,903,498,904,873,908,907,0.576106427754236,0
627,623,622,621,903,159,904,910,908,907,0.629815421701391,0
627,623,622,621,903,159,904,910,908,907,0.629815421701391,0
627,623,622,621,903,159,904,910,908,907,0.629815421701391,0
627,623,622,174,903,287,904,910,908,47,0.589245275995273,0
627,623,622,621,903,159,904,910,908,907,0.629815421701391,0
627,623,622,621,903,159,904,581,440,907,0.604193783756967,0
627,623,622,621,903,159,904,910,908,907,0.629815421701391,0
627,623,622,621,903,159,82,910,808,907,0.624167572432523,0
627,623,622,803,903,159,904,910,908,907,0.620722646544701,0
627,623,959,621,903,159,829,910,908,907,0.593289133067808,0
627,623,622,621,186,159,904,910,908,907,0.610841555104297,0
627,623,622,621,903,159,904,910,908,907,0.629815421701391,0
750,623,622,621,903,159,904,910,908,907,0.599944016086818,0
627,623,112,894,903,159,904,910,908,907,0.626173952191231,0
627,623,622,621,903,159,904,910,908,907,0.629815421701391,0
627,623,622,621,903,159,135,910,908,907,0.611372642623641,0
627,623,622,621,903,159,904,910,908,907,0.629815421701391,0
627,623,622,621,903,159,904,910,908,907,0.629815421701391,0
627,623,622,621,903,159,904,910,908,907,0.629815421701391,0
627,623,429,621,903,159,904,910,908,907,0.61458845734523,0
358,44,622,621,903,159,904,100,908,907,0.53327292179218,0
627,623,622,621,152,882,517,910,573,907,0.572421875807213,0
627,623,622,621,903,159,904,910,908,907,0.629815421701391,0
627,623,622,621,639,159,904,910,908,907,0.61400522190351,0
627,485,622,621,903,159,904,910,908,907,0.603088946464296,0
627,623,622,621,903,159,904,910,908,907,0.629815421701391,0
983,623,622,621,903,159,962,731,908,907,0.561110122753127,0
627,623,622,621,903,778,904,476,908,907,0.570553134323646,0
627,714,622,621,334,159,904,910,908,907,0.597023991384227,0
627,856,622,621,903,159,904,910,908,907,0.59182964786803,0
104,623,622,621,903,159,904,910,908,907,0.602984028297616,0
627,623,622,621,903,159,904,65,535,907,0.593246828204719,0
627,623,622,621,904,159,602,910,908,907,0.638520866275136,0
627,623,622,621,903,159,904,910,908,907,0.629815421701391,0
627,623,622,621,903,159,904,910,908,907,0.629815421701391,0
627,623,622,621,903,159,904,910,908,907,0.629815421701391,0
627,623,622,621,903,159,904,910,908,907,0.629815421701391,0
627,623,772,621,903,159,904,910,908,907,0.608771836518113,0
872,623,622,621,903,159,904,910,1,907,0.626108507461725,0
627,623,622,621,903,159,904,910,908,907,0.629815421701391,0
863,623,622,621,903,159,458,910,482,907,0.583995419330392,0
627,623,622,621,903,159,904,910,908,907,0.629815421701391,0
627,623,622,621,903,159,454,910,908,907,0.635776224625538,0
627,623,622,754,903,159,744,910,908,907,0.601821418693967,0
627,623,622,621,903,159,574,910,908,907,0.604728087990744,0
702,975,622,621,767,159,904,910,908,907,0.615290116548845,0
627,623,622,968,903,159,875,910,908,907,0.594889181904944,0
627,623,622,621,903,159,904,910,908,907,0.629815421701391,0
627,623,622,621,903,159,904,910,908,907,0.629815421701391,0
627,623,622,621,712,159,904,910,908,907,0.60936732467595,0
627,623,622,776,903,159,904,910,969,907,0.653556913975647,0
627,623,622,318,903,159,904,755,908,907,0.596232420789838,0
627,623,622,621,903,159,904,910,908,346,0.654033907963019,0
627,623,920,801,903,159,904,910,908,907,0.621920935263925,0
627,623,622,621,903,159,904,910,908,907,0.629815421701391,0
627,245,622,621,903,159,904,910,908,815,0.60757589957482,0
627,623,622,101,903,159,887,910,329,907,0.609535347807162,0
627,623,622,621,903,159,904,910,908,907,0.629815421701391,0
627,623,622,621,903,159,904,910,908,420,0.630018952472271,0
451,623,462,621,903,159,904,910,908,907,0.581505586848506,0
627,623,622,621,903,159,904,910,908,907,0.629815421701391,0
627,623,622,509,903,159,904,437,984,72,0.585750309446085,0
627,623,622,621,903,159,904,910,519,907,0.626302878698074,0
627,444,622,621,903,159,904,910,908,907,0.592345052455884,0
627,623,622,621,903,159,904,910,908,907,0.629815421701391,0
627,623,622,443,771,159,904,910,908,907,0.609799579597218,0
627,125,622,621,903,159,904,183,908,907,0.56261717637829,0
627,623,622,621,903,159,904,910,908,907,0.629815421701391,0
627,623,622,621,903,159,665,910,908,907,0.638110477456369,0
627,623,404,621,903,159,904,910,710,562,0.634956270338212,0
627,623,622,621,903,159,904,652,908,907,0.593362156630675,0
627,623,622,621,903,159,904,951,908,722,0.610749482773192,0
627,623,622,621,903,159,904,195,908,907,0.604442101064746,0
627,623,622,621,903,159,904,837,908,907,0.607554853073972,0
627,623,622,621,903,159,904,910,908,907,0.629815421701391,0
627,623,601,621,903,159,904,910,862,907,0.604372854579934,0
627,623,223,621,903,159,904,910,908,907,0.611604881943241,0
627,623,622,240,903,159,904,910,908,907,0.628696547560527,0
627,623,622,621,903,159,904,119,908,907,0.591196864790085,0
627,623,622,621,903,159,423,910,754,907,0.627902788999902,0
627,623,750,621,903,159,904,910,908,907,0.605470718219134,0
627,623,263,621,903,159,904,910,908,907,0.639519716163005,0
627,623,622,621,903,159,904,910,908,907,0.629815421701391,0
627,623,622,621,903,159,904,910,908,907,0.629815421701391,0
627,623,622,621,903,159,904,910,435,907,0.625957084278575,0
627,623,622,621,903,159,904,910,908,907,0.629815421701391,0
627,623,622,621,903,453,904,910,908,907,0.605592573374742,0
627,623,622,621,903,159,904,910,908,907,0.629815421701391,0
627,623,622,621,903,159,904,435,908,478,0.6074716622825,0
627,623,622,621,903,159,564,910,203,907,0.6527474338581,0
627,623,622,621,903,159,904,910,908,907,0.629815421701391,0
627,623,622,308,903,159,937,910,908,907,0.602928814787035,0
627,623,622,621,903,159,904,910,908,907,0.629815421701391,0
627,489,622,621,903,159,904,910,908,907,0.591087405584417,0
627,623,622,987,903,997,904,910,662,907,0.609132988297429,0
627,411,622,621,903,159,904,910,908,361,0.591264056705191,0
453,623,622,621,903,159,5,910,742,907,0.584391594181423,0
627,623,622,621,903,159,904,910,908,907,0.629815421701391,0
627,623,622,621,903,40,904,910,908,907,0.595123864899431,0
627,623,622,621,903,159,904,240,908,907,0.604323875270225,0
627,623,622,621,903,159,904,910,908,907,0.629815421701391,0
627,623,622,621,903,159,904,910,770,907,0.627891720022276,0
627,623,622,621,903,159,904,910,908,907,0.629815421701391,0
627,623,622,621,903,159,904,910,908,130,0.615860043213896,0
627,623,622,621,598,159,651,910,908,907,0.593732247137983,0
627,623,622,621,525,159,904,910,908,907,0.614192036047818,0
627,623,622,621,903,273,904,910,746,907,0.624165981344286,0
627,623,622,621,131,159,904,910,908,907,0.639940951910756,0
627,623,622,621,903,159,904,585,908,907,0.607806465594088,0
627,745,622,621,178,159,904,910,908,907,0.578440340665762,0
910,623,622,621,903,159,904,544,908,907,0.607487043047048,0
627,623,622,621,903,159,904,910,908,907,0.629815421701391,0
627,377,622,621,903,907,904,910,908,101,0.588068202173285,0
627,623,228,621,903,159,904,910,908,907,0.616590021850818,0
627,623,622,621,903,159,904,910,908,907,0.629815421701391,0
627,623,622,621,903,159,787,910,908,907,0.631182165545735,0
586,623,622,131,570,159,904,910,908,907,0.644896947122708,0
627,623,622,621,903,163,904,910,908,907,0.605729687458454,0
627,623,622,291,903,159,946,910,908,907,0.58732573735906,0
624,623,622,621,903,159,904,910,908,907,0.621941890222852,0
627,623,539,621,903,159,904,910,908,907,0.619514330719434,0
627,623,622,971,626,159,714,910,908,907,0.590575580053817,0
627,623,622,621,903,159,904,910,908,907,0.629815421701391,0
627,623,622,548,903,159,904,910,908,907,0.624144584808303,0
627,623,622,621,903,159,904,910,640,965,0.622878050257722,0
627,623,622,621,903,159,904,910,908,907,0.629815421701391,0
627,623,622,870,903,872,904,910,908,907,0.600359307635392,0
627,623,622,621,903,159,904,910,908,907,0.629815421701391,0
627,623,622,621,903,159,904,910,908,374,0.619362271195188,0
627,623,622,621,903,159,904,910,908,907,0.629815421701391,0
627,623,622,621,903,159,904,910,908,257,0.62200597040047,0
627,623,622,621,903,159,904,68,908,907,0.591859347759298,0
627,623,622,621,903,159,904,910,908,907,0.629815421701391,0
627,529,622,621,903,641,904,910,908,907,0.615057804297637,0
627,623,622,621,903,159,904,870,908,907,0.616334768989202,0
627,623,622,621,903,159,904,910,908,907,0.629815421701391,0
627,623,622,621,903,159,904,910,908,907,0.629815421701391,0
627,623,622,621,659,159,904,910,908,907,0.633320389111222,0
627,623,622,621,903,159,904,910,908,907,0.629815421701391,0
571,623,988,621,903,159,200,151,908,907,0.611470063701168,0
627,623,622,621,903,159,904,910,908,907,0.629815421701391,0
627,623,622,621,903,159,904,910,268,907,0.629606853198023,0
627,623,622,621,903,159,904,910,908,907,0.629815421701391,0
627,623,622,621,903,159,904,910,908,907,0.629815421701391,0
627,623,622,621,903,159,501,910,908,907,0.624750639418355,0
627,623,622,621,903,159,904,910,908,907,0.629815421701391,0
627,623,622,621,903,808,904,910,908,907,0.59662104306652,0
627,623,622,657,903,159,904,910,908,907,0.638283681181053,0
627,623,622,621,903,159,904,910,476,907,0.622953553010997,0
627,623,622,621,903,159,904,910,908,907,0.629815421701391,0
627,623,622,621,903,159,904,910,908,907,0.629815421701391,0
627,623,622,505,903,159,904,910,908,907,0.614013345495123,0
627,623,622,621,903,159,904,910,908,907,0.629815421701391,0
627,623,622,621,903,159,787,910,908,907,0.631182165545735,0
627,623,622,30,903,159,904,910,908,844,0.637137849086757,0
627,623,622,621,903,159,904,910,908,907,0.629815421701391,0
627,623,622,725,903,159,904,910,908,907,0.613949055943213,0
627,623,622,621,903,159,904,910,908,907,0.629815421701391,0
627,623,622,621,903,159,904,910,908,659,0.641730809119974,0
627,623,622,621,903,786,904,910,908,907,0.61366301838447,0
627,623,622,621,903,159,904,910,908,907,0.629815421701391,0
627,623,622,621,903,159,904,910,908,907,0.629815421701391,0
627,623,622,621,903,159,904,910,930,907,0.633302018499013,0
627,623,622,621,903,159,904,910,908,907,0.629815421701391,0
627,623,622,621,713,159,904,910,908,907,0.62745277856692,0
627,623,622,191,903,159,904,102,908,907,0.61377237107207,0
627,623,622,621,903,159,904,910,908,37,0.617230975886832,0
627,623,622,499,903,159,904,910,908,907,0.651901276269467,0
627,623,622,621,845,282,904,910,908,907,0.581369568152965,0
627,623,622,621,903,159,904,910,908,907,0.629815421701391,0
291,623,622,791,903,159,904,910,931,907,0.606261003715651,0
953,623,622,621,903,159,904,910,961,907,0.609782245177134,0
627,623,622,621,903,159,904,910,908,635,0.633392849890373,0
627,623,622,621,903,296,904,910,908,907,0.594304668047012,0
627,623,622,388,903,159,904,910,908,907,0.622214192945784,0
627,623,622,621,903,159,968,910,908,381,0.603163768993214,0
627,623,622,621,903,159,904,910,908,533,0.622660271170733,0
627,623,622,621,903,159,904,910,908,52,0.616835836934336,0
627,623,651,503,114,159,904,910,460,907,0.612636645469062,0
627,417,622,621,903,159,341,910,908,907,0.60410566985724,0
121,623,622,621,903,719,904,910,908,907,0.567671842667665,0
322,623,622,621,903,159,904,298,908,907,0.553153380866186,0
627,623,622,621,903,159,904,910,908,907,0.629815421701391,0
627,623,622,621,903,137,904,910,908,907,0.593179350492368,0
627,623,622,621,21,159,904,840,908,907,0.633885481524809,0
627,623,622,621,48,159,101,910,908,907,0.59665764641338,0
627,623,622,267,903,159,904,910,908,907,0.613280570087073,0
951,623,622,621,903,159,904,910,908,907,0.596181675956245,0
984,623,622,621,903,159,904,910,908,907,0.600129171950352,0
627,623,622,621,903,159,904,910,908,907,0.629815421701391,0
627,623,622,621,903,159,904,910,908,907,0.629815421701391,0
627,623,622,621,903,159,904,910,908,907,0.629815421701391,0
627,733,622,621,39,159,938,910,908,907,0.583710770628318,0
627,623,622,658,903,159,904,910,908,907,0.612816809070702,0
627,623,622,621,903,159,904,910,908,907,0.629815421701391,0
627,623,622,621,3,159,146,910,908,419,0.619890670815398,0
627,623,684,621,903,159,904,910,908,907,0.611696123926939,0
627,623,622,621,159,241,514,910,908,907,0.607864338984355,0
627,623,622,621,903,159,904,910,908,907,0.629815421701391,0
627,623,622,621,903,159,904,910,908,907,0.629815421701391,0
627,623,622,621,903,159,904,910,908,907,0.629815421701391,0
627,623,622,621,903,159,904,143,908,907,0.613476986639415,0
19,623,622,621,903,159,904,910,908,907,0.596171480334056,0
627,623,687,621,903,933,904,910,908,907,0.568797447728826,0
627,623,622,621,903,159,904,910,908,907,0.629815421701391,0
627,623,622,621,903,716,904,910,908,907,0.593095881663129,0
627,623,622,621,903,159,581,910,908,907,0.629439710355333,0
627,623,622,621,903,159,904,910,908,907,0.629815421701391,0
522,623,622,621,903,507,904,910,908,272,0.583092970716535,0
627,623,622,292,903,159,904,910,908,907,0.639209282397502,0
358,623,622,899,903,159,904,910,519,907,0.58814395256105,0
627,623,622,621,903,159,904,910,908,907,0.629815421701391,0
627,623,622,241,903,159,904,910,908,907,0.6288037806159,0
627,623,845,621,903,159,562,910,908,9,0.594651126430229,0
627,623,622,621,903,159,904,910,908,907,0.629815421701391,0
627,623,622,621,903,159,904,910,720,907,0.625402992792283,0
627,623,622,621,903,159,904,910,908,907,0.629815421701391,0
627,623,622,621,903,159,904,910,908,907,0.629815421701391,0
627,623,622,621,903,159,904,910,908,907,0.629815421701391,0
627,623,622,621,903,891,904,910,908,859,0.621785495388889,0
627,623,622,742,903,159,904,910,908,907,0.60882125925728,0
627,623,622,621,903,159,904,97,908,907,0.609288167559323,0
627,623,622,621,903,159,904,910,908,907,0.629815421701391,0
382,116,622,621,903,159,904,450,908,907,0.556185848851183,0
627,623,622,621,903,159,904,910,908,907,0.629815421701391,0
627,623,622,621,903,159,904,910,641,907,0.642720779363623,0
627,623,622,621,903,54,904,910,61,907,0.585283391976143,0
627,927,622,621,903,159,809,910,638,907,0.592795247832361,0
627,623,622,621,829,159,904,910,908,907,0.609998301678439,0
627,623,622,621,903,159,904,228,908,907,0.603092536246347,0
627,623,622,621,903,159,904,910,908,907,0.629815421701391,0
627,623,622,621,903,159,904,910,908,907,0.629815421701391,0
627,506,622,448,903,917,904,910,908,907,0.583393409755755,0
473,912,622,621,811,159,904,910,908,907,0.567344226252636,0
926,623,622,621,903,159,904,910,908,907,0.606899148466266,0
627,623,622,621,903,159,904,910,908,907,0.629815421701391,0
627,623,622,621,903,159,904,910,908,907,0.629815421701391,0
627,623,622,621,903,159,904,910,908,907,0.629815421701391,0
627,623,622,621,903,159,904,910,908,907,0.629815421701391,0
627,623,410,621,903,159,904,910,908,907,0.617708879946345,0
627,623,622,621,903,159,904,910,908,907,0.629815421701391,0
643,623,622,621,903,159,876,910,908,907,0.60036770106478,0
627,623,622,621,903,159,904,910,908,28,0.630668851047601,0
627,125,622,621,903,159,904,910,580,907,0.619353613893648,0
627,623,622,621,897,159,904,910,908,907,0.642023164775067,0
627,623,622,621,903,159,904,910,754,907,0.638077884288642,0
627,623,622,621,903,159,904,910,908,907,0.629815421701391,0
627,436,622,621,903,159,904,910,908,907,0.585769016439125,0
627,623,622,621,903,441,510,910,908,907,0.603695841843364,0
627,623,51,621,903,159,904,910,908,907,0.61422426078812,0
627,623,622,621,903,159,904,910,908,907,0.629815421701391,0
627,623,622,621,903,159,904,910,908,907,0.629815421701391,0
627,623,622,621,903,159,904,910,659,907,0.645841711290034,0
627,623,568,621,903,159,904,910,915,907,0.602148003915287,0
627,623,932,621,903,159,904,910,908,907,0.626418377472765,0
627,623,622,621,903,159,904,472,908,907,0.592693965553989,0
627,623,622,621,903,159,904,910,908,907,0.629815421701391,0
627,623,622,586,903,159,904,910,908,907,0.646202799104369,0
627,623,622,621,903,159,904,910,908,907,0.629815421701391,0
876,623,622,621,903,159,904,910,908,907,0.604260344708797,0
627,623,622,621,903,159,904,910,908,907,0.629815421701391,0
627,623,622,621,903,159,904,910,908,907,0.629815421701391,0
627,623,622,621,903,159,904,910,908,765,0.622000979967272,0
627,623,622,621,903,159,904,992,908,823,0.604997770058302,0
627,623,622,621,903,460,904,910,908,907,0.593380465520681,0
627,623,622,621,903,159,904,910,908,59,0.622005553275863,0
627,623,417,621,903,159,904,910,908,907,0.627710122865184,0
627,623,622,621,514,159,904,2,908,907,0.600189119371329,0
627,623,622,621,903,159,904,910,908,907,0.629815421701391,0
627,623,622,621,903,159,904,910,908,907,0.629815421701391,0
627,623,622,621,903,159,904,910,908,907,0.629815421701391,0
523,623,272,621,903,159,904,546,908,907,0.544680427478394,0
627,623,622,621,903,159,615,332,908,907,0.602225047502529,0
627,623,622,167,903,159,904,910,908,907,0.616229341830655,0
627,623,622,621,903,364,904,910,908,907,0.593052115864374,0
627,623,622,621,903,159,904,910,908,907,0.629815421701391,0
627,623,622,407,903,159,904,910,908,907,0.624343045189933,0
627,623,622,621,191,159,904,910,592,907,0.630825272249458,0
627,758,622,621,903,776,597,567,908,907,0.553358073560345,0
627,623,622,621,903,159,904,910,908,907,0.629815421701391,0
627,623,622,621,903,159,904,910,908,907,0.629815421701391,0
627,623,622,621,903,159,904,910,651,907,0.625766710893791,0
627,623,622,621,903,159,90,910,908,907,0.625078773228958,0
627,623,622,621,903,159,904,910,908,907,0.629815421701391,0
627,271,622,621,171,159,904,910,908,907,0.571311853679474,0
627,55,937,621,207,159,904,910,908,907,0.577398904245361,0
627,623,622,621,903,159,904,910,908,907,0.629815421701391,0
627,623,622,621,903,159,904,910,908,907,0.629815421701391,0
627,623,622,621,903,159,904,910,811,907,0.633379932210246,0
627,929,622,621,903,159,904,910,908,907,0.617658449887484,0
627,784,622,621,415,159,904,910,908,907,0.628864364385498,0
627,623,622,621,903,50,904,910,908,907,0.60030979325234,0
627,623,622,621,903,159,904,910,908,907,0.629815421701391,0
627,392,622,621,903,159,904,910,908,907,0.596393528989509,0
810,623,622,621,903,159,904,658,908,907,0.555696630239961,0
627,252,622,940,903,159,925,910,908,907,0.58338903399572,0
722,623,622,621,133,159,904,910,908,907,0.60349334968217,0
627,623,622,621,903,159,904,910,908,907,0.629815421701391,0
627,623,622,621,903,159,904,299,908,907,0.592440300817355,0
627,623,154,621,903,159,904,910,63,907,0.606211551505986,0
627,623,622,621,154,159,904,910,908,907,0.623852446524467,0
627,623,622,621,903,159,904,910,908,907,0.629815421701391,0
627,623,796,621,860,159,904,910,908,603,0.651489871266266,0
627,623,622,621,903,159,904,910,908,907,0.629815421701391,0
627,623,622,621,903,159,904,910,908,907,0.629815421701391,0
627,623,622,621,903,159,478,910,908,907,0.634150834724684,0
627,623,622,621,903,159,904,910,908,907,0.629815421701391,0
627,623,622,621,903,159,904,910,908,907,0.629815421701391,0
627,623,622,528,903,159,904,910,908,37,0.61033550600747,0
627,623,622,621,903,159,393,910,908,907,0.619527131120114,0
627,559,622,621,903,159,904,910,908,907,0.591091361972309,0
900,623,622,621,903,159,904,910,908,907,0.593589575856489,0
627,623,622,621,903,159,904,910,908,841,0.651571445319014,0
627,623,622,621,903,159,904,910,908,907,0.629815421701391,0
110,623,622,701,903,159,904,910,908,907,0.603593116658401,0
627,623,622,621,903,159,904,910,908,907,0.629815421701391,0
627,623,622,621,903,159,904,910,908,907,0.629815421701391,0
627,623,622,621,903,159,904,910,908,907,0.629815421701391,0
627,623,622,24,903,159,904,910,908,907,0.619638850799025,0
627,623,519,621,903,159,904,910,908,907,0.607235666926962,0
194,623,622,621,903,670,904,910,574,236,0.548890824158474,0
627,623,622,621,903,159,904,910,908,907,0.629815421701391,0
627,623,622,621,903,159,904,59,908,907,0.593542575603985,0
627,623,622,621,903,159,904,432,91,907,0.647347738277188,0
627,623,622,621,903,159,904,910,908,490,0.625247266190815,0
627,623,622,334,359,159,904,910,908,907,0.617653540260756,0
627,623,622,621,903,159,904,419,908,907,0.602273069436542,0
627,623,68,621,903,512,904,910,908,733,0.567405113817047,0
402,261,516,621,903,159,904,910,908,907,0.55812092088886,0
627,623,622,621,903,159,904,910,908,907,0.629815421701391,0
627,623,622,621,903,159,904,910,908,907,0.629815421701391,0
627,623,622,621,903,257,904,910,908,907,0.594776770560405,0
627,623,721,621,903,159,904,910,908,907,0.613924779225972,0
627,916,806,621,805,768,904,910,908,907,0.545689699113754,0
627,623,622,621,903,159,904,910,908,374,0.619362271195188,0
627,623,622,621,903,440,800,910,908,907,0.574538955533578,0
627,623,622,621,903,159,904,564,908,907,0.608379919676083,0
627,623,622,621,741,159,904,910,908,907,0.629813437210996,0
627,623,622,621,903,159,904,910,908,907,0.629815421701391,0
483,623,622,621,903,159,904,910,416,907,0.620005552559454,0
627,511,244,621,903,159,904,910,908,907,0.604808350220331,0
627,623,421,621,903,159,904,910,908,907,0.617420307133457,0
627,623,622,621,903,159,904,911,908,907,0.596415981015575,0
627,623,622,621,903,159,904,910,56,907,0.643602629084724,0
627,504,622,621,903,159,904,910,908,335,0.592739767504057,0
627,264,622,621,903,159,904,910,908,907,0.61055655218447,0
627,623,622,621,903,159,635,910,908,907,0.622801688984591,0
627,623,622,621,903,159,904,910,908,907,0.629815421701391,0
627,623,622,621,903,159,904,463,908,907,0.631594927125467,0
627,623,622,621,903,159,904,910,908,907,0.629815421701391,0
627,623,622,621,903,159,904,910,908,907,0.629815421701391,0
627,623,622,621,903,947,904,910,908,907,0.599933407942233,0
627,623,622,621,903,159,904,910,908,907,0.629815421701391,0
627,623,622,621,407,159,904,910,908,907,0.62813424988368,0
627,623,622,621,903,159,904,910,908,907,0.629815421701391,0
627,805,622,621,903,159,11,818,908,742,0.537423041293459,0
627,623,622,621,903,159,904,794,908,178,0.602704659558994,0
627,623,622,621,903,159,904,981,908,907,0.611686863234711,0
627,623,622,621,903,302,173,910,908,907,0.60459911511033,0
627,623,622,621,903,159,904,910,908,907,0.629815421701391,0
627,623,622,621,903,159,844,910,908,907,0.623600146745477,0
627,623,622,621,903,159,904,910,908,907,0.629815421701391,0
627,623,622,621,903,159,904,910,995,907,0.63741504942327,0
627,623,622,621,903,159,904,910,908,907,0.629815421701391,0
627,623,622,621,903,159,904,910,908,907,0.629815421701391,0
627,945,622,621,903,159,904,910,908,907,0.595017464959817,0
451,623,622,621,903,504,904,910,908,907,0.563908851135196,0
917,623,622,621,903,159,904,910,908,22,0.626467518347798,0
627,623,622,621,903,159,904,910,908,568,0.621696110727371,0
627,623,622,621,903,159,904,910,908,907,0.629815421701391,0
627,623,622,621,903,159,904,910,908,907,0.629815421701391,0
627,623,622,621,903,159,904,910,908,907,0.629815421701391,0
573,623,880,621,903,159,904,910,908,907,0.588330536793387,0
627,640,622,621,903,159,904,910,908,907,0.591607535446596,0
627,623,622,621,903,159,904,910,908,907,0.629815421701391,0
627,623,622,621,903,159,904,910,315,907,0.621939562871914,0
627,623,622,621,903,159,904,910,908,907,0.629815421701391,0
627,978,622,621,903,159,904,910,908,907,0.602433336613018,0
627,623,622,770,903,245,904,910,908,907,0.601342107861411,0
627,623,622,621,273,159,904,910,908,907,0.635572991578132,0
627,575,622,621,903,159,904,910,908,907,0.594072968717106,0
627,623,622,621,903,159,904,790,450,907,0.633354624922177,0
627,623,622,621,903,159,904,910,908,425,0.643443766355715,0
627,623,622,621,903,159,904,910,908,907,0.629815421701391,0
627,623,622,621,125,159,904,391,908,907,0.573717913896623,0
627,243,622,621,131,566,904,910,908,907,0.594689578746571,0
627,623,622,621,903,159,904,910,908,907,0.629815421701391,0
627,623,622,621,601,159,904,910,823,907,0.623715080032434,0
193,113,622,621,903,159,904,910,908,907,0.589124474993977,0
627,623,622,621,352,159,904,910,908,45,0.605179100660978,0
627,623,622,621,903,159,201,910,908,907,0.61279968216021,0
627,623,622,621,903,159,904,910,908,907,0.629815421701391,0
552,623,622,621,903,159,904,910,908,907,0.603946002507644,0
627,623,622,621,903,159,445,910,908,907,0.611646549146841,0
627,623,118,621,903,159,904,910,908,907,0.608297462827344,0
627,623,622,621,903,159,904,910,337,907,0.632802560806354,0
627,623,622,621,903,159,904,910,908,907,0.629815421701391,0
627,623,198,621,903,159,904,910,908,907,0.605708389261045,0
627,623,622,621,903,159,904,910,908,689,0.62028229019916,0
463,623,622,621,903,159,904,910,192,907,0.628170025192626,0
627,623,622,621,409,744,904,910,908,907,0.591463858994635,0
627,242,622,595,903,159,904,910,908,907,0.591160586678329,0
627,623,911,621,903,536,432,910,908,907,0.578383905695329,0
627,623,622,621,903,159,904,925,908,392,0.594294784731468,0
627,623,622,621,903,85,904,910,908,907,0.589994751993218,0
627,623,622,621,903,159,904,910,908,907,0.629815421701391,0
627,623,622,621,903,784,904,910,908,907,0.613058346640485,0
627,623,622,621,903,159,904,910,908,907,0.629815421701391,0
627,623,622,621,145,159,904,910,908,907,0.621673098875127,0
627,477,622,621,903,159,910,460,908,907,0.570846930002084,0
627,122,622,621,903,159,904,910,908,899,0.584183893668035,0
627,623,622,621,903,159,904,276,908,907,0.610676888567887,0
627,623,622,621,903,159,904,910,908,907,0.629815421701391,0
627,623,622,621,903,159,989,910,908,907,0.623922278838281,0
627,966,622,621,903,159,904,910,760,907,0.600583201766473,0
627,623,622,621,903,353,904,910,908,907,0.598317830979901,0
627,623,622,621,903,234,904,910,908,907,0.590958904853962,0
627,623,622,621,903,159,904,910,247,907,0.633859605226219,0
627,623,622,621,903,159,904,910,130,907,0.620386012067139,0
627,623,622,621,903,159,904,910,908,907,0.629815421701391,0
627,623,622,621,903,159,904,910,764,907,0.627890775545598,0
627,623,622,621,903,592,904,910,908,907,0.594426091993918,0
627,621,622,572,903,159,904,910,908,907,0.61761628800569,0
939,623,622,621,903,159,904,910,908,907,0.625415687448118,0
627,623,482,621,903,159,904,910,908,907,0.607896046778187,0
627,623,622,621,903,159,904,910,908,907,0.629815421701391,0
627,623,622,621,903,159,904,910,908,907,0.629815421701391,0
627,623,622,213,903,159,904,910,421,907,0.639566811124606,0
627,623,622,621,925,159,904,910,908,907,0.628249876502053,0
627,623,622,621,903,159,798,910,908,907,0.609351202511687,0
627,623,622,621,903,159,965,910,908,907,0.619209799527295,0
627,623,622,621,903,159,904,925,908,907,0.604268226035675,0
627,623,622,621,903,159,904,910,908,907,0.629815421701391,0
627,623,622,621,903,159,904,910,908,907,0.629815421701391,0
627,623,622,621,310,159,516,910,908,907,0.601548928445963,0
627,623,622,621,903,159,904,910,908,907,0.629815421701391,0
627,616,622,621,903,159,904,910,908,907,0.597204777613152,0
627,983,622,621,903,159,904,910,908,907,0.602567576652526,0
627,623,622,820,903,278,904,910,908,907,0.589755344213917,0
627,623,622,621,218,159,631,996,908,907,0.604077828539794,0
627,623,622,621,903,332,904,910,908,907,0.622358688803853,0
627,623,622,39,903,425,904,910,908,907,0.60811332280863,0
627,623,622,621,903,159,904,910,908,907,0.629815421701391,0
627,623,622,621,903,159,904,910,908,907,0.629815421701391,0
627,623,622,621,903,159,904,910,908,907,0.629815421701391,0
627,623,622,621,903,159,904,910,908,907,0.629815421701391,0
627,623,622,621,475,159,904,910,908,907,0.622612220959385,0
981,623,622,621,903,159,904,10,371,907,0.598076761817639,0
627,623,622,621,903,159,904,910,908,907,0.629815421701391,0
627,623,622,621,903,159,904,910,908,907,0.629815421701391,0
627,623,622,621,903,159,904,910,908,907,0.629815421701391,0
627,623,622,621,903,159,904,910,908,907,0.629815421701391,0
627,623,622,621,903,159,904,910,908,907,0.629815421701391,0
652,623,778,621,903,159,904,910,908,907,0.594960087318454,0
627,623,622,621,903,159,904,910,908,907,0.629815421701391,0
627,623,622,621,903,159,904,209,908,907,0.614324576348616,0
627,623,622,621,903,159,904,910,908,907,0.629815421701391,0
627,904,622,621,903,444,576,910,908,907,0.574733099805114,0
627,623,622,621,183,159,288,505,908,907,0.574028764302454,0
627,190,622,621,903,159,904,910,443,907,0.588827944072482,0
627,623,622,621,903,159,904,910,908,907,0.629815421701391,0
627,623,622,621,903,159,904,910,908,907,0.629815421701391,0
627,623,622,621,903,159,564,674,908,907,0.599788150917189,0
627,623,622,621,903,159,904,910,908,716,0.621279107497477,0
627,623,622,621,903,159,904,910,908,972,0.633727987869402,0
627,623,622,621,903,159,904,910,908,907,0.629815421701391,0
627,623,300,943,903,159,904,910,908,907,0.610494672978719,0
627,579,622,621,903,159,904,910,908,907,0.606377854934755,0
922,623,622,621,903,159,904,910,908,907,0.618380611070896,0
209,623,622,621,903,159,904,910,855,907,0.62731339998666,0
627,623,722,621,357,159,904,910,908,693,0.629199650337455,0
627,623,622,621,903,159,904,910,908,362,0.621957121674146,0
627,623,622,621,903,159,904,910,908,907,0.629815421701391,0
627,418,622,621,903,159,904,910,908,907,0.619117207539243,0
627,997,622,621,698,159,75,910,908,907,0.580214362390714,0
627,623,622,419,903,159,904,910,908,907,0.622213754112129,0
405,640,622,958,903,159,904,910,908,907,0.585012099674199,0
627,623,622,621,386,159,904,910,908,907,0.615764857958498,0
627,623,622,901,903,159,904,910,908,907,0.642270832708535,0
627,623,622,621,903,159,904,910,908,907,0.629815421701391,0
627,623,622,621,903,159,904,910,908,907,0.629815421701391,0
627,623,622,621,903,159,904,910,908,907,0.629815421701391,0
627,623,622,621,903,159,904,910,908,332,0.650420911778884,0
68,623,622,621,903,159,904,910,908,907,0.596727643177991,0
627,623,622,621,903,159,904,501,908,907,0.605019773480853,0
627,623,622,621,903,159,904,910,908,907,0.629815421701391,0
627,623,622,621,903,159,904,910,908,907,0.629815421701391,0
659,623,622,621,903,159,904,910,908,907,0.619713470142846,0
627,623,622,621,903,159,669,910,908,907,0.631934896329457,0
627,623,622,621,903,159,904,910,908,907,0.629815421701391,0
627,623,622,621,903,224,619,304,546,907,0.560572588135068,0
627,623,622,621,903,159,904,910,908,907,0.629815421701391,0
627,623,622,621,903,159,904,910,908,907,0.629815421701391,0
627,623,622,621,903,159,904,910,908,907,0.629815421701391,0
317,168,622,811,903,542,904,975,908,907,0.547988745307047,0
627,623,622,621,903,159,904,910,908,907,0.629815421701391,0
627,623,622,621,903,159,904,910,908,907,0.629815421701391,0
627,623,622,621,3,159,904,910,908,907,0.632653740365158,0
627,623,622,621,903,159,904,910,908,907,0.629815421701391,0
740,623,622,621,903,159,904,910,908,907,0.59414095311704,0
627,623,844,621,903,159,904,910,908,907,0.618039899863356,0
627,623,755,621,903,159,904,910,908,907,0.620689603195902,0
627,623,622,621,903,159,904,910,908,511,0.629767480628018,0
627,271,622,621,903,159,904,910,908,907,0.586548203574178,0
