781,941,907,814,275,773,31,273,683,452,0.617460458967146,0.717934090522071
941,942,861,586,741,452,746,126,805,347,0.637083407208235,0.71422702639425
140,943,941,42,293,195,10,599,614,193,0.584569512971505,0.745575416426089
942,944,384,941,349,89,917,987,781,475,0.591383939199214,0.729749931074644
943,945,942,855,129,941,926,555,986,939,0.561935215217382,0.77614911550585
944,243,943,942,941,559,5,925,425,617,0.595425059056487,0.758038902241178
945,946,944,943,942,901,941,666,700,749,0.575595407400287,0.701400531244463
49,574,544,944,943,942,333,941,845,252,0.557322280859502,0.813535952511698
946,144,945,577,944,943,942,57,941,923,0.568733875455893,0.757794996013667
947,113,946,945,60,324,943,958,942,941,0.592279906664784,0.764093736264266
948,947,954,757,945,944,41,942,943,389,0.609507443791324,0.729452671618066
949,948,947,946,766,945,944,943,809,942,0.599826373593845,0.826039664807975
829,948,513,946,555,945,944,164,649,942,0.536293978562996,0.826039664807975
949,562,947,499,355,946,945,943,944,876,0.601756564744933,0.791521886120771
950,862,948,947,946,848,459,944,27,943,0.58448371629326,0.722752961677771
949,359,130,948,947,453,946,945,282,944,0.579999352066296,0.801032240215422
491,949,84,228,948,947,46,946,945,912,0.571622276376609,0.788528527919146
492,950,949,585,814,948,947,44,946,945,0.55403582336181,0.792596907409569
493,491,950,113,949,763,948,947,540,946,0.595863548709465,0.780846878541742
494,492,947,867,130,949,148,699,785,603,0.611063200952376,0.680667412567295
495,493,491,949,950,479,261,948,947,504,0.622793911470001,0.813535952511698
495,493,491,949,950,386,568,948,947,334,0.604188471491364,0.813535952511698
495,493,491,949,950,923,671,948,947,787,0.602831725326845,0.756869964690422
496,494,492,950,16,170,949,63,948,947,0.60926562374054,0.801032240215422
496,494,492,950,535,347,907,949,498,948,0.614166614110693,0.801032240215422
496,494,492,950,986,559,236,361,949,854,0.622416519365399,0.801032240215422
496,494,492,950,986,505,258,931,949,868,0.6103502964877,0.755783330091508
497,495,493,949,950,904,162,414,854,804,0.599541681353665,0.744534823167293
498,496,494,491,106,527,759,950,882,949,0.612557844090153,0.713239274256039
499,497,495,107,491,950,718,414,728,279,0.616331126363066,0.734833124031606
704,498,496,492,389,491,950,949,958,66,0.599259640012126,0.706513573903894
500,499,497,493,492,332,306,943,950,898,0.614032483873911,0.754135049114922
495,500,498,494,493,492,949,94,948,950,0.622434777272005,0.761812451570995
496,493,499,495,494,791,491,948,498,759,0.638950201121832,0.766514461528218
496,493,500,101,495,563,492,948,498,77,0.596224646230301,0.788528527919146
949,494,499,496,478,493,866,491,947,948,0.631009093878777,0.726746338010357
891,376,491,497,496,494,493,909,459,947,0.635806580212449,0.729438057175009
892,891,492,498,497,410,494,460,491,748,0.587185733113234,0.778977947343307
893,892,891,158,498,495,476,492,309,491,0.552876115744066,0.826039664807975
894,893,764,500,499,496,495,493,492,52,0.624140664617839,0.779018173824494
894,893,892,950,500,497,496,494,493,863,0.624524184455437,0.801032240215422
894,893,892,950,500,497,496,494,493,492,0.590835051305657,0.801032240215422
156,893,892,950,500,497,496,494,493,289,0.606584191336263,0.767589482817017
894,388,893,495,494,202,497,9,452,493,0.607974626804106,0.737497781545264
895,634,894,500,499,498,191,495,494,233,0.61805724510409,0.731996682841014
711,894,717,950,840,499,498,496,460,494,0.604611151524592,0.726746338010357
896,895,773,891,350,500,499,497,495,579,0.593591828357981,0.671841946951806
897,896,895,892,891,496,500,498,328,495,0.597722926161877,0.788528527919146
898,897,896,893,892,946,491,499,496,736,0.622649454083932,0.754010749231942
899,898,897,894,893,891,495,500,497,496,0.659334026795008,0.801032240215422
899,898,897,894,893,891,495,500,497,496,0.659334026795008,0.801032240215422
899,898,532,894,893,891,495,500,497,496,0.639995684625651,0.801032240215422
899,898,897,894,893,891,495,860,497,496,0.658687233053177,0.762869010949504
899,898,897,894,893,891,495,500,497,496,0.659334026795008,0.801032240215422
899,898,897,894,893,891,495,500,497,754,0.640424404222549,0.780093195113293
899,21,897,894,893,891,495,469,497,549,0.635635572905243,0.765321538153285
899,898,897,523,893,891,495,500,497,496,0.66971849450647,0.801032240215422
899,898,897,894,893,891,844,500,497,496,0.657214106830016,0.788528527919146
899,898,427,894,893,243,495,500,696,496,0.626490365283403,0.766504029089319
899,898,897,894,893,891,81,500,497,496,0.648220594641896,0.801032240215422
899,803,897,894,893,891,495,500,497,496,0.649629648752814,0.788528527919146
899,898,897,894,414,891,495,500,497,496,0.646349657038538,0.801032240215422
899,898,897,894,893,891,495,500,497,496,0.659334026795008,0.801032240215422
899,898,897,894,893,891,495,500,497,496,0.659334026795008,0.801032240215422
899,898,897,894,893,891,495,500,497,496,0.659334026795008,0.801032240215422
899,898,897,894,893,891,495,500,497,496,0.659334026795008,0.801032240215422
899,898,897,894,893,891,495,500,497,910,0.636858806060234,0.772700416964915
899,898,897,894,444,649,367,500,497,496,0.658224648107373,0.801032240215422
899,898,897,894,893,163,495,500,497,496,0.675893617728893,0.801032240215422
899,898,897,894,893,960,495,500,497,496,0.656502670446926,0.801032240215422
899,898,897,894,893,891,495,500,497,496,0.659334026795008,0.801032240215422
899,898,959,894,893,891,705,500,497,496,0.649400049802164,0.784279097937947
899,898,897,894,937,891,495,500,497,496,0.645931650887104,0.788528527919146
899,898,897,894,893,219,495,500,497,496,0.655738040482693,0.801032240215422
899,898,897,894,893,891,495,500,497,496,0.659334026795008,0.801032240215422
899,898,897,894,893,891,495,500,497,496,0.659334026795008,0.801032240215422
899,898,897,894,893,891,495,500,497,496,0.659334026795008,0.801032240215422
899,898,644,894,893,891,495,84,497,496,0.641238198359469,0.813535952511698
899,898,897,894,893,891,495,500,497,496,0.659334026795008,0.801032240215422
778,898,897,237,893,744,495,500,497,496,0.659532453055647,0.759271673345395
899,898,897,894,893,891,495,500,122,496,0.647739907871528,0.801032240215422
899,898,897,894,893,891,495,500,497,355,0.642230205954987,0.813535952511698
60,898,897,894,91,891,495,500,497,496,0.659762703186378,0.744920611752651
899,898,897,894,893,891,495,460,497,496,0.64227989488379,0.813535952511698
899,617,897,894,893,891,495,500,497,496,0.645814878565682,0.766474235047031
899,898,897,737,893,163,495,500,497,496,0.668853882228147,0.749987582295901
899,898,419,894,893,891,341,541,497,496,0.642867849773149,0.813535952511698
899,898,897,618,414,891,495,190,497,548,0.611352728129736,0.778977947343307
162,898,897,894,121,891,495,500,497,226,0.632340955506951,0.766589116039409
899,898,897,894,893,891,213,500,497,496,0.659637642515983,0.766474235047031
562,898,897,894,893,891,495,500,497,496,0.666695181964113,0.788528527919146
899,898,897,894,893,686,495,500,497,496,0.652918679098568,0.788528527919146
899,898,897,894,862,891,495,500,497,498,0.619255479386936,0.813535952511698
899,898,897,894,893,891,495,500,497,496,0.659334026795008,0.801032240215422
899,898,897,894,893,891,495,500,497,692,0.641036161290041,0.813535952511698
899,898,897,894,893,891,495,500,497,496,0.659334026795008,0.801032240215422
899,898,897,894,893,891,495,500,497,496,0.659334026795008,0.801032240215422
899,898,897,491,974,891,495,500,497,496,0.663684784594,0.801032240215422
899,898,897,894,893,891,495,500,747,496,0.642410288267951,0.801032240215422
437,898,897,894,306,899,495,500,497,496,0.658385980311294,0.801032240215422
899,898,897,894,891,783,495,500,497,496,0.657852154102723,0.771775385641671
899,898,897,894,893,891,495,500,130,496,0.645221645888295,0.801032240215422
899,898,897,894,893,891,495,709,861,496,0.674648465163755,0.781854615015086
77,898,897,894,893,891,495,500,497,496,0.656681400156847,0.801032240215422
899,898,897,894,893,891,117,500,497,496,0.664251950704025,0.801032240215422
899,898,897,894,893,891,495,500,497,496,0.659334026795008,0.801032240215422
899,898,897,894,893,891,495,500,497,496,0.659334026795008,0.801032240215422
899,898,897,894,893,891,495,500,497,496,0.659334026795008,0.801032240215422
899,898,897,894,893,891,495,295,497,496,0.653680321731149,0.813535952511698
899,898,897,894,893,891,495,500,497,496,0.659334026795008,0.801032240215422
899,898,897,894,893,891,495,500,497,496,0.659334026795008,0.801032240215422
812,898,897,894,893,891,495,500,497,496,0.657748423834187,0.801032240215422
59,898,897,894,893,891,495,500,411,496,0.643504815567462,0.801032240215422
899,898,897,894,893,891,495,500,497,496,0.659334026795008,0.801032240215422
899,898,897,894,893,891,495,500,949,496,0.648266259632413,0.801032240215422
899,898,897,894,893,891,495,500,497,976,0.639658033641266,0.801032240215422
899,898,897,894,893,891,495,500,497,496,0.659334026795008,0.801032240215422
899,513,897,894,893,891,495,500,497,496,0.644304154361296,0.801032240215422
899,898,897,894,893,891,495,312,497,496,0.652793854145422,0.813535952511698
899,898,897,894,893,891,495,500,497,496,0.659334026795008,0.801032240215422
899,898,897,894,893,891,495,500,497,496,0.659334026795008,0.801032240215422
899,898,897,894,893,891,495,500,374,496,0.636199073042697,0.801032240215422
964,898,897,894,893,891,495,500,497,496,0.66795167423187,0.801032240215422
899,898,897,894,893,891,495,500,946,496,0.635767554327632,0.801032240215422
899,898,897,894,893,891,495,500,717,496,0.644468581667988,0.788528527919146
899,898,897,894,893,891,495,500,497,496,0.659334026795008,0.801032240215422
899,898,897,894,893,891,415,500,474,496,0.6227685998895,0.705024629782616
899,374,897,894,893,891,495,993,497,496,0.63784689181966,0.781854615015086
899,625,897,894,893,891,495,500,275,496,0.651434702025462,0.771775385641671
899,898,897,894,893,891,495,500,497,496,0.659334026795008,0.801032240215422
899,898,897,894,893,891,495,500,497,496,0.659334026795008,0.801032240215422
899,898,521,894,893,891,495,500,170,496,0.634134618394366,0.801032240215422
899,898,897,894,893,891,495,500,497,496,0.659334026795008,0.801032240215422
210,940,897,894,893,891,495,500,497,496,0.655321026226494,0.766589116039409
899,898,897,894,695,891,929,500,497,11,0.603467389721703,0.755085770520741
899,898,897,894,893,891,424,500,497,496,0.655409778239268,0.788528527919146
899,898,897,894,893,891,38,500,497,496,0.669311421868042,0.801032240215422
899,898,897,40,893,324,495,500,497,496,0.663604059512092,0.801032240215422
899,898,897,894,893,891,495,500,497,174,0.623599283228148,0.813535952511698
899,898,897,894,893,891,495,446,497,496,0.671786555944346,0.813535952511698
899,898,897,894,893,891,495,500,497,496,0.659334026795008,0.801032240215422
899,898,754,894,893,891,495,500,497,496,0.641193881922456,0.780093195113293
899,898,897,894,893,891,495,500,497,496,0.659334026795008,0.801032240215422
899,898,897,894,893,891,495,500,497,496,0.659334026795008,0.801032240215422
899,898,731,894,893,891,495,500,497,496,0.638994853960398,0.801032240215422
899,898,897,894,893,891,495,500,497,496,0.659334026795008,0.801032240215422
899,898,897,894,893,109,495,500,297,496,0.644203589096823,0.788528527919146
899,898,897,894,893,891,495,500,497,496,0.659334026795008,0.801032240215422
899,898,897,894,893,891,495,379,497,496,0.650634632059399,0.781854615015086
899,898,897,116,803,891,495,500,497,496,0.659403527290795,0.788528527919146
899,898,897,894,893,891,900,500,641,496,0.669961697666647,0.801032240215422
899,898,897,894,893,891,495,500,497,496,0.659334026795008,0.801032240215422
899,898,897,894,893,891,495,500,497,496,0.659334026795008,0.801032240215422
899,898,897,894,893,891,495,72,728,496,0.647735768297821,0.788528527919146
899,898,897,894,893,891,495,239,497,496,0.644894719581426,0.813535952511698
899,898,897,747,893,891,495,500,497,496,0.660884043939079,0.801032240215422
899,898,897,894,893,20,495,500,497,496,0.658071673136068,0.801032240215422
899,898,695,894,893,891,495,500,497,496,0.634242315123035,0.801032240215422
899,898,897,894,893,891,495,782,497,951,0.59338995215303,0.782791919461125
899,898,190,894,893,891,863,500,497,619,0.626576839698383,0.813535952511698
899,898,897,894,893,552,23,500,497,496,0.654477702220385,0.801032240215422
899,898,897,894,893,891,495,500,583,826,0.605058747744453,0.780093195113293
899,898,897,894,893,891,495,500,497,496,0.659334026795008,0.801032240215422
899,898,897,894,893,891,495,500,497,496,0.659334026795008,0.801032240215422
899,898,897,894,893,891,495,928,146,496,0.634074213755907,0.780093195113293
899,898,897,894,893,431,495,500,497,496,0.665166987607073,0.801032240215422
899,898,897,894,893,891,495,500,369,496,0.654057610673003,0.801032240215422
38,898,897,894,893,57,495,500,497,496,0.671788289458325,0.760196704668639
899,898,897,894,893,891,495,500,497,496,0.659334026795008,0.801032240215422
899,898,897,894,893,891,495,500,497,496,0.659334026795008,0.801032240215422
899,898,897,894,893,891,495,500,497,496,0.659334026795008,0.801032240215422
899,849,897,894,893,891,495,500,497,496,0.653322154581622,0.788528527919146
899,898,897,894,893,117,495,714,497,496,0.660859427258057,0.801032240215422
899,495,897,894,893,891,870,500,497,496,0.64461045169535,0.767589482817017
881,898,223,894,209,891,495,709,497,496,0.634619350607396,0.742634826370659
982,898,897,894,893,891,495,121,497,496,0.670216685216956,0.801032240215422
899,898,897,894,893,882,495,500,497,496,0.658296340438956,0.788528527919146
899,898,897,894,893,891,495,500,497,496,0.659334026795008,0.801032240215422
899,898,897,894,893,891,339,500,497,496,0.656253902571738,0.801032240215422
899,215,897,717,893,891,495,500,497,496,0.643642020495936,0.77602481562287
899,898,897,894,893,891,495,500,497,496,0.659334026795008,0.801032240215422
899,898,897,894,893,891,495,165,497,496,0.647844735073912,0.813535952511698
899,189,897,894,893,891,495,500,497,496,0.642387802136748,0.801032240215422
899,898,897,894,893,891,495,500,497,496,0.659334026795008,0.801032240215422
899,898,897,894,893,891,790,500,497,496,0.64519207512045,0.76935090271881
899,898,542,894,893,891,495,500,497,496,0.653572018581701,0.813535952511698
899,898,897,894,893,891,495,500,497,496,0.659334026795008,0.801032240215422
899,898,897,894,789,891,495,500,497,496,0.655308786882638,0.767589482817017
899,898,610,894,349,251,495,500,497,496,0.6319835329895,0.756366303562968
899,898,897,894,893,891,495,500,497,496,0.659334026795008,0.801032240215422
899,898,897,894,893,891,495,500,497,496,0.659334026795008,0.801032240215422
899,898,897,894,893,891,495,500,497,496,0.659334026795008,0.801032240215422
899,898,897,894,893,891,562,500,497,496,0.661343085744218,0.788528527919146
899,898,897,894,893,891,495,500,497,496,0.659334026795008,0.801032240215422
899,898,897,894,893,891,495,500,497,496,0.659334026795008,0.801032240215422
899,898,897,894,94,891,495,828,497,496,0.675892347214427,0.761812451570995
899,898,897,894,893,204,495,500,497,496,0.661792861984647,0.758004549242297
899,898,897,894,893,918,495,500,497,496,0.659635879638453,0.788528527919146
899,898,897,894,893,891,495,500,497,496,0.659334026795008,0.801032240215422
899,898,897,894,893,891,495,500,497,496,0.659334026795008,0.801032240215422
899,572,142,894,893,891,495,753,497,496,0.618212807389547,0.760481421830595
899,898,897,894,337,891,495,500,497,496,0.646385199573991,0.801032240215422
899,898,897,894,893,891,112,500,497,496,0.66551305659574,0.744920611752651
899,898,897,894,893,891,495,500,497,496,0.659334026795008,0.801032240215422
899,898,897,894,893,891,495,500,497,496,0.659334026795008,0.801032240215422
899,898,897,894,893,891,495,500,497,496,0.659334026795008,0.801032240215422
899,959,897,894,893,891,495,835,497,496,0.656076926800833,0.813535952511698
899,87,897,894,893,891,495,500,497,496,0.636783852282679,0.801032240215422
899,898,897,894,893,891,495,500,57,496,0.637346322499796,0.760196704668639
899,898,897,894,893,891,495,500,497,496,0.659334026795008,0.801032240215422
899,898,897,894,893,891,783,354,755,496,0.646643450710909,0.759271673345395
899,898,897,894,893,891,495,500,420,496,0.641612925246694,0.788528527919146
899,898,897,894,893,891,495,500,382,496,0.643178103736536,0.788528527919146
899,898,897,894,893,891,495,500,536,496,0.65101191133289,0.801032240215422
899,898,897,894,893,891,495,500,497,496,0.659334026795008,0.801032240215422
899,898,897,894,893,891,495,29,105,496,0.638148151676366,0.813535952511698
899,898,897,894,893,891,495,500,497,496,0.659334026795008,0.801032240215422
899,898,897,894,893,891,495,500,497,171,0.632946628485214,0.813535952511698
899,898,614,894,893,891,495,500,497,496,0.634102936081298,0.779018173824494
582,898,897,894,893,86,495,500,497,496,0.688830607007628,0.755085770520741
899,898,897,894,55,891,495,500,497,496,0.636541307584301,0.766514461528218
899,898,897,894,621,891,495,500,497,496,0.654955225979205,0.766474235047031
899,898,897,894,893,891,495,500,497,496,0.659334026795008,0.801032240215422
899,898,897,894,893,891,495,500,497,496,0.659334026795008,0.801032240215422
370,898,897,410,893,891,495,500,497,496,0.666754393954049,0.756847190422534
899,898,897,894,893,17,495,500,497,496,0.656228825348217,0.801032240215422
899,898,897,894,375,891,495,500,497,496,0.653233907450555,0.744920611752651
899,898,897,894,975,891,495,500,497,35,0.65364751894454,0.760776087425741
899,898,897,894,893,567,495,500,497,496,0.650753636360397,0.801032240215422
899,898,897,883,330,631,495,500,497,108,0.645879306043546,0.747121831888057
899,898,897,168,893,891,495,500,497,496,0.656570692185207,0.801032240215422
899,898,897,894,893,891,495,500,497,496,0.659334026795008,0.801032240215422
899,898,897,894,893,891,495,500,497,496,0.659334026795008,0.801032240215422
899,898,897,894,893,891,495,500,497,496,0.659334026795008,0.801032240215422
899,898,897,894,893,891,308,500,497,496,0.668134122004465,0.801032240215422
899,898,897,894,893,891,495,500,497,496,0.659334026795008,0.801032240215422
899,898,897,894,893,891,495,500,497,496,0.659334026795008,0.801032240215422
899,898,897,894,893,891,495,500,497,496,0.659334026795008,0.801032240215422
598,898,897,894,893,891,495,500,497,496,0.670870134808483,0.801032240215422
899,898,897,894,893,891,876,500,497,881,0.641756258303137,0.813535952511698
899,898,897,894,637,891,495,500,497,496,0.650666480445142,0.771775385641671
899,898,897,894,893,891,495,500,497,74,0.633352871436236,0.772700416964915
899,898,897,894,893,891,495,500,497,496,0.659334026795008,0.801032240215422
899,898,897,894,893,891,495,500,497,496,0.659334026795008,0.801032240215422
899,898,897,894,893,891,495,500,497,496,0.659334026795008,0.801032240215422
899,898,897,894,893,382,495,445,497,496,0.646539156391068,0.801032240215422
899,898,707,894,893,891,967,500,497,709,0.625464423590976,0.781854615015086
899,608,897,894,893,891,495,500,497,496,0.652856686014552,0.76935090271881
899,898,897,894,121,891,495,500,497,496,0.653201516857442,0.788528527919146
899,898,897,894,893,891,495,500,792,496,0.646873757253604,0.801032240215422
899,898,897,894,893,891,495,500,497,496,0.659334026795008,0.801032240215422
899,898,897,894,893,586,495,500,497,496,0.661220421744483,0.749714378975857
899,898,897,894,893,891,772,500,659,496,0.635211292889898,0.771775385641671
899,898,897,894,892,891,153,500,497,496,0.659408613293231,0.767589482817017
899,898,171,894,893,891,495,500,497,227,0.611055390343913,0.785488846423147
899,898,897,894,830,891,495,500,497,496,0.657432574246626,0.801032240215422
899,898,328,894,893,891,495,500,497,496,0.628186279429747,0.813535952511698
56,898,897,894,893,891,495,500,497,496,0.665961588664632,0.76935090271881
899,898,897,894,893,891,495,500,497,496,0.659334026795008,0.801032240215422
899,898,897,894,893,891,570,642,497,758,0.627007881856819,0.796782810234223
365,898,897,894,893,891,495,500,497,496,0.662327093456894,0.801032240215422
899,898,897,894,893,891,495,500,497,515,0.638419930973042,0.779018173824494
899,898,411,894,820,891,495,500,8,496,0.61020459716145,0.788528527919146
899,898,897,894,893,891,495,500,497,496,0.659334026795008,0.801032240215422
623,898,897,894,893,891,495,500,497,496,0.670728656897931,0.754166215378778
899,898,897,894,893,891,495,500,497,496,0.659334026795008,0.801032240215422
899,898,897,894,893,133,495,903,497,496,0.659251335356734,0.801032240215422
899,898,897,894,893,891,495,500,497,125,0.616703110177782,0.813535952511698
899,898,268,894,893,891,495,500,497,496,0.647409749033464,0.813535952511698
899,898,897,894,893,891,495,500,497,496,0.659334026795008,0.801032240215422
899,898,897,894,893,891,495,500,497,496,0.659334026795008,0.801032240215422
899,10,897,894,893,891,495,500,497,496,0.648470423427949,0.801032240215422
899,898,897,894,893,514,495,500,558,496,0.64199767671691,0.801032240215422
694,898,897,894,893,891,495,500,497,496,0.661110894505162,0.801032240215422
899,688,897,894,893,891,495,500,497,496,0.648111638501133,0.801032240215422
899,898,897,894,893,891,495,298,497,496,0.640949053831622,0.813535952511698
899,898,897,894,161,891,495,500,497,179,0.618146564559643,0.813535952511698
899,898,897,894,893,891,495,500,497,496,0.659334026795008,0.801032240215422
899,898,897,894,893,891,159,500,497,496,0.657697480102123,0.744920611752651
899,898,897,894,893,891,495,500,497,496,0.659334026795008,0.801032240215422
899,898,552,894,893,891,495,500,497,496,0.640340568094515,0.813535952511698
899,898,897,894,893,891,495,500,497,978,0.647614688461109,0.813535952511698
899,898,897,894,893,891,495,500,497,527,0.641538696237913,0.757424324048927
899,898,897,894,893,891,495,500,497,496,0.659334026795008,0.801032240215422
899,898,466,894,893,891,495,500,497,496,0.640232550065554,0.813535952511698
899,898,897,894,893,260,60,500,497,480,0.642468098176237,0.773623106967897
899,898,897,894,43,891,495,582,497,496,0.671416840816398,0.767589482817017
899,898,171,894,893,891,495,500,497,496,0.633387823356838,0.813535952511698
456,524,897,894,893,891,495,500,497,496,0.660761684771925,0.801032240215422
899,898,897,894,893,891,131,500,497,496,0.663182906448244,0.761812451570995
899,898,897,894,893,891,495,500,497,496,0.659334026795008,0.801032240215422
899,898,897,894,22,891,495,500,497,496,0.647438411386516,0.801032240215422
899,898,897,855,893,896,495,500,497,496,0.658014116846453,0.77602481562287
899,898,897,894,893,891,495,500,497,496,0.659334026795008,0.801032240215422
899,898,897,894,893,47,495,500,497,496,0.665166987607073,0.801032240215422
899,898,897,894,893,891,495,500,497,496,0.659334026795008,0.801032240215422
899,898,897,894,893,891,495,500,497,496,0.659334026795008,0.801032240215422
899,898,897,894,893,891,495,500,497,496,0.659334026795008,0.801032240215422
899,898,438,894,893,891,495,500,497,496,0.650714301059144,0.778977947343307
899,898,897,823,893,891,495,500,497,496,0.659629622365954,0.788528527919146
899,898,897,894,893,891,495,500,497,496,0.659334026795008,0.801032240215422
899,898,897,894,893,715,709,500,497,496,0.657269837831904,0.737669565222198
899,898,897,894,893,891,495,733,497,496,0.641913843488543,0.813535952511698
899,898,840,894,893,891,495,500,710,496,0.631705288955169,0.736380991987988
899,898,897,894,893,891,495,500,497,496,0.659334026795008,0.801032240215422
899,898,554,879,893,960,495,500,497,496,0.635398759335595,0.801032240215422
675,898,424,894,893,891,495,500,497,496,0.636478358408984,0.788528527919146
899,898,897,278,893,891,495,500,497,496,0.665357614121555,0.801032240215422
899,898,897,894,893,891,495,500,497,496,0.659334026795008,0.801032240215422
899,898,897,894,893,891,495,500,156,496,0.647158665214275,0.767589482817017
899,898,897,894,893,756,495,500,497,496,0.663388767480694,0.801032240215422
82,898,897,67,893,203,303,500,497,496,0.67274863768777,0.714250234973958
899,898,897,894,893,891,495,500,497,496,0.659334026795008,0.801032240215422
899,898,897,894,893,891,495,500,497,446,0.661607024180392,0.813535952511698
899,898,897,894,893,891,495,500,497,496,0.659334026795008,0.801032240215422
754,898,897,894,893,891,495,500,497,496,0.664241352773466,0.767589482817017
899,68,897,894,893,631,458,500,205,496,0.626489078368984,0.734618119591781
481,898,897,894,893,891,146,500,497,496,0.652663488847618,0.801032240215422
899,898,897,16,893,891,495,500,497,496,0.664798715085783,0.801032240215422
899,898,897,532,893,891,495,500,497,496,0.662822844349911,0.788528527919146
899,898,897,894,893,901,495,500,540,496,0.654887103410614,0.758741385710717
452,898,561,894,893,891,495,500,497,496,0.644653836398869,0.753041175337539
899,343,965,894,893,891,495,962,497,496,0.639033954480991,0.826039664807975
995,898,897,411,893,562,495,500,497,496,0.669136922638753,0.77602481562287
899,898,897,894,105,891,495,500,497,496,0.65634741312738,0.801032240215422
899,898,897,894,893,891,495,500,515,496,0.645828057031216,0.766514461528218
899,898,897,894,735,891,495,500,497,496,0.646004788027909,0.801032240215422
899,898,897,372,893,698,495,500,497,496,0.65184181216792,0.756847190422534
899,898,897,894,893,891,495,500,497,496,0.659334026795008,0.801032240215422
899,898,897,894,893,891,495,500,497,496,0.659334026795008,0.801032240215422
899,898,897,894,893,891,495,500,497,496,0.659334026795008,0.801032240215422
899,239,897,894,893,891,495,500,497,496,0.644232346443438,0.801032240215422
899,898,897,894,789,891,495,500,497,496,0.655308786882638,0.767589482817017
899,787,564,894,893,891,495,500,497,496,0.630871237658278,0.771775385641671
899,898,897,894,893,891,495,500,497,496,0.659334026795008,0.801032240215422
899,507,897,894,893,891,495,500,497,496,0.653667194056688,0.755668976775037
899,898,897,894,893,891,495,500,497,496,0.659334026795008,0.801032240215422
899,898,897,693,893,891,495,500,497,496,0.662816460111994,0.788528527919146
899,898,126,894,893,891,495,500,497,496,0.6326678560349,0.813535952511698
899,898,897,894,893,891,495,500,642,496,0.65469424279886,0.801032240215422
899,898,897,894,893,891,495,500,497,496,0.659334026795008,0.801032240215422
120,898,897,894,893,891,495,500,497,496,0.657626777370052,0.801032240215422
899,898,897,894,893,891,495,500,497,496,0.659334026795008,0.801032240215422
899,898,897,894,893,891,495,500,497,496,0.659334026795008,0.801032240215422
899,898,897,894,893,891,495,500,167,496,0.64790563637708,0.801032240215422
899,898,897,894,893,891,102,193,497,496,0.658028654365773,0.780093195113293
769,898,897,894,893,891,495,500,980,496,0.658576283864213,0.788528527919146
899,898,897,894,893,891,495,500,497,496,0.659334026795008,0.801032240215422
899,898,897,894,893,891,712,303,516,496,0.625712855483297,0.801032240215422
899,898,897,894,893,891,495,500,497,496,0.659334026795008,0.801032240215422
899,898,897,894,893,891,495,500,307,496,0.645230317301988,0.801032240215422
899,898,897,894,893,891,495,500,497,496,0.659334026795008,0.801032240215422
899,898,897,894,893,891,495,500,595,496,0.644612281131944,0.788528527919146
899,898,897,894,893,891,495,500,497,496,0.659334026795008,0.801032240215422
802,898,897,894,893,962,495,500,497,496,0.668579561514073,0.788528527919146
3,898,897,894,893,891,495,500,497,496,0.660984015479493,0.766589116039409
827,898,897,34,893,891,495,391,497,496,0.653009342462038,0.766587265079776
899,898,897,894,893,891,495,500,497,496,0.659334026795008,0.801032240215422
899,898,462,894,893,891,495,354,497,496,0.627105443037524,0.801032240215422
899,898,735,894,503,891,495,500,497,496,0.630705791548141,0.784279097937947
899,898,897,894,893,891,495,500,497,496,0.659334026795008,0.801032240215422
899,898,897,894,893,891,495,500,497,496,0.659334026795008,0.801032240215422
899,898,897,894,893,891,126,500,497,496,0.650262868065653,0.801032240215422
90,898,210,894,893,891,495,500,458,496,0.616238665532454,0.766589116039409
899,898,897,894,893,891,495,500,497,496,0.659334026795008,0.801032240215422
899,898,897,894,893,891,495,500,497,496,0.659334026795008,0.801032240215422
899,898,897,629,893,712,495,500,497,496,0.646792100222958,0.801032240215422
589,898,897,894,893,891,495,500,497,496,0.658151605922372,0.767589482817017
899,898,897,894,893,891,495,500,497,496,0.659334026795008,0.801032240215422
899,898,897,894,893,370,495,500,497,496,0.663178421823869,0.76935090271881
899,898,897,894,893,891,495,500,497,496,0.659334026795008,0.801032240215422
899,898,897,894,893,891,495,538,497,496,0.660864260633993,0.813535952511698
899,898,897,894,893,891,495,500,497,496,0.659334026795008,0.801032240215422
899,223,897,894,893,891,495,500,497,496,0.641306667433247,0.788528527919146
899,898,897,894,893,891,495,500,778,496,0.637517919935288,0.771775385641671
899,898,897,894,893,891,495,365,497,496,0.651022580173048,0.813535952511698
899,898,897,894,893,891,495,500,497,496,0.659334026795008,0.801032240215422
899,898,897,301,893,208,495,500,497,496,0.661183040074436,0.724561791843891
899,898,467,894,118,891,495,500,497,496,0.627342178166819,0.801032240215422
899,898,897,894,893,533,495,500,497,496,0.664962043231762,0.801032240215422
899,898,897,894,893,891,495,500,497,496,0.659334026795008,0.801032240215422
478,898,897,894,893,891,495,500,497,914,0.65236323163926,0.733999705475975
899,898,897,870,893,891,495,500,487,496,0.63600541370781,0.767589482817017
899,898,897,894,893,891,543,635,497,950,0.642412703021225,0.813535952511698
899,898,897,894,893,109,495,500,497,496,0.658024320888771,0.788528527919146
899,398,897,894,893,891,495,500,497,496,0.656659344530065,0.801032240215422
899,898,897,894,22,956,495,882,497,496,0.641907823086641,0.801032240215422
899,898,897,894,893,891,495,500,497,496,0.659334026795008,0.801032240215422
899,898,897,894,893,475,495,500,497,496,0.662000044142659,0.788528527919146
899,898,897,894,893,891,495,500,277,177,0.621851691247856,0.813535952511698
372,898,897,894,893,891,495,500,497,496,0.654742462258113,0.76935090271881
899,898,897,894,893,891,983,500,497,496,0.665616548682664,0.801032240215422
899,898,897,894,893,891,495,500,497,496,0.659334026795008,0.801032240215422
899,898,897,894,893,891,495,500,497,496,0.659334026795008,0.801032240215422
929,898,897,894,893,891,495,750,497,496,0.663151266775568,0.780093195113293
899,898,897,894,893,891,495,500,497,423,0.639560660750703,0.801032240215422
899,898,897,894,893,891,495,500,497,496,0.659334026795008,0.801032240215422
899,898,897,894,893,891,495,500,497,492,0.631308593110438,0.813535952511698
692,898,897,894,893,891,215,500,497,496,0.652217963658709,0.788528527919146
899,898,897,894,893,891,495,500,497,496,0.659334026795008,0.801032240215422
899,898,897,894,893,891,495,843,497,496,0.658358251222827,0.813535952511698
899,898,897,894,893,891,495,500,497,496,0.659334026795008,0.801032240215422
899,898,897,894,893,891,495,500,497,496,0.659334026795008,0.801032240215422
899,898,771,894,893,891,253,278,467,496,0.616412654929461,0.749714378975857
899,898,897,894,944,891,495,500,127,152,0.60689782465424,0.813535952511698
899,898,897,420,893,891,495,500,497,496,0.656525215012935,0.788528527919146
899,898,897,894,893,891,101,500,497,496,0.651971509044819,0.801032240215422
899,898,897,894,893,992,495,500,497,953,0.656958580027154,0.813535952511698
899,411,897,894,893,891,495,500,497,496,0.641426205396023,0.801032240215422
899,898,897,894,893,891,495,500,497,496,0.659334026795008,0.801032240215422
899,898,897,894,893,357,495,500,497,997,0.642938011327554,0.801032240215422
899,898,984,894,893,891,495,500,497,496,0.642590770344809,0.813535952511698
899,898,897,121,893,891,495,500,497,496,0.661016725545871,0.788528527919146
899,898,897,894,893,891,495,500,399,496,0.645389465599905,0.788528527919146
899,898,897,894,893,891,495,500,497,496,0.659334026795008,0.801032240215422
899,898,897,894,893,891,756,500,497,496,0.662168547771182,0.801032240215422
899,563,897,894,893,891,348,500,497,496,0.619524177105173,0.77602481562287
899,898,897,894,893,891,495,500,497,844,0.639187396603803,0.801032240215422
211,898,897,894,893,891,495,500,497,496,0.66050637931533,0.767589482817017
899,898,897,894,893,891,495,500,497,496,0.659334026795008,0.801032240215422
899,898,982,894,893,891,495,500,497,536,0.629532167142965,0.826039664807975
899,898,897,894,893,891,495,500,497,496,0.659334026795008,0.801032240215422
899,340,897,894,893,891,495,500,497,496,0.643628623837755,0.801032240215422
725,898,897,894,893,891,495,500,497,496,0.660105369427219,0.801032240215422
899,898,141,894,893,891,319,500,133,496,0.605840894929592,0.733640200656673
899,898,897,894,893,891,495,500,143,496,0.649820265446877,0.76935090271881
899,898,897,894,893,891,495,500,497,496,0.659334026795008,0.801032240215422
707,898,897,894,893,891,495,500,497,496,0.663313118100197,0.788528527919146
899,898,897,894,893,891,859,500,497,496,0.653812342789787,0.744920611752651
899,898,897,894,893,891,495,557,497,496,0.641128540781237,0.778977947343307
899,898,838,894,893,891,495,500,497,496,0.641082006610356,0.813535952511698
899,898,897,894,893,891,495,500,497,496,0.659334026795008,0.801032240215422
899,898,897,848,893,891,495,500,497,496,0.647206272307956,0.760196704668639
899,898,897,894,893,891,495,500,497,496,0.659334026795008,0.801032240215422
899,898,897,894,893,891,495,500,497,496,0.659334026795008,0.801032240215422
899,898,897,496,893,891,495,500,497,701,0.659652284761193,0.766514461528218
899,898,897,59,821,891,495,500,497,496,0.64253603008409,0.801032240215422
899,898,897,894,633,891,495,500,497,482,0.63283977395612,0.784279097937947
899,232,897,894,893,891,495,500,497,496,0.655846540776085,0.788528527919146
899,898,897,894,893,891,495,500,497,496,0.659334026795008,0.801032240215422
899,898,897,894,893,891,495,316,497,496,0.636828020542546,0.813535952511698
899,968,897,894,893,689,495,500,497,496,0.641056256827881,0.801032240215422
899,898,897,894,49,891,495,500,497,496,0.650400093598971,0.801032240215422
899,898,897,894,566,891,495,500,419,496,0.642935740056487,0.77602481562287
899,898,897,203,893,724,495,923,832,496,0.645893681566724,0.707780146828562
899,898,897,894,893,891,112,500,497,496,0.66551305659574,0.744920611752651
227,898,897,894,893,891,495,500,497,496,0.665949825929196,0.760481421830595
899,898,897,894,893,891,495,500,216,496,0.640437902397748,0.801032240215422
899,898,897,894,893,992,495,500,497,496,0.654563243621284,0.801032240215422
899,898,897,894,893,891,700,500,497,496,0.660759603197394,0.788528527919146
899,898,897,894,893,891,495,500,497,496,0.659334026795008,0.801032240215422
899,898,897,894,893,891,495,65,497,496,0.648300792730038,0.813535952511698
899,898,897,894,893,891,495,500,497,496,0.659334026795008,0.801032240215422
899,898,897,894,893,891,495,500,497,496,0.659334026795008,0.801032240215422
899,898,897,894,893,190,689,291,497,496,0.636333949720046,0.813535952511698
899,296,897,894,893,891,935,500,742,496,0.622086702288051,0.771775385641671
899,898,389,894,177,537,495,68,497,496,0.633839304451171,0.730032054375168
899,898,897,366,893,891,495,500,497,496,0.659445130731629,0.788528527919146
899,898,897,894,893,891,410,500,497,496,0.649242325101349,0.788528527919146
899,898,897,894,777,891,495,500,497,496,0.637855400297976,0.801032240215422
899,898,614,894,893,891,635,500,497,496,0.634127807195914,0.766514461528218
899,898,897,894,893,891,495,500,497,496,0.659334026795008,0.801032240215422
899,898,897,894,234,891,497,500,516,496,0.650730133071962,0.801032240215422
899,898,897,894,893,891,495,501,497,496,0.658022587241472,0.801032240215422
899,898,897,894,893,891,495,500,497,496,0.659334026795008,0.801032240215422
899,179,897,481,322,891,495,500,497,496,0.641797872240967,0.801032240215422
899,898,897,894,893,891,495,500,571,496,0.648331979822372,0.801032240215422
899,898,897,894,893,891,495,500,497,496,0.659334026795008,0.801032240215422
899,898,897,894,893,891,495,500,497,496,0.659334026795008,0.801032240215422
899,556,897,894,893,891,495,500,497,496,0.659163553324738,0.801032240215422
899,707,897,894,893,891,495,500,497,496,0.647361061568317,0.788528527919146
899,898,897,894,893,891,495,500,497,496,0.659334026795008,0.801032240215422
899,898,897,894,893,891,495,500,497,496,0.659334026795008,0.801032240215422
899,898,897,762,893,891,495,500,497,138,0.642105967662261,0.757424324048927
899,898,897,894,893,891,495,500,497,496,0.659334026795008,0.801032240215422
899,665,897,894,893,891,495,228,497,413,0.641282007479178,0.781854615015086
899,509,897,468,893,891,495,227,497,496,0.653023984794553,0.760481421830595
899,898,679,894,893,891,495,500,497,496,0.632119067531918,0.801032240215422
899,898,897,894,494,891,495,500,497,496,0.65290719446961,0.788528527919146
899,898,897,894,812,891,495,500,497,496,0.649293497981954,0.801032240215422
899,404,897,894,893,178,495,500,497,496,0.630782296428543,0.801032240215422
899,898,897,894,893,891,495,500,497,496,0.659334026795008,0.801032240215422
899,898,897,894,893,891,495,500,497,496,0.659334026795008,0.801032240215422
899,898,897,894,893,267,495,500,497,496,0.655647721903954,0.801032240215422
899,898,897,894,893,891,495,500,395,496,0.657390094242556,0.801032240215422
899,898,897,923,893,891,495,500,497,496,0.662243025827537,0.761119394671621
899,898,897,894,893,891,495,500,497,496,0.659334026795008,0.801032240215422
899,898,897,894,893,891,495,500,497,496,0.659334026795008,0.801032240215422
899,873,897,894,893,891,495,500,497,496,0.6426395477861,0.758004549242297
899,898,897,894,893,692,495,500,497,496,0.660030267480035,0.801032240215422
899,898,897,894,893,891,495,500,542,496,0.659504020645087,0.801032240215422
899,898,897,894,893,891,579,500,497,496,0.6597194126625,0.766474235047031
899,898,897,894,960,891,495,500,497,496,0.646295974624074,0.801032240215422
899,898,897,894,893,891,495,500,306,496,0.651623958375221,0.801032240215422
803,898,897,894,893,891,495,500,497,474,0.63132468843921,0.748272375129465
899,898,897,894,893,891,495,500,497,496,0.659334026795008,0.801032240215422
899,296,897,894,893,891,245,500,497,496,0.647073594281874,0.767589482817017
899,898,897,638,64,891,599,500,497,496,0.633246730621099,0.756847190422534
628,898,897,894,767,891,495,500,497,496,0.655720607331761,0.801032240215422
899,898,897,894,893,891,64,500,497,496,0.656342594399782,0.801032240215422
899,898,897,143,893,337,495,500,497,496,0.650167064491418,0.76935090271881
899,898,897,894,893,891,495,500,497,496,0.659334026795008,0.801032240215422
899,898,897,894,893,891,495,500,497,496,0.659334026795008,0.801032240215422
899,898,897,894,582,891,495,500,497,496,0.678553903477073,0.767589482817017
899,672,897,916,893,891,495,289,497,496,0.634628257415145,0.760262502630152
700,875,897,894,893,891,495,653,409,496,0.624801119390058,0.788528527919146
899,898,897,894,933,891,495,500,497,496,0.65729189624882,0.801032240215422
899,898,897,732,814,891,495,500,497,696,0.628980581977545,0.801032240215422
899,898,897,894,893,891,720,500,497,780,0.658652227730993,0.813535952511698
899,898,897,894,893,891,495,653,497,496,0.655411550402494,0.813535952511698
899,898,897,524,893,891,495,500,497,496,0.665031342604272,0.801032240215422
899,898,897,894,893,891,495,500,497,306,0.643189983380981,0.813535952511698
899,898,897,894,893,891,495,500,497,496,0.659334026795008,0.801032240215422
899,898,897,894,893,891,495,500,497,496,0.659334026795008,0.801032240215422
899,898,897,894,893,891,495,500,497,496,0.659334026795008,0.801032240215422
899,898,897,894,893,891,495,500,497,496,0.659334026795008,0.801032240215422
899,898,897,894,893,891,495,500,497,496,0.659334026795008,0.801032240215422
899,898,926,894,893,891,495,500,497,496,0.643406613303985,0.801032240215422
899,898,897,894,893,891,495,500,497,496,0.659334026795008,0.801032240215422
899,898,897,894,893,124,34,500,545,496,0.645804345181515,0.741579840487224
899,898,897,894,893,891,495,500,60,496,0.639867516699515,0.801032240215422
899,898,897,894,893,891,495,500,497,496,0.659334026795008,0.801032240215422
899,898,897,894,535,891,495,500,497,496,0.655287806192645,0.801032240215422
899,898,897,894,893,891,495,500,497,496,0.659334026795008,0.801032240215422
899,898,897,215,289,482,495,500,497,496,0.653386556532313,0.788528527919146
187,898,897,894,893,891,495,500,497,496,0.664457347580422,0.750365298653228
899,898,897,894,893,891,495,266,497,496,0.642427294875174,0.813535952511698
899,898,897,894,893,891,495,500,497,496,0.659334026795008,0.801032240215422
899,898,897,894,893,891,495,500,497,496,0.659334026795008,0.801032240215422
899,898,897,894,643,891,495,500,497,496,0.649323864843261,0.788528527919146
899,898,897,894,893,891,495,500,497,381,0.641740083769971,0.813535952511698
899,898,868,894,893,891,818,500,497,496,0.638306644827467,0.801032240215422
181,898,897,894,893,891,495,500,497,496,0.665127054880396,0.771775385641671
899,730,897,894,893,891,495,500,497,496,0.647883679381851,0.788528527919146
899,898,897,894,893,891,495,500,497,496,0.659334026795008,0.801032240215422
585,486,897,894,893,891,495,500,497,496,0.644353922163802,0.767589482817017
882,898,897,894,893,315,495,500,889,496,0.648194393634506,0.743658903999602
899,898,897,894,601,891,495,500,497,496,0.651125107510929,0.801032240215422
899,898,897,894,893,891,495,500,497,949,0.642608055765338,0.813535952511698
899,898,897,894,893,891,495,620,497,496,0.641931869956168,0.801032240215422
99,898,588,894,893,101,495,500,497,496,0.632532998784348,0.761812451570995
899,257,897,894,893,891,495,500,497,496,0.653208207048543,0.801032240215422
899,898,897,894,893,891,495,500,497,496,0.659334026795008,0.801032240215422
899,898,897,894,893,891,495,500,497,496,0.659334026795008,0.801032240215422
899,898,897,894,893,690,495,500,589,496,0.648021669440735,0.767589482817017
937,898,897,894,893,891,918,500,497,496,0.642376082713129,0.77602481562287
899,898,897,894,893,891,804,500,485,496,0.64311757642157,0.77602481562287
899,898,897,894,893,891,495,500,497,496,0.659334026795008,0.801032240215422
899,898,897,894,893,891,495,500,16,496,0.644456767693523,0.801032240215422
899,898,897,894,888,891,495,500,497,496,0.658940294535114,0.756162616295878
899,898,897,894,893,891,495,500,497,496,0.659334026795008,0.801032240215422
899,898,897,894,893,891,495,500,497,496,0.659334026795008,0.801032240215422
20,898,897,894,893,531,495,500,362,496,0.660173625723146,0.788528527919146
899,898,897,894,87,891,495,500,497,496,0.639272384271883,0.801032240215422
899,898,897,894,139,891,495,500,497,416,0.639477428205851,0.766669927675055
899,898,897,894,893,891,495,500,497,496,0.659334026795008,0.801032240215422
899,898,897,894,893,891,495,500,30,496,0.650071208741933,0.767589482817017
899,898,897,894,893,891,495,500,497,509,0.638965344860889,0.801032240215422
899,513,897,894,893,891,495,500,497,496,0.644304154361296,0.801032240215422
899,898,897,894,893,680,495,500,497,496,0.658644941720226,0.766474235047031
899,898,897,894,893,891,495,394,497,496,0.639126695551463,0.813535952511698
899,898,897,894,212,891,495,500,497,496,0.65357769594562,0.758004549242297
899,898,897,894,893,891,495,500,497,496,0.659334026795008,0.801032240215422
899,898,897,894,893,891,495,832,497,496,0.64397634944429,0.801032240215422
899,898,897,894,893,891,495,500,497,496,0.659334026795008,0.801032240215422
899,898,897,894,893,76,495,500,497,139,0.641680365283696,0.813535952511698
899,898,897,894,893,891,495,500,497,496,0.659334026795008,0.801032240215422
899,898,897,459,893,891,49,836,497,746,0.613861478762576,0.801032240215422
899,898,897,894,893,891,495,500,497,496,0.659334026795008,0.801032240215422
899,898,897,894,893,891,495,500,497,496,0.659334026795008,0.801032240215422
899,898,897,894,12,891,495,738,651,496,0.619427106187131,0.757424324048927
899,898,897,932,893,891,495,500,497,496,0.665142464952178,0.767589482817017
899,898,897,894,893,891,495,500,497,496,0.659334026795008,0.801032240215422
899,898,897,894,893,891,495,500,245,496,0.648668916580024,0.767589482817017
899,898,421,894,893,891,495,962,497,496,0.652103427666556,0.813535952511698
899,898,897,894,846,891,495,500,497,496,0.657043538769981,0.788528527919146
899,898,897,894,893,891,495,500,497,496,0.659334026795008,0.801032240215422
899,898,897,894,893,891,495,500,688,496,0.645756290736045,0.801032240215422
899,898,897,894,893,891,495,500,497,496,0.659334026795008,0.801032240215422
899,898,897,894,908,891,495,500,497,496,0.658383931604524,0.801032240215422
899,898,216,894,893,891,495,500,497,496,0.633438857355555,0.813535952511698
899,898,897,973,893,891,495,500,497,496,0.666886172923273,0.767589482817017
899,898,897,894,893,891,495,500,497,398,0.646527908206488,0.813535952511698
899,898,897,894,608,891,495,500,497,496,0.656702724598564,0.76935090271881
899,898,897,894,893,891,785,500,497,496,0.660481122030773,0.771775385641671
899,898,897,894,893,891,495,500,497,670,0.641455330479248,0.801032240215422
899,114,897,894,893,891,495,254,497,496,0.647645072532431,0.788528527919146
376,898,897,894,893,891,495,498,497,496,0.637070659797693,0.781854615015086
899,898,897,894,893,331,495,500,497,496,0.662244855916857,0.801032240215422
899,361,897,894,893,891,495,500,512,496,0.648174658854517,0.801032240215422
899,898,328,894,893,891,495,500,497,496,0.628186279429747,0.813535952511698
899,898,944,894,893,891,495,500,497,496,0.642059978411412,0.813535952511698
899,898,897,894,893,891,495,500,497,496,0.659334026795008,0.801032240215422
899,898,897,894,434,921,495,500,497,496,0.646585366981105,0.801032240215422
899,966,897,894,893,891,495,500,497,496,0.649320318375155,0.801032240215422
899,898,897,894,893,891,495,500,497,496,0.659334026795008,0.801032240215422
899,898,897,894,893,891,495,500,497,496,0.659334026795008,0.801032240215422
899,898,897,894,893,891,495,500,497,496,0.659334026795008,0.801032240215422
899,898,897,894,893,891,495,500,497,225,0.632028406965084,0.779092828335685
899,898,897,894,893,595,495,500,497,496,0.65591343101961,0.788528527919146
899,898,897,894,893,817,495,500,497,496,0.662232226944784,0.801032240215422
899,898,897,894,893,891,495,500,886,496,0.64548249021238,0.788528527919146
899,898,897,894,893,891,495,500,497,496,0.659334026795008,0.801032240215422
899,898,321,894,893,891,777,500,497,496,0.608740537598209,0.813535952511698
899,898,53,894,893,891,24,500,497,496,0.655205591495104,0.801032240215422
899,39,897,894,893,660,495,500,841,496,0.644586039712353,0.739551089320676
899,898,897,894,893,891,495,500,497,496,0.659334026795008,0.801032240215422
357,898,112,894,893,891,495,500,497,496,0.651657809542986,0.757424324048927
899,898,897,894,893,891,495,500,497,420,0.633676052336244,0.801032240215422
899,898,897,894,893,891,495,500,497,496,0.659334026795008,0.801032240215422
899,898,897,894,893,891,495,500,497,496,0.659334026795008,0.801032240215422
899,898,897,894,893,891,495,500,954,496,0.663725737532845,0.801032240215422
899,898,897,894,893,891,495,500,497,496,0.659334026795008,0.801032240215422
899,898,897,894,893,891,495,500,497,496,0.659334026795008,0.801032240215422
899,898,897,894,893,891,989,500,497,496,0.655418614066574,0.788528527919146
899,898,897,894,893,891,495,500,497,496,0.659334026795008,0.801032240215422
899,898,897,894,893,891,312,500,497,496,0.663474927108242,0.801032240215422
899,898,897,894,893,891,495,969,497,496,0.660553822168813,0.813535952511698
899,898,897,894,893,891,495,500,497,496,0.659334026795008,0.801032240215422
899,898,433,894,893,891,495,500,753,496,0.595377432018388,0.801032240215422
535,898,82,894,288,891,495,500,497,496,0.634702169292894,0.767589482817017
899,898,625,605,893,891,495,500,396,496,0.65776127048419,0.784279097937947
899,898,691,894,893,891,495,406,497,496,0.662581740609718,0.826039664807975
899,898,897,894,893,891,495,500,497,496,0.659334026795008,0.801032240215422
899,898,897,894,893,891,495,500,497,496,0.659334026795008,0.801032240215422
899,898,897,894,893,891,495,500,497,496,0.659334026795008,0.801032240215422
899,898,897,894,893,891,495,500,497,496,0.659334026795008,0.801032240215422
899,898,897,441,893,891,495,500,497,496,0.665621654043397,0.766474235047031
899,898,897,894,893,891,495,500,183,496,0.650189009929403,0.801032240215422
899,898,897,894,893,891,495,158,497,496,0.647636324971536,0.801032240215422
899,898,18,894,893,891,495,500,497,496,0.628547428207117,0.781854615015086
899,898,897,894,893,891,495,500,497,496,0.659334026795008,0.801032240215422
899,898,897,894,893,891,495,784,497,496,0.650216741621314,0.784279097937947
899,898,897,894,893,891,695,500,497,496,0.651230039704395,0.788528527919146
899,898,897,894,893,891,495,500,601,496,0.645296808584252,0.801032240215422
899,898,897,894,893,891,495,500,497,496,0.659334026795008,0.801032240215422
149,898,897,894,893,891,495,500,497,496,0.654906380639072,0.801032240215422
899,898,897,894,893,891,495,500,497,884,0.654046424104483,0.813535952511698
899,898,897,894,893,891,495,500,497,496,0.659334026795008,0.801032240215422
899,898,897,894,893,891,583,500,497,513,0.620826127536436,0.780093195113293
899,898,897,894,893,891,495,500,497,496,0.659334026795008,0.801032240215422
899,994,897,894,893,891,495,500,497,496,0.650078218477102,0.788528527919146
899,898,897,894,893,891,495,500,497,496,0.659334026795008,0.801032240215422
899,898,897,894,893,891,495,633,497,496,0.662750510744577,0.784279097937947
899,898,897,894,893,891,495,500,497,496,0.659334026795008,0.801032240215422
899,898,897,894,893,891,495,500,497,125,0.616703110177782,0.813535952511698
662,898,765,894,893,891,495,500,497,496,0.641861436215041,0.781854615015086
899,898,897,894,893,891,495,500,497,496,0.659334026795008,0.801032240215422
899,898,141,894,893,891,495,500,497,496,0.641772729414383,0.765321538153285
899,898,897,894,893,458,495,500,497,496,0.658652645581373,0.801032240215422
899,898,897,894,893,891,495,500,497,496,0.659334026795008,0.801032240215422
899,898,897,894,262,891,495,500,497,496,0.651318852713647,0.788528527919146
899,898,897,894,893,891,495,500,497,496,0.659334026795008,0.801032240215422
899,898,897,894,893,891,495,500,497,496,0.659334026795008,0.801032240215422
899,898,897,894,893,891,495,500,497,496,0.659334026795008,0.801032240215422
899,898,897,894,893,891,495,500,497,496,0.659334026795008,0.801032240215422
899,866,656,894,893,891,495,500,497,259,0.594717579334543,0.813535952511698
899,898,897,894,893,891,495,316,497,496,0.636828020542546,0.813535952511698
899,898,897,894,893,891,495,500,497,496,0.659334026795008,0.801032240215422
679,779,897,894,991,891,495,500,497,496,0.648543496307689,0.788528527919146
899,898,897,894,893,891,495,500,497,530,0.63495194295548,0.813535952511698
899,898,897,894,208,891,718,500,497,496,0.656160081626578,0.735908145320405
899,898,897,894,893,891,495,500,497,496,0.659334026795008,0.801032240215422
899,898,217,894,893,891,495,500,676,448,0.621324529528585,0.813535952511698
899,898,897,894,893,891,495,500,497,496,0.659334026795008,0.801032240215422
899,898,897,568,893,891,495,500,497,496,0.656377228089213,0.801032240215422
899,898,897,894,694,891,495,500,497,496,0.651722856777493,0.801032240215422
899,898,897,894,87,891,495,500,497,496,0.639272384271883,0.801032240215422
899,898,897,894,893,891,495,288,497,496,0.643736535913787,0.801032240215422
899,898,523,894,893,891,495,73,497,496,0.642922572223227,0.826039664807975
539,898,897,894,893,891,495,500,497,496,0.655776415618131,0.788528527919146
899,898,897,894,893,891,495,500,497,496,0.659334026795008,0.801032240215422
899,898,897,894,893,891,495,500,497,496,0.659334026795008,0.801032240215422
899,898,897,894,893,891,495,500,497,496,0.659334026795008,0.801032240215422
899,898,897,894,893,891,388,641,497,496,0.683463973175115,0.813535952511698
899,898,897,894,893,891,495,500,497,496,0.659334026795008,0.801032240215422
899,898,779,894,893,891,495,500,497,496,0.642159246511372,0.813535952511698
899,898,897,894,893,891,495,500,497,101,0.63325736896451,0.813535952511698
899,898,897,894,893,891,495,500,497,496,0.659334026795008,0.801032240215422
899,898,897,894,893,891,495,500,497,496,0.659334026795008,0.801032240215422
899,898,897,894,458,891,495,500,102,496,0.641375079506266,0.767589482817017
322,898,897,894,676,891,495,500,497,496,0.6441157218272,0.788528527919146
899,898,897,383,893,891,495,500,497,496,0.66809900073256,0.767589482817017
899,898,897,894,893,891,495,500,497,496,0.659334026795008,0.801032240215422
899,898,897,894,893,891,592,500,497,496,0.662441458353855,0.801032240215422
899,898,897,894,893,891,495,500,497,496,0.659334026795008,0.801032240215422
968,898,897,894,893,891,495,500,497,496,0.661343449283602,0.801032240215422
899,898,897,894,893,891,495,500,497,496,0.659334026795008,0.801032240215422
899,898,897,894,893,891,495,500,4,410,0.618288106291423,0.801032240215422
899,898,897,894,893,891,495,500,497,496,0.659334026795008,0.801032240215422
899,898,897,894,893,891,495,500,497,496,0.659334026795008,0.801032240215422
899,898,897,894,893,891,495,500,497,496,0.659334026795008,0.801032240215422
899,770,897,894,893,891,495,567,497,496,0.642089497415604,0.813535952511698
899,898,897,670,893,891,569,500,497,496,0.663022109352171,0.748760404401285
899,898,897,894,893,891,495,500,497,496,0.659334026795008,0.801032240215422
899,898,897,894,893,802,495,500,497,496,0.652549510752284,0.788528527919146
899,898,897,894,893,891,495,500,497,496,0.659334026795008,0.801032240215422
702,898,897,894,893,891,495,500,497,496,0.667355196952501,0.7540835527835
899,898,897,458,893,891,495,500,497,496,0.66290549296698,0.801032240215422
899,898,144,442,893,891,495,500,497,496,0.647009636628993,0.813535952511698
899,898,647,894,893,891,392,500,497,165,0.590815797384653,0.826039664807975
899,898,897,894,893,891,495,500,497,496,0.659334026795008,0.801032240215422
899,898,897,894,893,45,495,500,497,496,0.648645309592243,0.801032240215422
899,898,897,894,893,891,495,500,497,496,0.659334026795008,0.801032240215422
899,898,897,894,893,440,495,500,497,496,0.662033129309046,0.801032240215422
899,898,482,894,893,891,495,500,881,496,0.618766764342916,0.813535952511698
899,898,897,894,893,891,495,500,272,496,0.654571121632943,0.801032240215422
899,898,746,894,893,891,495,805,497,366,0.607988648021936,0.801032240215422
899,898,897,894,893,891,495,500,497,496,0.659334026795008,0.801032240215422
899,898,897,894,893,891,495,500,497,496,0.659334026795008,0.801032240215422
899,898,897,894,893,891,495,500,497,496,0.659334026795008,0.801032240215422
899,898,429,280,893,891,495,500,497,496,0.642662826295865,0.735950256370181
899,898,897,894,893,891,988,767,497,496,0.666504811978653,0.772985134126871
899,898,584,894,893,891,495,500,488,496,0.596763749508362,0.813535952511698
899,898,897,894,893,891,495,500,497,292,0.640521433152698,0.768870015859244
899,898,897,894,893,891,495,500,497,496,0.659334026795008,0.801032240215422
899,898,897,894,893,891,495,500,497,496,0.659334026795008,0.801032240215422
899,898,897,894,893,891,495,500,497,496,0.659334026795008,0.801032240215422
899,898,897,894,893,891,659,500,497,496,0.659527997855392,0.771775385641671
899,898,897,894,893,891,495,500,497,496,0.659334026795008,0.801032240215422
899,898,897,894,893,891,495,500,497,496,0.659334026795008,0.801032240215422
899,898,897,894,893,890,495,500,16,496,0.659329363502841,0.801032240215422
899,898,897,894,893,343,495,500,497,496,0.656232879512402,0.801032240215422
899,898,897,894,893,320,495,500,497,496,0.659977336896664,0.801032240215422
899,898,897,945,481,891,495,500,497,496,0.661058138763468,0.801032240215422
849,898,897,894,893,891,495,500,497,112,0.651836347724876,0.744920611752651
899,898,897,894,893,891,495,500,163,496,0.663950544405187,0.801032240215422
899,898,897,894,893,891,495,500,497,496,0.659334026795008,0.801032240215422
641,898,897,894,893,891,495,343,497,496,0.662668806643663,0.813535952511698
601,898,897,894,893,162,495,500,497,496,0.660344896418718,0.766589116039409
73,898,897,894,893,891,495,500,138,848,0.622359629536154,0.772700416964915
899,898,897,894,893,891,495,500,497,496,0.659334026795008,0.801032240215422
899,898,897,894,893,891,495,500,497,496,0.659334026795008,0.801032240215422
899,898,897,894,893,891,495,500,497,496,0.659334026795008,0.801032240215422
899,898,897,894,750,891,495,500,497,496,0.65943550123325,0.801032240215422
899,898,897,894,913,891,495,500,497,496,0.655671580637543,0.76935090271881
134,898,897,894,893,891,495,500,497,496,0.65148870338596,0.801032240215422
899,898,897,894,406,872,495,500,497,665,0.667134356325063,0.781854615015086
899,898,897,894,893,354,495,500,497,496,0.658971707299626,0.788528527919146
899,898,897,894,893,891,495,500,497,496,0.659334026795008,0.801032240215422
899,898,897,894,784,891,850,500,497,496,0.64398252143232,0.759271673345395
899,898,897,894,893,891,495,500,497,430,0.64015674393626,0.813535952511698
899,898,897,894,893,891,495,500,497,496,0.659334026795008,0.801032240215422
899,898,897,894,893,891,495,500,497,496,0.659334026795008,0.801032240215422
899,654,897,894,893,891,495,500,497,496,0.656444548474421,0.747121831888057
899,898,897,894,893,891,495,500,878,496,0.644494146670227,0.788528527919146
569,585,897,894,33,891,495,500,497,663,0.626102764544539,0.699489536048649
899,898,897,294,893,891,495,500,497,496,0.665569340729365,0.767589482817017
899,898,897,894,180,891,495,500,497,496,0.649448171890653,0.747121831888057
899,898,897,666,893,891,495,500,497,496,0.661746543370346,0.76935090271881
899,898,897,894,893,891,495,500,497,496,0.659334026795008,0.801032240215422
899,898,897,894,893,891,495,500,847,496,0.650537044975351,0.76935090271881
899,898,897,894,893,891,495,500,497,496,0.659334026795008,0.801032240215422
899,898,897,894,893,891,495,500,497,496,0.659334026795008,0.801032240215422
899,898,897,894,893,891,495,500,497,496,0.659334026795008,0.801032240215422
899,426,942,894,893,969,495,500,497,496,0.640379518809359,0.762869010949504
899,898,254,39,893,891,495,500,497,594,0.617242468603464,0.801032240215422
899,898,897,698,27,891,495,500,497,496,0.660805789825403,0.738581072632002
899,54,897,894,893,891,495,500,497,496,0.649233343478304,0.801032240215422
899,898,317,894,893,891,495,500,497,496,0.634657922910507,0.784279097937947
899,898,429,894,893,891,495,500,497,190,0.591263381177643,0.791481659639583
899,898,897,894,893,891,495,500,497,496,0.659334026795008,0.801032240215422
899,898,897,894,893,891,495,500,497,496,0.659334026795008,0.801032240215422
899,898,897,894,893,891,495,500,497,496,0.659334026795008,0.801032240215422
899,898,897,894,893,891,495,500,721,496,0.648528437745395,0.788528527919146
899,898,668,894,893,891,495,500,497,496,0.644035653028408,0.813535952511698
899,898,897,894,893,891,495,500,497,496,0.659334026795008,0.801032240215422
899,898,897,894,893,891,495,746,783,496,0.643951351594244,0.771775385641671
899,898,895,739,893,850,495,500,497,496,0.637581901935809,0.801032240215422
899,144,897,894,893,891,495,500,497,496,0.657238163628326,0.801032240215422
899,898,897,304,941,891,495,500,497,496,0.651258758789459,0.801032240215422
899,898,897,285,893,891,495,500,497,496,0.668279645396274,0.801032240215422
899,898,897,894,893,891,495,500,216,496,0.640437902397748,0.801032240215422
899,898,897,894,893,891,495,500,318,496,0.650387742710101,0.801032240215422
899,898,897,894,893,891,495,500,497,496,0.659334026795008,0.801032240215422
899,898,897,894,893,506,495,500,497,496,0.651738276019515,0.801032240215422
899,31,897,894,893,891,907,500,497,496,0.649650220284274,0.801032240215422
899,898,897,894,893,891,231,500,497,154,0.650661294698302,0.801032240215422
899,898,897,955,893,891,495,500,497,496,0.665584857082268,0.801032240215422
899,898,162,894,893,891,495,397,497,496,0.630670174977502,0.738323090750415
899,898,897,894,775,891,495,701,497,496,0.643299303509395,0.766514461528218
899,898,897,894,893,891,495,500,497,496,0.659334026795008,0.801032240215422
899,898,897,894,893,891,495,500,529,496,0.662212071952465,0.749414471071361
899,308,897,894,893,891,495,500,630,496,0.650100476608882,0.76935090271881
899,898,897,894,893,891,495,500,497,575,0.626108969878287,0.813535952511698
899,898,897,894,893,891,495,500,497,496,0.659334026795008,0.801032240215422
899,898,897,894,893,891,495,500,497,496,0.659334026795008,0.801032240215422
283,479,897,894,893,891,207,84,497,496,0.645527112015027,0.788528527919146
899,898,897,894,893,891,495,500,497,496,0.659334026795008,0.801032240215422
899,898,897,894,893,891,495,500,497,496,0.659334026795008,0.801032240215422
899,898,897,894,893,891,495,500,497,496,0.659334026795008,0.801032240215422
899,898,897,568,893,891,495,500,497,496,0.656377228089213,0.801032240215422
899,898,897,417,893,891,495,500,497,496,0.664751393126696,0.7540835527835
899,898,897,894,893,891,495,500,497,496,0.659334026795008,0.801032240215422
899,898,897,894,893,891,495,500,497,496,0.659334026795008,0.801032240215422
899,898,897,894,893,891,495,500,497,496,0.659334026795008,0.801032240215422
329,898,980,894,893,891,495,500,497,496,0.630968163831675,0.813535952511698
899,898,897,894,893,891,495,500,497,496,0.659334026795008,0.801032240215422
899,898,897,894,893,891,495,500,533,496,0.656050923430205,0.801032240215422
899,658,897,894,893,966,495,500,497,496,0.649202531962494,0.801032240215422
500,898,897,894,893,891,495,844,497,496,0.662008273325315,0.788528527919146
899,898,897,894,893,891,495,477,497,496,0.642893224522845,0.813535952511698
899,898,897,894,893,891,495,500,497,496,0.659334026795008,0.801032240215422
899,898,897,894,893,891,495,500,497,496,0.659334026795008,0.801032240215422
899,107,897,943,893,891,495,500,497,496,0.653106120520769,0.788528527919146
899,898,897,894,893,27,495,500,497,496,0.657673736780347,0.751084784928278
899,898,897,643,893,891,495,500,497,496,0.660677612070229,0.788528527919146
899,898,897,894,893,891,495,500,497,679,0.631664645147067,0.801032240215422
899,898,897,894,893,891,495,500,497,496,0.659334026795008,0.801032240215422
899,898,897,894,893,891,495,500,497,496,0.659334026795008,0.801032240215422
899,898,897,894,893,891,495,500,497,496,0.659334026795008,0.801032240215422
899,898,897,894,893,823,495,500,497,496,0.661069694891532,0.788528527919146
899,898,897,894,893,891,495,500,376,496,0.637524968243901,0.76935090271881
899,920,897,894,893,891,495,909,497,496,0.62775185393852,0.773623106967897
899,898,897,894,893,891,495,500,450,496,0.663373802689967,0.801032240215422
899,898,897,894,893,891,48,116,497,496,0.638809963318291,0.801032240215422
899,898,897,894,125,891,495,500,593,521,0.60091523630802,0.801032240215422
899,898,897,894,893,891,495,500,497,496,0.659334026795008,0.801032240215422
899,898,897,894,893,891,783,500,554,496,0.645498097116438,0.759271673345395
336,898,897,894,893,891,495,429,497,496,0.641114030122916,0.778977947343307
899,898,897,894,893,891,495,500,497,496,0.659334026795008,0.801032240215422
899,898,897,894,893,891,191,500,497,496,0.655210848117719,0.766514461528218
899,898,897,894,893,891,495,500,497,14,0.641256970558122,0.780093195113293
899,898,897,894,105,891,495,500,497,496,0.65634741312738,0.801032240215422
899,898,897,894,893,891,495,500,497,496,0.659334026795008,0.801032240215422
899,898,897,894,893,891,197,500,497,496,0.654738644983524,0.756366303562968
899,898,897,997,355,891,495,500,497,496,0.659664272367371,0.788528527919146
899,898,897,894,893,891,495,500,497,496,0.659334026795008,0.801032240215422
899,438,897,103,893,410,495,500,497,496,0.660574773944647,0.741466810454478
899,898,897,894,893,891,495,500,497,496,0.659334026795008,0.801032240215422
899,898,897,894,893,891,495,500,497,496,0.659334026795008,0.801032240215422
899,898,897,894,893,891,495,500,497,496,0.659334026795008,0.801032240215422
369,898,897,894,543,891,495,500,497,496,0.66880898658813,0.801032240215422
899,898,897,894,893,891,495,500,497,496,0.659334026795008,0.801032240215422
899,898,897,894,893,891,495,500,497,496,0.659334026795008,0.801032240215422
899,898,897,894,893,891,70,500,497,496,0.660520615942816,0.756366303562968
899,898,897,894,893,891,495,500,497,496,0.659334026795008,0.801032240215422
899,898,897,894,892,891,495,500,497,496,0.657605536195585,0.801032240215422
899,898,897,894,893,891,495,500,497,496,0.659334026795008,0.801032240215422
899,212,897,894,893,891,503,500,497,496,0.655262947767949,0.728747694668545
899,898,897,894,893,891,39,500,497,496,0.667756662585468,0.801032240215422
899,898,897,894,893,891,495,500,497,458,0.641776629106331,0.813535952511698
899,898,897,894,893,32,250,500,497,496,0.656311254793427,0.748272375129465
822,898,897,894,893,891,518,500,497,496,0.650158812146465,0.713754596442261
899,898,897,894,893,891,404,500,497,517,0.647667808374447,0.813535952511698
899,898,897,894,893,891,495,500,497,496,0.659334026795008,0.801032240215422
899,898,897,894,253,891,495,500,497,496,0.648679842646516,0.749714378975857
899,898,897,894,893,891,495,500,497,496,0.659334026795008,0.801032240215422
899,898,897,894,893,891,495,500,497,249,0.629991516086555,0.813535952511698
899,898,897,894,718,891,227,500,497,496,0.652097614872677,0.728800084333983
899,898,897,894,893,891,495,500,497,496,0.659334026795008,0.801032240215422
899,898,897,755,893,891,495,500,497,496,0.664076251809052,0.788528527919146
899,898,897,894,893,891,495,500,497,496,0.659334026795008,0.801032240215422
899,898,720,894,893,891,495,500,497,496,0.643067857356446,0.813535952511698
899,898,897,894,893,891,495,500,248,496,0.637862052081889,0.788528527919146
899,898,897,894,893,891,495,500,497,496,0.659334026795008,0.801032240215422
899,898,897,894,893,891,495,500,497,496,0.659334026795008,0.801032240215422
899,898,403,894,893,891,495,500,497,496,0.638639495815411,0.813535952511698
899,898,897,894,893,891,495,500,497,496,0.659334026795008,0.801032240215422
899,898,897,894,893,891,495,500,497,496,0.659334026795008,0.801032240215422
899,898,897,894,893,891,495,500,497,479,0.640912811326608,0.813535952511698
899,144,897,221,893,891,405,500,497,496,0.653559496868126,0.754010749231942
899,898,897,894,772,891,495,500,497,496,0.64074121349621,0.801032240215422
899,898,897,894,893,891,495,500,497,985,0.652890602944275,0.813535952511698
899,898,897,894,893,891,495,500,497,496,0.659334026795008,0.801032240215422
899,898,897,894,893,891,495,500,178,496,0.635996451640829,0.801032240215422
899,898,897,894,893,891,495,500,497,496,0.659334026795008,0.801032240215422
899,898,897,894,893,891,495,266,497,496,0.642427294875174,0.813535952511698
899,898,897,894,893,891,495,500,497,496,0.659334026795008,0.801032240215422
899,898,897,428,893,891,495,500,497,496,0.658125922582543,0.801032240215422
899,898,897,894,893,891,495,500,497,496,0.659334026795008,0.801032240215422
899,898,897,894,893,891,495,500,497,496,0.659334026795008,0.801032240215422
899,695,897,754,893,891,227,500,497,496,0.655324406801411,0.714534952135914
899,898,897,894,893,891,495,500,371,496,0.642516727538789,0.758741385710717
899,898,897,894,821,891,495,500,529,496,0.639190323215784,0.749414471071361
899,898,897,887,893,891,495,500,497,496,0.661552054216614,0.766589116039409
690,767,897,894,893,891,495,500,133,496,0.641395348821266,0.801032240215422
899,898,33,894,893,891,495,500,497,496,0.643175587931676,0.772700416964915
899,898,897,894,893,891,495,500,497,496,0.659334026795008,0.801032240215422
884,898,897,894,893,891,495,500,497,496,0.673826206118234,0.801032240215422
899,689,897,894,893,891,495,344,497,496,0.617752275424736,0.813535952511698
899,898,897,894,893,891,495,500,497,496,0.659334026795008,0.801032240215422
899,898,897,894,893,355,495,615,497,236,0.634139683533179,0.826039664807975
899,898,897,894,893,891,495,500,497,496,0.659334026795008,0.801032240215422
899,898,897,894,893,891,620,500,796,496,0.626572767041167,0.788528527919146
899,898,966,894,893,891,495,500,497,496,0.64052550641029,0.813535952511698
899,898,897,894,127,850,495,500,497,496,0.65174353876146,0.788528527919146
899,898,897,894,893,891,445,890,497,496,0.655817449566234,0.813535952511698
899,898,897,894,893,891,495,500,497,496,0.659334026795008,0.801032240215422
899,898,897,894,893,891,495,451,497,496,0.651462375680251,0.813535952511698
899,338,897,894,893,891,495,500,497,496,0.646834172424022,0.801032240215422
899,898,897,122,893,891,495,500,497,496,0.664859909883844,0.801032240215422
899,898,897,894,893,891,495,500,497,496,0.659334026795008,0.801032240215422
899,898,897,894,893,891,495,500,497,496,0.659334026795008,0.801032240215422
611,898,897,894,893,891,376,500,497,496,0.643560537525086,0.76935090271881
899,898,897,894,893,891,495,500,497,496,0.659334026795008,0.801032240215422
948,898,897,894,893,891,495,500,497,496,0.665249469513325,0.788528527919146
899,898,897,894,893,891,495,500,497,496,0.659334026795008,0.801032240215422
899,898,897,894,893,891,495,500,497,334,0.632816604900803,0.801032240215422
899,898,897,894,893,891,495,500,497,496,0.659334026795008,0.801032240215422
899,898,897,894,893,891,495,500,497,496,0.659334026795008,0.801032240215422
899,898,897,894,893,891,495,500,497,496,0.659334026795008,0.801032240215422
899,898,897,894,893,891,495,500,497,496,0.659334026795008,0.801032240215422
899,898,897,894,893,891,495,500,677,496,0.646672278594044,0.788528527919146
899,898,897,894,893,891,829,500,497,496,0.650549770082061,0.801032240215422
899,898,897,894,951,891,495,528,497,496,0.638189492330222,0.813535952511698
899,898,897,894,893,193,495,500,497,496,0.662671405727995,0.801032240215422
944,898,897,894,893,891,495,500,497,496,0.662065916950276,0.801032240215422
899,898,897,894,893,891,495,500,497,496,0.659334026795008,0.801032240215422
899,898,897,894,893,891,495,500,497,187,0.63288168936392,0.762869010949504
899,898,897,894,893,891,495,500,497,496,0.659334026795008,0.801032240215422
899,898,209,894,893,891,495,500,497,496,0.638639449004916,0.774316163867271
899,898,897,894,893,891,495,500,497,496,0.659334026795008,0.801032240215422
899,898,897,894,893,891,495,500,497,496,0.659334026795008,0.801032240215422
899,898,897,894,893,891,495,500,497,496,0.659334026795008,0.801032240215422
899,898,897,894,893,891,495,500,497,496,0.659334026795008,0.801032240215422
899,898,173,894,893,891,495,500,497,496,0.642654304426499,0.813535952511698
793,898,897,894,893,891,64,500,497,496,0.66054464013516,0.801032240215422
899,898,897,894,893,891,383,500,497,496,0.664235442782643,0.767589482817017
899,898,897,894,893,891,495,500,497,496,0.659334026795008,0.801032240215422
899,898,897,894,893,891,495,500,497,496,0.659334026795008,0.801032240215422
785,898,897,894,893,891,495,500,497,496,0.665275288526072,0.771775385641671
899,898,897,894,893,891,495,500,497,496,0.659334026795008,0.801032240215422
899,898,897,894,893,891,495,500,497,496,0.659334026795008,0.801032240215422
899,898,897,894,893,891,495,500,497,496,0.659334026795008,0.801032240215422
899,898,897,894,893,891,495,500,497,496,0.659334026795008,0.801032240215422
899,898,897,894,893,891,495,500,497,496,0.659334026795008,0.801032240215422
899,898,897,894,893,867,618,500,497,496,0.661055315107601,0.734792897550419
899,898,897,894,311,891,286,500,497,496,0.630586304065956,0.735768662833189
510,898,897,894,893,891,495,500,497,496,0.660926346523677,0.788528527919146
899,898,897,894,893,891,495,500,497,496,0.659334026795008,0.801032240215422
899,898,189,894,893,891,495,500,497,496,0.629754602799886,0.813535952511698
899,898,897,894,893,891,495,500,497,496,0.659334026795008,0.801032240215422
478,898,897,894,893,891,495,500,497,496,0.664153700312317,0.761264116697561
899,898,2,894,893,891,495,500,497,496,0.656130478713812,0.801032240215422
899,898,897,894,893,891,495,500,497,496,0.659334026795008,0.801032240215422
347,898,897,894,893,891,495,500,497,496,0.654510393032933,0.801032240215422
899,898,897,894,893,891,495,36,497,496,0.65954819748557,0.813535952511698
899,898,897,894,893,891,495,500,497,496,0.659334026795008,0.801032240215422
899,898,897,894,893,891,495,500,497,496,0.659334026795008,0.801032240215422
899,898,897,894,893,891,495,500,497,496,0.659334026795008,0.801032240215422
899,98,897,194,893,891,495,500,497,496,0.645393889593693,0.788528527919146
899,898,897,894,893,891,495,500,984,496,0.648083741577008,0.801032240215422
899,898,897,425,312,891,495,500,497,496,0.663249995087638,0.767589482817017
899,898,269,894,893,945,495,500,497,496,0.626837127248396,0.801032240215422
899,898,631,894,893,891,629,500,497,496,0.627360155534702,0.759625544184333
899,898,897,894,893,891,495,500,497,496,0.659334026795008,0.801032240215422
899,898,897,894,893,891,495,500,497,1,0.635319496502348,0.757424324048927
88,898,897,894,893,891,987,500,497,496,0.648931375047893,0.801032240215422
899,898,897,894,421,627,495,500,581,818,0.614983353126578,0.711477854354246
899,898,877,894,893,891,495,500,497,496,0.65364809464394,0.801032240215422
899,898,897,969,893,891,495,588,497,496,0.656480990970702,0.774316163867271
899,898,897,894,893,891,495,500,497,496,0.659334026795008,0.801032240215422
899,898,897,894,323,891,495,500,497,496,0.651706438528568,0.788528527919146
899,898,897,894,893,576,495,500,497,496,0.66319152903365,0.76935090271881
899,898,897,894,893,891,495,500,497,496,0.659334026795008,0.801032240215422
899,898,897,894,893,891,495,500,497,496,0.659334026795008,0.801032240215422
899,898,897,894,893,891,495,89,497,496,0.656803854134194,0.801032240215422
899,898,897,894,893,891,495,727,497,496,0.648045585463451,0.813535952511698
296,898,897,894,710,891,495,500,497,496,0.647887261011748,0.763645403209574
899,736,897,894,893,891,495,500,497,496,0.64226498492788,0.788528527919146
899,898,897,894,893,891,495,500,497,496,0.659334026795008,0.801032240215422
899,898,897,894,893,891,495,500,497,496,0.659334026795008,0.801032240215422
899,898,897,894,893,290,495,500,497,496,0.649957162378071,0.750365298653228
899,898,897,894,893,891,495,500,168,385,0.640703748147048,0.813535952511698
899,898,897,894,893,891,495,500,497,496,0.659334026795008,0.801032240215422
899,898,897,894,893,891,495,500,497,496,0.659334026795008,0.801032240215422
431,898,897,894,893,891,495,203,497,496,0.678999530690809,0.772700416964915
899,898,897,894,893,891,495,500,497,496,0.659334026795008,0.801032240215422
265,898,897,894,893,891,495,500,497,496,0.651247438824344,0.801032240215422
899,898,897,894,893,891,495,500,497,496,0.659334026795008,0.801032240215422
899,444,897,894,893,891,495,500,497,496,0.649898440188988,0.801032240215422
899,898,897,894,893,891,495,500,497,496,0.659334026795008,0.801032240215422
899,898,897,894,893,891,495,500,497,496,0.659334026795008,0.801032240215422
97,898,897,894,893,891,495,885,497,496,0.660160762790911,0.781854615015086
899,898,897,894,893,891,495,500,497,496,0.659334026795008,0.801032240215422
899,127,166,894,893,891,495,500,497,496,0.637679087747405,0.813535952511698
899,898,897,894,893,73,495,500,497,496,0.66186191034961,0.801032240215422
899,898,897,894,893,891,495,500,497,665,0.653835394929414,0.781854615015086
899,898,897,894,893,891,495,500,497,496,0.659334026795008,0.801032240215422
899,898,897,894,372,891,495,500,497,496,0.641060485641304,0.76935090271881
899,898,897,894,893,891,111,500,497,496,0.654911496604171,0.801032240215422
899,898,897,894,893,891,495,960,497,496,0.649886830426034,0.813535952511698
899,918,897,894,893,891,495,444,497,496,0.640931414357532,0.801032240215422
899,898,897,894,893,891,495,743,497,496,0.668369862007062,0.813535952511698
899,898,897,894,893,891,495,500,497,496,0.659334026795008,0.801032240215422
899,898,897,894,893,891,495,500,497,496,0.659334026795008,0.801032240215422
300,898,897,894,893,891,495,429,497,496,0.643342694058184,0.747296609846695
250,898,897,894,893,891,495,221,497,496,0.657522621679092,0.748272375129465
899,898,897,894,893,891,495,480,497,496,0.659334026795008,0.773623106967897
899,898,897,894,648,618,661,952,497,496,0.67188773405755,0.737217380473279
899,898,739,894,893,991,495,292,497,496,0.636565030052907,0.78137372815552
899,668,897,894,893,891,495,500,497,496,0.653046502033728,0.801032240215422
899,898,897,894,893,891,495,500,497,496,0.659334026795008,0.801032240215422
899,898,897,894,893,891,495,500,497,496,0.659334026795008,0.801032240215422
899,898,897,894,893,891,495,500,497,496,0.659334026795008,0.801032240215422
899,898,897,894,893,891,495,500,497,496,0.659334026795008,0.801032240215422
899,898,897,894,893,891,495,500,497,496,0.659334026795008,0.801032240215422
899,898,897,894,893,921,495,500,497,496,0.660968567550927,0.801032240215422
899,898,614,894,893,891,495,500,497,496,0.634102936081298,0.779018173824494
