14219	0	0	0.872774127240007
14238	4.09433399591934	2.38801435624222	1.10093985812043
14239	3.58350352232502	2.37866944698125	0.949051892825624
14240	3.49649624471436	1.89831925878231	1.09921352075193
14241	2.7725797087671	1.33169620619866	1.07282951004747
14242	2.30256919872394	0.780744732898714	1.073311467319
14243	2.94443045768782	1.75192941468336	1.10502948702028
14244	2.70803804686231	1.24108273393446	1.07797076083332
14245	3.7376570205675	1.40203975249282	1.02679404618249
14246	2.30257216024311	2.13036205031051	0.84653792315451
14247	2.83320578412296	2.55150319656732	0.815448896942048
14248	1.60943078159864	1.59949136991661	0.862790004069419
14249	3.21887080868403	1.80236945467944	0.971939224006281
14250	2.39788575615668	2.36727949882834	0.857908092095174
14251	1.38627519796714	1.3738899430554	0.860240151993815
14252	2.30257280686222	1.81775275416428	0.800258404462886
14253	3.04451684852258	1.42072262515717	1.0460978422259
14254	2.19721892482878	2.17385853178715	0.861611843932854
14255	2.19721613959971	1.78695471872652	0.812847465332343
14256	3.13549153280173	1.57575689732869	1.07434662541379
14257	2.56494382146071	2.302267572715	0.814224466347101
14258	0.693147180559945	0.693147180559945	0.723425275332774
14259	3.98896965913441	2.45556217153185	0.898516299816081
14260	2.83320699851925	1.2639332757914	1.00273498704553
14261	0	0	0.831765585925922
14262	1.09860947190115	0.259622148586821	1.09700334539629
14263	2.94441489494271	1.43326333477976	0.988054885677226
14264	3.25807638468272	1.91224783088741	1.08944813830172
14265	2.19719050041889	1.05218165320268	1.10434282904132
14266	3.40119025654253	1.56647422312689	1.10154066278484
14267	1.94586325786195	0.495765243994291	1.07654389001366
14268	3.33220056154108	1.74119223087966	1.05922146642579
14269	3.49648836803491	1.81625389511978	1.03692746621709
14270	2.99571299164214	1.65657158725719	1.08732412791218
14271	3.04450434415495	1.32823948522042	1.0915969510245
14272	2.63905060822423	0.780466761944396	1.01082914947138
14273	3.55534239042515	1.9032652764931	1.036589127102
14274	2.30256606238003	0.709225712282465	1.05391428031865
14275	0	0	0.874790823588053
14276	1.79174512610213	1.6976917840673	0.848218950046821
14277	3.66355652884921	2.37860308654721	1.10328078983766
14278	3.36728122276109	2.22781104353411	1.10565087762105
14279	3.17804857165839	1.95111354587008	1.10386134512497
14280	3.73765972256515	2.37435459071438	1.10039275667499
14281	3.29581774087551	2.09439043626413	1.09918094066689
14282	3.66355083054445	2.46899467465011	1.09785229692898
14283	3.13549023290331	1.67222601423792	1.09529360894389
14284	3.4657313429434	1.84297609355586	1.07098354994347
14285	3.25809306270502	1.58670124414568	1.06337556543048
14286	3.5553421226134	2.09191131012839	1.08200706118206
14287	3.97028144670497	2.45069926671233	1.02982821814169
14288	3.76118800290465	2.11013489927203	0.976940695378648
14289	3.6888616844918	2.23062893173124	1.05587177949464
14290	3.91200010732753	2.38948861987119	1.0031107452162
14291	3.52633794569958	2.04279333706133	1.0019957260047
14292	3.66355115479589	2.22102754390434	1.03317735893471
14293	2.99572024367132	2.03585975666005	1.10021467570768
14294	3.6108972989877	2.10724182510947	0.932432646921932
14295	3.52634914832082	3.39776553377771	0.850257754925224
14296	4.17437321626744	4.09445605939589	0.857559335086507
14297	4.07751808521856	3.96886201810548	0.850431608618914
14298	3.98897755558394	2.28051051354438	0.973824610814373
14299	3.40119238430086	1.64180422169384	1.03059830264791
14302	2.07943600589173	0.486159552244804	1.08712084233133
14303	3.46571616216075	1.86980854184624	1.06685257324581
14304	2.89036334049403	1.31082216154436	1.02046298726233
14305	2.99572344166919	1.27549452661518	1.08495069141196
14306	3.25808847839609	1.55645934246795	1.10294517221749
14307	1.09860104044682	0.802729125690065	0.834381205128922
14309	2.19721580694217	1.87968329047633	0.803605616555656
14310	3.1354734769068	1.60643460013696	1.08057519372033
14311	3.68887051206249	2.01021566237883	0.937849978546643
14312	3.87119076190922	2.09405529632218	1.00704231435024
14313	4.06043326942135	2.41283350939359	1.02754640169463
14314	3.17804595849201	1.35543998465513	1.08078749999486
14315	0	0	0.874790823588053
14316	3.21886573317021	2.03795067702673	0.921022443633525
14317	3.401185650345	2.17822602263419	0.93451216909929
14319	2.83319363294252	1.22616821214441	1.07090929066277
14320	3.13548050870949	2.01988707183305	0.897790115962837
14321	2.77256826882389	1.23755743791447	1.01929214546216
14322	2.77255876563922	1.44135196461916	0.99666586964496
14323	3.63757018757107	2.09025045091981	1.02241640984345
14324	2.63904439067118	0.898643110887909	1.0647495442011
14325	3.5834982619145	2.04719059347438	1.05100206905049
14326	2.94442567521847	1.51027283645141	0.993976924886938
14327	2.77258240924132	1.25331332001796	1.01910042406517
14328	3.33218311721892	1.77339443753493	1.02783373086334
14329	3.36727196100993	1.93806261250038	0.99713121434575
14330	3.43397306413416	1.6305569319946	1.09428546496465
14331	3.71356158759508	1.80425896276078	1.09518785193489
14332	2.70803724955667	1.21551147468358	1.05238450753828
14333	3.21886646229871	1.32581926406304	1.08427460222686
14334	2.48489939476888	0.37728458429472	1.10283218929424
14335	2.19720927640321	0.332095851024957	1.08995575372012
14336	0.693147180559945	0.693147180559945	0.831865238343347
14337	1.79175213042337	0.186213165256821	1.03903685352532
14338	0.693143975941877	0.693147180559945	0.873685963926277
14339	4.07752885090968	2.12490836283019	1.09599746023753
14340	4.48862770680118	2.93425411621535	1.03443409399568
14341	3.71355570102678	2.0950392556317	1.05257344097921
14342	4.3944185441096	1.68805174304154	1.05596882849154
14343	3.93180977411947	1.25376889367514	1.09293330518278
14344	2.77256618453885	2.75921375894389	0.857519369872973
14345	3.688856724094	2.26207121128885	0.991905162232561
14346	2.83319775918458	0.986558654815641	1.10357865943451
14347	2.39788838589096	2.2638022391005	0.837404043740389
14348	3.295817669478	1.81607504574888	1.10460185906714
14349	3.87118908221029	1.9025038309174	1.09623962201485
14350	3.61089162425079	3.52906508546854	0.853459786860529
14351	2.83319775918458	1.26501896245115	1.00220356902823
14352	3.21886073156616	3.13605083293537	0.856451652041666
14353	1.9458998716439	1.94371770448201	0.862521483455465
14354	2.63903406459562	0.893100660436939	1.10185529197497
14355	2.77257608575859	0.674459975349147	1.10365153833666
14356	2.56494127478073	1.05939913340095	1.03092062363946
14357	4.06042521636763	2.12001874806137	1.10395312539748
14358	3.13548006784635	1.50490460531285	1.08983509787953
14359	2.19721299488466	0.347912740001075	1.09203765174711
14360	3.46572413373452	1.53665261204033	1.10626941236802
14361	3.091025685664	1.39998789710238	1.07007455105303
14362	2.89036190782002	1.07285710791615	1.09178919703159
14363	3.13548489903968	1.1258749882345	1.10334635221785
14364	2.19721334005713	2.06831071304297	0.836091314675902
14365	2.83320123461275	0.727787815216171	1.10200943093249
14366	3.1354836303552	1.40993188420346	1.09731977082023
14367	3.61090103786032	1.75283031975425	1.10292562060265
14368	3.97027586564946	1.84417500803117	1.09896012307027
14369	3.36728332367634	0.913995952321093	1.06149898742527
14370	3.09103248078931	1.38152567147057	1.09381929752591
14371	3.63756695280372	1.60489479976981	1.10478857669879
14372	2.89036153916738	0.718936406861887	1.09747054662927
14373	2.70803894436423	1.01985317060478	1.07134038188107
14374	2.89035504975919	1.06879496914019	1.09056937325076
14375	2.19721677032269	2.18589375843961	0.865145205762436
14376	3.73765244007218	1.66710784069503	1.10484757314579
14377	3.36728390645942	0.962431786893183	1.06157008354728
14378	3.09103939005982	2.99410060938612	0.841624730048949
14379	3.04452011648238	2.97049160827647	0.845303897030138
14380	2.48488850019547	2.38826149045923	0.847055263892414
14381	2.89035006019934	2.71144523878963	0.833771559418677
14382	3.29582792047847	3.20499330812144	0.847584568309781
14383	3.43398149448328	3.36804800745693	0.846908920353313
14384	3.17804746410223	3.00114489844364	0.828691941363831
14385	3.5834713601426	2.2944342950094	0.938004367211416
14386	0.693144039872868	0.693147180559945	0.87251823116622
14387	0	0	0.865009187733631
14388	2.63903289430459	2.36676474885286	0.827231321846129
14389	2.19721679666482	0.361253802060491	1.09106586746524
14390	2.94442788281027	0.752042459398746	1.09679136461359
14391	0	0	0.867047164887829
14392	3.29582655217046	1.2066499824633	1.08829957566454
14393	3.29582559398326	1.272190479605	1.10635008615231
14394	2.30257745349919	2.26143412188947	0.860299559787901
14395	1.94589253208682	0.722595889988696	1.01612498143458
14396	2.70803696097183	0.901264483051018	1.10235410537484
14397	3.25808212617265	1.43657963701112	1.10147882987252
14398	2.56493271310453	0.949438986386987	1.05318199611681
14399	1.38629196170705	1.34697634620473	0.858738989874515
14403	2.56494461063107	0.453463915540235	1.10380745404493
14404	2.63905085225078	2.42182988801285	0.83781478090364
14405	0.693147180559945	0.693147180559945	0.870978399253189
14406	1.94590657761186	1.8289383589801	0.855747149695026
14407	2.70803590635203	2.66695999805693	0.856785754974893
14408	2.56493185569096	2.43278547345154	0.849733289419073
14409	3.04450679940286	2.93826539634294	0.839583690682163
14410	2.30256787476351	2.2195489303831	0.845034052407549
14411	2.39788780316878	2.20574868548859	0.837125074137489
14412	2.99571763341622	2.87639538398168	0.846682629648674
14413	2.7080364060994	2.64442709714086	0.85501316256397
14414	2.07943604544714	2.04106118555752	0.862618968692854
14415	3.55533411805885	3.38586485600177	0.819488498799863
14416	1.79175248599964	1.68391371195643	0.844444338306613
14417	1.09860950005303	1.04861830614007	0.851374317491521
14418	2.39788089424859	2.24423594388721	0.826781296010581
14419	3.85012079063532	2.45768768561464	0.937231032760695
14420	2.56493543081012	2.48311423388366	0.85159269975206
14421	2.19721211649352	1.86509693929261	0.81711818819328
14422	2.19721396140889	2.13237341710615	0.859185179126292
14423	2.89036159888809	2.75273137553386	0.835818234178965
14424	3.04450646425143	2.95915648717755	0.852049756626023
14425	2.63904575647346	2.53287037003468	0.846568082771108
14426	2.70802002549706	2.58149113043849	0.841124013199419
14427	2.39786760863618	1.07020769283946	1.09979708845798
14428	2.83317880106972	1.16746220045428	1.00028213493463
14429	3.68885757052196	2.05553925092678	1.03328770582375
14430	2.94442268019217	1.22512586309458	0.984788493000994
14431	3.43396293675136	3.30602778654498	0.833327589836356
14432	3.87118148554992	2.21668443731671	1.00498500965047
14433	3.80665074460286	1.49297171874893	1.04153150857454
14434	3.55533511361205	1.89942844472188	1.07528816757711
14435	3.40118553634892	1.87256641991744	1.05367911326449
14436	3.33219324673424	1.54792274527351	1.10189999861543
14437	3.4011869935714	1.89452980557867	1.0747754275602
14438	3.1780453838534	1.58770091238802	1.08934862547568
14439	3.21886502523474	1.55756803446416	1.09459205248959
14440	2.56494245469307	0.928258334919242	1.09478491033641
14441	3.04451501094267	2.99326465755398	0.856285455586319
14442	2.39789107592773	2.36741499889569	0.862107479574306
14443	2.39788772765934	0.460492778949785	1.10001259960585
14444	3.3321927860352	1.50124777500088	1.09931088745236
14445	3.46572583831774	1.67067960454452	1.104162073902
14446	4.15886636794489	2.31483756186021	1.10394346951366
14447	2.19721399401742	0.735401818172435	1.06198916814295
14448	2.63904616889623	0.904622659600195	1.10074656176478
14449	4.09430113023899	2.3515655101181	1.07829422583592
14450	0	0	0.867021774289191
14451	2.30257295577611	0.334213604527626	1.09733697549632
14452	2.89034001770958	2.82124747461829	0.858445529010109
14453	1.79174822100677	1.64643036729655	0.838771666688787
14454	3.21885360576292	0.750748806123303	1.07083601721339
14455	3.52634246500402	1.12414882350508	1.04520430406377
14456	3.13547073782988	0.80343440866662	1.08019249319062
14457	4.0430384840165	1.63327509600883	1.06152919768196
14458	3.17803854649626	0.850898659793924	1.07773289745013
14459	3.04450778528551	0.730198280391374	1.08701457704433
14460	0.693147180559945	0.693147180559945	0.866262352792811
14461	2.30258394785058	2.21661805368444	0.855894388391362
14462	2.70803350993473	0.542876269214584	1.10364878357705
14463	3.2580783862949	0.886162806238692	1.07124815455742
14464	3.21886377819321	0.920232130468053	1.07537280406862
14465	2.9957207100857	2.88105939164601	0.840878940028499
14466	1.38627911875193	0.379375498907854	1.10383920645832
14467	3.73765407596977	1.3829967029101	1.02648635263434
14468	3.66354768199618	1.33303659497246	1.09113902835432
14469	3.49650466134629	3.43836476505402	0.855551130005513
14470	3.95124273751567	0.720998208523395	1.10528973403794
14471	3.98898290350548	0.738257164209087	1.10509783850359
14472	3.25809555695572	0.374277546429385	1.06444012803653
14473	2.63905521849113	2.49267550669242	0.823872276198194
14474	3.36727973203132	0.995741084570091	1.06111588526851
14475	3.21886493138698	0.913054614763617	1.07399340294117
14476	4.02535077974552	3.96516602822089	0.856921765405458
14477	3.87119033232717	3.80024853362457	0.86009991285117
14478	4.46589855769432	2.46235420194988	0.991991242186954
14479	3.04451461784679	3.02557638512324	0.865011190113274
14480	3.21886647839244	1.44518817711609	1.08866379327102
14481	2.99572938379727	2.9279867696191	0.856412752631321
14482	2.56492018113659	0.410546286540938	1.10563112680641
14483	3.21887329313438	3.05358407492755	0.817573186210218
14484	2.48489649077992	2.35555335563278	0.825582034121674
14485	3.63757632929523	1.73378250543307	1.09531819768293
14486	3.87119229443798	1.83813304238801	1.10504360381514
14487	4.2626726044601	1.98069078044207	1.0457358512334
14488	3.4964976178991	1.13232014047031	1.04759051593367
14489	3.33218718554472	0.966583011008727	1.05733493996571
14490	3.49649429688499	1.22291236348084	1.04497109659034
14491	3.09103050516107	0.745640401632293	1.07870249536206
14492	3.68887884708153	3.63456785839959	0.853772464211582
14493	3.61091451193529	3.54555531887064	0.849737165548046
14494	3.25808605651341	3.14161253927096	0.839696400339123
14495	2.77256170408946	2.67551692853703	0.846040644031499
14496	3.55533565051311	2.36451407225453	0.904419050597149
14497	3.17804678445471	3.10003408310453	0.851718625954603
14498	3.36728654978755	3.26018456665153	0.837194098086975
14499	3.33219628270514	3.26472228766454	0.855997852079871
14500	3.40118711962172	3.26895504443381	0.84328579594356
14501	3.71356472295334	3.60465708907181	0.843020015602597
14502	3.71356463788527	3.62656590341543	0.848432743082651
14503	3.85013998617574	3.80923472199399	0.862679080768294
14504	3.46572813833293	3.35984115405253	0.843745527957673
14505	3.71356414889491	3.62343821888517	0.847063522327599
14506	3.85014099803412	3.74786748372818	0.846388515151262
14507	3.40119002142083	3.26701427519244	0.833928484196356
14508	3.71355834284158	3.6312151112858	0.852395057098141
14509	3.63758204886931	3.52046989390082	0.840172724620089
14510	4.12712549767275	1.87304744864859	1.09030465839966
14511	3.33220003259433	1.30215987470409	1.1056488640135
14512	3.85013556272895	1.77933630019588	1.10581230183835
14513	3.33219814240353	1.23472453191917	1.10634017612773
14514	2.48488477073251	0.8704800819629	1.04288424848647
14515	1.60943075892506	1.52195824077239	0.835906601413728
14516	3.40117493428231	1.27927911558648	1.10660804496995
14517	1.09860109057817	0.719561509096339	0.64274892668353
14518	3.21886107514875	1.58996219654482	1.04994077592479
14519	2.07942326816038	0.80487180701092	0.954058569934564
14520	3.4657143361019	1.28290596931054	1.10338778952478
14521	2.70803280809515	0.472516324761608	1.10736090309657
14522	3.52634700850678	1.44169198350272	1.10596893246708
14523	0	0	0.872562378633061
14525	2.19721579273974	2.14605099976363	0.825317910715251
14526	3.98896962173601	3.88909738347328	0.844982118796993
14527	3.43397541240405	3.39382669279522	0.860378293584542
14528	1.38627305458669	1.34712894584834	0.855648348130105
14529	3.8711804804758	3.79405001216211	0.850210100006332
14530	4.00732256896507	3.95398495074682	0.857585762270892
14531	4.06042934091383	4.0143658193083	0.857951975600191
14532	2.19720632844341	2.13945510646692	0.842314445933487
14533	3.4657177672977	3.40487804529071	0.851851478667968
14534	3.21885712838147	3.17643643935173	0.852804635082291
14535	3.58351317231856	3.53340734500267	0.85870778354324
14536	2.89035311508207	2.83761905349118	0.852651844805856
14537	3.98897151250971	1.75239748678606	1.09678325359338
14538	3.61090757486198	3.55734340707674	0.856299548035809
14539	3.40118489268223	1.64042806282512	1.07326969797613
14540	2.39788734794677	1.19395567950234	0.928629822428983
14541	3.82863395273606	1.66039007957975	1.10278692378956
14542	2.48489080881518	2.44423411536119	0.855899451086242
14543	3.17804229149192	1.58159900316685	1.04048400527508
14544	2.07943600589173	0.252068033395639	1.08069113767953
14545	3.63754620914578	1.89606369585368	1.07377346040618
14546	3.68887078046517	1.72335295477287	1.09825363474928
14547	3.58350951899854	1.98645239595734	1.04027779856765
14548	3.09103593714547	1.07916817930745	1.10204682911608
14549	3.76117044235218	1.55882736402931	1.02919571252583
14550	2.39788733688758	1.20198729773205	0.928260859259029
14551	3.17804539721982	1.36143971491402	1.08063704310386
14552	3.89179404548709	1.63240131760534	1.07833899459403
14553	3.66355079261004	1.88551506120088	1.0776098676098
14554	2.39788586332282	0.866511047062132	1.02455010893064
14560	2.07943859974378	1.9451411671362	0.831682205661265
14562	0.693147180559945	0.693147180559945	0.872509358530395
14563	3.13549238884171	1.80688535193528	0.98504228100888
14564	2.07943836926881	0.751538762599513	1.0795836985137
14565	3.40118036339999	3.37587226722157	0.868432822872074
14566	2.56494127478073	1.00049103635617	1.02757019344244
14567	2.70804771567733	1.35420363440369	1.02482399161433
14568	3.5263526524134	2.33051380028277	0.955593030841087
14569	2.63904198221158	1.00952871285454	1.01857032026328
14570	3.04450585685505	1.4906652437796	1.06028171894841
14571	2.77257605060417	2.70674210713038	0.84289600995657
14572	3.55533578344017	2.16863297922251	0.941379372286321
14573	3.13548681144759	3.07005617166176	0.85002109363177
14574	3.58350548923276	3.51684676085304	0.839960368182796
14575	3.73764997739583	2.1925478064772	0.940242529356761
14576	3.33218967788643	3.25917192898744	0.850657828936166
14577	2.70804303031146	2.66401149856829	0.854429059357751
14578	3.52634224236973	1.18713499839053	1.04887828860347
14579	2.94442297909612	1.35817322159587	0.991234644049681
14580	0	0	0.809522095147483
14581	2.83319213237945	2.77559634864546	0.833665412164282
14582	2.39788537801524	2.34303321679279	0.840286899450188
14583	2.19715725249445	0.750534403451029	1.06439238868189
14584	2.77257476206793	2.77258717259869	0.871578174993779
14585	3.17803103552519	3.11506995284485	0.841930590584641
14586	3.89180213115925	2.53196154041536	0.911379094524272
14587	3.36728165780331	1.89696573483197	0.954256276215491
14588	2.48489290766023	2.42423242514693	0.841672803540207
14589	3.43397341851029	3.37756891770712	0.84609404313573
14590	0	0	0.873863637184628
14591	2.39786664077033	2.30890575964718	0.837452497483375
14592	2.30258245128653	2.24671593946239	0.847436006266437
14593	2.94441549934899	2.87614316581938	0.850884500216301
14594	2.30255076527067	2.16574947924372	0.842830370763396
14595	2.8903558180135	2.84427072125136	0.843164423424761
14596	3.73765938396849	3.69802378141288	0.852373762477185
14597	3.68887724543826	2.13658133819171	1.05195000596179
14598	3.33219180136069	3.28618732604571	0.848271832315386
14599	1.94588549332982	1.8311753579689	0.840758162349203
14600	2.99571381147775	1.35043057858284	1.0068170458403
14601	3.46570867004708	1.87837083065386	1.03089815449379
14602	3.61089463694193	2.06236607521235	1.04957873687489
14603	3.63756282150231	2.10286572219826	1.0057071168373
14604	2.63902327015096	2.58553261359258	0.857111016542264
14605	3.2188442412733	1.52418179749609	1.00238897628331
14606	3.91199351654552	2.41072893962457	0.990695725335886
14607	3.55532218735783	2.02498144097662	1.05500531707845
14608	2.94441356361591	2.81039971884017	0.846043816545456
14609	3.25807285321431	3.12692801074003	0.842832188988149
14610	3.63756128014157	3.49860438292622	0.838740520144161
14611	4.06041791000727	2.55310120473085	0.96519134078415
14612	3.46571105400293	1.91121102634087	1.02233851216625
14613	2.39786440893914	2.33039033581867	0.854329803001992
14614	2.63903028244837	2.60773918945931	0.856732612566855
14615	2.07942420181118	2.01675956766174	0.842299331887717
14616	3.04449844306595	2.97108338910886	0.848510834434914
14617	1.7917524154422	1.7560987250979	0.831902445249423
14618	3.49649611427979	3.44270765872264	0.846691351323779
14619	3.63757708043463	2.15557973804411	1.06047549567187
14620	3.46572165351195	1.89263047669348	1.00854850732422
14621	3.40116796049593	3.32151157874482	0.851694855502691
14622	2.48487596658135	2.34434106860315	0.83218853684487
14623	2.19720774253194	2.08050225171069	0.838301933070925
14624	3.33217790866207	3.28594289709488	0.853930629438285
14625	3.4011755863335	3.33606017216552	0.856236005747853
14626	2.48488168145008	2.34434106860315	0.83144028296078
14627	3.29581779344475	3.21594752414034	0.848105570499041
14628	4.31746388693101	4.22458982638185	0.840293291784488
14629	3.63755538586683	2.20581972392823	0.931427591413884
14630	3.25807149836514	3.15923007652903	0.84248286015609
14631	3.40116785978737	3.27702825096302	0.839681040061021
14632	4.07751463401639	2.69528810358713	0.914069154279915
14633	3.33217428026871	3.21484149756379	0.832573192528731
14634	3.8501227887749	2.35470142749882	0.929249246110988
14635	2.56493150199038	2.45701564308094	0.824648836746839
14636	1.38625596974315	1.38629436111989	0.871184983201213
14637	0.693144008148924	0.693147180559945	0.866129919451991
14638	0	0	0.829718886902821
14639	4.00731510390803	3.95506286092541	0.85059625579577
14640	3.89180747217008	1.16533838154593	1.04970698753339
14641	3.58351295490387	0.692102187426933	1.09088733477964
14642	2.70803808073601	1.32177681710154	1.07911238128743
14643	2.48489514644228	2.42451301856762	0.846048397375706
14644	3.2188588039538	3.20757583192689	0.866931448171846
14645	3.85014370519202	1.44122805924037	1.01011250132642
14646	2.70803488775751	2.6327757138666	0.848029171899401
14647	3.55533603335328	1.27174024473996	1.0460544111118
14648	2.89035965902234	0.242192387037224	0.998771802398851
14649	2.48490429033144	2.43439967880363	0.838641961381804
14650	2.7080471840264	2.68895673653441	0.851643663479506
14651	3.9512296714425	2.47591024883987	1.00548268502733
14652	3.04451809394401	1.63384657461363	1.0837211639154
14653	3.95123556576734	2.73870161676413	0.913920370326073
14654	3.46572921446145	2.28247535188828	1.10413939980126
14655	2.99572688310328	1.50277915955264	1.05372918173572
14656	2.89036438882271	2.84078024311011	0.84078877410223
14657	3.4339737301617	1.11508395466716	1.0569483127425
14658	3.46572363147778	0.430340471355734	1.08822141812106
14659	3.55533084465592	1.43865042431688	1.06838794896737
14660	2.9444235634421	0.70417893596125	1.094178263096
14661	2.9957214543197	0.699541282199427	1.09053613262261
14662	3.2188633102724	1.80595308558268	1.05991967017973
14663	2.19719805266284	2.04987840167143	0.837828191947656
14664	2.56492119225926	2.56494755131071	0.870562724792145
14665	0	0	0.874571911072719
14666	0	0	0.869057246682765
14667	0.693147180559945	0.415979120072264	0.814403230927447
14668	0	0	0.875931074252123
14669	0.693144039872868	0.125998964591067	1.04145963460525
14674	0	0	0.86648152586189
14678	0.693147180559945	0.693144632774099	0.867627085269997
14679	0	0	0.869057246682765
14683	1.79175772828172	0.659595513729709	0.982202342371079
14687	2.07943919009469	1.93616993055442	0.800327387325292
14688	3.13548404978397	2.1032097512309	1.10341752860027
14689	3.52634376447267	2.49035597467443	1.10292843370383
14690	2.83318672639815	1.49394763190616	1.08645138916776
14691	2.99571141279585	2.04409488663738	1.10475998193288
14692	3.89179493839482	2.70758905473794	1.10309383767241
14693	3.36727426496922	1.87608665593795	1.02191384014741
14694	2.99570888629192	2.98032588993233	0.864630985627554
14695	2.63903182162669	2.62639811602322	0.865750378138081
14696	2.39788879363966	2.34372505210652	0.847031716537205
14697	2.83319251466253	2.8332115132736	0.871626897491209
14698	2.3025717430698	0.866353784364459	1.05446309720749
14699	2.70802343672569	2.69620482468742	0.865071796415086
14700	0.693144008148924	0.624528368288819	0.836590309313307
14701	2.94442513404391	2.04628686430338	0.938016472634071
14702	1.38629436111989	1.31767554884876	0.835600031790405
14703	3.40117723970863	3.35116379680849	0.852863712711053
14704	3.29581523077635	3.27818468974789	0.86571638585963
14705	0	0	0.88062758345027
14706	1.60942985509071	0.205281847397473	1.09822396399044
14707	2.30258207591824	1.13472497383361	1.10265852791891
14708	3.46570335822577	1.11557185966213	1.04866654401703
14709	2.83321151437316	2.01814582597505	1.08563896040597
14710	3.66353329468489	2.40503990886732	0.938171945704654
14711	2.39788379461935	1.08172710450551	1.07684395105871
14712	2.30257740848997	2.27179211352996	0.860927507509902
14713	1.79175632854098	0.574173439251505	1.09440965885425
14714	1.79174931021998	1.75784624381065	0.854931797282509
14715	3.21886018751503	1.88327317811695	0.975718699703888
14716	0.693147180559945	0.693147180559945	0.799430426287748
14717	2.07943058780026	1.9124109241833	0.828902572282029
14718	1.60943291241327	1.43297917553532	0.842293711940537
14719	2.30257488709169	0.720862451938089	1.05157802959867
14720	0.693147180559945	0.624528368288819	0.835600031790405
14721	2.48489512336109	2.44112809007576	0.857517902221231
14722	3.76118926692945	3.72000573152172	0.861025840119094
14723	3.46572798371354	3.36248167373087	0.836240755383588
14724	3.66351695503839	1.34410072612788	1.08991657663295
14725	3.21885491848385	3.1543971144041	0.855941533740556
14726	1.94587711240121	1.80695806426229	0.847212101293085
14727	2.83320262464227	2.7373026881678	0.837407053124951
14728	2.99569918081496	1.71696565772501	1.09049380058327
14729	2.19722144292117	2.15996617945916	0.8401999522513
14730	1.9458977925608	1.9214008895687	0.863627624861544
14731	2.77256463671617	2.74277918444124	0.859314039260834
14732	3.09102058672937	1.32113741511589	1.07071757763172
14733	2.48487439941212	2.38862532272321	0.848984448175613
14734	3.29581796727838	3.19378052000031	0.85356993179812
14735	2.48490452414553	2.38824758529516	0.849130620532657
14736	2.70804534092467	2.62043487799223	0.848569674459357
14737	2.19721613959971	0.332671681971367	1.09052855123415
14738	1.94587217705847	1.41184466742899	0.962340892400962
14739	3.13548827735099	3.0858779128162	0.859208096844533
14740	2.63904974724962	2.5505109682369	0.84607863492185
14741	3.17804434795076	1.60858675346259	0.970417564902908
14742	3.43397764651664	2.26041476179579	1.10410268793136
14743	3.29582904243107	2.39180429162277	1.09783267133717
14744	3.73766377281439	1.37588893195417	1.08133058143844
14745	3.17804539856629	1.76414544354701	0.961150387604642
14746	0	0	0.865009187733631
14747	2.94442758688919	0.644233538068135	1.09255573713948
14748	3.78417057094159	2.59397051672043	0.932360917460412
14749	2.39788586332282	0.419864591637443	1.10013053405217
14750	2.63904880061748	0.508130524066884	1.10501222174239
14751	2.63905054068982	0.941067261275295	1.06300853154568
14752	1.38628566486211	0.117180403953378	0.951376414641037
14753	2.99570625917972	2.99573064591119	0.870753321941145
14754	3.33218874143771	1.07529186609009	1.06708900637229
14755	2.48490215418486	2.42329526432467	0.844689182179569
14756	2.70804401175352	0.549977211478866	1.10229209923837
14757	2.30258242458477	2.20030373058355	0.836014662066494
14758	3.43398280670892	3.34191566361313	0.842650917392017
14759	3.33218503752607	3.27376164319738	0.83765426074716
14760	2.63904299137138	0.943810099300809	1.10055861756788
14761	3.73764291741018	1.73505376530324	1.05718078763419
14762	2.48489953517827	0.895733987455707	1.03711662213335
14763	3.04450854399903	2.94285577725587	0.843451298795131
14764	0.693118338750855	0.556660245757722	0.83429790896212
14765	2.0794352048187	0.301847661142731	1.07895459504399
14766	3.29582169992226	1.89119099637348	0.964266638741053
14767	4.11086164552623	2.63187975833852	0.949504972463519
14768	3.61090317669929	2.09619232276247	0.997207932102008
14769	2.83319230031286	1.27162345724103	1.00497312143499
14770	3.85012719269465	2.6206609479363	0.924505672047496
14771	3.93180742946001	3.8533340745703	0.854450719051184
14772	3.91200564259599	3.83484996500333	0.855376538466108
14773	2.89035474541833	2.84223401418411	0.858523522735716
14774	3.52634630873314	3.45703573153517	0.852333610789351
14775	0	0	0.748457695393624
14776	3.71355596600165	3.62712738367502	0.852454922656136
14777	3.68886489330868	1.36655855524593	1.03146179523218
14778	3.8501363883686	2.66912448272034	0.924996606381238
14779	3.82862571851212	3.74845406380037	0.855921227505443
14780	1.38628566486211	0.141209231817745	0.949604139412174
14781	0.693143975941877	0.624528368288819	0.836820125950038
14782	2.30256681656462	2.30258295542786	0.869983811594576
14783	1.79174922875044	1.69531700160777	0.848756103548149
14784	3.68886806015754	3.6399508177322	0.855016411420737
14785	2.70803838274238	0.943429391223702	1.07199147862209
14786	2.639042881685	1.17621686670233	1.02699307976033
14787	3.85013369393978	3.77969780658761	0.852324248323152
14788	3.46572262517743	2.08086384705951	0.948997299301081
14789	3.66354675330363	2.30113211206234	0.933033807153469
14790	2.99572012995282	2.91936653752303	0.851504321588996
14791	4.26264456405136	2.03705761122739	1.0434438194358
14792	3.3321922873974	3.29039770203959	0.860398014384563
14793	3.73765135554971	3.68154400762744	0.85779584526942
14794	3.52634522270708	2.18129342754648	0.945043748512227
14795	3.55533255323665	3.50263772291503	0.856824842267004
14796	4.44263619758325	4.39676664452558	0.857693595762915
14797	4.2626571861044	4.23346185890312	0.862877173020923
14798	4.74491702505049	4.03097134022002	0.888993025358975
14799	4.62495855159292	4.57568130339639	0.852211811534848
14800	3.8711815967725	3.81812172531811	0.855546075044547
14801	3.87118595504252	3.81963490745304	0.857560492570909
14802	4.1271268640318	2.5415194693137	0.981351159111949
14803	3.1780201323235	3.14407780182452	0.865987298028819
14804	1.09858656471822	1.04914029997703	0.850476708039491
14805	3.49649458124242	3.46044922918215	0.856655401980433
14806	2.89035473313331	0.583032509635752	1.09177491065232
14807	2.30256921150971	2.19021199188784	0.849699258448923
14808	1.09860109057817	1.09861228866811	0.86718359870501
14809	1.94590132712191	1.81506600719183	0.837004132514506
14810	2.30255758912742	2.20893492403566	0.848920460758266
14811	0	0	0.867045564435396
14813	0	0	0.865009187733631
14814	0	0	0.869033462180722
14816	0	0	0.796501315761245
14817	0	0	0.868281245082179
14818	1.09860949383365	0.802729125690065	0.830536741043165
14819	2.56492899666567	2.48969856770783	0.85631529209251
14820	1.38623690305113	1.3738899430554	0.863759253594941
14821	2.19720488006984	2.13245454385621	0.856977249231166
14823	0	0	0.873863637184628
14824	2.63905476945643	1.04406828952974	1.01967748648503
14826	1.09860369955824	1.09861228866811	0.875998140949557
14827	1.79173387497689	1.69553238884332	0.851673587880558
14828	3.43395679873166	2.49219864589989	0.930626200521987
14829	2.48489512336109	2.37319782164914	0.847322528083712
14830	2.39788543952437	2.26454999705642	0.842732367212719
14831	2.77258360754322	2.65100092994498	0.839617211474243
14832	3.0445162238453	2.98175092950967	0.84452260887453
14833	3.09103221750336	3.00242716069594	0.851742599505928
14834	3.21885308204486	3.13022033125904	0.845573740818904
14835	2.94442236185216	2.891464762056	0.864183725951573
14836	2.70804201648575	2.66530903925136	0.865252719002017
14837	3.91199550528671	3.85701068963912	0.856557871675382
14838	2.83318039657667	2.83321334405622	0.872003660854186
14839	1.79175668061298	1.70162510978133	0.850674511429927
14840	3.33219051685621	3.26652940448425	0.860053750676466
14841	2.94439685185054	2.90250249799654	0.863458520763847
14842	1.38628566486211	1.19865478010471	0.823820159832782
14843	2.94442581079221	2.91647813010938	0.86768439482408
14844	2.83320029982159	2.73706645423771	0.846177762364018
14845	2.63904880061748	2.52363121617482	0.841793491613377
14846	2.30258394785058	2.1967793094219	0.840794752360416
14847	3.1780342565225	3.14969102498747	0.861418979154345
14849	2.83319249937889	2.76844270220732	0.853954215442014
14850	2.48490488338381	2.39478659716895	0.845775990045077
14851	3.46572799184741	0.441827382041699	1.08757739031844
14852	3.2580932833616	3.18104049658546	0.848434455245128
14853	2.7080487311243	2.68505947191342	0.861862362054123
14854	2.99573166652158	2.9440112911194	0.851501831555609
14855	3.09103443110838	3.05334260610134	0.856517457652972
14856	1.09858707876126	0.865392640410449	0.806512552050845
14857	1.38625278238228	1.38548525014194	0.868642150920544
14858	1.38624094499173	1.38629181333404	0.871544641046478
14859	3.04451679308455	2.95099989715544	0.846745459717973
14860	1.94590393517719	1.84586537398771	0.846015029332198
14861	2.07942630730028	2.05782271554535	0.864054754827989
14862	1.94590342207949	1.78877291006574	0.842398782365734
14863	2.19722457733622	2.13660077392812	0.848705406471365
14864	1.94590755559994	1.92136378084771	0.8617761168743
14865	2.48490567772079	2.43757837362777	0.854096086325647
14866	3.33219910578588	3.26122114194947	0.841441709419772
14867	3.17804820098685	3.12810405679286	0.852898399366801
14868	2.89034165861976	1.32727965915886	1.02185020244174
14869	2.5649408873072	2.30790004765638	0.823664689835234
14870	1.38622703254131	1.38629245315246	0.874224439659875
14871	3.218856802204	1.95867006687509	0.966346140473421
14872	2.30256201024101	2.22871578607912	0.854470882353509
14873	2.07942317963092	0.723056121361114	1.06825458974468
14874	1.94587946046423	1.89857351487098	0.8598706444445
14875	2.07941997093058	2.04669899805289	0.863461502042913
14876	1.60941022816941	1.6094379124341	0.873164858029494
14877	2.5649484498676	2.51017826923724	0.850040560921334
14878	2.48488799984661	2.37420434094234	0.842014564087508
14879	2.83316546666967	2.72226596815279	0.851097987062159
14880	3.33219305939674	1.683561750129	0.972244215262714
14881	1.79174375517892	1.57282355289756	0.82242374518491
14882	0.693143975941877	0.693147180559945	0.871047401938746
14883	1.60939709957803	1.60943546803125	0.872589913426091
14884	2.63905732961526	2.60089699454655	0.792857971284004
14885	2.63904938665443	2.36085570295449	0.818847868778539
14886	2.63903660594368	1.17823311622513	1.02318828129838
14888	1.3862602530838	1.38629181333404	0.867215472411734
14889	3.33215568241736	3.33220201331149	0.873749322597685
14890	2.56493731129411	2.52098662465785	0.855016017709455
14891	1.38626650194193	1.38629245315246	0.867400214569814
14892	1.60941943082804	1.6094379124341	0.870622760744181
14893	2.07939720887792	2.07943963371241	0.871230506175497
14894	1.3862602530838	1.38629245315246	0.870180606832352
14895	1.94587433300281	1.86888175298512	0.859017098916915
14896	2.07944154167984	2.07944154167984	0.801596441486164
14897	1.94587433300281	1.94590765433782	0.869856234048044
14898	1.79174366741334	1.79175692144221	0.872327067736033
14899	3.33215774409875	1.89990057479807	0.983562392425239
14900	1.6094379124341	1.6094379124341	0.872307361291927
14901	1.38629191240527	1.38629181333404	0.873843809251277
14902	0.693147180559945	0.693147180559945	0.873863637184628
14903	1.94589989772041	1.86884737157876	0.854337869369436
14905	1.38629109059873	1.38629436111989	0.870007700745139
14906	2.77255224798573	2.68893428097531	0.853680967284452
14907	2.63905732961526	2.56563710013589	0.841742254261779
14908	2.0794274042757	2.0578503618311	0.861999164897743
14909	2.70799033432978	2.67253605142757	0.866473525799592
14911	0.693143975941877	0.693144632774099	0.870503971024919
14912	1.60940750775339	1.50070685380219	0.85021293098622
14915	0	0	0.870768364017859
14916	1.38629196170705	0.389505478527529	1.1036641572123
14920	2.30255506667063	1.01012798953606	1.01164545503557
14921	0.693134296895144	0.625277334239626	0.839966611250841
14922	2.77256814833887	2.65005039607316	0.852396159607194
14923	3.58347089616519	2.21820940643501	0.962519778234684
14924	2.30255247979823	2.22241857709836	0.850426702261306
14925	1.94590756305507	1.84586537398771	0.847642528560705
14926	1.79171815250613	1.79175805662678	0.871874486520067
14927	1.6094308530293	0.506948170610439	1.09936985801679
14929	1.09860387133682	1.09861228866811	0.870387689334227
14930	0	0	0.873598983788067
14947	3.33218412470331	1.42819353938087	1.10495780144262
14948	1.09861228866811	1.09861228866811	0.868255245481839
14949	1.09861228866811	1.09861228866811	0.867608326938688
14951	3.13547484258765	3.11242970749088	0.868003975665822
14952	2.77257275985883	2.75604497305998	0.870040430708606
14953	3.36727293829757	3.31428146913859	0.860075257476614
14954	3.46571374994949	3.35535579852656	0.848599245022164
14955	3.25806936722981	3.2069244401559	0.86504848739338
14956	3.97026723948476	1.7393850908854	1.00735543318419
14957	3.1354711786821	3.12088799112298	0.869545145303674
14958	3.33218287972011	3.28350284116717	0.85701456112074
14959	4.33071113069771	2.26693319910521	1.0025657655466
14960	4.04302352228615	1.89382176877936	1.00185113066299
14961	3.61090225439435	2.25739528156584	0.933960395517528
14962	3.2580734324098	1.2035478361105	1.08938750646572
14963	1.79175345511443	0.591302326042357	1.09587046616448
14964	2.70803868516944	1.24808536229716	1.01561557804613
14965	2.83318331936889	1.29360687456009	1.06939933377745
14966	2.07943695272338	0.791617303591873	1.07542357390662
14967	0.693147180559945	0.693147180559945	0.874778997616356
14968	3.04450568935097	1.7608904090748	0.99146827574465
14969	2.99571279673344	1.12313817584498	1.10466053631429
14970	1.60943075892506	1.54995759122758	0.855760606172743
14971	2.70803336529877	1.42356517509321	1.0811441331828
14972	3.61091164003439	3.58249027201503	0.866746926069387
14973	2.63905259467984	1.03673126392269	1.01603227786832
14974	3.40118797791916	1.99094924983415	0.951562044350009
14975	2.30258305855265	0.884031127500271	1.05368585719833
14976	2.83317230715766	1.44501303936747	1.00825644982953
14977	3.4657028068287	1.36844928627894	1.07567044554411
14978	2.70804207934049	2.61347146190793	0.852623394295457
14979	2.30257191560312	2.23494166328497	0.843045307017837
14980	3.36727790100007	3.28929534012808	0.852057025525064
14981	3.36728298224117	3.28068007530014	0.847168090395749
14982	3.4964947930178	3.38523143536605	0.849749304729499
14983	2.8903517107951	2.8056937316786	0.846240726325532
14984	2.07941782572587	2.01134818636905	0.848179532063206
14985	2.70802095967421	0.597703703554788	1.10315260133297
14986	1.09857537525376	1.09861228866811	0.870766477407346
14987	1.38628466557798	1.38629181333404	0.870759051937186
14988	1.60942565222484	1.53303329370497	0.844482267955445
14989	2.77257258156866	1.09766795143504	1.02762260544078
14990	3.1780184171982	3.06366415349854	0.853388575119798
14992	3.04449950702155	1.12519374595409	1.10369394761137
14993	2.77255447784739	2.71213596270821	0.862838932778694
14994	3.33218871919558	1.40637533069019	1.08668086812162
14995	1.79175664614724	1.67821816791026	0.805851643422465
14996	2.89035873843129	2.77933900707058	0.839220162980102
14997	0	0	0.780851164562423
14998	2.94442934395304	2.84770967655214	0.831943088364983
14999	3.9120106498969	3.8095613928139	0.838056533717889
15000	2.94442029925767	2.8826267911137	0.855073537042347
15001	1.09859236627113	1.09861002169557	0.869467318180176
15002	0.693096164489863	0.693144632774099	0.871610548397808
15003	2.19720837456773	2.15047055778443	0.858927858336045
15004	1.38627519796714	1.38629181333404	0.869527300470017
15005	0.693147180559945	0.693147180559945	0.742019780693908
15006	1.38622801359783	1.38629436111989	0.873009817016201
15007	1.94590342766429	1.81845761702312	0.827660979770613
15008	2.3978881322475	0.344563906075555	1.10103280028723
15009	3.21885550358111	1.69857175879989	1.02982557823035
15010	2.77254787439991	2.68825356883857	0.860958988898853
15011	2.77257200670352	2.64151779507439	0.839002935558765
15012	2.89034984652889	1.43042378274946	0.998846180464238
15013	2.70802197021846	2.57994055641221	0.852261342984053
15014	2.99571004401964	1.35155901199326	0.98343188890935
15015	2.30255611153166	2.20401741470706	0.853081759109343
15016	1.79174817919489	1.43772077808934	0.799185063557784
15017	1.09860943691055	1.09861002169557	0.873844208934905
15018	3.25807256047259	3.11921540831059	0.846801966100465
15019	2.83320656824604	1.17626760211483	0.983350807848338
15020	3.43398079294917	3.25899718476059	0.815357190815714
15021	3.40117901435547	3.23266849331575	0.830850117953315
15022	3.63757431020527	2.50138925962179	0.898269597210162
15023	4.06043327333932	3.86918912069319	0.824323242742852
15024	0.693144008148924	0.693147180559945	0.868304198553992
15025	2.30258509299405	1.21596074299612	1.01733111359365
15026	2.07942590423321	2.01122586409468	0.849070667892527
15027	3.55533420686156	3.48019721185835	0.853593402676077
15028	3.36727644336199	3.27767988964567	0.844576296581279
15029	1.38629436111989	0.486341783501529	1.09086033750504
15030	2.63903052144516	1.35967601726153	0.983092363693416
15031	0.693143975941877	0.629236404873396	0.843049038549017
15032	1.94590500224053	1.94591014905531	0.869821085858401
15034	2.39788726772346	0.908694728390047	1.04572435495723
15035	1.09860947190115	1.09861228866811	0.870020004461498
15036	2.63905732961526	2.63905732961526	0.868686248649903
15037	1.6094379124341	1.6094379124341	0.869420370525161
15038	2.39789193025758	0.763389162852151	1.03637150698255
15039	2.99570215955584	2.01172783445877	0.962350840336128
15040	2.30257951923861	0.976407863021462	1.05600561017279
15041	2.4848974818248	2.43828308123621	0.858005269617783
15042	0	0	0.868761707329189
15043	2.07944015723864	0.914596036154255	1.03402788580063
15044	2.39789193025758	2.34926217525608	0.861480271370344
15045	1.60943486896405	1.6094379124341	0.870481224520847
15046	1.09860378609821	1.09861228866811	0.874137584172641
15048	1.09861228866811	1.09861228866811	0.72556365076494
15049	1.94590031958038	1.94590890383813	0.871889771909394
15050	0.693147180559945	0.693147180559945	0.869221694412435
15051	2.56493621638848	1.41624682641572	0.995263317230677
15052	2.19721895008448	1.11131058545869	1.02917245003838
15053	3.66352245923607	3.65000395673005	0.868520092694667
15054	1.38629118870887	1.38629436111989	0.874023886364503
15056	0.693134554563017	0.693147180559945	0.747560996998858
15057	3.2958058117929	3.12364543024578	0.838656536948709
15058	2.19720168970069	2.1285570877049	0.853020265737503
15059	1.9458901835664	1.90290303596165	0.860841276947983
15060	3.93180179081502	3.78013330924714	0.842774388070014
15061	1.79173971224253	1.6757179788274	0.844963340122552
15062	0.693134296895144	0.693144632774099	0.871728094330179
15063	1.09859236627113	0.335628732347912	1.10225263369048
15064	0	0	0.873054144475559
15065	0	0	0.880595131187501
15066	2.30253950869667	2.28517360839232	0.865692025077136
15067	2.30257803358924	0.927605256861532	1.0588565544585
15068	1.09860378609821	1.09861002623974	0.874840045077303
15069	0.693144039872868	0.0526054450603508	0.738319611263565
15070	0.693144039872868	0.125998964591067	1.04205924226168
15071	1.60940946361608	1.38770472418148	0.831834006355409
15072	1.94591014905531	0.780684064575097	1.05382691000059
15073	1.79174771887965	1.79175805094655	0.872934889785061
15074	3.43395281982847	3.34904367494842	0.856227720425912
15075	3.0445026855109	2.96047836829515	0.842131869420026
15076	2.48488019817758	2.41823661123708	0.864393601643867
15077	1.94589253208682	1.78877291006574	0.847203747327761
15078	2.89035831177522	1.29677209992938	0.9974881991541
15079	1.38628804812143	1.30397033786737	0.84818400693639
15081	0	0	0.908530940656766
15082	2.48489097932621	2.47119783785355	0.868693901988486
15083	3.43396211755041	3.33592166414346	0.845573789827357
15084	3.13547482742232	3.05733615909612	0.844771530847668
15085	3.1780334177017	3.07229916899035	0.829920299998798
15086	2.63904300062676	2.54759025302527	0.853810519019859
15087	2.8331920071158	0.666941293503375	1.10086872910272
15088	2.63905339152904	1.11186044972814	1.01879172066353
15089	1.60939676226303	1.6094379124341	0.87031650136979
15090	2.19720822475809	0.791462589533067	1.06238292335842
15091	1.60940212342687	0.166564010918914	1.00392280578369
15092	0	0	0.864757551040035
15093	0.693134296895144	0.693144632774099	0.873134982110391
15094	2.48488306875532	2.4260996412936	0.857225894533209
15095	1.60943486896405	1.45227949196677	0.824653116001176
15096	1.60943286203533	1.44181539109169	0.849855357704979
15097	0.693134554563017	0.693147180559945	0.870932388614841
15099	2.99569483993631	2.94499788352332	0.858982482405656
15100	2.77255709511252	2.69034904464398	0.850930161523272
15101	2.56492662620309	2.4690192588033	0.851761311403252
15102	0	0	0.870822238765121
15103	1.38626885308485	1.38629245315246	0.870984790207858
15104	1.09860074554853	1.09861002169557	0.873505385032657
15105	1.38628804812143	1.34527273528641	0.853877999011908
15106	1.60939505431568	1.57585419034388	0.861282682255607
15107	1.94588308349723	1.91886750838752	0.864612595300218
15108	3.21884619119651	3.12176952244391	0.842754291193275
15109	2.07939683795642	0.326836117257897	1.08043764182391
15110	2.3978650916533	2.29291533838666	0.857282155708658
15111	2.77258568465842	2.76155310035477	0.868200319971943
15112	1.60942781163656	1.6094379124341	0.869270905622345
15113	1.38629118870887	0.363690507173744	1.10438899983255
15115	2.8331795689339	2.80417507222954	0.861007110047157
15116	0	0	0.514069166699523
15117	3.33217815922508	0.995933150277253	1.0673291735329
15118	3.63756413966945	3.55947379858189	0.84484153051358
15119	2.07942962104393	2.02629203562723	0.850910344794258
15120	3.25807310113178	3.19345328280003	0.846071938667576
15121	1.79175632854098	1.7061907895702	0.829234477121403
15122	0	0	0.865032983526678
15123	1.94590495015492	1.69759484142915	0.840604338183217
15124	0	0	0.831765585925922
15125	1.09859174723276	1.09861228866811	0.876041202719886
15126	2.39787105440485	2.32020857219546	0.839063124879582
15127	2.19719911855372	2.09029317274443	0.841065905888371
15128	2.99569601108027	2.86399122410051	0.848699233959798
15129	0	0	0.8731061369346
15130	1.38628485980865	1.32271375560751	0.8508632327047
15131	2.07939984832859	1.97779675309206	0.8609793372428
15132	1.60939897662188	1.32686798797332	0.814620405505128
15134	1.94585266803556	1.94590890383813	0.873683639897095
15135	1.38629197781047	1.34196311886184	0.844765472248019
15136	1.79174916155202	1.79175805662678	0.872800423321514
15137	1.09860104044682	1.04637596267985	0.852238056175582
15138	2.30255498918791	2.1944486246624	0.854785366493082
15139	1.38622801359783	1.34540457641021	0.858781305321991
15140	1.94588889358964	0.53622863477961	1.08113647069962
15141	1.09860387133682	0.914423301559117	0.836013602656988
15142	2.48487664598501	2.37109635200283	0.85548209040487
15143	2.63902727313528	2.55674209076035	0.848458137360233
15144	2.30255696800343	2.21282635261352	0.832830143550985
15145	3.09101838491739	2.85938716795406	0.833696759863775
15146	2.63904147200572	2.54714442998276	0.837620311034109
15147	1.38625379617485	1.21922684640986	0.826662810081611
15148	2.48485675547587	0.844148088615267	1.09164995172272
15149	1.79174827113811	0.192841257184294	1.03955314974918
15150	2.77252098920531	1.73954187733529	0.984521159753273
15151	2.77257147952453	2.6618322313511	0.8211798282014
15153	2.19719119527903	0.839632352602995	1.05912625362053
15154	1.38629198580145	1.30960404494013	0.842787731167978
15155	2.48487590232473	2.32283614608586	0.846442841036534
15156	0	0	0.867854073569818
15157	1.09856673669487	0.262563847643795	1.10607768002831
15158	1.94581155803691	1.80993323422446	0.839957771646093
15159	1.09860950005303	1.08320246470653	0.861075846420375
15160	1.38628173512296	0.278670326609501	1.10355834225468
15161	2.70801364960584	2.54041299734378	0.852219055416071
15162	2.19719906933733	0.834742189012287	1.05854634283525
15163	2.7725688040027	2.63094224431336	0.84492152632555
15164	2.30253887156946	2.2047851417648	0.857680407657851
15165	1.38627261976719	1.38629181333404	0.871507652263118
15166	1.60942970025875	1.50063040184684	0.854933512964766
15167	1.79174398398787	0.546292931170958	1.0563521631724
15169	1.79175772050747	1.7590676496548	0.8461913111166
15171	2.48488050504854	2.40882422140261	0.842732264903668
15172	2.30256725028517	2.19623368630403	0.836999450506211
15173	2.07941614569152	2.02320688265175	0.850393894218324
15174	1.94587412567368	1.86888175298512	0.856262521266928
15175	2.19721490527098	2.0181508409633	0.838172167404337
15176	0	0	0.799430426287748
15179	2.48489010594333	0.772603003166741	1.0547499084984
15180	1.38628804812143	1.3738899430554	0.862241297400102
15181	1.38629118870887	1.17227432641888	0.845906266430361
15182	0	0	0.829489898332286
15183	1.09859236627113	0.330957291493229	1.10532271817233
15184	0	0	0.868484958921672
15185	1.94588500729598	1.89997548551429	0.85468977368862
15186	1.79173223769598	1.76359740917146	0.86300905562187
15187	0.693143975941877	0.587692978166484	0.83234973754576
15188	1.09860946558729	1.09861002623974	0.872367865069136
15189	1.60939896237439	1.38770472418148	0.834474646261258
15190	0	0	0.873054144475559
15192	1.94585688052641	1.86884737157876	0.859509404629478
15193	0.693144008148924	0.674721601287053	0.851657484485106
15194	1.60942562630228	1.6094379124341	0.870076797553283
15195	0.693118044445728	0.624528368288819	0.8403712401305
15197	1.79171811793923	1.67691530269909	0.847399242368321
15198	0	0	0.865009187733631
15199	0	0	0.880299164377892
15205	0	0	0.874571911072719
15206	0	0	0.854634036467951
15209	0.693134426705092	0.624528368288819	0.837945028786707
15210	0.693147180559945	0.693147180559945	0.748261004739122
15211	0	0	0.868484958921672
15212	1.60942069420357	1.43408098834912	0.839858665864726
15215	0	0	0.871841239501378
15216	0	0	0.86648152586189
15223	0.693134554563017	0.416973887548858	0.818583573974357
15225	0	0	0.865009187733631
15226	0	0	0.864773083222103
15230	0	0	0.871044252034336
15232	0	0	0.864773083222103
15233	0	0	0.8731061369346
15234	0.693096164489863	0.173377817308503	1.09604941591393
15235	2.07944154167984	1.97779675309206	0.855701576812355
15236	2.30256154508145	1.09511683368444	1.10355562394045
15237	1.38626247615742	1.38629181333404	0.869527300470017
15239	0.693147180559945	0.693147180559945	0.865561339881362
15240	1.09860950005303	1.09861228866811	0.867188851143037
15241	1.09861228866811	0.802261636141481	0.817435670627368
15242	0	0	0.719061104250423
15243	1.3862919290067	1.38629436111989	0.871463076901829
15244	1.94590021984755	1.82891877066594	0.856542371454474
15245	0.693144008148924	0.692837750360725	0.799205441279102
15248	0.693147180559945	0.640324067695215	0.928619769520393
15249	2.19720432681373	2.06134032669309	0.880481809375974
15250	2.39788975659719	2.23908768577928	0.830115756997447
15251	3.04451164536823	1.3249349799807	0.998952930202231
15252	2.30257695417604	2.22636364807558	0.847550619162088
15253	3.17802173591429	3.13616522712584	0.862729235187525
15254	1.6094308530293	1.46798364115048	0.835015440235776
15255	2.99571424435728	1.42250205098866	1.01079750734112
15256	1.60938445213709	1.54602278874789	0.84625908607556
15257	2.8903705203487	2.76666709099469	0.84964206901793
15258	2.4848824046145	2.34366860637771	0.844013526905552
15259	0.693147180559945	0.415979120072264	0.820278894395544
15260	1.38625941602558	1.37743123479028	0.86080736242759
15261	2.1971861230544	2.13760700141423	0.863605941331499
15262	2.48488231595077	2.33173210037874	0.848611566255594
15263	0.693118338750855	0.693144632774099	0.868325842642415
15264	3.21885560819998	1.53524815499835	0.984607047616589
15265	0.693144008148924	0.616067271777016	0.83624424370457
15266	2.39787440261746	2.08849239198028	0.824809877005859
15267	0	0	0.871044252034336
15268	0.693147180559945	0.137010018707934	1.05955222104594
15269	1.60943078159864	1.5427212867667	0.845469936368718
15270	2.70804132807806	2.52661070934497	0.837187209747094
15271	1.38626545407481	1.31344774896839	0.839488623139834
15272	2.83320050318595	2.63804344559329	0.833043256530861
15273	2.48489571544852	2.29500329298378	0.830896420265728
15274	1.79175665246109	1.65393149656816	0.857016480060501
15276	2.63904299137138	2.48432787219816	0.842039698040979
15277	1.94590129004416	1.89988549679899	0.854741292686811
15278	2.83319999838392	2.70607196868377	0.847800011618234
15279	0.693143943241869	0.640324067695215	0.926175212253232
15280	2.07943270048617	1.82589815059211	0.829197477820309
15281	1.94589014848307	1.90006618993262	0.854564455833327
15282	2.30256696045372	2.18796765074801	0.848821799672846
15283	1.09860086230931	0.266346257749039	1.09816659091104
15284	2.19720750831975	1.14822597993399	1.09800105099779
15285	0.693134296895144	0.214559155176405	0.81180792745045
15286	3.36728028296001	3.24188337702916	0.854677487285323
15287	2.70803540614347	2.57553437519934	0.851833508117686
15294	1.09858699416212	1.09861228866811	0.866615843648723
15299	0	0	0.871044252034336
15300	2.94440902301767	2.78126632626091	0.844554201699003
15301	0	0	0.854634036467951
15307	0	0	0.866203963680812
15315	0.693134296895144	0.693147180559945	0.869794657267251
15319	0	0	0.871652813191372
15325	0	0	0.86648152586189
15330	1.09861228866811	1.04663835010622	0.850738043113317
15331	2.39788719810117	2.3656552055676	0.862357506320419
15333	2.07941302844741	2.07944154167984	0.869602273996563
15334	0	0	0.799430426287748
15335	2.63903239409621	1.90241335603731	0.978557780843489
15336	2.3978852016503	0.160215156946338	0.866204868069944
15337	2.89035345156712	2.82123048067203	0.857449316126719
15338	2.63903539121521	2.47153165945272	0.840460517161173
15339	2.39788277516994	2.29939107483645	0.853409934946035
15340	3.1354832041093	1.54949916223205	0.995127507450343
15341	2.19721320066964	2.10317636009698	0.848171727432053
15342	3.2188667393491	3.04236115045481	0.839112591358922
15343	3.49648986885565	2.03549042039883	0.96649376295101
15344	2.63903646931143	2.50137403166306	0.850865473249314
15345	2.89033732726414	2.79036787087922	0.858024778566405
15346	3.04450272014654	2.94606296034685	0.855477437903921
15347	1.60941943082804	1.44186032783187	0.85092691162807
15348	2.48486097549732	2.40329621404911	0.859325894246078
15349	3.85012167813161	2.56318871667105	0.942145679459457
15350	3.89179684223422	3.87588064460341	0.870540246560665
15351	3.68885179046808	3.65587977133658	0.867940298592205
15352	3.71354450861857	3.65635274345345	0.86931524987295
15353	3.7135440548244	3.64831130995472	0.863851636132844
15354	3.13546928114689	0.869446880952066	1.09624246861041
15355	3.89179272122507	3.8274250500999	0.86754049015122
15356	3.1780251025321	3.14525255411849	0.869335770959049
15357	3.09101372875621	3.03912155006728	0.86241582331067
15358	3.33217493569837	1.81301284243325	0.980591472992971
15359	2.56491553080677	2.56494755131071	0.873805829328726
15360	2.19720431482412	2.19722357315513	0.873442604838572
15361	4.12710948777002	4.1018275773146	0.870197126307022
15362	3.3672695981172	3.32154797520121	0.866909379365948
15363	4.17436231681473	3.27341555047279	0.920028789616043
15364	3.87117819994628	3.83840037775164	0.868309776050844
15365	4.27664491377182	4.21744411164256	0.864907419098207
15366	3.66353808469073	3.58761199396274	0.861001502181208
15367	1.09861228866811	0.894403554284407	0.814052772100684
15368	0	0	0.86648152586189
15369	2.56494935746154	2.53360701862674	0.807922071062761
15370	3.36727232291504	3.30038454907765	0.854710512643285
15371	2.19721855450191	0.995793351814627	0.993843384222272
15372	2.56493953684381	1.51832821629336	0.968218471581835
15373	2.19721855450191	2.0874373962378	0.854754797017578
15374	2.30256963140681	2.2166969028831	0.840038721646257
15376	3.29581862132503	2.49297857548711	0.921704041325991
15377	3.52634052812357	2.6813799737367	0.897892136555277
15378	2.89034170871695	1.92840635670112	0.944295754230691
15380	0	0	0.793877231595362
15381	2.77257840576088	2.7083295373518	0.820723173382454
15382	0.693096164489863	0.693147180559945	0.866262352792811
15383	1.79173262329208	1.79175805662678	0.871688383705608
15384	3.55532439286908	2.04885844074513	1.07449523817768
15385	1.38628551992623	0.202507397207478	1.08731627459706
15386	2.30254647020998	2.28339387692767	0.866688819365668
15387	1.09860952778497	1.09861228866811	0.866597222707668
15388	3.46571078445144	2.16368181448167	1.10321511013851
15389	1.6093888296911	1.5031127812629	0.829982495130671
15390	2.70801535302002	2.68395779709085	0.864715997124665
15392	1.79173958984722	1.70162510978133	0.854320640489535
15393	2.63902494300621	2.55020963776588	0.85401612376357
15394	0	0	0.865009187733631
15395	3.09102334531185	3.07101104747577	0.864660245921311
15396	1.38628548722647	1.38629244740124	0.873504396394378
15397	2.94442105075228	2.9351674761578	0.870688937146299
15398	3.25807070142978	3.17557286676027	0.858629644710042
15399	3.21885543592788	3.13300557401678	0.858219837839716
15400	3.40117207558905	2.60584454921478	0.91497487917528
15401	2.07942545336623	1.97785620723996	0.860253253623593
15404	2.99572082807376	2.91319489987252	0.855795358462183
15405	2.89035888869127	2.83643036628193	0.864563193333256
15406	0.693144071123323	0.693147180559945	0.866670389514623
15407	3.09102474313727	3.03068479728672	0.860633765871885
15408	1.09860081063556	0.803083670120518	0.833466853388414
15413	1.60942443770559	1.44186032783187	0.851683266209429
15414	0.693144039872868	0.693147180559945	0.82772630007728
15415	2.48487051343214	2.41825946701714	0.86517768518499
15416	2.48487594159771	2.41825349645418	0.86575544394873
15417	1.94581739190858	1.82889976467469	0.861777149304363
15418	2.63903430199543	2.56935434941641	0.861512773630793
15419	2.19721482153708	2.111609326499	0.817445938137567
15420	1.09860387133682	0.139091629010334	1.09640888864332
15421	1.09859253168259	0.802729125690065	0.837890144421308
15422	1.38627277432781	1.3738899430554	0.860139707088813
15423	0	0	0.831765585925922
15424	2.48488155267665	0.470503367432243	1.10491299147859
15426	1.79174922875044	1.70600510926196	0.827991735273421
15427	1.79174673673662	1.71646088058162	0.813860369087704
15428	2.83319654228869	2.73691234871596	0.829521633588485
15429	2.56494074475969	2.47448491513844	0.819609199483463
15430	1.60942979920052	1.6052582112048	0.7975932670221
15431	2.19721766979044	2.19471166433011	0.799969560161031
15432	3.49648978705286	3.40123240843192	0.848743997153514
15433	2.56492810527787	2.4034852858921	0.845675443009369
15434	1.94589557303529	1.54878987362743	0.823107396352916
15435	3.55532233009664	3.50490380428584	0.865114170937524
15436	1.38628473097786	1.38629436111989	0.872670945377664
15437	3.04450703410919	2.95958938847666	0.859566969047479
15438	3.55532645457751	3.45251655226814	0.857789440479665
15439	3.49649409357581	3.40050110703256	0.851273986268222
15440	3.09102102019338	3.03562438196731	0.857308889562349
15441	3.46571092328557	3.37370495150695	0.858873933937553
15442	2.7080306442308	2.69343745472819	0.864835213245161
15443	3.93179616475712	3.85949418125437	0.857102440699405
15444	3.61089462072298	3.54458473292302	0.85869750776619
15445	3.29581450649745	3.23842232044619	0.856617893680781
15446	3.09102587302788	3.05620435566683	0.862230237671644
15447	4.12711542375819	4.10182507205782	0.867050490647482
15448	4.24846820220179	4.18976711090473	0.862009081381847
15449	3.66354282739894	1.42698813190882	1.03714112450403
15450	3.73764879869264	3.67050039974599	0.856032857229505
15451	2.83319008261852	1.87678968055788	0.949106397478603
15452	1.60941033186363	1.60943546803125	0.8725924775549
15453	0	0	0.72556365076494
15454	2.39787615438241	2.13194784968919	0.830300133111967
15455	0.693143943241869	0.693144632774099	0.870771262411486
15456	2.48487888375634	1.79245930656832	1.09430193946335
15457	3.40117103067524	3.34214065334609	0.863737241587776
15458	2.70804704029429	2.68566583782813	0.860874912338151
15459	3.29580668661918	2.52906863343651	0.924948623721266
15460	2.63903112999447	2.50577662623135	0.849736333793781
15461	2.19719966666091	1.96339296343366	0.82535709590368
15462	0	0	0.868484958921672
15463	2.63904200973208	1.84446211107617	1.08569351957585
15464	3.33217224667695	3.26881828402433	0.863468998903572
15465	3.40117737385396	2.76420447869663	0.923358364606362
15466	4.06044150298018	4.04606120548991	0.86900155120318
15467	3.82864087562074	3.81471743948123	0.869131134941352
15468	3.36726789462427	3.30614442632888	0.86376857119188
15469	1.60941768533173	1.6094362847913	0.870705117401479
15470	2.94442304086546	2.9257578384505	0.867424938767855
15471	3.76117245724935	3.72027995375848	0.866827185399649
15472	3.63758179972707	3.059915483923	1.1025257889276
15473	3.17803094604158	3.06847084085967	0.84818266196407
15474	2.89033208704246	0.705476367257283	1.09763125132954
15486	1.38627519796714	1.38629245315246	0.871307107195029
15487	1.09858656471822	1.09861002169557	0.871509144617174
15488	0	0	0.87006887324095
15489	1.09859233101451	1.04996933442948	0.850436442629727
15491	0.693118338750855	0.693144632774099	0.870339327989157
15492	3.29581409874169	3.18950158759145	0.848459258634008
15493	0	0	0.872489155163594
15494	2.07943187893124	2.05790685019276	0.865647248834817
15495	2.07942265270134	1.97781097543682	0.857964754549116
15496	2.19720730356491	2.10737659945057	0.859315923758043
15497	1.94590498892214	1.82889976467469	0.856282885869641
15498	2.89036581376206	2.79025506024785	0.856235742519936
15499	2.4848993320741	2.34709240404707	0.853579602315173
15500	0.693096164489863	0.693144632774099	0.870368406507326
15501	2.89034579115427	2.84639748361196	0.866110871059804
15502	2.07942906669184	1.955418232265	0.850398977428331
15503	3.04450608249548	3.00694170983036	0.870612624405524
15505	0	0	0.871087385644491
15506	2.48488729334277	2.44056277988413	0.854418403776807
15507	1.09857551203477	1.09861002623974	0.874203630208594
15508	2.83318205437683	2.76587264917979	0.860299179293337
15509	0	0	0.799430426287748
15510	1.09861228866811	0.914423301559117	0.838731295476397
15511	3.17802996068054	0.288056923660714	1.05500042434877
15512	2.30255594158019	2.10781241323374	0.845347161961171
15513	0.693144008148924	0.674297959407328	0.855217620428212
15514	0	0	0.871044252034336
15515	1.09856714386334	1.09861228866811	0.868922282949871
15517	1.94590707393201	0.172724636598113	0.956416496731305
15518	3.85013343186596	3.82211444275208	0.866668499862248
15519	1.3862655193108	1.30960404494013	0.838198464319852
15520	2.89036026813457	2.6497474965955	0.840902187463744
15521	1.79173197224502	1.79175720225552	0.872936750965597
15522	0	0	0.86648152586189
15524	0.693147180559945	0.109774721224079	1.00677090369502
15531	1.60943083069582	1.44177178729803	0.849894038153569
15532	3.09103095118657	3.01811525952199	0.863578191643184
15533	1.94589978599128	1.8289383589801	0.857740052580987
15536	2.63903910963671	2.54220274942766	0.858973926320007
15537	2.4849021220454	2.08682934002183	0.81614462288657
15538	2.77257461499316	2.68827340270246	0.860205964875718
15539	2.94441900790373	2.82946180829851	0.856058332056704
15540	3.49648839193473	3.36325268174618	0.852096249868827
15545	2.56494150883537	2.564948635669	0.866308426925551
15546	1.09861228866811	1.09861228866811	0.865009187733631
15547	3.85012588967627	3.72808379257539	0.851948726345314
15548	3.82861513260523	3.7531123037575	0.858687876507346
15549	2.6390327965593	2.60169986373117	0.864118160747137
15550	2.89034284795653	2.8501299328207	0.8642930177888
15551	2.19720465493924	0.730326971674198	1.0824668189081
15552	0	0	0.872489155163594
15554	2.63903238364964	2.52207567248558	0.85814761193501
15555	1.94588141104844	1.94591014905531	0.871800555560708
15556	1.60940922244577	1.50078464123937	0.852665304589716
15559	2.19720539374546	2.11463728303367	0.847749687370062
15560	2.30256504504148	2.30258417799513	0.872052461956697
15561	2.83319402088653	1.18781004043389	1.02337412690009
15562	3.71355000709313	3.66668190837215	0.862224718616585
15563	4.04302822478958	3.99327112023716	0.862435970967099
15564	2.48488672739102	0.9675248231448	1.05939346315038
15565	0.693096164489863	0.693144632774099	0.869280599610878
15566	2.56493055834426	1.23523897216287	1.03463141150789
15568	2.63901940046188	2.61508882669517	0.865526254041445
15569	2.70803577123697	1.29354695264776	1.09423744185133
15570	4.02533279420783	2.63474459873313	0.972833533675389
15571	2.77256313475317	1.42934629232242	1.01222958548625
15572	2.94441283073512	2.81434378614039	0.855303910366715
15573	0	0	0.869033462180722
15574	1.38627299105922	1.38629436111989	0.870818890528443
15575	1.94588462266229	1.82891877066594	0.857815730266412
15576	1.79170929488988	1.79175946922806	0.871712888511565
15577	3.17803937231681	3.11138379179703	0.861913949803431
15579	1.60942056294026	1.59908008433676	0.863156133019054
15580	3.17802247520644	1.90602229209955	0.985636945909966
15581	2.30256369106617	0.918213464527154	1.05848315185814
15582	1.94590033782606	1.88313864084156	0.844768770372833
15583	2.63902665026621	2.63905483489776	0.874257022821787
15584	3.3672750623158	3.27995803992823	0.855717647405905
15585	1.60942985509071	1.60943546803125	0.871087129680476
15586	2.63904200973208	2.61456682630807	0.863435309027387
15587	2.63904321769106	2.4961186981613	0.845036180497966
15588	1.38629115650182	1.28084015872643	0.835403670137689
15589	2.39786086367338	1.48843866100912	0.989235790958389
15590	3.2958205778056	3.24513924378229	0.858660281549129
15591	3.21885394015495	3.17929109279197	0.861987721974325
15592	3.63756767187378	3.58911611925025	0.856554390407622
15593	2.99572858533296	0.243607998374687	1.02072093786657
15594	3.58350474871707	3.52072186573381	0.849013643722714
15595	2.77258235332364	0.198321056074186	0.971125152035625
15596	2.63904023289271	2.57322879353076	0.85035351538594
15597	3.21885950853655	3.12712677297318	0.846737814638853
15598	2.995715622661	2.92479735858496	0.848159954784588
15599	3.13548253607482	3.07914291630416	0.856315700812825
15600	3.29582840237379	1.87266774926044	0.949725162614176
15601	1.09860086230931	1.09861002623974	0.874325741228261
15602	1.60941966169307	1.56066637420795	0.858549785513867
15603	2.56492449851271	2.52102426600275	0.858393873808509
15604	1.60942580770121	1.6094379124341	0.872174183143916
15605	2.77255694159558	2.77258761009484	0.869916091466994
15606	3.46570816774187	3.46017372023614	0.870249207018005
15607	1.79172545851467	1.79175692144221	0.869822640802312
15608	2.19719963799958	0.92227138642439	1.05878202584747
15609	0	0	0.871087385644491
15610	1.38627268508408	1.37380353334477	0.861409232659521
15611	3.43395717953937	3.37111743624592	0.861168560170952
15612	3.13546260918897	3.12029009949226	0.867162552846204
15613	3.49648131411147	3.48196787128362	0.869024387564285
15614	2.19719500869818	2.17907017834897	0.864178193797455
15615	2.63902482035852	2.60820103640113	0.864098438822029
15616	3.6635325542167	3.62733111730954	0.86475107566333
15617	2.07941920608594	2.0578503618311	0.864042695345096
15618	2.70803753476373	2.57543834739175	0.848617528464235
15619	4.04302761157361	4.00041209918	0.86114869943609
15620	3.04450000173411	2.27624430237495	0.941212883576721
15621	3.98896386608733	3.94543212067477	0.855411719607257
15622	2.77256813763998	2.76900855674866	0.869165470902385
15623	2.99570548372444	2.97189657940254	0.860564175751396
15624	2.77256086306183	2.73111809253642	0.857466590406311
15625	2.30256097364043	2.2545038518477	0.853023823170406
15626	3.78416662848293	3.73647509347213	0.857582884448598
15627	1.94588138949677	1.89769774299323	0.854222896457996
15628	1.38627849894401	1.34780879833719	0.855654188330771
15629	3.21885241766868	2.42495977388113	0.926965488351522
15630	1.09860950005303	1.09861228866811	0.873329132898426
15631	2.19720084285303	2.04305546910008	0.847020130851493
15632	1.79173223769598	1.76524170891648	0.861614404311844
15633	1.09860369955824	1.09861002169557	0.871272957647792
15634	2.7725530613449	2.77258872223978	0.873986470584577
15635	3.09102100862012	3.07515551378612	0.865889326301913
15636	2.77257126177551	1.87662619112333	0.954504259640663
15638	2.19720915761042	1.20644547521478	0.998935040060486
15639	2.30256681656462	2.29699231452296	0.865368551514377
15640	1.09860949383365	1.04044022568133	0.847787041292561
15641	3.25806882014126	3.21477527224929	0.857398113644261
15642	2.56492316129104	2.53866848124823	0.861389539214395
15643	2.30256723212709	2.26900137090382	0.859044745658608
15644	1.79174361770698	1.76343594721865	0.862010519329721
15645	2.83318398595593	2.76646408514114	0.859989011719643
15646	1.94588824830932	1.8289383589801	0.856629332933507
15647	3.43397297088164	3.39748788053663	0.864098990840772
15648	2.7725568452886	2.75167803968345	0.86450353325832
15649	2.89034549662942	2.88055594160428	0.867747072188102
15650	2.30256736545431	2.30258417799513	0.870983198311708
15651	3.21884837065304	3.10690461038152	0.854345576526768
15652	2.89035081168675	2.70927664006374	0.844961431896887
15653	2.48488261645475	2.39016795779013	0.852754110283125
15654	2.94441345407986	2.86236741431644	0.856192556927571
15655	3.17803858929786	3.01191601462266	0.841438126860252
15656	3.29581155246019	3.22066194184403	0.8465296867416
15657	2.8331886389961	2.78659707731489	0.865168680420799
15658	1.09860086230931	0.80290360456248	0.833629499093201
15659	2.48488439696051	2.41823661123708	0.862692705963034
15660	2.83318152642997	2.80196956880816	0.859027458848157
15661	2.99570901757838	2.96644522550624	0.857894528350796
15662	2.07941932415248	1.96242632275188	0.859056977157143
15663	2.39786405666204	2.36722486647174	0.859528597063742
15664	2.89033592785891	2.86099488100451	0.861412957876137
15665	3.66354202129423	3.60677140130767	0.860463386731243
15668	1.9458955915327	1.86029181465143	0.830436946817431
15670	2.39787494908682	2.38201534937497	0.866104201259023
15671	1.94588527818236	1.86902513763931	0.854699679785505
15672	1.94587946046423	1.94591014905531	0.871241815883429
15673	2.83317779500946	2.82282598060926	0.868450342867839
15674	2.07940977271663	1.97779675309206	0.858202848545025
15675	2.63903165048893	2.58217265704551	0.865170773288333
15676	3.04450348798606	2.99836038163676	0.865018004062802
15677	2.1972044899329	2.1779567960365	0.865352539296723
15678	2.77255677661695	2.76157166196708	0.867875110302244
15680	1.38626247615742	1.34540457641021	0.854589842193249
15681	1.79173548844219	1.79175805662678	0.871262012206589
15682	2.83318803009555	2.73783051989062	0.859366603290043
15683	2.77257167487098	2.77258872223978	0.870696830468159
15684	1.79168824581474	0.746701776493668	1.0667088368431
15685	2.89036301971894	2.87346776846483	0.856506688634408
15686	2.99572226632135	2.85912213850207	0.843703088996837
15687	3.40118155095383	3.32913005667374	0.857082959100144
15688	3.33218595202323	3.24569274509842	0.860184114675726
15689	3.82862468183258	3.75058849629672	0.860221881415437
15690	3.13547293627589	3.01244357164768	0.851857437365364
15691	3.36726735334996	3.34931262694448	0.865123770855369
15692	2.3025749921965	2.30258509299405	0.868812071263404
15694	0	0	0.873972202469483
15695	2.39787460514492	2.39397560384034	0.875879197695755
15696	2.89034681143039	0.445227385044159	1.09531128091541
15697	2.19720915761042	2.19722281884517	0.86915858975234
15698	1.60942781163656	0.418645875712121	1.09798725029044
15699	3.13546726380424	3.04552641029034	0.845769746706979
15700	2.48488325671372	2.48490474182057	0.871358156340253
15701	2.70803235568189	2.52791235460554	0.845965640029142
15702	2.30256335833384	2.30258295542786	0.870017293841957
15703	3.61089139446406	3.59232013792317	0.86560839629176
15704	3.36727085542797	2.3997469027819	0.96032053040144
15705	3.33217899760876	3.27896874474506	0.85909028008679
15706	2.56493186043864	2.55148761770557	0.867584647128224
15707	1.94588654253198	1.82895853133177	0.857837794396543
15709	3.4657094994736	3.43561043594671	0.867556727409133
15710	3.21884395633693	3.21178471560717	0.868723488681327
15711	3.17803287019538	3.12767307423939	0.854993268630175
15712	3.78416469472192	3.20926791225777	0.902577681101126
15713	2.94442398695498	2.93515792432113	0.86809592710506
15714	2.30256015025958	2.30258346535124	0.87030217665414
15715	0.693134554563017	0.415979120072264	0.818785808889055
15716	3.09100911890572	3.06693924503181	0.86850110802022
15717	3.04449687862267	3.03356939071061	0.871290406188992
15726	0	0	0.864773083222103
15727	0.693147180559945	0.693147180559945	0.871044252034336
15728	0	0	0.801688341475573
15731	0.693147180559945	0.693144632774099	0.869383321863337
15732	1.09860941430324	1.09861002169557	0.869362016043704
15733	0.693147180559945	0.693147180559945	0.870325547511883
15734	0	0	0.822165779141299
15735	0	0	0.988368501059283
15737	1.09860104044682	0.168932500816467	1.0988932700563
15739	1.79174345683195	0.648773340322284	1.06354770563288
15746	1.38627506815747	1.38553344468075	0.867787032860545
15747	1.38626558388948	1.24964484716528	0.844808474464554
15748	0.693143975941877	0.693147180559945	0.872434900934424
15749	1.79173641833397	1.60800271487964	0.835191471030804
15750	1.09857827795472	0.915002378609334	0.838830186510329
15751	1.09860378609821	1.09764341643533	0.866177796405368
15752	1.60941449958663	1.50165165929578	0.849736310031757
15753	0.693143975941877	0.693144632774099	0.873604745502642
15754	1.60942558684046	0.555647201521554	1.07912067054138
15755	1.38627911875193	1.38629245315246	0.870683547284292
15756	1.60942457385127	1.50078464123937	0.85224671384093
15758	0.693134426705092	0.693144632774099	0.870368406507326
15760	1.79173493251911	1.62482503907316	0.843350735972787
15763	1.09859236627113	1.04663835010622	0.852282979673533
15765	0	0	0.871044252034336
15767	0.693147180559945	0.693144632774099	0.874831367834084
15769	0	0	0.867541638440272
15770	1.09860387133682	1.09861002623974	0.873794070989224
15774	2.39787370037075	2.38204390880222	0.866884900814144
15775	3.3321799085984	3.29771499304525	0.867503694215822
15776	1.09860941430324	1.09861002169557	0.872660642532443
15777	2.07941920608594	1.88527014849668	0.838061601616899
15778	2.63902999964743	2.604577003333	0.857832877675102
15779	2.19720718179907	2.15717897708504	0.853316205948938
15780	3.13547673916066	3.04129484553312	0.866216071777092
15781	4.34377598808097	2.98065996685237	0.926871141707455
15782	3.52633625604802	3.45096223247385	0.874076766576136
15783	3.61089533204895	3.5632470880601	0.865045155268653
15784	3.61089203810721	3.50061048060884	0.8583576427187
15785	3.55532129402289	3.48673450735795	0.864034751375494
15786	3.66353775748398	3.57329111838234	0.867949994764235
15787	3.36727469057364	3.2593137927988	0.854759679431154
15788	3.68885967092061	3.60505302658137	0.864537762411161
15789	3.93179571781396	3.92499857252139	0.870864356685655
15790	3.46571573355004	3.35826881934389	0.857546483237282
15791	2.48488902463856	2.43274583398291	0.861468460418251
15792	2.07941604983003	2.05398276904313	0.858310005005752
15793	2.77257391013627	2.65218033688112	0.894121612619705
15794	2.94440457739039	0.702168972742239	1.09410017073061
15795	2.1972006138406	2.08747865501024	0.853258824752524
15796	3.5834992593838	3.46997523364077	0.858087419177875
15797	3.04449248879359	2.99075546910911	0.874137059772566
15798	1.09860081063556	1.09861002169557	0.872938320270619
15799	2.8903498322906	2.83698568373634	0.863305736861842
15800	2.48487867789806	2.48490410200215	0.873587312180457
15801	3.36726911118858	3.32078217385476	0.863565157405315
15802	3.95121903396206	3.89156683548273	0.862857848985181
15803	3.04450222703359	2.924593123705	0.852118425121156
15804	3.46570680998262	3.41222362397143	0.859674274551624
15805	3.1780325118504	3.11139775597376	0.864184388931004
15806	3.61089673229877	3.54263628144815	0.866715004654274
15807	3.17803151823251	3.11139775597376	0.864106224502339
15808	4.02532634964242	3.98705719660147	0.866143908487184
15809	4.07751601045146	3.99908815924873	0.859884543995712
15810	3.2188483296041	3.14688949673657	0.86140813814616
15811	3.7841637384955	3.70083868968763	0.858194449343651
15812	2.99570232930369	2.95624744039492	0.867263570763109
15813	3.73763926992188	3.69107186997771	0.864791930211563
15814	3.49645632302815	3.44173930275251	0.867284459007953
15815	3.33217807457019	3.29144376289975	0.865632839705978
15816	3.89179451581989	3.83752472054076	0.86043684739961
15817	3.97026928381443	3.90884968617147	0.861484776306375
15818	4.15885941448296	4.11243079862832	0.861995042434641
15819	3.29581189547934	3.22345786314738	0.860011343120119
15820	3.98895854840697	3.91661312451686	0.860615701456608
15821	3.66353509486156	3.62077314676725	0.862271559735201
15822	4.23408036300228	4.17657757346386	0.860883685601565
15823	4.36942047834016	4.3203806864268	0.861322737768827
15824	3.49648142984169	3.42656732153509	0.859195873475994
15825	3.85011717733971	3.81815754585034	0.865490169254991
15826	1.09857537525376	1.04690506097792	0.849625613216029
15827	3.52633765756916	3.46403008586778	0.862739038842668
15828	3.29581374474322	3.22346594395691	0.860540762567804
15829	3.85012490835229	3.77524242572131	0.864473581013291
15830	3.87117631652891	3.81989205963288	0.862002483001278
15831	3.80663780301813	3.75602433228313	0.863711716928993
15832	3.7376461599899	3.66396960395741	0.860443687210127
15833	3.43395919623301	3.36589362552193	0.860148778492453
15834	3.7376444801076	3.66379165920701	0.859374273745116
15835	4.18962735576999	4.1422467398949	0.869935279509337
15836	4.02532834204921	3.95876044728812	0.863194505756662
15837	4.17436576709438	4.08874125169436	0.858463284843654
15838	3.55532228478651	3.50776142157199	0.861577020649177
15839	2.77256546090733	2.72300557473356	0.866475906614706
15840	3.29581101916474	3.29369205281153	0.872292353248168
15841	3.91199587686298	3.836201697796	0.866625683399984
15842	3.61090019209042	3.54360316917009	0.88172596564915
15843	3.6888546346887	3.61998642076799	0.862021838976017
15844	4.20466967584255	4.15353693681807	0.86387734512163
15845	3.36726800679966	3.30001541212207	0.862357490548542
15846	4.143108957608	4.10942048102656	0.867656561542785
15847	4.11085007932246	4.05792753069774	0.864753948835989
15848	3.71354725994956	3.65253776280592	0.864673608169962
15849	2.77256331822498	2.67732988632021	0.856727337256865
15850	3.80664088693366	3.67880537861767	0.857770882810807
15851	3.66353466264458	3.57078109140171	0.854999010447713
15852	2.94442304768936	2.90931678613929	0.861036393109697
15853	3.95122033454304	3.88659170295581	0.860946456819716
15854	3.25807205068815	3.2006113873239	0.861282903999045
15855	2.99571528669687	2.85557665200729	0.856391491156698
15856	3.21885110048519	3.14765548331294	0.863317132245076
15857	4.27664250997502	4.1871235711066	0.857397162873207
15858	3.78416155070633	3.73180280199288	0.862404621628411
15859	3.09101060300288	3.03726041793772	0.861275204001545
15860	3.09101479740903	3.00978722763884	0.861584247782476
15861	2.39788261660011	2.35392885593238	0.857860241442891
15862	1.38628557671777	1.38629245315246	0.872612792414429
15863	3.25806867441331	3.19182987325605	0.867398417675884
15864	2.19720468361667	1.97235481438743	0.835618675887941
15865	3.29580765203315	3.26227250173512	0.872508424770951
15866	2.8331931017882	2.81289935016197	0.86715293913954
15868	3.73764177203174	3.66268237348573	0.858088658202883
15869	3.95121658402461	3.89317334876614	0.86085891297509
15870	2.07941616190747	2.0578503618311	0.863399572889237
15871	4.0604154987488	3.98108117721744	0.86021044413038
15872	3.29580371594251	3.18206119482709	0.864197263986293
15873	1.60943588617547	1.60223722811801	0.877351306588882
15874	0.693147180559945	0.693147180559945	0.865009187733631
15875	1.79173627359016	1.76343594721865	0.862154324464176
15876	0.693143943241869	0.624528368288819	0.840203873915226
15877	3.46571266533975	3.3526131082484	0.856185166442447
15878	0	0	0.869033462180722
15879	3.85014000086072	3.60194043028509	0.837168016009701
15880	4.46588232423845	4.39872725484055	0.875782485382663
15881	1.94589665776145	1.82891877066594	0.858611928776891
15882	3.21885303502452	3.13372583421718	0.856581563832688
15883	1.79175946922806	1.3193879829538	0.782728719313148
15884	0.693118628619203	0.624528368288819	0.837694730334609
15885	3.3321805514353	3.23910421264801	0.858848831113115
15886	3.04451825362092	3.03612419890143	0.872886395691899
15887	2.94441801713427	2.8603096017353	0.851278991180275
15888	2.83319311702706	2.75635288211006	0.855431473407361
15889	2.890351521648	2.80053485765624	0.860292738610682
15890	3.21884610632744	3.17380508376341	0.853923897058634
15891	3.3321765520983	3.28570266455685	0.862442986413273
15892	2.94441882924933	2.90169086631561	0.856282150612072
15893	3.17802584759909	3.17805215246369	0.873743300526337
15894	2.30256787476351	2.18831750546533	0.848240146209976
15896	2.63904273528373	2.552632067315	0.858274602560357
15897	2.89034481848771	2.89036971610849	0.873550041352183
15898	3.93180185637565	3.87147773007376	0.875358487064431
15899	3.13546461110449	3.04279950533656	0.855381048446108
15900	3.0910151206487	2.23765126403573	0.931896241615067
15901	2.83318902402411	1.92183955079747	0.95037842673129
15902	3.13547810357141	3.07146096755269	0.857380073391654
15903	3.21884400405992	3.20489232170389	0.867928053719548
15905	2.39787850516301	2.36722486647174	0.862405501844014
15906	2.48488228121773	2.40321183267912	0.858565590672278
15907	2.94441824946487	2.84984878576315	0.85891367545923
15908	1.38626580917915	1.31767554884876	0.838621678460395
15909	3.33217863065287	3.24619335584609	0.857152638624374
15910	3.29579650658497	3.28285001163039	0.868829428255311
15911	0	0	0.873598983788067
15912	3.55531780645711	2.88284661281767	0.912897141423032
15913	4.02532891702595	2.99964305674115	0.920341676521539
15914	2.94441691630424	2.81099393564976	0.851404106113607
15915	3.25807253569038	3.16465313222076	0.86065567675796
15916	2.83319507450606	2.6219767552372	0.843934028266895
15917	3.52633371668842	3.5095199864146	0.869360866022453
15918	0.693143943241869	0.693147180559945	0.876304505895974
15919	3.49648043035992	2.73088080396843	0.905988766637461
15920	1.94587209844494	1.91690749167825	0.859850262538792
15921	1.79172638678877	1.7338175232585	0.836613844900483
15922	2.56492273166071	2.52736629843224	0.859190461264091
15923	3.33217862602351	3.26243464954741	0.862724909942558
15924	2.94440907133193	2.88477482505517	0.861468536382903
15925	3.91199305608642	3.86287402024011	0.863193285940271
15926	2.5649205436743	2.55147734251584	0.868909905588074
15927	3.17802416960241	3.15517972214932	0.864185321581572
15928	2.48488113107125	2.45394481232265	0.85850815323711
15929	1.60940925252215	1.57722275682551	0.85986217333164
15930	1.38628560892457	1.34527273528641	0.852890978298032
15931	2.99569962809346	2.96289174181219	0.858952946056074
15932	3.52633588357249	3.51094648531987	0.868836738197834
15933	3.21885383097647	3.18582627198342	0.860594703546984
15934	1.9458887170586	1.92238019829884	0.863681265609496
15935	3.66354021412547	3.6115438756705	0.866188291001227
15936	2.07941779349773	2.05782271554535	0.86506670040091
15937	2.94441190907582	2.92617540706561	0.869024987862125
15938	2.56493665257496	2.42420435334669	0.852265152223633
15939	2.39787797291808	2.3018695962882	0.85246009473299
15940	3.78416210587423	3.75164381957178	0.867673762357196
15941	3.25807762746418	3.17621007597236	0.853824160530305
15942	2.19719868864942	2.1791132490354	0.863241569376318
15943	2.99571263172977	2.92265281215276	0.853597880606291
15944	2.89035293082123	2.84498738269714	0.855782688327129
15945	2.833181627109	2.73784301754108	0.86136211252801
15946	2.70802418145195	2.64031343389564	0.861582985823178
15947	2.99570696839633	2.94758211230661	0.86677786811435
15948	3.13546261324549	3.11815235120131	0.864353308937807
15949	3.13546573016614	3.08583958531007	0.863528258270515
15950	2.8331776042013	2.82024124832408	0.867477977186974
15951	1.09860369955824	0.802729125690065	0.835071592110849
15952	3.17803525775709	3.08926101039085	0.855809561869876
15953	0.693096164489863	0.693144632774099	0.871455969424433
15954	2.30256851441706	2.30258346535124	0.869804204167008
15955	3.178021278398	3.1619737299414	0.866387057356033
15956	3.29581418270055	3.29369056827966	0.872128594483271
15957	1.79171833994454	1.76348899690946	0.85956384335195
15958	3.13546655063742	3.08580397488486	0.864175892074563
15959	2.63902257650752	2.63499992367994	0.868671192505234
15960	3.66354423136923	3.63887280933123	0.866825072354999
15961	3.13545774153313	3.10123618801246	0.868831425016808
15962	2.07942232193048	2.0398853300417	0.857435065723754
15963	2.70802428837543	2.64306878486518	0.861672274007784
15964	2.94441467103493	2.88721698515597	0.858908946462886
15965	2.56491795309683	2.55143762453303	0.866610185746077
15966	0	0	0.871580774270105
15967	2.83318038184544	2.82983612292146	0.868398484537335
15968	3.17804012228737	3.1546682713129	0.846340425775642
15969	3.52633288708972	3.48631894531826	0.862809438036981
15970	3.46571076049705	3.41822537063193	0.859876209659312
15971	3.2188758248682	3.2188758248682	0.868484958921672
15972	3.218857136221	3.17732306448302	0.863400571934155
15973	3.13547823206085	3.07759262381037	0.863556380744379
15974	3.89179295937821	3.852347448854	0.8652751778277
15975	1.79175664614724	1.79175946922806	0.869090969881314
15976	0.693144008148924	0.616850131169987	0.835952857605693
15977	2.56492511053339	2.56494718907768	0.872890001311231
15978	1.94589670696587	1.8289383589801	0.858777768258593
15979	1.38627305458669	1.38629436111989	0.871180883106308
15980	2.63904928171267	2.6008239069008	0.856778271255115
15981	2.70801710998297	2.69511918752733	0.866649297837098
15983	2.07941914145784	2.07943963371241	0.871052518917407
15984	2.07941147185282	2.0794404295349	0.870894503294892
15985	2.48487720568641	2.48490417153091	0.870896804615341
15986	1.60942760550226	1.57617671225076	0.860056456588901
15987	2.83318864661042	2.81709945241185	0.863428375646794
15988	2.63902062672529	2.63905483489776	0.87121876080084
15989	0	0	0.868484958921672
