15981	3.09102746776359	3.07116913184558	0.864475036171291
15982	4.66343306434608	4.58406047062808	0.849218654301146
15983	4.04304510521307	1.49482990248604	1.07928795029083
15984	1.09861228866811	1.09861228866811	0.865009187733631
15985	3.52634403379314	3.5255486101871	0.863963909980389
15986	3.78418963391826	3.78418713453447	0.871959260139503
15987	4.53259775515197	3.44059593475713	0.994278370583012
15988	3.93180877034768	3.62703474248867	1.0563029640809
15989	3.91201926731451	3.82091959683028	0.840199607122032
15990	3.73766932130356	2.35788473835392	0.972948548921279
15991	3.33216567003227	3.3322021723825	0.870346833032887
15992	3.98896207863356	3.92824349238315	0.853533592383725
15993	4.12711237697681	4.10407172866513	0.855461657325873
15994	3.97028434704944	2.43761019152062	0.630827965484461
15995	3.52635327306115	3.49079319598371	0.853534680555134
15996	3.80665947672467	2.56049261786907	1.00293814861662
15997	3.61090590949353	2.36443395154549	0.932676367245207
15998	3.13548811552133	2.79948163844034	0.793539977116769
15999	4.24848683353344	3.06995869846298	1.08921579655571
16000	3.89181460963775	3.65674908671362	0.825692178700036
16001	4.96283156796582	3.66557216349726	1.0764331311085
16002	4.45433892438331	4.26595472398287	0.832232894575111
16003	4.11086278696849	4.0509323580937	0.855884812785138
16004	3.68887209748299	3.54134244782646	0.836953979348663
16005	3.8918110968264	2.57267875595115	0.905526263136925
16006	4.41881788690968	4.37460336910794	0.848876847196029
16007	4.07753305513096	3.88884290781898	0.832097249574986
16008	4.85979149440906	4.83161383838508	0.8650253582147
16009	4.3567067633498	4.27067575813115	0.84876688290479
16010	4.56432969161679	4.37603381293172	0.820250244409721
16011	3.6109011865603	3.43307956733683	0.826226022710263
16012	3.7135674155442	3.6974719540102	0.8623752444507
16013	4.87519226785796	3.71294251828236	1.10162591900129
16014	4.04304810365207	4.00024593413017	0.853184265092402
16015	4.44264275009683	4.41564363653789	0.861829503889083
16016	3.97028644713351	3.96827886528394	0.865980047033914
16017	4.48862746032534	2.44569142534729	1.03229417470411
16018	1.60941768533173	1.6094362847913	0.86613385633778
16019	1.94591014905531	1.87103830879694	0.79383342806244
16020	4.33071261502917	4.24202579637084	0.846642635341762
16021	4.53258498260872	4.42850811952425	0.837224211950106
16022	3.46573320038595	2.31761191216671	0.479465540113539
16023	3.09104025110581	1.89024028670969	1.06747995617968
16024	2.07944154167984	2.07944154167984	0.871044252034336
16025	3.71355553401235	3.66130357176191	0.85954723128207
16026	3.89180674598198	3.73746763809542	0.830598686466558
16027	4.12712146942039	4.12665788584316	0.868255091087122
16028	4.46587178965822	4.26681522006312	0.829795837166536
16029	2.94443897916644	2.81310540643399	0.829440005201141
16030	4.61511267787969	3.3669933568503	1.0721025232072
16031	4.24848957758269	3.78799178059826	0.771352260850246
16032	3.97028501726829	2.75908898768895	0.961898445727529
16033	3.61090828091038	3.61070278391066	0.871395314085629
16034	4.75356977172996	4.71111653816248	0.858030490855757
16035	4.34378186290026	4.22577908893882	0.843627652384278
16036	3.93181763163647	3.54671049445173	0.753352881677578
16037	4.67281807458032	4.55415796202142	0.833362054006573
16038	4.02533180349552	3.95363178372531	0.854229762821066
16039	3.583512991827	3.5739088525815	0.864734504466365
16040	1.6094379124341	1.6094379124341	0.883178012526368
16041	4.34380128979633	3.9439265249733	0.797095714278547
16042	4.21949370799653	2.55997483930023	1.06063345609566
16043	2.77257690516695	2.75746930533013	0.772502704941318
16044	4.43080977618449	4.25889819001616	0.815049224953721
16045	3.17804784015782	1.26614111746304	1.04280207537385
16046	4.30404994439611	4.13838405678333	0.838617797389972
16047	3.17804352796217	3.09113305601961	0.854870019634499
16048	4.23409639672436	4.23299798379713	0.862782230548629
16049	4.4188406077966	4.4188406077966	0.871044252034336
16050	4.47733513402633	4.47134230732032	0.870026784564217
16055	4.20468883465678	4.20469191741226	0.866098479795761
16056	4.27665429173849	3.52842728694318	1.10062810737559
16057	3.13548925142147	1.95784231507543	1.07562744057767
16069	4.44264633425346	3.97135451401947	0.772694649061727
16070	3.25809653802148	3.12336352104512	0.83759344741076
16071	2.89036748425614	2.75258172188684	0.847449211349198
16072	3.58351147206356	3.27288602885476	0.82389767607084
16073	2.39789527279837	2.39789527279837	0.869033462180722
16074	3.46573231775683	3.41302556848113	0.854082477536032
16075	4.06043915032123	4.06017741607382	0.866971362496067
16076	1.60943588617547	1.60835593631688	0.860887247931417
16078	3.17803487009649	3.17700086103283	0.861712997713126
16079	4.18964247246947	2.83450566456534	1.09826322614259
16080	2.77258563191689	2.10802597021893	1.06420032120449
