15319	2.944356050141	2.81345320007103	0.844813449825915
15332	1.09861228866811	1.09861228866811	0.871002522520354
15375	1.94590500224053	1.74906541223568	0.828681539159645
15470	2.19713907697298	2.19722457733622	0.869308590043455
15471	2.83313153798746	2.82890143968174	0.875215676790078
15472	1.38623187025704	1.38629436111989	0.871587323513941
15492	1.94590127153339	1.63217256569156	0.806788313245863
15493	0	0	0.864252339395455
15510	1.38620468190301	1.38629436111989	0.871011142033962
15544	0.693063716373225	0.693147180559945	0.870692946637634
15545	1.386271709221	1.38629436111989	0.869340884304682
15547	2.07934804235778	2.03645799367958	0.864551844462456
15552	1.09861228866811	1.09861228866811	0.873146947441314
15611	1.38629436111989	1.38629436111989	0.872379344081882
15669	2.89036278718303	2.89036999351452	0.871510036355681
