15243	0.693096164489863	0.559524786917859	0.831157114744233
15271	1.94587467490464	1.85258202989865	0.799655167913506
15272	2.30258509299405	2.30258509299405	0.86880675626794
15309	1.09861228866811	1.09861228866811	0.873329124544995
15314	2.56494935746154	2.56494935746154	0.86880675626794
15482	1.94591014905531	1.94591014905531	0.86880675626794
15487	2.70805020110221	2.70805020110221	0.907670241916117
15496	1.94588303839962	1.94590890383813	0.870982909106891
15517	0	0	0.870487501816532
15530	0	0	0.86880675626794
