14200	0	0	0.872785956009427
14202	1.09861228866811	0.959377992245957	0.821421083430822
14204	2.39788838589096	2.13234078044835	0.817695026604601
14216	2.48487960638229	1.39273757367283	1.00638217286657
14217	3.13549421592915	3.13549421592915	0.869057246682765
14218	3.49650719115127	3.49650726284689	0.869238176500124
14219	3.52634693107761	2.47822773578167	0.948496825464114
14220	2.63903261631824	2.60948650429947	0.864948951151687
14221	2.77256250361531	1.49787239805067	1.00746979109541
14222	3.13547112094542	1.9424175534397	0.978590157578738
14223	2.77258397951991	2.77258812667158	0.869246676205926
14224	4.04304840365887	3.97920536404173	0.857972126477391
14225	2.99572941266114	2.98286014404506	0.859268449638196
14226	2.19722457733622	2.18491589670082	0.853552362210598
14227	4.02534912323273	4.00573410347128	0.863511040608491
14228	2.77257257360514	1.54793310630045	0.975257878377616
14229	2.19722457733622	2.19722457733622	0.871998460678719
14230	2.30257475365792	2.30258345946199	0.871399051634726
14231	1.60943589835739	1.59616641269847	0.855748223485586
14232	3.46573394134945	2.00897985155771	1.04932689009639
14233	3.9702865285374	2.77636561020023	0.945651342820794
14234	2.19721959931221	1.99996435428678	0.834290568522889
14235	3.17804773293002	1.5692826328297	1.02980643875928
14236	3.71356025416375	2.58803921052788	0.933146537235165
14237	3.13549112732917	3.09043736716322	0.864997961618392
14238	3.13548411441791	3.10527290694195	0.862165086860727
14239	2.70804707367704	1.96240166361699	1.07939268085455
14240	2.56494771828335	2.5649480280346	0.872529166905261
14241	2.07943918222327	2.07944042450257	0.884191489938019
14242	4.06044108451199	3.96216206983026	0.854493000410002
14244	2.48487844262911	2.32422703612789	0.839172368075658
14246	2.7080481870255	2.70534274658603	0.870350289589364
14247	3.49650719346895	3.49650756146648	0.872071270874111
14248	0.693118338750855	0.680275051051017	0.860085476677746
14251	4.07753441591373	4.03240759837991	0.850027141634265
14252	5.00392923059127	3.58640957372308	1.05333400472033
14253	4.0604398836168	3.85053353320923	0.889107702865131
14254	3.89181686587909	2.69152548527556	1.09467699207368
14255	3.40119352454175	1.93698755924362	1.0179620346626
14256	3.95123968148296	2.37869564507782	1.04328730562348
14257	3.13549013127539	1.35123949854861	0.965415166483801
14258	3.80665942348633	3.76669331484869	0.861449329534992
14260	1.94591014905531	1.94591014905531	0.870276600048768
14262	3.97028004749374	3.85036849926316	0.848707480696563
14263	3.89181561685893	2.31119223362617	0.897969861769177
14264	3.9889807119596	3.97186894654386	0.866501725807919
14265	3.6635591058948	3.66355957972939	0.871014123813468
14266	2.30258509299405	2.30258509299405	0.870276600048768
14268	0	0	0.748457695393624
14270	4.04304931531695	4.01138261835352	0.864825467951247
14271	1.09861228866811	1.09861228866811	0.864477202019486
14272	4.4886339660578	4.42522362926985	0.853851624157295
14273	2.89034427354802	2.80895052198153	0.848870698866096
14274	2.48490569279974	2.43520159368408	0.860291327632702
14275	1.60942472226385	1.31759730340853	0.831016466222987
14276	3.66355529638184	3.52973145751872	0.834098122792142
14277	3.98897971415728	2.77543579039119	0.917170636591657
14278	3.61091184769832	3.53739604169773	0.860824342425173
14279	4.30406206550343	4.28359094557514	0.868427684899751
14280	2.484906649788	2.484906649788	0.864477202019486
14281	3.49650493451624	3.16682499207028	0.973385927510844
14282	1.09859256640903	1.09861228866811	0.868120969240712
14283	2.94443124374219	2.55879642013649	0.993639147970647
14284	3.17804201327511	2.6493000735776	0.875090417926835
14285	4.04304242072915	3.8888352333612	0.837669053725294
14286	3.43398399145995	2.77987557436294	0.886827095487926
14287	2.70803581823007	2.65506762751062	0.858573907340615
14288	2.89036535533953	2.39431865375482	0.860960052566598
14289	0.693134554563017	0.139060798454741	0.997540333171578
14290	2.70803223788066	2.48388306900292	0.816714789985637
14292	0	0	0.864477202019486
14293	2.484906649788	2.484906649788	0.868484958921672
14294	2.56494235862296	2.44817092895491	0.840691410249812
14295	3.13549112732917	3.13549171247224	0.869080313508732
14296	2.30258509299405	2.30258509299405	0.872282898267794
14297	2.07942891568291	1.80326824866875	0.817520571148885
14298	1.79175772828172	1.38344574532048	0.927395959445154
14299	0	0	0.870276600048768
14301	1.09861228866811	1.01686961779472	0.848284369677213
14302	0	0	0.880299164377892
14304	2.39789423170948	2.35108284780771	0.862010670190168
14305	3.04451930365938	2.99552223929896	0.857687957376457
14307	2.39789527279837	2.39789527279837	0.871998460678719
14308	3.25809143822002	2.95394199283427	0.808887611737874
14309	1.79175772050747	1.7486699982779	0.862340088164199
14310	3.55534513099075	3.54776653964114	0.867386800359279
14311	3.52635777839608	3.52635924359461	0.871539021029973
14312	4.4308045561241	2.56427353766204	0.831367091235693
14313	2.30256120569584	2.30258509299405	0.86945214567851
14314	2.83321334405622	2.83321334405622	0.874571911072719
14315	2.70804942167843	2.68791013251914	0.867927484348478
14316	3.43398720448515	3.43398720448515	0.868930389425162
14317	3.29583562845687	3.23619998754894	0.858935133701029
14318	3.52635739418118	3.23371205477059	0.816428121597196
14319	3.43398644847694	3.41690199548557	0.866374550937216
14320	1.09861228866811	1.09861228866811	0.868484958921672
14321	1.79175517467312	0.749693253805712	1.0669618946433
14322	0	0	0.870276600048768
14323	2.30258509299405	2.30258509299405	0.868961708626755
14324	2.48490490884166	2.46290738713535	0.86343801878516
14325	2.94443731258518	2.91647813010938	0.86590908423087
14326	2.77258479833086	1.94928533122446	0.956179628179861
14329	2.63905732961526	2.63905732961526	0.871998460678719
14330	3.13548949593517	1.53261773519213	0.971057766398999
14331	3.25809234042264	3.11474708055542	0.839959794891432
14332	3.58351274209401	2.19483535985186	0.937088175791944
14333	3.6888745776132	2.81081425959843	0.936980733348536
14334	2.1972224019596	0.639073821533417	1.06374652873448
14335	2.39789527279837	2.39789527279837	0.870551948951831
14336	1.60943589835739	1.55812591349784	0.86040351424661
14337	0.693147180559945	0.693144632774099	0.868566614904389
14338	2.079429724607	1.92246319337736	0.842364327878828
14339	3.29582927740973	3.29583686600433	0.872112484812339
14340	3.21887281281643	3.19489777040206	0.867701342036486
14341	2.56494935746154	2.56494863198319	0.871554097255182
14342	2.99573227355399	2.99573227355399	0.843785888966471
14344	2.07944154167984	2.0031222754857	0.802303269003865
14345	2.83321334405622	2.83321334405622	0.843785888966471
14346	2.07944154167984	2.03776693996149	0.85205730687601
14347	1.6094379124341	1.6094379124341	0.843785888966471
14349	3.66355924696048	3.56131568687828	0.825223513437337
14351	2.39789527279837	2.39789527279837	0.843785888966471
14353	1.60943489535829	1.60943546803125	0.8717803153582
14354	2.63905732961526	2.63905732961526	0.871998460678719
14355	2.39789527279837	2.39789527279837	0.872282898267794
14357	1.60943589835739	1.60943627890205	0.875782330565838
14359	0	0	0.779085963713531
14360	1.79175946922806	1.79175946922806	0.869057246682765
14363	3.17805333024309	2.90138033900228	0.818982073240641
14365	2.19722457733622	2.19722457733622	0.868484958921672
14366	0.693147180559945	0.575834069190314	0.805457801934629
14369	1.7917566743936	1.72247912272419	0.850597693156458
14372	2.83319810079209	1.45252487119744	1.06213022536605
14373	2.19720462042288	1.96334370026073	0.828112582598001
14374	2.77255789415965	2.72385194716257	0.862308672948693
14375	1.94588222001648	1.27904818612729	1.07798945005334
14376	3.85014086201274	2.60248026996204	0.453469120528061
14378	2.63905732961526	2.63905732961526	0.843785888966471
14380	0.693147180559945	0.693147180559945	0.86598923172424
14381	1.38629436111989	1.32303057547602	0.847139152597988
14382	1.38629436111989	1.37550733304363	0.850423578586346
14383	0.693147180559945	0.693147180559945	0.843785888966471
14388	1.38629436111989	1.38629436111989	0.843785888966471
14391	1.09861228866811	0.978393134715704	0.828418816992955
14392	2.56494035981334	2.28417476883327	0.769435017535303
14394	1.94591014905531	1.94591014905531	0.871998460678719
14395	0	0	0.880299164377892
14396	1.60943489938845	1.6094379124341	0.871779767786269
14399	3.40119016012068	0.990386470674154	0.895031470595502
14400	3.61090234957376	3.40169153558781	0.87016465266573
14401	4.1431237354118	4.13825605781537	0.871849275091689
14402	2.70803128920081	2.64965103591302	0.855245517021997
14403	3.82862654197633	3.77039131696505	0.860860976064772
14407	1.38629122043281	1.32285817913783	0.850739613018635
14408	1.38629436111989	1.38629436111989	0.772649772638372
14410	3.49650756146648	3.4965055428449	0.866862327969969
14434	1.09860950005303	1.00301844770319	0.842929148791822
14435	1.94590707099458	1.86250031704179	0.846692485928573
14436	1.79175632854098	1.74199463495538	0.858933260639355
14437	0	0	0.880299164377892
14438	0	0	0.871998460678719
14439	1.38629200953474	1.31278350677506	0.851155859904765
14440	1.60943489535829	1.49729428315518	0.836315144125554
14441	0	0	0.872294729836259
14442	2.39789236836351	2.34373591783346	0.858745640419011
14443	3.21886764545164	1.46277865324926	0.623236724603995
14512	2.30258143538617	0.725877226772051	1.05269594016395
14515	0	0	0.864477202019486
14518	0	0	0.825622704523503
14528	0.693144039872868	0.560459031831008	0.828374864437712
14529	2.94443472680963	2.8572980847021	0.854178856965003
14530	2.77258420010298	1.05680648510182	1.00097088821136
14533	2.94443423183335	2.88108061410057	0.854244486060042
14534	2.63905038038055	2.59436632927944	0.859499419481084
14535	2.70804201648575	2.63002241253388	0.851260637651393
14536	3.4011898732251	2.31577283849975	0.986239672747193
14537	2.30258143538617	2.26940889961735	0.861718126809478
14538	2.99572860807864	2.93634068910563	0.856577475876506
14539	0.693147180559945	0.693144632774099	0.870850715864666
14543	1.09861228866811	1.09861228866811	0.872489155163594
14544	2.7725852405418	2.75360709098836	0.868370742959132
14545	1.38629436111989	1.38629436111989	0.872489155163594
14546	2.39789236306465	2.36289104677972	0.860217845204331
14554	2.83321334405622	2.83321334405622	0.870276600048768
14555	2.484906649788	2.484906649788	0.870276600048768
14558	0	0	0.950445457211808
14559	0.693147180559945	0.693147180559945	0.950445457211808
14563	3.09104245335832	3.09104245335832	0.870276600048768
14568	1.09861228866811	1.04362068664832	0.900275560263946
14569	2.4848996533258	2.38113147304075	0.8764813022902
14570	1.38624716889143	1.38629245315246	0.870627480215063
14571	0	0	0.950445457211808
14572	0.693147180559945	0.693147180559945	0.950445457211808
14574	0	0	0.871998460678719
14576	2.56494935746154	2.56494935746154	0.870276600048768
14577	2.77258798398359	2.76708343919298	0.828992515038778
14578	3.40119592640194	3.3907886762498	0.832543018301402
14579	3.25809607198595	3.24079141821338	0.852948957134137
14580	2.3978934079268	2.14935932855103	0.909391553010048
14581	1.38629436111989	1.38629436111989	0.870487501816532
14583	0	0	0.871998460678719
14584	3.71357095766269	3.68746523489901	0.864559341357925
14585	3.91202207820829	3.90514710997129	0.868232986509839
14586	2.19722457733622	2.19722457733622	0.866754156552691
14588	0	0	0.746148296406704
14590	2.94443654702726	2.70304073402515	0.809001070769
14592	3.36728844154433	3.26033239682001	0.843585973915707
14593	2.70804482347344	2.63337114681251	0.862127642680122
14594	3.17803720983979	2.99360910128497	0.836185655198763
14595	1.79175946922806	1.58726842411637	0.860874594688494
14596	3.80665771022899	3.69255833642773	0.855563071685183
14597	2.70804875295699	2.50648251431719	0.861236710929117
14598	3.21887268962531	3.19334254084387	0.852668580873064
14600	1.60943489938845	1.6094379124341	0.870629413873376
14601	3.63758302718834	3.63758361859559	0.871099958329193
14602	3.58351370927711	3.5628739498322	0.864821640014975
14603	2.19722457733622	2.19722457733622	0.870987696527635
14605	1.38629436111989	1.38629436111989	0.825622704523503
14606	3.33219531233236	3.29575400390688	0.849989710128872
14607	4.07753273590687	4.07104923484564	0.866741124501545
14608	3.71355950214703	3.71357206670431	0.87259787720404
14609	1.38629436111989	1.38629436111989	0.825622704523503
14610	3.49650353756263	3.4643056068912	0.863927189653166
14611	3.89181197619369	3.72315653431913	0.840312700342096
14612	3.87119858190034	3.84436057786486	0.858946471960246
14616	2.63905519718724	2.63905561080414	0.871441964231612
14618	2.94443897916644	1.95530858185465	0.965147574496857
14621	2.89036548094298	2.66179638999851	0.827934122947471
14622	4.27666404298939	3.97294296816479	0.798911051699012
14623	3.66355351332493	3.66356092065129	0.871603194131297
14624	2.30258509299405	2.30258509299405	0.754708247923676
14625	2.48490386117292	2.35826078121261	0.837339524224849
14629	2.70804942167843	2.70804956863707	0.869974094514041
14630	1.6094379124341	1.23894169299192	0.785999948104224
14631	2.56494456273749	2.54172361102055	0.86578533036591
14632	3.71357029194728	2.43616895582687	0.53155148319866
14636	2.39789527279837	2.39789527279837	0.218346823900679
14638	0.693147180559945	0.693147180559945	0.872489155163594
14651	0.693147180559945	0.693147180559945	0.867993198450512
14668	2.83321334405622	2.75594406844506	0.888162392282515
14671	2.77258798828829	2.71749934833467	0.935442884354357
14674	2.70805020110221	2.69857520756432	0.946684564664501
14675	3.17805287335968	3.11195774836313	0.905686233897532
14676	3.13549421592915	3.080151809134	0.912554390201466
14678	2.70803731143294	1.95968064759948	1.01349527376974
14682	3.09103933957331	2.97452264439197	0.895853105816456
14687	2.484906649788	2.20873335677691	0.819913744717026
14718	0	0	0.871315083389481
14734	3.52635791284012	3.50699301080436	0.867056553226929
14735	3.33220407618351	3.32882911288126	0.827191386298823
14740	3.98897919604255	2.84733119999136	1.00846700707758
14748	0	0	0.86598923172424
14790	3.29583641656023	3.29372580818474	0.868852876144358
14791	2.99572916323447	2.99573227355399	0.876646770413106
14798	0.693134554563017	0.581472253918277	0.830818421818331
14799	2.70804851763595	2.67074402956648	0.857969410171818
14809	1.60943489535829	1.59918903034067	0.862730282020692
14810	2.07944017106571	2.07944154167984	0.867537270502116
14811	1.09860950005303	1.09861228866811	0.870005372419964
14812	0.693144039872868	0.674721601287053	0.848116071425027
14814	0	0	0.872282898267794
14817	1.79175946922806	1.79175946922806	0.876721559570453
14818	3.43398498510892	3.43036827407953	0.869434681426533
14819	4.02534810024976	4.02432172081556	0.871260496424453
14827	1.09861228866811	1.09861228866811	0.825622704523503
14855	2.39789527279837	2.39789527279837	0.870276600048768
14858	2.3978934079268	2.39288517578717	0.864368387218527
14860	1.79175946922806	1.79175946922806	0.829718886902821
14861	0	0	0.868484958921672
14882	2.39788964253434	1.18623159134337	0.970431985900177
14885	2.19722147657443	0.742055235358166	1.0641745174619
14887	3.21887006254788	2.02270387113486	0.959723181555068
14893	3.43398298569545	2.07669378337094	1.00840413048561
14894	3.36729139895302	1.87753115891492	1.06194964287298
14901	3.73766414043908	2.2690627034297	0.999226630107313
14902	1.38629436111989	1.17631347619728	0.841440402707318
14913	3.43397930866075	2.39853113995109	0.985177144833377
14914	3.04451816356725	2.99524388037891	0.864740413162939
14915	2.56494638632148	2.44071119203862	0.856430825646925
14917	1.60943489535829	1.55004632798574	0.859118413828529
14922	2.19721492070489	1.1237043612722	0.995782194729755
14923	1.09860109057817	1.08793896605922	0.861050090998106
14925	2.99572521414919	1.78277521850156	0.97828739388531
14926	1.09860387133682	0.326376643225745	1.09316511257867
14927	3.73766808365207	3.7376683677006	0.87435410852973
14928	0.693147180559945	0.693147180559945	0.867993198450512
14929	1.38629436111989	1.38629436111989	0.867993198450512
14933	3.25809468176209	3.25809616008052	0.86879216632818
14949	1.09861228866811	1.09861228866811	0.867993198450512
14953	0	0	0.870276600048768
14973	0	0	0.876000165388801
14974	0	0	0.878786062311645
14977	2.56494429894151	1.46258233968862	0.959410623806128
15278	4.30406082105616	3.65784305742522	0.906748429253087
15279	3.33220136948813	3.31974247999137	0.867480567752847
15280	4.38202663467388	4.04611429504894	0.846056417393701
15282	3.40119492877303	3.36041022099467	0.927856655221067
15284	2.3025794334364	2.30258509299405	0.86965767277542
15285	3.52635733387519	3.47370119643521	0.896058318621684
15288	4.07753538842831	4.03656483524997	0.886626803499179
15289	3.21886502363767	2.29449058446586	0.949570854065376
15290	3.76119394420434	2.48519417299184	1.01557687643886
15291	2.94443193642396	2.82625814023165	0.850399208080175
15292	3.71356708517802	2.97472938074877	0.892339195811183
15293	3.66355571280048	3.52022606755237	0.84827652336805
15295	3.98898167976041	3.92937624400409	0.859148090907264
15296	2.30258509299405	2.30258509299405	0.748261004739122
15297	3.68887634587246	3.43894614700042	0.826686062988222
15298	1.6094379124341	1.6094379124341	0.872774127240007
15299	3.76119718304281	3.64915207353351	0.841136952462051
15300	3.63758615972639	3.63758615972639	0.871998460678719
15301	2.63904497312074	2.32652551786868	0.81116126039743
15302	1.6094379124341	1.6094379124341	0.872489155163594
15303	3.49650756146648	3.49650756146648	0.870276600048768
15307	3.36728321608841	3.13337018380549	0.838080601597902
15310	1.79175946922806	1.79175946922806	0.868203298272139
15311	1.94590707099458	1.93833168048031	0.869421740001184
15314	2.56494935746154	1.77123155423019	0.767216115339137
15315	3.55534136181982	3.50967139719925	0.86088385931053
15316	2.63905218280048	2.59574470050442	0.864670272836335
15317	3.2188758248682	3.2188758248682	0.868484958921672
15320	3.49650756146648	3.49650756146648	0.870276600048768
