14867	1.38629200166333	1.08177061946949	0.772285317851345
14868	2.99572733846413	1.13503138990969	0.998253083385256
14869	3.1780507645629	1.34337620200232	1.01890144131739
14870	3.9120203573927	1.97657952288594	0.996360666323462
14871	3.80665792794998	3.71469700337303	0.825835073242023
14872	3.21887352943527	2.32314329302301	1.09202054537757
14873	2.30257637458076	2.20610073199371	0.799451613951383
14875	2.39789048472986	2.32622245105896	0.814150826894314
14876	3.68887008813334	1.55348340666888	1.10202636565468
14877	3.43398333248817	1.61071747646538	0.928188015358938
14878	3.43398562974692	3.34950321361516	0.831999607792359
14880	2.30258307891733	2.08120904371643	0.798186036747144
14881	2.63904673622065	2.61689382639519	0.864262562732647
14882	3.49649990161765	1.95207354102147	1.07804872066363
14883	2.9444359769481	1.84510162709176	1.103217725591
14884	4.06043678027397	3.13553976386761	1.10204163752035
14885	3.21887489764834	1.80796811521031	1.05801112330575
14888	1.38628575168639	0.661964274485244	0.854547050851326
14890	2.63905011475987	2.5354031424688	0.80246369371253
14892	2.83320702867978	1.40540454231757	0.961500007849629
14894	2.77258007121125	0.86444879721493	1.01910827185778
14895	3.40118919943245	3.39968618575586	0.870103158155893
14896	2.77257691372034	1.62325509603558	1.07741813058662
14897	0.693144008148924	0.556660245757722	0.830741628500604
14898	2.0794391663614	2.07943962796119	0.869444677335733
14899	3.04451487091076	1.91695977538105	0.951595746327409
14900	0	0	0.860935541404511
14904	2.48490135708877	1.28108931160688	1.0052188673804
14906	3.13548911627005	3.02487798546632	0.829236234865572
14907	3.21887029158789	2.11890316144953	0.93684167755951
14908	1.38629198580145	1.32739208484146	0.839763523048829
14909	1.6094379124341	1.6094379124341	0.833837316516855
14910	3.40119323989737	2.29197719894035	0.917902538084508
14911	1.6094379124341	1.6094379124341	0.854634036467951
14912	3.09103796247502	3.00269183706147	0.843605199939086
14913	4.02533260028272	2.06291313589713	1.05374757169037
14914	2.89035829751665	1.48514137715591	1.09450901025846
14915	2.89035925005713	1.45807112009439	1.09614847469212
14916	4.04303943451922	2.31481537850416	1.09872873527245
14917	2.89036408429171	1.2656802286947	0.94550811886944
14918	0	0	0.972185349350237
14920	2.4849006790827	2.41381693408143	0.843551653201747
14921	2.48489648016078	2.29962555390436	0.81267832398771
14922	3.33219753135798	3.26610344984406	0.839233655325142
14923	3.58351062506459	2.20199516051269	1.06176629942339
14924	3.09103480206348	1.30633678920969	0.992188612289588
14925	2.07943282945995	2.04164722339929	0.856612013771857
14927	3.6109085845911	2.33930714713414	0.956299006400289
14928	3.55534243428564	2.06432216786374	0.994685493959408
14929	4.29044622333285	2.84938269418877	1.01766304498464
14930	2.99572609201504	2.83229848462354	0.829770742340424
14931	3.49650259671454	1.27757369272993	1.06575721049562
14932	3.85014142711567	2.29155226092948	0.980743790038374
14933	3.61091461160683	3.55179554958696	0.850640704184686
14934	3.82863663807189	3.80459700330901	0.856056179614219
14935	3.61090707558624	2.06998974603568	0.95133796751284
14937	2.89036397722476	1.3633396628928	0.9427846742019
14938	2.30257497944286	0.620172519899453	1.06938435339916
14939	4.12712502447901	2.43600642205223	1.08537939292361
14941	4.15887665032486	2.63101896887191	1.01150034634476
14943	4.38201763612955	2.98830650529288	0.977150486134567
14953	2.56494652119325	0.989948531504678	0.981305147780182
14982	2.484906649788	2.484906649788	0.779085963713531
14983	3.6109127515371	1.99118856235736	1.07520680639849
14988	2.39788080500136	2.22910272805785	0.830816864484477
14989	3.8066619286149	3.04282487623904	1.09772287822926
14990	3.806658409661	2.51974817069807	1.10280222176315
14997	1.79174926505543	0.653368135764899	0.982477923625069
15015	1.38629436111989	1.38629436111989	0.780229825471738
15021	3.8711886448396	2.6890369882758	0.934428383743044
15022	2.83320097268138	1.6758843956452	0.972481804592464
15024	3.58350352587471	2.28802918921757	1.06339700815795
15027	0	0	0.796501315761245
15036	3.13548248465853	1.56608422411509	0.969319285148294
15067	2.30257037684079	1.53611925074398	1.0891585396413
15069	3.61090696869959	2.04692569083975	1.00465061208488
15074	2.19719496585079	1.1674837503803	1.09117326642284
15077	2.48490279849554	1.06618564691709	1.09105299776491
15078	3.17805181628889	0.393939593471221	1.10277424092509
15079	3.17804255013502	3.03436902342943	0.831340270106
15081	3.17804961636829	1.65661634957371	1.01705958715326
15083	3.433969309195	2.07048694897818	1.0276713615762
15087	3.29582850383339	1.96687226984151	1.04208734334853
15090	2.70803517491402	1.53441823484054	1.04788819913933
15093	2.48490568314678	1.29109355262823	1.06647280539311
15094	2.56494382146071	1.17164425345674	0.987478154613432
15126	3.29582449354262	2.18377028363223	0.935211615301276
15143	3.21886568632449	0.847045311825643	1.1009917361477
15144	3.63757565266864	2.27636267909427	1.07595515178778
15145	2.7725756949624	1.34132199645945	1.05929868883985
15146	3.43397704937643	1.85394543463656	1.00651085689218
15147	3.21886194823005	1.85687184120337	1.01977632259568
15148	3.33218880260202	2.22903913363623	0.933836188065456
15241	2.89036688422328	1.45204076698747	1.08774895591787
15242	2.77258282993163	2.70979150149541	0.844801345556299
15244	3.58350984461025	1.73797383856782	1.03892431821808
15245	3.36728630993792	1.89547576259505	1.04556211337774
15259	2.30257636182071	0.227437756768158	1.00653881669645
15283	2.63903585599614	2.62678936405748	0.846950756209875
15285	2.30257478384874	2.26111214615186	0.843611754488987
15293	2.63904467610552	0.895461049879746	1.02079536279634
15294	0	0	0.780229825471738
15337	3.98898087635409	3.36422741286134	1.03248899750431
15338	4.1896488898115	2.61543516492468	1.07704710863742
15339	4.53259318228845	2.76748227527622	1.09817300169484
15340	4.00732375762862	2.59238041402773	1.04312775141377
15341	3.55534028489089	2.03088072049415	1.103345076587
15344	3.36728880908848	1.93888893936529	1.05414138740682
15346	3.61090868685493	2.34402479651209	1.09064294093951
15347	3.29582329977132	1.65885551361954	0.949617251105172
15348	3.40119107242908	1.96413103759775	0.951951240848752
15353	3.98897009275189	2.73380910127099	0.950181664354513
15354	3.43397415072267	2.1363559286264	1.08470736148576
15356	2.83320174986427	1.3343980886948	1.06194585273409
15361	3.49649531421078	2.71723683297556	1.04769011222777
15362	3.63757663655083	1.94759091206688	1.09072371689832
15363	2.9444239676873	1.7140225682924	1.10166381123175
15367	3.29583282219612	2.15285238819977	1.10019086981486
15368	4.17437954612303	2.67311853486046	1.09835405814795
15369	4.46590069403528	2.38024005924768	1.10170416629343
15370	4.3944389348732	4.1169274839886	0.90901377013352
15371	2.19721030416777	1.11837598780004	0.995048117252566
15372	3.21886048718797	2.09091157319722	1.10030735554082
15373	3.21887145108264	2.33028351243665	1.08981969765824
15374	4.3040555093876	3.14959918344604	1.06823733234458
15375	4.26267408000461	1.95357908228633	1.07495370642186
15376	3.36728595428231	2.53486271776385	1.06249686973295
15377	3.13548116260594	1.84780437076348	1.08997086887797
15378	2.63905398522041	1.19702927257345	1.02106143344382
15379	3.29583144957582	1.8845001587501	1.02712882694464
15380	3.66354866966887	2.17054474951298	1.01688290105636
15381	4.55386667965095	3.189929404053	1.09006764619923
15383	0	0	0.771711028334003
15384	2.99572032079284	2.91837635614657	0.848126980366097
15386	2.70804851763595	1.50686789831313	1.10105235515659
15387	3.25809101692227	2.01258423371887	1.10056399165099
15390	3.36728020992606	1.68187274865857	1.10246845746838
15391	3.93181872238638	2.24067350833232	1.0796290670847
15392	3.73765745294469	2.35669155791281	1.03636196484523
15393	3.29582871192727	1.90154270555814	0.985091950604539
15394	3.78417286090438	2.6123325496788	0.977665662159626
15395	3.61090467354684	2.19255975344842	0.997100713610826
15396	4.06043096194955	2.71047144518752	0.95394636404234
15397	3.25807823037141	1.43736080439006	1.09437620329845
15398	3.49649572058555	0.764835116474677	1.0996882835601
15400	3.58350559323012	2.1683116331264	1.07911244468448
15401	1.38627849894401	1.38553344468075	0.866492851369429
15402	3.52635235110237	2.05768821868141	1.02637056035439
15403	3.91201174770889	2.1106460475978	1.10360704868537
15404	3.33219723226255	1.72719421560183	1.03135735974456
15405	3.09103386793398	1.91210881851697	0.895372314718882
15406	2.89035323264001	1.41869068599727	1.08470800594236
15407	2.19722177155912	1.04990718629197	1.10133545937544
15408	1.94590495015492	1.88057931719787	0.850900277443711
15409	1.09860387133682	1.00558166977815	0.840234794705973
15410	4.00732614857666	3.25033522094791	1.02903408529306
15411	2.89035644987384	1.26808712875873	0.989969707239312
15412	4.15887479157092	2.23648162302789	1.10318131702225
15413	0	0	0.864773083222103
15414	3.09104025916002	2.31373680734436	0.659049664112681
15415	2.56493964515621	2.02856649522943	1.0008724171827
15416	2.07944017106571	1.46045532241975	1.00533305081969
15417	3.1354879621795	1.95607022627495	1.08196331082019
15418	2.99571961560822	0.796081586389469	1.08517927538508
15419	3.09103238874248	1.79422134285045	1.10072968102647
15420	3.85014449546299	3.03827939398528	1.04525052885049
15421	4.06043017197858	2.75964340489248	1.00530977397347
15422	2.83321334405622	2.77945509005797	0.832528705613133
15423	3.21887079168536	3.01418998808574	0.895136287900597
15424	3.43398681107855	3.38256653377709	0.847841067932456
15425	3.68887417385246	2.12783245084037	0.978283381890108
15426	3.21887076936797	1.69032366667036	0.865592219528705
15427	2.77258798398359	2.73051978427441	0.854821336841298
15429	3.55534432912702	2.68765159696513	1.06817079843563
15430	4.45434001675925	2.79764907176341	1.10456469185207
15431	2.99572409495377	1.6027235606157	1.08046243545005
15432	2.48490279849554	1.30038863617446	0.929399551321548
15433	2.07943205624009	0.983936781726375	1.10452763379544
15434	3.49649502441402	2.27371432084021	1.10375192144091
15435	4.04304173442427	2.55715405401984	1.0691432080271
15436	4.12712541229706	2.29447467870673	1.1033950572767
15437	4.36943761087981	2.72463503618782	0.922431962297796
15438	4.15887564081257	2.59590872837826	1.01955547549595
15439	4.18963513916404	2.24455775766677	1.10274636554445
15440	3.82862884549037	2.48277405685724	0.878995749318223
15441	4.14312590418617	2.81118016456452	1.04013101296634
15442	3.55533493743483	2.10443375456684	1.0857370582639
15443	4.31747916668064	2.63430385402714	1.06304487604889
15444	3.61090548180532	2.36279046173455	1.10331585358842
15445	2.94442491804784	1.92435997297817	0.987307132917322
15446	4.21949226415995	3.57700380499927	1.09319233853245
15447	3.85013583907083	1.72513773419651	1.10215678533848
15448	4.21950031940193	2.40067845715852	1.09649612174914
15449	2.77257891259596	1.66760474748947	0.953207129275893
15450	4.29044794886603	3.39604573728804	1.02734185542686
15451	3.55533349830896	1.63409468436527	1.0868560285414
15452	4.33072136991057	3.3176797468061	1.0553396165004
15453	4.36943761552028	2.39243298417714	1.10178498896419
15454	3.6888741594705	1.82851234741386	1.02310573483363
15455	4.34379486302736	3.25688346623054	1.095782996187
15456	3.43397376180215	1.70707045575059	0.93055299088413
15457	3.04451224869079	1.10375845511343	1.07647200071641
15458	4.04303050467942	1.7923799219796	1.0974999981361
15459	4.09433149403812	2.74929425794692	1.06061680678215
15460	4.24848492431804	2.3379681578831	1.07480416794759
15461	3.82863103599979	1.61793990601036	1.09354562546241
15462	3.40118326313158	1.15802609728469	1.10266234687897
15463	4.09433266050915	2.10421812328101	1.09804829344343
15464	3.13548653772288	1.6932004533138	0.975653255641108
15465	3.63758124415197	1.90180800351918	0.996686877304448
15466	4.06043148065525	2.78791510934049	0.986505961340355
15467	3.82862877953935	1.84070351055902	1.07636986971091
15468	3.09103251599206	1.94021637396705	1.09898250648063
15469	3.21886983600558	1.45534196508457	1.0769979243438
15470	4.07752983528048	2.54021111282806	1.04371839731064
15471	2.48489433951865	0.91320175098565	1.09132421839819
15472	3.71355753383671	1.9638119181863	0.955782667251152
15473	3.82862674380417	1.88636919235571	1.10342946625853
15474	4.38201524096024	2.92206177512755	1.10295610970229
15475	3.36728330839933	2.04625902975272	1.09691036885056
15476	4.14312331555806	2.09046324657461	1.09627605508633
15478	1.94588887754115	1.90032154160619	0.855230349643178
15479	1.7917524020073	0.141235463369918	0.872379550597985
15482	0	0	0.716168338400083
15485	3.87119427024002	3.03621773719818	1.05172951372803
15486	3.61091342993051	2.11168606835174	0.93240347660857
15487	2.89035506233891	2.19583172998479	1.0323668627373
15488	3.17804232945389	0.772854544209204	1.10197284988885
15489	1.6094379124341	0.854475399117692	1.04763900233357
15491	2.77258872223978	2.76085853573285	0.860864180441482
15492	3.66355713176189	3.43541505343015	0.823577949808918
15494	2.19722457733622	2.19722457733622	0.835627651515399
15495	3.61091726836376	2.13859717795352	0.957455396914916
15496	0	0	0.783096082344024
15497	3.76119643031228	2.31315244332891	1.1028580916775
15498	3.61091758124	3.60218267767683	0.843889065683306
15499	2.19720246111575	1.28180762523086	1.09996711292621
15500	3.13549369187262	3.02359199422944	0.816775920034313
15502	2.70804706350293	1.2644080471231	1.10204610368573
15503	3.61090255479404	3.03148855182393	0.998561254688337
15504	2.56494935746154	2.56494935746154	0.876782975767047
15505	3.29580590302152	2.7625137623087	1.00680644881419
15509	2.07941635280654	1.00136647752752	1.09866386680808
15510	3.58351617359118	2.5686988564298	0.663130009993571
15511	2.63905399900584	1.64590069440125	1.09584463358621
15512	2.07944154167984	2.07944154167984	0.332945583401783
15513	2.83318312145294	2.76352095901642	0.85486435238221
15514	3.7611934245583	2.65870420453847	1.08994801087762
15515	3.87118429488892	2.37264615937808	0.964408522470275
15516	3.2580933973344	2.49243206745795	0.997111452571936
15519	2.63905732961526	2.63905732961526	0.867754241840673
15520	4.07752532880538	3.08788677448228	1.0849106402589
15521	4.86753173596889	4.8107639743569	0.833356600606172
15522	4.31748122747599	1.40445766491138	1.08861929959084
15523	3.43398298569545	3.31487382667467	0.799451927108557
15525	3.85014452916056	2.83199606613897	1.07734467766978
15526	3.76119113850523	3.68633684754454	0.835197041906578
15527	4.2766654279975	4.12629496643734	0.810371214826454
15528	4.33073045253514	3.15184653260686	0.863126979679732
15529	4.11087131119646	3.50480055076049	1.07904349963355
15530	3.09103522930539	2.30252946411986	1.04395486476189
15532	3.09103386213819	0.69774079418552	1.0985424853465
15533	3.61091287730977	2.29808584022275	1.08277637054042
15534	2.77258636278322	0.247281751328176	1.08514435631978
15535	4.39444900099092	2.4005704803465	0.986069406360595
15536	3.66356164612965	3.66356164612965	0.860689155299329
15537	3.73766961828337	3.73766961828337	0.860689155299329
15538	3.85014760171006	1.06456926433363	1.07808473076098
15539	2.19722457733622	1.36798673768525	1.10351585932821
15540	3.13549278751603	1.87146591634669	1.04413762233564
15541	2.56494123539349	1.86163783578905	1.10197411958382
15542	4.44264388742613	3.00593641508351	0.971005338834332
15543	4.33072458734533	3.21966291235444	1.09606967265605
15544	1.38629200166333	1.25406106123045	0.84254037521823
15545	4.14312626547507	2.79924676323986	1.08840738058721
15546	2.30257799848929	2.1542536841209	0.824679706914371
15547	2.19722457733622	2.19722457733622	0.864773083222103
15548	0	0	0.867021774289191
15549	3.17803903763602	1.61651546924089	1.04885853959166
15550	3.76118343756201	2.99245369647448	0.914629125572736
15551	2.48490069592367	2.47854909156199	0.864431238345319
15552	4.17437698213493	3.1146866800066	1.0896772521685
15555	3.82863702645057	3.66736271747335	0.787417411048017
15556	0	0	0.871044252034336
15557	1.09861228866811	1.09861228866811	0.813228905463746
15559	3.66355616401776	1.30374230107082	1.02318783581925
15560	2.8331986832439	2.82019562553925	0.854731490011784
15562	0	0	0.871044252034336
15563	2.30258307891733	2.29288316987179	0.842542998332445
15569	3.68887003735837	1.6043225310488	1.10408302516322
15570	3.29582366474653	2.27727845820414	1.09028877676758
15572	4.09433571762617	2.42051218603222	1.02205528716668
15576	3.2188758248682	3.2188758248682	0.860689155299329
15578	2.48489545159196	2.41285338748751	0.852893588016245
15579	3.17804544787191	1.13259328743545	1.09079446726544
15580	2.19721959931221	0.949687459806193	1.04643414211787
15582	3.85013764453334	2.37443266530009	1.06193986772751
15585	3.21886977452902	1.83629177183344	1.04468712940704
15586	2.07944015723864	1.94993192526077	0.812906989944727
15590	4.04303923613554	1.19654855158334	1.06509724458467
15592	2.63905218280048	1.36185912300809	0.989066928684381
15594	3.80665125243411	1.68547780693007	1.10485452216629
15596	3.68886622066276	1.04728403025516	1.09615266323298
15598	4.11086309540803	2.76912792957951	0.990179110107231
15599	1.38629436111989	1.38629436111989	0.780229825471738
15604	2.07944154167984	2.07944154167984	0.876195391955316
15606	1.38628473097786	1.38523258891279	0.863980985662961
15610	2.8903626602077	1.51199673044865	1.04743646772778
15611	2.30256985690222	2.19031785285934	0.838723700443219
15612	2.3025523798008	2.2026932393067	0.81063358884744
15613	2.70804741248713	2.55610384738751	0.814208224060604
15624	2.83321334405622	2.83321334405622	0.865664907210679
15625	2.70804942167843	0.938682800070302	0.950607155199504
15627	1.38629202515987	1.38629436111989	0.869395336179017
15628	2.6390534086395	0.850965256116434	0.920820159309687
15629	3.76118044487408	2.28245029485341	1.03821023797596
15631	3.52632975075801	0.797670849967923	1.09953714134574
15632	3.40116785701995	3.31520565744388	0.839894967964511
15634	3.7135443702997	2.53021289298998	1.08409271116612
15635	1.38629436111989	0.40965000876533	1.09307896960131
15637	3.17804258371072	1.7585388531249	1.05742905924579
15639	2.07943207218214	1.99386144968893	0.848545261050478
15641	1.38629122043281	0.778386764709825	1.02427194435378
15643	3.29581861361087	2.07160077426424	1.09550569815187
15644	3.21886266317087	1.9984274883325	1.02758919437959
15645	1.79175946922806	1.79175946922806	0.868773541698026
15646	2.77256282103014	1.23063157764949	1.00828311829306
15647	2.94442432596069	1.77824027432523	1.00766975009089
15648	4.04303942165161	2.46264774866298	1.01932222340935
15649	3.36727660683723	1.12906381263046	1.10194478808475
15650	2.39788347746978	2.34443920933466	0.854765361437103
15651	3.61090740249249	1.11052944980718	1.10097868296006
15652	3.46572209766163	2.00483040278043	1.00661633748017
15653	3.40118666504037	1.52413521747822	1.09496708584101
15654	3.52634333713376	2.18473916332154	0.963681802093299
15655	3.61090508489245	2.11158362815233	0.974535092020738
15656	2.8903541537332	1.82824756796342	1.09082326893026
15657	3.78417208372625	2.40854996944356	1.07648622002383
15658	2.30257955578445	2.23509840325348	0.840027780122184
15660	1.38629198580145	1.38629436111989	0.869680532267868
15661	4.71849224864638	3.25394909198767	0.984953489087431
15662	4.02533675140778	2.51449127253821	0.974776905981721
15663	3.4339774174366	2.08658331089391	1.07756914022023
15664	4.5325813258682	2.96432038977393	1.05137421875917
15665	3.89180740843257	2.97727231906042	0.936802522734738
15666	3.43397027144268	2.30018006406461	0.912768109284434
15667	2.39789215901337	1.25675435238651	1.05256594396708
15668	3.61090993644939	1.89042651190443	1.09863513665272
15669	2.07942117318178	0.321893142827854	1.08104815194226
15670	3.09103711726477	1.90002491069142	1.10290542306352
15671	3.43397621909449	1.96179834750421	1.04728802902932
15672	3.98897747598933	2.66202685145814	0.989123957657441
15674	2.9444191188595	2.92163474993218	0.861793048717952
15675	3.93181102629201	2.56384575591369	1.02619276193947
15676	2.7725693680316	1.39119534905549	1.01414009990658
15677	2.94441437893145	1.81570986765895	0.961627877384216
15678	3.40118898264999	1.79476464163597	0.969259571174291
15679	2.83321056443575	2.8332127813357	0.867867566354322
15680	2.7725842069954	0.775328391710018	1.05710980507247
15681	2.70803528296712	2.6355920727623	0.852520328869393
15682	2.30256729742795	0.417034870189447	1.09790075649963
15683	3.36727797796293	1.27814044892934	1.10338736339495
15684	3.09103878052863	2.03398876953092	1.00084762899264
15686	1.09860104044682	1.02817618963065	0.762287938089643
15687	1.09860104044682	0.333544712721144	1.10279549678982
15688	3.49649972104116	1.28744432393238	1.05386525867515
15691	0.693144008148924	0.692138061054631	0.865246608977986
15692	1.6094379124341	1.54978392582106	0.854787197007869
15693	3.6109162096455	2.04795915604936	1.0442625834309
15694	2.99567587722002	2.99573227355399	0.87030181774318
15695	2.99572057724932	2.98691461154733	0.867794010729234
15697	4.06044259098134	4.05128026027145	0.862744539738308
15698	3.49650622666625	3.47274761444446	0.866604477884954
15699	2.63903780964242	2.63806321071856	0.868472945442893
15700	0.693147180559945	0.693147180559945	0.870487501816532
15701	2.39788308676439	2.34932555111802	0.863493811702684
15702	3.04450843248053	1.79601086922449	0.986032767396995
15703	3.21886273871788	1.81769790823558	1.0380557747196
15704	3.09103845815711	1.40787818909294	1.06126332211392
15705	2.30256195451405	0.959053405847848	1.05857733614264
15706	3.91202149283374	3.90499206525864	0.860630052623419
15707	1.94590758889649	1.94591014905531	0.869938693936463
15708	3.40119089356718	3.30903503191279	0.848568531158671
15709	4.00733318523247	4.00733318523247	0.873077917697307
15710	3.40118682234532	1.99771356924539	1.07880500809089
15711	3.3322011504935	3.30414459891052	0.869238883642611
15712	1.6094043426579	1.6094362847913	0.870186708927745
15713	2.07942008371743	2.01236300279962	0.855398299691642
15714	3.25808959341283	2.33057959617187	1.06911766402862
15715	2.30258509299405	2.30258509299405	0.873177616878231
15716	2.19722178250176	2.19621421164403	0.863105183620825
15717	2.7725780797523	1.04957698526675	1.10606520668744
15718	2.30256727182978	0.711980651716792	1.05210710421636
15719	2.39789193712191	1.18502539369628	1.01580910157278
15720	2.63904754850465	1.04782814801304	1.01673716910534
15721	2.30258004259527	2.1349406034997	0.847855309127988
15725	1.09861228866811	1.09861002623974	0.871484240803959
15726	3.80666192293233	3.80664358742997	0.870780071566954
15728	3.43397668448565	3.39133917281665	0.864935825477629
15729	1.09856673669487	1.05712951848518	0.854767524684319
15730	1.9459075815529	0.778214088964031	0.752488183125065
15732	2.70804400323682	0.467763292627447	1.08817948826233
15734	2.19721210233072	2.19722231490785	0.874914614627613
15735	1.09859272933932	1.09861228866811	0.870840721586154
15736	3.09103477547461	0.634833488941391	1.10419721015507
15738	2.19721015997234	2.19722206184579	0.869717442657883
15739	2.99573112841052	1.68333490001095	0.997602588630079
15741	1.79175351536372	1.38331837840197	0.812522111217372
15742	1.94589611317366	1.73974067251569	0.833813911472687
15743	3.04451932856385	3.0445199408597	0.872371892006116
15744	3.71356396060545	3.68400011709234	0.865742831201529
15745	3.43397181307824	3.43398487348216	0.876188121546167
15746	3.66355021077867	3.65674847802928	0.872893407687863
15747	1.79171477600239	1.79175720679969	0.872954679586141
15748	2.89035757093764	1.67401487274178	1.09587225336298
15749	2.19722457733622	2.19722457733622	0.870551948951831
15753	3.66355889522198	3.61124540204101	0.816423586230736
15754	3.58350467535364	3.51313263307003	0.847424755089572
15757	2.30257938902293	0.890316293318195	1.05685843757848
15760	1.38629436111989	1.38629436111989	1.04802114398195
15761	3.25808203185961	3.14985496129641	0.851561142664531
15762	3.17805383034795	3.17805383034795	0.813228905463746
15763	2.63903966374851	1.62219046986597	1.08782044906696
15766	3.55534126948243	2.1952829250878	1.10278433926524
15767	2.48489611749586	1.56884096388476	1.07074846557702
15769	3.61090264482798	3.15779153270212	0.964587884138819
15770	3.49650756146648	3.46784016855611	0.780267030861735
15772	3.82863776012949	3.42910202859495	0.94805750670775
15773	1.79175946922806	1.79175946922806	0.864252339395455
15775	3.36729299473211	2.13645678296116	1.1024716147203
15776	1.09861228866811	1.09861228866811	0.813228905463746
15777	0	0	0.8731061369346
15778	2.48487528837407	0.994296160677389	1.03756512381999
15779	1.79171004416913	1.73363866909825	0.843206548888148
15780	2.19722457733622	2.18473826408168	0.852367339258006
15781	2.39788532527191	2.39789375965952	0.87620895839158
15786	2.70804603725085	0.93552007739219	1.00432603493807
15787	2.94442715288754	2.84570567196845	0.801843560726286
15788	2.77258872223978	2.59030424616328	0.877281622697749
15789	2.89037175789616	0.733201422246483	1.0938661078902
15790	1.38629436111989	1.38629436111989	0.785184664600068
15791	1.60942978283462	1.49932619255445	0.806056504300455
15792	2.39789527279837	2.39789527279837	0.785184664600068
15794	2.56494771828335	0.292052146015866	1.10393014134458
15795	2.70804207150273	2.58725431332063	0.817682875290285
15797	0.693147180559945	0.693147180559945	0.870551948951831
15798	2.89036021111997	2.77199585403045	0.81618458467194
15799	0.693067868271433	0.693144632774099	0.873490140164107
15800	2.56494935746154	2.50384206721356	0.793113099582506
15801	1.94590498892214	1.43698068210374	0.975116936467965
15803	1.79172346561279	1.78551704889717	0.8664418374962
15805	2.7080477405508	0.906815613522089	1.02342277961467
15806	2.89036859531983	2.87811994945389	0.849388192175608
15808	2.99573227355399	2.98756667411192	0.829959463842036
15809	3.36729269267236	3.35643106667792	0.842341634416286
15810	3.6375852436534	2.62567700654096	0.913986873808784
15811	2.30258395398767	2.30188006117475	0.859474070613268
15812	2.07944017106571	0.346148633637066	1.07687851049739
15813	3.66355481725786	3.66335918040352	0.868014047134173
15814	2.83320701358595	1.49586256236519	0.966800603255994
15815	2.07941954737163	1.31586554915364	1.08195417537811
15816	1.60941050638621	1.57700941533736	0.868677738640932
15818	2.94443384666744	2.94424648159505	0.867151195109282
15819	1.09860369955824	1.09861228866811	0.870349699858374
15820	2.77257881328377	1.6121883043243	1.09661591853066
15821	2.19722144525963	2.04396823913201	0.82581402557574
15822	3.33220331153015	3.24100655798677	0.721240136578814
15823	0.693147180559945	0.693147180559945	0.716929093492927
15825	1.7917566743936	1.61562577386805	0.817729815095145
15826	1.79174404828985	1.65393149656816	0.854917455859875
15828	1.09860950005303	1.09861002623974	0.874680829120073
15829	1.09860946558729	1.09861002169557	0.867663512274389
15830	1.6094379124341	1.6094379124341	0.78018042078944
15831	2.07941691527684	2.07835401222603	0.865463647208434
15832	2.19720484073855	0.847781861578612	1.06152948000112
15833	1.94589209369736	0.303569040808849	1.06251235273253
15834	3.044510805052	3.0434809422746	0.865730272539887
15837	0	0	0.714831974791345
15838	1.09861228866811	1.09861228866811	0.87277284146705
15839	1.79175234380997	1.79175946922806	0.872462912038946
15841	1.7917566743936	1.79175675663498	0.858560595795557
15842	1.79175772050747	1.78320225905846	0.840319909239478
15843	0.693147180559945	0.693147180559945	0.833837316516855
15845	0.693147180559945	0.693147180559945	1.07636199717531
15847	1.79175946922806	1.79175946922806	0.776042025933657
15850	3.21887272816531	1.89765942161717	0.920213387649222
15851	1.09861228866811	1.09861228866811	0.79154378249839
15854	2.19721014576196	2.16652131171307	0.856139331243618
15855	2.63904698388132	2.55967829740383	0.847472082720468
15857	1.60943489938845	1.60875170001436	0.867295274874235
15858	0.693147180559945	0.693147180559945	0.78549663269351
15859	2.19722457733622	2.16820767443101	0.865146825802035
15861	2.39789527279837	2.39789527279837	0.866528395362452
15862	2.07943379335485	1.8471100519036	0.838552995086639
15863	4.2766624768339	4.27666571095269	0.872004344899785
15864	1.94590347683339	1.6198199584286	0.970721036406139
15865	1.6094379124341	1.6094379124341	0.950445457211808
15866	3.09102235063093	1.71712304589256	1.02668616013669
15867	2.70803704492497	2.66283136892664	0.887299301487952
15869	0	0	0.871068030894893
15870	2.07943374605002	2.07944042450257	0.870144113344936
15872	2.5649423008501	2.4683164135648	0.817622645970425
15873	0	0	0.873598983788067
15874	2.99572207040504	0.517804722039533	1.09529410967161
15876	1.38626026107979	1.38629244740124	0.866462664662424
15877	2.77257627198106	0.380595033103802	1.0841171802318
15880	2.30258055625329	1.11020822490896	1.07491086484127
15881	3.61090702565702	2.20110164803097	1.04823761870288
15882	3.43398273602517	3.02825381049062	0.443308664079697
15883	2.8903566253051	2.62690988350617	0.882652589250448
15884	2.56493269344555	2.45457833088357	0.841435652585835
15885	2.56492899666567	2.56181814132906	0.867628524112918
15886	1.79174916155202	0.580268108237551	1.09500834597883
15891	2.56494935746154	2.56494935746154	0.868773541698026
15893	2.30258004259527	2.25706739517071	0.89438387542239
15894	2.30257488709169	2.27441641178702	0.884238346967466
15895	2.83318875717697	2.79705860691245	0.861925856806156
15896	1.94589616071965	1.93876012256502	0.876248062430994
15898	2.39788350086141	1.74522253214517	1.05925924596636
15899	3.25807965986925	1.76825887301449	1.06880969302401
15900	2.484899377099	2.36639231103534	0.837213733443143
15901	2.56492323329714	2.10080846155288	1.07888577759107
15902	2.07943531502324	2.04638514291782	0.887481843423381
15903	1.60942980839327	1.40707092263762	0.857986859404319
15904	2.77257625917927	1.46333326245902	1.10047539391273
15905	0	0	0.872199309260953
15906	2.94443170738693	1.36196861796131	0.991016765782208
15907	3.0445068540864	2.95275195072117	0.842700649681801
15909	2.07943522868137	1.08611127619864	1.09723417992523
15910	2.07943230945261	0.640810795357025	1.07442135133479
15912	2.48489749878443	1.10342653134177	1.04268414645973
15913	0	0	0.870822238765121
15915	1.60943078159864	1.6094362847913	0.870654043853441
15917	1.6094379124341	1.44177178729803	0.846321090234963
15918	2.83320156430212	2.8332127813357	0.866019838146526
15919	0.693147180559945	0.693144632774099	0.879852475976684
15920	2.83320151885207	1.3491957568793	1.0671748648921
15921	2.56494846290375	0.651375365302267	0.799098151894681
15923	1.38629436111989	1.38629436111989	0.746148296406704
15924	2.56493854194287	1.41927136690988	1.10473200485051
15925	1.38627849894401	1.3738899430554	0.857243815111076
15926	2.39788838589096	0.233546408504243	1.027847452647
15927	2.83320658832064	1.25179187844184	0.998862973866069
15928	3.36729465619137	3.26698739645203	0.792094523019321
15929	0.693147180559945	0.228245393141415	0.800651776351647
15930	0.693147180559945	0.416973887548858	0.818418869502805
15932	1.09858699416212	1.09861228866811	0.870774306011122
15933	2.19720734236477	2.19712954516602	0.868392334020744
15934	2.77256339191702	1.32038980216331	1.01146552927616
15935	3.2188707784983	3.17448068541399	0.854009555681065
15936	2.07944154167984	2.07944154167984	0.878786062311645
15937	1.94591014905531	1.7174437573877	0.75495945779242
15938	0.693147180559945	0.693147180559945	0.867021774289191
15939	2.56494935746154	2.56494935746154	0.873224657281679
15940	2.19722333333901	1.96034111427092	0.910223734514752
15941	2.39787130752661	2.34250257664354	0.850259320334126
15942	0	0	0.870487501816532
15943	2.39787822072771	2.34062202970063	0.818572230072436
15944	2.07942001938306	2.01295774484502	0.82388611458843
15945	1.09858673779778	1.02606583494873	0.830366211933383
15946	0	0	0.803399233131137
15947	3.09102143592799	1.75419452984107	0.979596655860561
15949	1.09861228866811	1.09861228866811	0.835627651515399
15952	0.693144008148924	0.214559155176405	0.810564449564463
15953	0	0	0.864515270201732
15954	0	0	0.8731061369346
15955	1.60943589835739	1.41827212126396	0.939261082023219
15956	2.94442242177777	2.36478003317309	1.09071985431078
15959	2.83320592442632	1.89831526549077	1.10105927435844
15960	1.6094043426579	1.57609430132118	0.859960124772356
15961	1.60940750775339	1.60943546508663	0.876952542110992
15962	1.09856673669487	1.09861002169557	0.876487670619658
15963	2.07943514052599	2.07835401222603	0.86580935697616
15964	2.77258798088557	2.71926952454297	0.987127986735386
15965	4.00732718495354	3.76645819654794	0.834255157632304
15966	2.39787249496252	2.32939922997899	0.820433986410034
15967	1.09860950005303	0.976024722450488	0.764676241869494
