15067	1.09860949383365	0.81841695012093	0.986202771014654
15068	2.83321204329001	0.374281901908658	1.02928495503733
15069	3.61091602845637	1.34724411421418	0.961675273156656
15070	1.38629200953474	0.0272492768512706	0.615507572670699
15071	2.56494713139452	0.226883939830045	0.975606372619567
15072	0	0	1.07636199717531
15075	1.38628578293661	1.08278577942597	0.962093111749734
15076	2.77258486730331	0.358758388546998	1.0175868773082
15077	3.43398402833132	0.748632794629476	1.09591762588474
15078	2.94443703849588	0.940100182098499	0.887226636356582
15079	3.55534279039236	3.0824543669921	0.860250723014602
15080	3.25808473287799	3.06870468991081	0.819915236912915
15081	2.07942601311829	1.38372334968116	0.883908206403639
15082	2.56494474908209	1.95379351508824	0.862268189746023
15083	1.94590861442401	0.241914117900158	0.78968146783763
15084	1.09861228866811	0.925552135420481	0.808993184576939
15085	2.30256375499391	2.12686045145673	0.819568281671814
15086	2.39788591141171	1.72242332279248	0.862225672401144
15094	2.3025705239838	1.68550173645043	0.877156141109175
15095	2.99572415151116	2.55380131448123	0.856478375502123
15096	2.39787611260816	0.253123550268017	0.929771999490178
15097	1.94590861442401	1.36938585527376	0.902008953072875
15098	2.70804942167843	2.04884196585709	0.88841976366924
15099	1.09860109057817	0.926781271968891	0.815194476831866
15101	0	0	0.775893706983187
15102	2.70804270788596	2.13015576245888	0.895589835230819
15103	2.77257297916932	0.359619263774614	1.01806745820837
15104	1.38629200953474	1.27372896196333	0.829494889760028
15107	1.09860950005303	1.02817618963065	0.762390943050551
15108	0.693147180559945	0.693147180559945	0.868036932393448
15109	1.09861228866811	1.01657046802422	0.843737229818401
15110	1.60943590641772	1.32805477612623	0.80127725683975
15112	2.39788549185163	2.27024550773483	0.834839757026936
15113	1.6094379124341	1.4848885227586	0.834298702441269
15114	2.07944154167984	1.75989186291642	0.82887700135759
15115	2.99573042829579	2.53752126090996	0.854226732350756
15116	2.19721306854544	1.88967986148725	0.79593709244833
15117	2.19722334573302	1.72405080064289	0.901774797063447
15118	1.09860950005303	0.911417390983821	0.759093746732268
15119	0	0	0.746148296406704
15120	1.94590861442401	1.77104256335356	0.825290734568876
15121	1.38627305458669	1.1883147550261	0.800359115052379
15123	3.09103914417652	2.59147391373734	0.848146493191494
15124	2.48490569279974	2.0136871078409	0.883976802418346
15125	2.19721902175752	2.11573547128932	0.840164783687612
15126	2.89036412629375	2.47442273538444	0.864608315024857
15127	2.70803697954597	2.20064994687801	0.929545084912507
15128	2.19722179954687	1.5485847981978	0.881223004183595
15129	2.63905579498396	2.17854526026776	0.877459849035532
15130	2.94443119011751	2.24223950251848	0.871398028040412
15131	1.09860949383365	0.991400006743961	0.854782391215361
15132	2.70803543065476	2.28921030030922	0.870507127354712
15133	0.693147180559945	0.686371452146747	0.769172415307664
15134	1.79174404828985	1.58776091925404	0.863960663735763
15135	1.38629436111989	0.713337753348315	0.932448745498112
15136	0.693147180559945	0.639993957520108	0.915626379782536
15137	1.60942273573051	1.38287195556284	0.825023360603563
15139	2.07944154167984	1.55270015547364	0.943247448229362
15140	2.56494713139452	2.30980763565134	0.808981091723267
15141	2.63905471239294	2.22482020504195	0.88425771558642
15142	3.76118949459322	3.30037269231702	0.850651604262347
15143	3.09102787403431	2.66915365482349	0.854719531959648
15144	2.89035134400836	2.523380876898	0.867465891621932
15146	2.89036539124355	2.37139600297374	0.889619851734415
15147	2.19721336509926	2.0683724828324	0.827133704701238
15148	2.94442409393913	2.36491264042819	0.878020921024372
15149	2.70804774821309	0.625637291714674	1.10041718721913
15150	1.38627305458669	1.2966657676854	0.834201026809287
15151	2.56494041471896	1.96003055277908	0.858069374810007
15152	1.94591014905531	1.37824031438175	0.899343945141755
15153	2.30258207994839	0.092301485995431	0.864195901549424
15154	3.09103601595697	2.55802933781932	0.902957251116538
15157	2.48490569279974	2.39383709801176	0.843895834124902
15158	2.70804202969094	1.00654887402694	1.07810653262031
15159	2.70804047434884	2.57175114561532	0.836747521732468
15160	1.60942273573051	1.50252293388555	0.807114624847035
15161	2.07943704409833	1.68110001560398	0.908690546722087
15162	0.693147180559945	0.580581781403384	0.829614997792031
15163	0	0	0.870288434417605
15167	2.99572941839152	0.214196904755041	1.03671512682165
15168	3.09103017629136	0.865305644890991	0.911151859504415
15169	0	0	0.782936241372821
15171	1.94589777435438	1.55414697677172	0.919608594271414
15174	2.70803258415728	0.236412451300562	0.97227282181919
15175	1.94590758889649	0.726576472379245	0.545580869142312
15176	1.79175530254403	1.73324140094151	0.856414959941693
15178	2.30257239282058	0.760079319676596	0.688390551887189
15179	1.79174404828985	1.6234193946971	0.862260027723756
15180	2.30257450278881	1.86547431001871	0.93622548427509
15181	2.19721306854544	1.61570337340118	0.880934525315874
15182	1.60943489938845	0.772142178917793	0.908113974115873
15185	1.09861228866811	1.09861228866811	0.893952801034379
15191	0.693147180559945	0.580581781403384	0.828510433894869
15192	2.77258602659049	0.235158956910045	0.987949474606899
15193	2.19720647974517	0.252733317103419	0.869450374205137
15194	2.99572060254855	2.86125126070816	0.828195677564361
15195	0.693147180559945	0.238737208333742	1.00076830066913
15196	2.07943859974378	1.88731174638796	0.822601577975992
15197	1.09860950005303	0.991400006743961	0.853935574646557
15198	2.30257187669749	1.9270190442565	0.900184408391219
15200	2.19720494769677	2.08782650798925	0.827799946359298
15201	2.07943919009469	1.92764403292158	0.825238009040279
15204	0.693118628619203	0.693147180559945	0.782383084990197
15205	1.60943489535829	1.41286781271128	0.834145480862425
15206	1.94590758889649	1.74408663017742	0.821608706862853
15208	1.79175772828172	0.0752389361404922	0.749393590117908
15209	1.60943489938845	1.46946378520062	0.850363300625741
15210	1.09861228866811	0.97331145406538	0.814981374118948
15211	2.30257549818436	2.16735247701675	0.789990351632871
15212	0.693147180559945	0.693147180559945	0.782317144688493
15213	0	0	0.86648152586189
15214	2.99571655293588	2.61169257282394	0.86054985632808
15215	2.56493280084778	2.02775567377693	0.907670656278512
15216	2.19722241002178	2.02023869244114	0.808130858478076
15217	0	0	0.86648152586189
15218	2.48490359804204	0.253837196765223	0.95390467833757
15219	2.63904164350976	2.18704968950097	0.870463926382692
15220	1.79174371298536	1.67919407007149	0.830091616076092
15221	1.3862753902404	0.966980837209467	0.952798580103931
15222	2.70804707507018	0.779298644736279	0.795710832416357
15223	2.07944017106571	1.96687614252327	0.830241581901565
15224	1.79174404828985	0.699039798518562	1.02907844849519
15225	1.79175668061298	1.73319961054109	0.85666581120335
15226	1.09860950005303	0.90498425707701	0.827538990591926
15227	1.09858699416212	0.97331145406538	0.815853323021234
15228	2.19721336509926	0.0945407753775734	0.829830479788867
15229	0	0	0.782936241372821
15233	0	0	0.835390808499928
15234	0	0	0.893952801034379
15242	2.48489165894702	2.36543343022073	0.815034318459734
15246	1.3862753902404	1.18001557309979	0.817738577605996
15248	2.19720647974517	2.00801099359779	0.813507573824497
15249	0	0	0.782936241372821
15250	1.79173660720122	1.6800532703626	0.818938242582269
15251	1.94590758889649	1.81490606190324	0.844482929201497
15252	2.07942912722536	1.93943784247176	0.829347411649128
15253	1.38629200953474	0.921727854291493	0.947745196218776
15254	2.77258085071935	2.62636087504968	0.821470234304719
15255	1.94589675659227	1.48238400326738	0.910599620685147
15256	2.70803257104183	2.29752989438831	0.874343540202312
15257	2.70803424552972	2.58159327039279	0.838860494135898
15259	2.19722147427096	0.16513502720046	0.825519440019113
15260	2.07942912722536	1.97539228726833	0.843525893170829
15262	1.60941055771131	1.48470190914058	0.803513341855435
15263	1.60943489938845	0.0786421722220968	0.687371812356214
15266	1.09859256640903	0.991400006743961	0.854192599781977
15267	0.693144039872868	0.693147180559945	0.781268653584756
15269	3.21886364223265	3.05933199010056	0.820622881570111
15270	1.38627931199856	1.24024965309089	0.839207581956156
15271	1.60943590641772	1.52983729688693	0.853637525444168
15272	1.09860950005303	1.04185411233215	0.801276728864416
15273	1.7917566743936	1.32875572303776	0.924390207461885
15274	1.38629200953474	1.24024965309089	0.838507661565843
15275	1.38627305458669	0.74372572273328	0.932469073346365
15276	0.693147180559945	0.580581781403384	0.828510433894869
15277	2.07942912722536	1.93740502431768	0.819175032285824
15278	0.693147180559945	0.684906240415836	0.880755330331845
15279	2.56494041471896	2.14966637137601	0.879919729887145
15280	0	0	0.866203963680812
15281	2.83319219857247	2.31844367997587	0.849714307808578
15282	1.79175668061298	1.65504640486723	0.835494965679033
15283	2.70804047434884	2.32787780264015	0.876645270918157
15284	2.30258146410146	2.19520336173391	0.841356317543658
15285	2.8903555550569	0.294025854356302	1.04300428492086
15286	2.8332013072101	2.71812789537069	0.833026527158753
15287	1.79174404828985	1.62670556247506	0.821764880520311
15288	0.693144039872868	0.0189172361081956	0.366142250418035
15289	2.39788527434057	1.94358581866427	0.88669261123031
15290	0	0	0.76136199910331
15291	2.63905579498396	0.612674998460382	1.10201267050959
15292	1.79175946922806	0.0701393804982656	0.749956951447029
15293	0.693147180559945	0.619376289741447	0.808478624256738
15294	2.19722241002178	1.74715208099835	0.89475789427448
15295	0.693147180559945	0.693144632774099	0.86981359890671
15296	1.3862753902404	1.29284087871257	0.821175799887551
15297	1.09860950005303	1.01627609291589	0.842500680852981
15298	1.60941974909944	1.4862791217177	0.821919541989315
15299	2.07942257080034	1.94616363524387	0.841559748886197
15300	2.07944017106571	0.162429812293029	0.838683142051613
15303	1.94590861442401	1.79179750353735	0.828876002401998
15304	1.09861228866811	1.01627609291589	0.84361512019632
15305	2.39788298393639	2.19412043393424	0.808102348197087
15306	1.79174404828985	1.70807848854097	0.846134330497178
15309	0.693134554563017	0.415979120072264	0.817504962647389
15310	1.60943589835739	1.60204873426258	0.884569567083027
15311	0.693144039872868	0.580581781403384	0.829896634057285
15312	2.0794265561462	1.48018276829267	0.88837621517103
15313	2.77258090256515	2.60311246730384	0.834023131958273
15314	2.07944154167984	0.172115220703424	0.838044578409617
15315	1.94590347131924	1.38451723074923	0.902961634265891
15316	1.09861228866811	1.01627609291589	0.845386715122677
15317	1.60942073689145	1.4862791217177	0.822706141391923
15318	1.38629436111989	1.26183486942457	0.828455111717373
15319	1.3862849232564	1.1883147550261	0.800778081610946
15320	2.07943919009469	1.97383819485911	0.848462822607008
15321	2.89035475434899	2.74993490426515	0.833408072842066
15322	1.79174404828985	1.60135277198385	0.819377312696048
15323	1.09861228866811	0.958220103641692	0.813552140289636
15324	0.693144039872868	0.580581781403384	0.829896634057285
15325	1.60943489535829	1.49267781587294	0.845855245414242
15326	2.77257616470226	2.36334993397824	0.870642486224579
15327	1.79173417472206	1.65893212956183	0.815182093468407
15329	2.77258563191689	2.67855115583923	0.85593445719556
15330	0	0	0.86648152586189
15332	1.38629200953474	1.08222450977098	0.963884674470834
15335	1.79174404828985	1.64282890525881	0.812694986840808
15337	2.07943840099276	0.108945546486169	0.790787981183543
15339	1.3862753902404	1.27417209626554	0.830988291804018
15340	2.07942970868496	1.97556221353881	0.845606658656279
15344	2.48490386117292	0.172129623762977	0.915334882820137
15348	2.07942912722536	1.95688695289373	0.839210894245785
15354	0.693144039872868	0.685190036810521	0.882079108069339
15355	2.77258735162565	2.26352760748527	0.897158536128939
15356	1.60943489938845	0.0581175815933733	0.635202896239292
15357	1.60943489938845	1.43328251831763	0.839009790704594
15358	2.99572159200354	2.86252956435474	0.83708374678474
15360	0	0	0.868484958921672
15361	1.79175772828172	1.08414150023188	0.901004434327306
15362	2.77257616470226	0.243026349703138	1.02260071562896
15364	2.07942893932604	1.92925086129955	0.811755014432881
15365	1.09860949383365	1.09112341709344	0.877937439625126
15366	2.63904337559479	0.1406667508818	0.99734515710188
15367	0	0	0.772509123357825
15369	1.79175946922806	0.721229221145427	0.523565601548948
15370	1.79175632854098	1.66802168173669	0.841761760439542
15374	1.38629436111989	1.28759576079681	0.838034422663393
15375	2.19720485507714	1.6003343885942	0.885081169831668
15376	2.56494638632148	2.13985933132005	0.882571705501674
15378	2.19720926222459	1.97527225239236	0.830098768285655
15380	1.09860950005303	0.943087750727515	0.849684949410663
15381	0.693144039872868	0.527803157528834	0.845768570908292
15382	0	0	0.870768364017859
15384	0	0	0.781006536995517
15385	1.79175213042337	1.57319046880622	0.789268443180585
15386	0.693144039872868	0.685190036810521	0.882079108069339
15388	1.79175355812256	1.41184506000805	0.806921180384228
15389	2.19721336509926	0.1191814719	0.82884107901965
15390	1.60942073689145	1.53910854098788	0.854281424991237
15391	2.19721306854544	1.50306819475195	0.869460257446511
15392	1.60942073689145	1.53910854098788	0.853982344263846
15393	2.30257450278881	2.13361524911728	0.824052112610429
15394	1.09858699416212	1.00436827096027	0.796451570153665
15396	2.19721306854544	1.52143807625898	0.872660568613707
15397	1.94589307610568	1.82849242478036	0.837059953641891
15400	0.693147180559945	0.187030827760252	0.998461655060927
15402	3.09103515562471	0.317093166449534	1.07331889088732
15403	2.94443122342343	2.75704955664799	0.824028550293039
15404	2.89036441202388	0.747449915788906	1.09324026262432
15405	3.55533938443627	1.27986258084615	1.03933466958402
15406	2.83320481873887	0.260814281593697	1.03447600254745
15407	2.70804774821309	2.15150934872081	0.858645668665921
15409	2.3025794334364	0.140661383581603	0.91036284406689
15410	1.60943489938845	1.48008965044168	0.874651304820282
15412	3.43396766164601	2.82650790974478	0.873923099867401
15413	1.79175773792685	1.70942327347584	0.843308728780135
15414	1.60941974909944	1.49053164398707	0.801959953891736
15416	2.56492481854941	0.15734949239687	0.980546780430638
15417	1.79175668061298	1.64679343250281	0.835414003515636
15418	2.70802576258795	2.17111632136932	0.863805169098676
15419	2.99570456576243	2.86137601256805	0.83837429831677
15420	3.04449345622017	2.91311861092792	0.849928404799072
15421	2.19721867474629	2.03061994828459	0.848697425684055
15422	1.79175632854098	1.63803321682543	0.840187522303695
15423	2.94443473369963	2.73827914632394	0.827681660802742
15424	3.25806532613732	0.392014508419296	1.09022497920801
15425	2.56494429658932	2.44466439426355	0.836269134478449
15426	1.60943489938845	1.51407291407373	0.839746247895665
15427	1.38629200953474	1.26416376303322	0.826891150920875
15428	3.97028262857774	1.68492482783238	0.972935620249651
15429	3.66355846073537	1.30958632665055	0.977728508394081
15430	0.693147180559945	0.693147180559945	0.782936241372821
15431	3.68886986756834	1.51653924714078	0.910399254897752
15432	3.21887180678104	0.866737086121224	0.969878441023855
15433	3.36727586828438	0.408825137995499	1.09783351480994
15434	2.07943859974378	1.87934487953734	0.828720131358193
15436	0	0	0.835390808499928
15437	1.09860950005303	1.01627609291589	0.84671264488451
15439	2.5649466848089	2.38084085270229	0.823026036488283
15440	3.29583331820959	0.464480145947495	1.09111944222705
15441	3.40119375412441	0.959518494759168	1.00827236878422
15442	3.29583445728172	3.22460271706872	0.859823631695288
15443	3.78417567555849	0.622453896351785	1.10173931791343
15444	0	0	0.80046391285061
15445	4.11085903793496	1.38521230971142	1.06374680065506
15446	3.29581945271185	3.16201322552109	0.835687229275218
15447	3.17804543671316	0.878152043422311	0.958702565086655
15448	3.58349998768735	0.902076706766778	1.04670106664889
15449	3.29582143158681	3.15659885820847	0.838664267883741
15452	4.04304105259671	1.08164590860411	1.09697706836494
15453	3.49649297822812	3.31442860343148	0.82933242612644
15454	2.83319176952819	0.23359659784009	1.03533122762778
15455	2.99572107425127	2.9071605951116	0.852251678134491
15456	3.63757971107642	3.44968184924687	0.829027637821656
15457	2.48489755866037	2.33121263078619	0.835485363785125
15458	2.39788547714578	0.185404633070927	0.935327595244773
15465	2.83319708967818	0.82199008230864	0.86142468908489
15466	3.55521821298701	3.4654828775442	0.85598151670699
15467	3.04451336014319	2.67859969854514	0.866000853476345
15468	2.56493939137106	0.228815053247481	0.977015728422813
15469	3.71356885584719	0.568624978053701	1.10292712430575
15470	3.17804650979893	2.96798972791847	0.81996999917052
15471	3.66354126885602	3.36008082031696	0.849970154302997
15472	3.29582365099774	0.399587074562058	1.09307039121944
15473	3.71356651420054	3.58541215617913	0.845916683885408
15474	3.66355529001726	3.52991764450859	0.847465157355745
15475	3.9512303760257	3.68154664555723	0.846338905925119
15476	4.11086066460019	3.97019308963865	0.838366499765039
