14121	3.71356402319405	3.71090043813755	0.867613709294382
14122	4.0430457415551	4.04133330187825	0.869548723844745
14123	3.97028644920865	3.96525431756613	0.86757216626648
14124	3.09103670847169	3.08076068197315	0.864901605116776
14125	4.00732738126937	3.05916932528478	0.939610226446469
14126	2.39788359566961	0.425866693819738	1.0941192960916
14127	2.70804875295699	2.70804956863707	0.871623431057509
14128	4.09434396728169	4.09385276888311	0.872045622821257
14129	3.04451725218644	3.04070625477139	0.865747780428507
14130	3.4657304079402	3.4639636424577	0.867863489701058
14131	2.83321265058641	2.83153128841954	0.865564661676197
14133	4.14313168322804	3.28341362278713	0.9196711990474
14134	3.73766454016577	3.72996761619734	0.864053843923737
14135	1.09861228866811	1.09861228866811	0.878786062311645
14136	2.7080471840264	2.67089596094523	0.868745847154439
14137	3.29583196993402	3.28501058214176	0.867888941697002
14138	2.19722178872114	2.19421356772726	0.866516405123814
14139	2.484906649788	2.484906649788	0.864477202019486
14140	2.70804942167843	2.70804956863707	0.872325254312351
14141	2.5649466848089	2.55923601248227	0.87187411246726
14142	3.49650220541956	3.49477694003623	0.871978146776793
14143	1.3862849232564	1.16946514749602	0.840471039872696
14144	3.73766419552321	3.7307179481453	0.870517636736684
14145	2.83321056443575	2.83157319897653	0.86953628670864
14146	1.09861228866811	1.09144854334665	0.867190875190542
14147	3.25808968904581	3.20821936321453	0.859736778328012
14148	3.4011884118632	3.38096042227255	0.867376136986271
14149	2.56494935746154	2.56494935746154	0.872489155163594
14150	2.70804819508583	2.70805020110221	0.871098751550934
14151	4.14313472639153	4.14313221090111	0.872771694592392
14152	2.19722457733622	2.19722281884517	0.872755296362648
14153	1.94591014905531	1.94591014905531	0.872288911329065
14154	2.19722147657443	2.19722457733622	0.869508062704698
14155	1.09861228866811	1.09861228866811	0.866261321234657
14157	1.38629200953474	1.38629436111989	0.869432598339402
14158	1.09861228866811	1.09861228866811	0.871050806200188
14159	1.38629436111989	1.38629436111989	0.866261321234657
14160	2.19722178250176	2.19722457733622	0.867983519645462
14161	2.99572963889926	1.93040036686172	1.05617322948709
14162	3.43398251811723	2.54543031700934	1.09428679362513
14163	3.17805245973382	2.14167732025237	1.06407417595732
14164	0.693147180559945	0.172812090851543	1.09206072707766
14165	2.83321030296953	1.90560191298058	1.08787200322637
14166	2.30258245833931	1.31676463649353	1.0776954673115
14167	2.7080471840264	1.83315406536986	1.0944049677642
14168	2.5649466848089	1.88034869910567	1.10194020785409
14169	1.79175526056241	1.79175720225552	0.871458394877733
14170	3.68887386452732	2.57553386661471	1.0544410581674
14171	1.94590758889649	1.10311240541197	1.09815204697184
14172	2.56494771828335	2.56494718405158	0.867242362846863
14174	1.79175632854098	0.755175255625031	1.06257992253521
14175	2.30258195230697	1.17639206084071	1.01810006804068
14176	2.30258245833931	2.29987555081609	0.868043160931399
14177	3.21887191944481	2.48738539105852	1.10294962308936
14179	2.56494846290375	2.56494935746154	0.866908311580298
14181	0.693147180559945	0.172812090851543	1.09206072707766
14182	3.25809490641019	2.355935851299	0.9462071385951
14183	3.33219958525065	3.32927184006727	0.869397290779932
14184	3.58351658687096	3.58351733921754	0.869108484622595
14185	3.433985289238	3.43304726274606	0.872039068253285
14186	2.39789277722383	2.39319994735971	0.865455763600633
14188	0	0	0.872489155163594
14189	2.8331999603493	2.82752540072837	0.866669729126746
14190	2.83320033476337	1.89975995673344	1.09131818679553
14191	4.04304591606534	3.01144217696272	1.07033823825661
14192	1.09860949383365	1.09028148090306	0.849883646291954
14194	2.3025755109252	2.29579321937379	0.861195028028124
14195	2.56494235862296	2.56280743537397	0.868349651861865
14196	3.87119550885141	2.79228340602003	0.980132299811509
14197	0.693118628619203	0.693147180559945	0.873080119112108
14199	3.82864008644294	3.8160048776173	0.86712255161532
14201	1.09861228866811	1.09861228866811	0.871050806200188
14202	2.77258286827581	2.76661034207061	0.864491972120512
14203	2.48490490884166	2.48259454238401	0.869622322575193
14204	2.07944154167984	2.07944154167984	0.869996274562811
14205	3.36729098728154	2.46165569080824	0.936788251630433
14207	3.71356948432455	2.63579571903736	0.99459744711276
14208	3.52636016711593	3.52636052461616	0.872872906216889
14209	2.56494444984873	2.56494803356332	0.871652332145467
14210	1.38627290315749	1.38629244740124	0.869418481660196
14211	2.48489296853795	2.484904174016	0.869023409723502
14212	3.21887051360631	2.29611492605998	0.948044961750742
14213	2.63904878226149	2.63905561670627	0.871998940804196
14214	0.693147180559945	0.693147180559945	0.872489155163594
14215	3.21886271198356	3.21887347880614	0.872438823772579
14216	2.70803423202734	1.63573375632791	0.98541265879553
14217	3.13548772304004	3.1354919020193	0.86926182386318
14218	2.19719889198979	2.19722206016277	0.869861875500105
14220	3.58351097638778	2.35802088859437	0.989047785384015
14222	0.693147180559945	0.693147180559945	0.874062159394989
14223	2.07943919009469	2.0794404295349	0.87474677535831
14224	0	0	0.874489919579404
14227	0.693118628619203	0.693144632774099	0.871318007861337
14236	0	0	0.866790371297216
14237	0	0	0.866261321234657
14239	0.693147180559945	0.693144632774099	0.874899291853976
14240	1.3862849232564	1.38629244740124	0.873543764661821
14241	1.94590758889649	1.94590889847255	0.869135487079152
14242	2.48489729289796	2.48261486089034	0.867886672321991
14243	2.56494712336904	2.56180555874234	0.86571235337033
14244	1.60942073689145	1.60943627890205	0.869901681586728
14245	3.25808593359341	3.2549273323206	0.866985705892371
14246	3.04451776697088	1.66355692750481	1.05122085742451
14247	2.39789215712092	1.28407888040847	1.00948568525882
14248	2.48490454545518	1.44540261296659	1.05203013725339
14249	2.19721490654209	2.19420177964865	0.866538883954305
14251	0	0	0.869996274562811
14252	2.30258207591824	2.29982750152266	0.869811374131967
14253	0.693144039872868	0.693144632774099	0.86962643352538
14254	0.693144039872868	0.693147180559945	0.874370729345457
14255	3.7376614183246	2.65064311193646	0.953258750866096
14256	1.6094379124341	1.6094379124341	0.872489155163594
14257	2.07942914400172	2.07157218404599	0.867059269504772
14258	2.56494444984873	2.56494935746154	0.873000673564563
14260	1.09861228866811	1.09861228866811	0.872489155163594
14263	2.56494353007834	2.55932503482176	0.861604257482807
14265	3.2188666378024	2.27042184870334	0.947760633897429
14266	2.94443897916644	2.94443897916644	0.872777047860499
14267	2.77258872223978	2.77258872223978	0.872489155163594
14268	3.36729582998647	3.36729582998647	0.872489155163594
14269	0	0	0.872489155163594
14270	3.93182563272433	3.93182563272433	0.872489155163594
14271	4.24849524204936	4.24849524204936	0.872489155163594
14272	2.70804315644049	2.70781371737071	0.872156058588252
14273	4.27666306381742	4.27656393637197	0.872374112843096
14274	0.693147180559945	0.692138061054631	0.865594777766651
14275	3.29583283045426	3.2950331962364	0.870020738881028
14276	2.89036581877911	2.88966951363719	0.870261769831743
14277	2.30258509299405	2.30221347127619	0.871844235726494
14278	2.89037175789616	2.88995863781231	0.872470895221482
14279	3.52635599066967	3.52240787237531	0.869336671378321
14280	2.70805020110221	2.69971939333716	0.853141461759006
14281	1.79175946922806	1.79175946922806	0.874062159394989
14282	0.693147180559945	0.693147180559945	0.874489919579404
14285	2.48489939476888	2.48258175788108	0.869355308057693
14286	3.9120144348669	3.20667200287473	0.910639376172062
14287	3.43398072760868	3.37922612425083	0.858605184431252
14288	1.94590293419993	1.93747981263766	0.860379574049128
14289	0	0	0.839562674104298
14290	3.1354894787681	2.18174744551487	0.951627383747234
14291	2.94443115109455	1.9438988945028	0.965609459129737
14292	3.55534223903007	3.51222455841348	0.861094470431779
14293	3.40119261562613	3.39932206082652	0.873610811275332
14294	3.95123593788157	3.2478286891331	0.908724805634034
14295	3.40119089518165	3.39846795198675	0.87023308755627
14296	2.70804404496556	1.62159863011514	0.984074779397793
14301	1.6094379124341	1.6094379124341	0.869996274562811
14303	2.77258163397508	1.61225839001125	1.07038586017162
14304	0	0	0.866261321234657
14305	2.56494236172225	2.55928898334745	0.865632255463523
14306	3.25809139361232	2.34054994437881	0.94831565990011
14307	2.39789215901337	2.39524797464358	0.871113950869771
14308	1.79174926505543	1.79175805094655	0.878133184640468
14309	3.25809467260845	3.2559690791151	0.875860469085437
14310	3.63758287069422	3.63659982937597	0.877948042136922
14311	3.4657214396504	3.44676034089985	0.867954816690776
14312	2.30258306673542	1.16694801806809	1.01833908884062
14313	2.70804346723718	1.62086355979401	0.980522201522952
14314	2.19721893904712	2.18898842713187	0.850544856514065
14315	0	0	0.870487501816532
14316	1.09861228866811	1.09861228866811	0.880299164377892
14318	1.38629122043281	1.38629245315246	0.869544928950282
14320	1.60943590641772	1.53872000574813	0.831703926005423
14321	1.09860950005303	1.0279068696247	0.824133800195197
14323	1.6094379124341	1.6094379124341	0.795813277263135
14324	3.25809070573304	2.1529228156506	0.99835984262747
14325	2.94442833332309	1.87708445547439	0.967122222630121
14326	0.693147180559945	0.693147180559945	0.880299164377892
14327	2.39788586332282	2.35502559754951	0.851694609678319
14328	1.38629436111989	1.38629436111989	0.871998460678719
14329	1.09861228866811	1.09056684913676	0.855998544129336
14330	2.07943919009469	2.07944042450257	0.871606807129371
14331	2.99572940640069	2.95624939391986	0.865488993386758
14332	4.00733054452862	3.93167280256495	0.859103538887502
14333	2.99572735398058	0.300583638281546	1.01817729692162
14334	2.19721107014146	0.871068699034544	1.06899849419951
14335	1.09860104044682	1.09861228866811	0.868120969240712
14336	3.713541399006	2.43176087090665	0.975416188756772
14337	3.91201825314921	3.18837940846306	0.909726468231815
14338	3.2580917600427	2.27494390334452	0.942458877854792
14339	3.80665826982217	3.80601144095393	0.876768177591461
14340	2.48490429820285	2.48490523718672	0.87617962588532
14341	3.17804595849201	3.17805305380627	0.873567032322639
14342	2.9957223067235	2.95243220564384	0.863062656942524
14343	3.55533717982971	2.73558975927316	0.929919371355993
14344	2.89036644569915	2.89036933430608	0.870640632452525
14346	1.6094308530293	1.60134562329536	0.863883295050854
14347	3.43397604581318	2.46616679812577	1.08764028199591
14348	3.49649650676302	2.60397771547494	1.0974043698899
14349	1.09860949383365	1.01211896917065	0.83683484971101
14350	2.48490175413967	1.32126386648389	1.00108352509587
14351	2.56494130273571	1.44516421650741	1.05756137744441
14352	3.55534223539035	2.33683700404945	0.992800071193163
14353	3.21886775639778	2.22795462979556	0.945742260500343
14354	2.07943700966045	2.07605557141601	0.869284696527736
14355	3.36728909659875	2.47276773079555	0.935180216453124
14356	0.693147180559945	0.693144632774099	0.870093492024251
14357	3.25808747316067	2.21384759368061	0.937182766241925
14361	2.89035986971731	2.84820870750865	0.859111675582206
14362	0.693143975941877	0.684616277801305	0.855991119813486
14363	1.60942781163656	1.60125762409505	0.862561449052064
14365	2.77257533497489	1.63042506354763	0.974486715712769
14366	0	0	0.880299164377892
14367	1.6094379124341	1.6094379124341	0.837054940756354
14368	2.39789527279837	2.39789527279837	0.837054940756354
14369	0.693147180559945	0.693147180559945	0.837054940756354
14370	0	0	0.837054940756354
14372	0.693147180559945	0.172812090851543	1.09276562021116
14373	2.94443154561965	1.50763264494781	0.994898308702892
14374	2.83319845985745	2.81979230737373	0.864257851489851
14375	2.89037175789616	1.80145443056391	1.03318026750077
14376	1.79175351536372	1.78312984047141	0.858795599181758
14377	2.77258872223978	2.77258872223978	0.843399236493109
14378	2.30258509299405	2.30258509299405	0.842590586026129
14379	3.21886282986611	3.2108182609686	0.849433486513926
14380	1.79175668061298	1.78441500627615	0.862872518932668
14381	1.94589932677223	1.93930423662324	0.864107011251767
14382	2.89036476143396	2.8755875759252	0.859569225479562
14383	1.94591014905531	1.93930423662324	0.86000781956039
14384	2.94443493448572	2.9223778596226	0.853829600317803
14385	1.60943486896405	1.60065742360036	0.854672905425349
14386	2.77258048935994	2.74249022916815	0.853027256738284
14389	0.693134554563017	0.684616277801305	0.857793388924497
14392	1.60943589835739	1.60335332172643	0.849748168685091
14401	2.94443897916644	1.97684015038009	1.08533077674485
14402	1.38629436111989	1.38629436111989	0.876489795679935
14403	2.70805020110221	2.65510016776709	0.864347083942549
14404	2.70805020110221	2.70805020110221	0.869996274562811
14405	0	0	0.869996274562811
14406	2.39789527279837	2.39789527279837	0.869996274562811
14407	2.07944017106571	2.07346316151067	0.864627123918771
14408	2.30258509299405	2.30258509299405	1.07799497405378
14409	4.02535169073515	3.43341030034659	1.06665743257655
14410	0.693147180559945	0.693147180559945	1.07799497405378
14411	0	0	0.873054144475559
14412	2.83321334405622	2.10013782586694	1.10579704875211
14413	2.77258247975917	2.56763680926924	0.897417032814992
14414	3.95123924349214	3.76568768313619	0.875694982533535
14415	2.07943859482415	1.79024309484226	0.924075317238754
14416	0.693147180559945	0.693147180559945	0.992124082585379
14417	3.43397935370891	2.81330755820294	1.10311934787107
14418	1.94591014905531	1.94590807191	0.875369621424616
14420	2.484906649788	2.484906649788	0.873999757415239
14421	1.94590498892214	0.851680203835117	1.05161301477589
14422	2.8332052216226	1.79516060661751	1.04086379521076
14425	1.38629436111989	1.38629436111989	0.869996274562811
14426	3.25809653802148	3.25809653802148	0.869996274562811
14427	3.43398720448515	3.43398720448515	0.869996274562811
14428	1.94591014905531	1.94591014905531	0.869996274562811
14440	2.0794338551427	2.07604143862035	0.870586152377819
14441	2.63905372218757	1.55301579820101	0.98842327451841
14442	1.94590707099458	1.52827862090011	0.964239939551817
14446	1.38629200166333	1.38629244740124	0.876621086441444
14447	0.693144039872868	0.684616277801305	0.859843387685095
14449	1.79175668061298	1.78312984047141	0.861461270922669
14451	0	0	0.868761707329189
14453	1.38628173512296	0.944587219032195	0.946527908580454
14454	0.693144008148924	0.684322775825691	0.85507081694305
14458	2.94443897916644	2.94443897916644	0.868463891372242
14459	3.04452186970245	3.04345187380996	0.867633631466254
14460	1.79175946922806	1.79175946922806	0.868463891372242
14461	3.46573276505269	2.33472588906058	1.01601060401752
14462	1.60943286203533	1.60434048065914	0.86391775549837
14464	2.30257891145509	2.29387712651716	0.85586227713504
14466	1.79175946922806	1.79175946922806	0.868463891372242
14467	3.04450721474029	2.05494792730478	0.95836905769336
14469	1.79175668061298	1.78753680345749	0.86654906530907
14470	1.09861228866811	1.09769707887959	0.870633720790743
14471	2.89036580403183	2.88599186546419	0.865326172420267
14472	3.25809004644201	3.20141727759432	0.857622229078915
14476	1.79175247276585	1.66005095261237	0.842929891122358
14477	0.693143975941877	0.693144632774099	0.867071709736519
14478	2.48489795353022	1.52284148617127	1.02057453477432
14480	0	0	0.874489919579404
14481	0	0	0.992124082585379
14482	2.19721957923648	2.19419026844463	0.866312597164367
14483	3.40119360922799	2.33116448488257	0.983155535398882
14484	1.9459086070804	1.94590890383813	0.869738052146191
14485	2.19722238815028	0.308730843476532	1.06083818913236
14486	0.693144039872868	0.693147180559945	0.865861267278825
14487	3.25809218781452	3.23358610054583	0.863440805530853
14488	2.77258261296153	1.71373585515224	0.981643473400274
14489	1.94590397929714	1.9402538079908	0.868448288967097
14490	2.89036548678872	2.85708142110604	0.862252970665369
14491	1.9459086070804	1.9421002991803	0.867878452110137
14492	4.49980110894076	3.55811944792437	0.932739257001805
14493	3.66355267281783	3.65411209419802	0.869284220801386
14494	4.1743772670995	3.71502936378297	1.00390094647335
14495	3.52636052461616	3.52636052461616	1.07799497405378
14496	3.58351893845611	3.58351893845611	1.07799497405378
14497	2.19722457733622	2.19722457733622	1.07799497405378
14498	1.38629436111989	1.38629436111989	1.07799497405378
14499	1.79175946922806	1.79175946922806	1.07799497405378
14500	2.94443897916644	2.94443897916644	1.07799497405378
14501	3.68887769802483	3.62562809437661	1.06790268557686
14502	3.55534234343384	2.59147978282368	1.06231059267151
14503	2.70804550965082	2.39399364483921	0.923732805968142
14504	3.17804861110517	2.22220457885661	0.951083333545461
14505	1.79175946922806	1.76395888151324	0.861561176889394
14506	2.39789423738685	2.39789527279837	0.873503127269938
14507	4.12713438504509	4.12713438504509	0.872489155163594
14508	3.46573552367048	3.46573590279973	0.872486039263246
14509	2.89037175789616	2.89037175789616	0.872489155163594
14510	2.30258509299405	2.30258509299405	0.872489155163594
14511	4.12713438504509	4.12713438504509	0.872489155163594
14512	2.56494935746154	2.56494935746154	0.872489155163594
14513	2.39789527279837	2.39789527279837	0.872489155163594
14516	2.30258055625329	2.29752654423443	0.867023815938701
14519	1.6094379124341	1.6094379124341	0.843399236493109
14521	3.63757659062274	2.86436084605108	0.934472884420965
14522	2.39789527279837	0.510254113464698	1.10321998277305
14523	2.19722332730468	2.19722281884517	0.868796842103055
14525	0.693147180559945	0.693147180559945	0.839562674104298
14526	1.09860946558729	1.09120911080213	0.860136944958948
14528	1.60943489535829	1.60943546803125	0.868922807070047
14530	1.38629200166333	1.0502969258587	0.963920728999348
14532	0	0	0.987923016165081
14534	0	0	0.987923016165081
14535	2.30257547074947	1.3533189253243	1.0378928715409
14537	1.09860949383365	1.09861228866811	0.871605072288153
14538	1.09860950005303	1.09132730117338	0.859722676091175
14539	2.07944154167984	2.07943899389399	0.872215662056426
14542	0	0	0.878786062311645
14543	2.19722457733622	2.19722457733622	0.866754156552691
14544	2.89036911179327	2.70778568741819	0.894025067759282
14546	2.83320819156751	1.76749907672354	0.973021670850807
14548	2.99572788386217	2.99069352965656	0.868855260159533
14549	0	0	0.869996274562811
14550	0	0	0.867993198450512
14551	1.79175632854098	1.79175692144221	0.869554892154795
14552	0	0	0.866754156552691
14553	2.30253853490441	1.27892505543871	1.07990381363299
14555	0.693144008148924	0.171435410297579	1.09001572860608
14557	1.38629200953474	1.31263453762141	0.856564289135423
14558	0	0	0.867993198450512
14559	3.68886985890176	2.58119489382942	1.04157412022924
14560	3.21886983600558	3.05644498134705	0.885120103607749
14562	2.83320408640103	2.83153984828462	0.869589165132087
14563	3.29583103110005	3.29464126149305	0.871259873218116
14564	2.07943602968452	2.07943963371241	0.868223006645627
14565	2.07943840099276	2.07604143862035	0.869028118442144
14566	1.60943489938845	1.6094379124341	0.869958535415364
14567	3.33219674636649	2.22186407934064	0.988511513604901
14568	1.79175632854098	1.78740908974417	0.866483845341949
14569	1.79175247276585	1.78740908974417	0.865224701821955
14570	2.39788881289792	2.32496454867713	0.863585990417772
14571	3.46573552128752	3.46471290517233	0.866408427994595
14572	2.30258245833931	1.16759744890236	1.02002690688889
14573	2.83321265058641	2.83321334405622	0.872350330852134
14574	3.40119738166216	3.40119738166216	0.872489155163594
14576	2.19722457733622	2.19722457733622	0.872489155163594
14578	2.19722457733622	2.19722457733622	0.872489155163594
14579	2.19722457733622	2.19722457733622	0.872489155163594
14580	2.77258008724462	2.76922461415031	0.869155006820051
14581	3.89181430949494	2.7536085564237	0.974270127644832
14583	2.07943840099276	2.07167742287046	0.859490565598585
14584	0.693144039872868	0.693147180559945	0.872203836654349
14585	1.79175632854098	1.79175805662678	0.870428567340035
14587	3.40118969715808	3.39915167865211	0.870746358014354
14588	1.6094308530293	1.60134562329536	0.861475970235521
14589	1.6094379124341	1.6094379124341	0.872489155163594
14590	0	0	0.872489155163594
14593	2.77258872223978	2.77258872223978	0.872489155163594
14594	4.18965474202643	4.18965474202643	0.872489155163594
14596	2.56494935746154	2.56494935746154	0.872489155163594
14598	2.39789527279837	2.39789527279837	0.872489155163594
14599	1.79175946922806	1.79175946922806	0.872489155163594
14602	2.30258509299405	2.30258509299405	0.872489155163594
14603	3.58351607242827	3.47271141595801	0.88491931362732
14604	2.19722333978876	2.19722357315513	0.872408382288507
14605	3.63756885855283	3.63532325541415	0.869298992788502
14606	2.48489334027393	2.24786655817899	0.908794037285197
14607	2.70804314169741	1.62382420687689	0.98542240267307
14608	0	0	0.870551948951831
14609	1.94589416951451	1.90866925256019	0.862544375582218
14610	3.58351893845611	3.58351893845611	0.868463891372242
14611	4.09433996934503	3.4921580826353	0.90703707480998
14612	4.24848778722962	3.4181793811133	0.928350967929641
14613	2.99570778687198	2.97924114326977	0.868718256243267
14614	0.693147180559945	0.693144632774099	0.869649927789695
14615	3.17804861110517	3.16593797808492	0.868277728008009
14617	0.693147180559945	0.693147180559945	0.871406608320912
14619	1.6094379124341	1.6094379124341	0.870232592118201
14621	1.38629436111989	1.38629436111989	0.870323616796841
14623	2.19721896578203	1.06102321909631	1.02796498595312
14624	1.79175946922806	1.78749177956627	0.869277246354296
14627	1.38629122043281	1.38629436111989	0.872920082591755
14628	1.60943590641772	1.60879756351775	0.875199686210397
14629	3.04451003317997	3.03910671005457	0.867117505441687
14630	2.07943602968452	0.949480258188796	1.0405193321176
14631	1.6094308530293	1.60441921623526	0.86509787966909
14632	2.5649299034194	2.56282488820203	0.868081720427971
14633	3.4965006766649	2.68211446959019	0.932930000112713
14635	2.30258509299405	2.30258509299405	0.869996274562811
14636	3.58351893845611	3.58351893845611	0.869996274562811
14637	2.99572585802293	1.88138017410778	1.01904275526541
14638	3.8918115104841	3.87938984042947	0.868468856425352
14639	1.79175213042337	0.749280305846538	1.06709912928411
14640	2.56494638632148	2.55934328246369	0.866159389857577
14641	2.63905469091265	2.63708277481083	0.866753847508376
14642	1.94590139740067	1.94590765433782	0.870397041229242
14643	0.693144039872868	0.693144632774099	0.868869744768689
14644	3.68887162884805	2.69954824463141	0.969031350011807
14645	2.30257497944286	1.19503922552387	1.02213616520928
14647	2.30258509299405	2.30258509299405	0.869996274562811
14648	2.56494935746154	2.56494935746154	0.869996274562811
14649	2.99572992196884	2.99404681709057	0.869482514365496
14650	2.56494935746154	2.56467667214326	0.870335095047834
14651	1.38629436111989	1.04913680798623	0.961247647891388
14652	1.38629436111989	1.38629436111989	1.07799497405378
14653	1.38629436111989	1.38629244740124	0.871232688876348
14654	3.17804824682265	2.09861813814545	1.0614346147686
14655	1.09860950005303	1.09861228866811	0.87075639449541
14656	0.693147180559945	0.693144632774099	0.872734802620644
14664	0	0	0.866754156552691
14665	1.79174684323113	1.099012964072	1.09591879346208
14669	1.9459070428778	1.18910259263315	1.08437948172131
14673	0	0	1.05381485615755
14675	2.30258509299405	2.30258509299405	0.869996274562811
14676	2.484906649788	2.484906649788	0.869996274562811
14679	1.09861228866811	1.09861228866811	0.869996274562811
14682	1.79175946922806	1.79175946922806	0.839327812123729
14684	1.09861228866811	1.09028148090306	0.85160371854615
14685	1.79175668061298	1.78743599745991	0.868121660027614
14686	1.38629122043281	1.3776157044095	0.855750761184926
14687	2.19720547777727	1.89419306333191	0.912470071847746
14688	3.29583188798032	2.23679029057763	1.07454099465214
14689	3.21886970461129	2.10958948545461	1.03902950291577
14690	1.60943589835739	0.585325356019086	1.08017865070682
14692	1.6094308530293	0.594049252321064	1.07911886261592
14694	0	0	0.864477202019486
14695	1.79175772050747	1.00978659444498	1.10309355329755
14696	1.38629436111989	1.38629436111989	0.869996274562811
14698	0	0	0.869996274562811
14700	1.94590758889649	1.94590806654443	0.871871123252441
14701	2.19722178250176	2.19722231490785	0.87089566500862
14702	1.6094308530293	0.744588792980334	1.05602745907427
14703	2.19722051996012	2.19722231490785	0.872617956505547
14704	1.79175668061298	1.79175720225552	0.871432759076032
14706	0	0	0.876782975767047
14707	1.09861228866811	1.09861002169557	0.871968353117863
14708	0	0	0.866754156552691
14710	2.19721117721512	2.13766686607541	0.864015315502721
14712	1.09860949383365	1.09056684913676	0.851990837406161
14713	2.83320906755749	1.73957909372972	0.972990996391753
14715	1.09859253168259	1.09132730117338	0.859204912509402
14716	3.43397631260628	2.17352953714082	1.00079425813396
14717	1.79175247276585	1.78741160037984	0.865928778520848
14718	1.38628804812143	0.47986142751844	1.09423789340871
14721	0.693144008148924	0.684322775825691	0.85507081694305
14733	0	0	0.878786062311645
14736	0	0	0.866261321234657
14737	1.38629118870887	0.453705663508299	1.09325445991322
14738	2.30257992988825	2.29984605386727	0.87136417307629
14740	2.48489223342193	2.47900136196929	0.865244591703321
14742	1.94588690503069	1.94218037623572	0.866638325683629
14743	0	0	0.869996274562811
14744	2.56494429658932	2.31278110550372	0.899854582860709
14745	0	0	0.868761707329189
14746	2.70804773424823	1.63108419452183	0.982200050582711
14748	0.693144039872868	0.693144632774099	0.874289411582566
14751	1.79175668061298	1.78743599745991	0.865517056082438
14752	1.9459013789029	1.94590807191	0.872775534493182
14759	2.19721772491626	1.06102321909631	1.02930036630676
14760	0	0	0.867284296291673
14765	1.09860378609821	1.09861002623974	0.870408555034955
14767	2.56493288989337	2.56083159668632	0.869080616728357
14769	0.693147180559945	0.693147180559945	0.873571866264176
14770	1.6094379124341	1.6094379124341	0.987923016165081
14774	1.79175668061298	1.02410447205317	1.10376277496063
14776	2.39789527279837	2.39789527279837	0.872489155163594
14778	2.39789527279837	2.39789527279837	0.872489155163594
14779	1.6094379124341	1.6094379124341	0.872489155163594
14781	2.484906649788	2.484906649788	0.872489155163594
14782	2.56494846794835	2.56494935746154	0.872229703502579
14793	2.19722457733622	2.19722457733622	0.869996274562811
14796	0.693147180559945	0.693147180559945	0.987923016165081
14797	1.79175632854098	1.79175692144221	0.871962312551064
14798	1.79175213042337	1.78749177956627	0.869073966480725
14808	3.17804773649787	3.00734267353564	0.886550566244952
14813	1.94591014905531	1.94591014905531	0.869996274562811
14814	2.89037175789616	2.89037175789616	0.869996274562811
14819	1.09861228866811	1.09861228866811	0.869996274562811
14821	1.09861228866811	1.09861228866811	0.869996274562811
14823	1.79174508383795	1.74715273699153	0.854787438824577
15262	2.56493668806741	2.3391013109806	0.901399999838179
15263	0	0	0.872489155163594
15264	1.09861228866811	1.09861002623974	0.866727406033928
15265	1.94589625378822	0.587581309115543	1.08123505960135
15266	2.30257801125576	1.15974295161825	1.01413631416522
15267	1.38629436111989	1.05087648255031	0.960527050237001
15272	2.07943859482415	2.07336805366201	0.866289935384397
15273	1.09861228866811	1.09861002623974	0.870924996773331
15274	0.693147180559945	0.415979120072264	0.822068787989814
15275	1.09860387133682	1.09861002169557	0.870725185350929
15277	1.38629200953474	1.25140454514075	0.845272646827256
15278	1.79174928632931	0.727033790718039	1.06671345197278
15280	0.693147180559945	0.171435410297579	1.09432091111278
15281	0	0	0.872774127240007
15282	1.79175772828172	1.79175720225552	0.872065540118872
15283	3.33218824258374	2.64665243891255	0.926003365458538
15284	2.19721489109235	1.01525331969495	1.02778700654259
15285	1.09858699416212	1.09861002623974	0.869377887183174
15287	2.19721867860852	2.18997966385762	0.863215551886624
15289	2.94443332095086	2.91191099294251	0.860597901921697
15290	0.693144039872868	0.142526689727452	1.09181695063016
15291	3.17805383034795	3.17805383034795	0.868484958921672
15292	2.56494771828335	2.43016682148278	1.0260056777595
15293	1.79175946922806	1.79116622502745	0.863844677034084
15294	2.77258798828829	2.73932258739964	0.864440176072254
15296	3.09104141226942	3.01347585060645	1.01222802605824
15298	1.79175946922806	1.79175946922806	0.991367822347229
15299	1.38629122043281	0.455601660066949	1.09342104685659
15302	0.693147180559945	0.693147180559945	0.991367822347229
15303	1.60943588617547	1.21482466609364	1.07771718523824
15310	0.693144039872868	0.580581781403384	0.831940685383549
15311	1.94590707393201	1.01297866655847	1.06584009062401
15312	3.43398610342251	3.35127526577678	1.01296611205902
15313	2.83320222762907	1.98857828750809	1.10193271731596
15315	3.43397979963941	2.34445632932239	0.979351981083404
15316	3.93182034015217	2.79784128753916	1.01744702713293
15317	3.43398217230167	2.13446098987535	0.99938868891547
15318	0	0	0.991367822347229
15320	1.60943286203533	0.547316092944496	1.07679570917191
15321	1.09860949383365	0.78063904113096	1.06222272261341
15322	0.693144039872868	0.171435410297579	1.0894991499447
15323	2.48489611749586	2.48238660896015	0.867659564751668
15324	1.38629200953474	1.38550865444864	0.866358348436461
15325	0.693134554563017	0.692034272093539	0.864275170064556
15329	2.70804100263834	1.62634164405602	0.983698356988649
15331	2.30258207591824	1.1529008150545	1.01697674853239
15334	0	0	0.992124082585379
15336	0.693144008148924	0.17087570850704	1.0914346782548
15337	1.38627931199856	1.3776157044095	0.855122936274654
15338	3.13548849478172	2.04956853358536	1.07013056913917
15339	2.48489936647541	1.90251658879701	1.10171536968812
15340	1.09860950005303	1.09132730117338	0.861334283278385
15345	3.17804983330485	2.47795270032138	1.10410535093345
15346	0.693144039872868	0.684616277801305	0.855641821917311
15348	2.19721895008448	2.19417903355204	0.867297917527385
15349	2.19721771261555	1.00013484882866	1.06029394174017
15350	3.36728767114411	2.33812291468067	1.02030815795893
15351	2.70804605933743	1.60550292542484	1.049870206981
15352	1.60943489535829	1.60943546803125	0.869178751146519
15353	0	0	0.873999757415239
15355	2.6390461506571	2.63375932038089	0.865484638629827
15356	3.76119302519887	2.62597784581573	1.01459795241586
15357	0	0	0.876489795679935
15358	3.66354835903863	2.693734681022	0.953008008149484
15359	3.43398529844116	2.55799651061947	0.931735162386102
15360	4.44264240786066	3.39708657553785	0.956125082971705
15361	2.48490359804204	1.53692571266147	1.09447804182432
15362	2.48490069592367	1.35136255311531	1.00427465555919
15363	2.70804067517516	2.63498231420702	0.857519931459368
15364	2.94443584773009	1.94530453137444	1.06712372547315
15365	3.80665349708413	2.67377279377193	0.983179682773457
15366	3.2188687654634	2.26484901362229	0.948107469640562
15367	3.29582098580178	2.30004324989147	1.05480856479788
15368	2.19721679666482	1.9218090031354	0.915875818269968
15369	2.30258509299405	2.30258509299405	0.843785888966471
15370	2.63905648552638	2.45800281821621	1.08363412518701
15371	1.94589979419197	1.93761708954168	0.856838753895224
15372	3.58351325623153	2.50721325361588	0.967170768736036
15373	2.39788650777399	1.17872655685717	1.06037484873674
15374	2.70804100720625	1.56112297157102	1.07088871150501
15375	1.79174355356181	1.78621506339533	0.845740750781224
15376	2.07943602968452	2.07021854312588	0.862873899470032
15377	3.04451608929536	1.95107222160498	1.05249154459158
15378	2.99572925647818	1.87479048047206	1.0524036290172
15382	2.30256621753513	2.29601520925576	0.865341435961212
15385	2.77258596478137	2.05447739783683	0.780238723747364
15388	0	0	0.719178463448154
15389	2.56494935746154	2.56494935746154	0.719178463448154
15390	2.39786891700952	2.07076215314835	0.827652456830025
15391	2.99572664707309	1.81434687523718	0.950448188747039
15392	2.30257691456584	1.11034246052154	1.01502658802698
15393	2.07944015024652	2.0794404295349	0.872505227337676
15394	2.484906649788	2.484906649788	0.86648152586189
15397	1.38629436111989	1.38629436111989	0.86648152586189
15398	1.09860109057817	1.09120911080213	0.861500262496279
15399	1.38629200953474	1.38629245315246	0.867082422987296
15400	0	0	0.86648152586189
15401	0.693147180559945	0.693147180559945	0.86648152586189
