14290	3.63758251461447	3.40947326622141	0.82964360025488
14291	3.29583403200571	3.29583586182324	0.868705986972123
14292	2.70804037603976	2.48626336531987	0.827573195798754
14293	2.77258167296723	2.74100417529098	0.861453615273193
14294	2.99572735398058	2.83843149158828	0.843873041653287
14295	3.46572883047617	3.36886225275031	0.846127940292132
14296	3.33219789698952	3.18093441741911	0.835312395863237
14297	4.00732405573975	3.76418347408729	0.826989296425585
14298	3.36729328009861	3.33837310547145	0.857725021925943
14299	3.25809139361232	3.13643548608422	0.83782246550319
14300	3.93181944734042	2.49352529135281	0.89468508964618
14301	3.33219892239087	3.23558592890735	0.849751109481717
14302	3.49649809139871	3.28106724068192	0.833797954163818
14303	3.58351184425572	3.53212812844013	0.857770217579744
14304	3.29576504507708	3.07247368360018	0.835080913942119
14305	3.25809018286619	3.14290300751628	0.842089539823376
14306	3.82863097165911	3.63886452604713	0.839481103617482
14307	3.82861732083913	3.64109953414542	0.839390670335998
14308	3.87119485420946	3.82072379623669	0.856633966150804
14309	3.91201256974094	3.79560525847306	0.84818674886299
14310	3.52635325803433	3.44094120925927	0.854782565516216
14311	3.52634116917891	3.25160371107658	0.84096332001287
14312	3.78418276477204	3.52549743218391	0.831305595489116
14313	3.36728854099815	3.24621804038672	0.847245454045781
14314	4.09434120592643	3.9290763205534	0.822666400891554
14315	2.07942970868496	2.0386856395098	0.856828181410871
14316	3.52634978286565	3.4194161416878	0.846739149133278
14317	3.43397958583437	3.31837579355558	0.845695738471523
14318	4.33071708626549	4.16867472269694	0.848117569719449
14319	3.33219484820738	3.21250811716871	0.848676859783245
14320	4.04304299027055	3.91704895276096	0.844945906546518
14321	3.66355034465313	3.59213036965023	0.854824953653654
14322	3.80664979053641	3.73670147405147	0.848503892677108
14323	3.63757673484154	3.55796846778904	0.850912279629461
14324	3.76119517038101	3.54437162478839	0.824776376535375
14325	4.3040597006668	4.23877352780927	0.839365951654607
14326	2.30257479348753	2.26143412188947	0.853135014340593
14327	1.09861228866811	1.09861228866811	0.795098253282302
14328	3.04451533671027	2.98426394810837	0.856538845106037
14329	2.94443186439586	2.91762095636202	0.861906593283567
14330	3.58351276389979	3.51345047617403	0.848295414969003
14331	3.89181051829954	3.86405501655044	0.859819706837277
14332	3.29581903159626	3.23375452809662	0.85274208708357
14333	3.13548218750681	3.11304070622029	0.862107184780311
14334	3.40119058252142	3.3295720185973	0.849609935359488
14335	3.52635083440685	3.44294922261503	0.843862523012276
14336	3.29583311148171	3.27694833611745	0.804914796667076
14337	3.40119697812171	3.35355997206402	0.813894827654931
14339	2.48490568314678	2.24181011509157	0.832790294995592
14340	3.82863447136671	3.80617757229679	0.860457008570123
14341	3.49650498448735	3.24022792395089	0.825507882294719
14342	3.68886816250028	3.62883518693227	0.8534503448049
14343	3.36728582051479	3.2308500028305	0.829956675168468
14344	3.78417972212373	3.69208751620966	0.849712612799578
14345	2.7725768892449	2.74105015416596	0.858945402401751
14346	4.14312310758472	4.08208130613021	0.853567738224645
14347	3.40118889621626	3.3423822122096	0.854592474423964
14348	3.61091013605978	3.55870408831063	0.856116691890661
14349	3.04451412286472	2.87641534990088	0.836953019637081
14350	3.25808906615884	3.172381494556	0.842698473144405
14351	2.39788547714578	2.35392885593238	0.853558624943828
14352	4.18964987276194	4.04512443438556	0.842075217237303
14353	3.66355419374715	3.65004032841333	0.862708124378915
14354	3.87119366615859	3.79757000887177	0.810995469446815
14355	3.89181544722032	3.87251777239995	0.860794932525119
14356	4.6249674637038	4.53793652517585	0.86958188885341
14357	4.15887626392053	4.04327253031641	0.851658376991334
14358	4.15887539154098	4.06287743926019	0.823402230928266
14359	4.04304279820911	3.91229099022061	0.844130471341676
14360	4.24849275817342	4.14780637143989	0.843996913697547
14361	3.93181986669337	3.83667210754722	0.849710211161053
14362	4.85201633647107	4.73624082602707	0.84898934592813
14363	4.33069771904386	4.25757557943556	0.853822948299332
14364	3.33218726399457	3.33220242766432	0.882070305290708
14368	3.61090945440667	3.52717152290232	0.849842215918495
14369	4.54328763725685	4.47785887971865	0.853736345833688
14370	4.29044843680972	4.22933214732943	0.859049576202838
14371	3.49645989930665	3.32193326802889	0.828296939811753
14372	3.76119507967824	3.6198967580095	0.830454297999318
14373	3.76118763286401	3.64172765844878	0.837038637830735
14374	2.89035378813132	2.84567210612414	0.856544128689342
14375	1.94590397929714	1.77539310943864	0.833945317579435
14376	3.40119563294157	3.38944817334866	0.862352554700731
14377	3.04451725321845	3.0325196120778	0.862214597013551
14378	2.39787822072771	2.31765721224872	0.862104146725436
14379	3.13548250678805	3.07655542103244	0.856591547636189
14380	2.9957316726132	2.8560516664992	0.846335177829872
14381	2.19722457733622	2.1330700500643	0.812989717531666
14382	3.04452089574851	2.93066495894651	0.843968601483494
14383	2.83321115774147	2.65131801297449	0.838638839547867
14384	3.13549021322416	2.94153509953177	0.83442046359921
14385	2.48490385495354	2.36263720164875	0.840248348651753
14386	2.0794202031409	2.02249180019827	0.847503624809004
14387	2.944425030261	2.90938388972776	0.858033879855369
14388	2.19722332730468	2.04980435415721	0.832201214052843
14389	2.63903841768789	2.61460474322146	0.863867129634379
14390	2.56494457948275	2.385159243918	0.836057563027604
14391	1.94589625378822	1.9214008895687	0.86328828348403
14393	0	0	0.864745711066477
14394	0.693147180559945	0.624528368288819	0.840638046379864
14395	4.34379366125127	4.2207958074607	0.844851936035497
14396	2.70804435322042	2.70804857345941	0.86835720248671
14397	2.77257153223842	2.69821344930238	0.857608091765883
14398	3.0445110222148	2.96864714369138	0.852677613915365
14399	3.73765914804814	3.64109013831161	0.84888199945377
14400	3.25805413104691	3.1670553947683	0.850229061816279
14401	4.24849248204896	4.22370206606525	0.804497280124327
14402	2.89035754050954	2.70454283320269	0.824258886725369
14403	3.13548001878058	3.04277699462175	0.850956289004679
14404	3.4965031609063	3.34504962598927	0.830537401702577
14405	3.80665623947126	3.72297744575915	0.848860352931623
14406	3.58350601029719	3.49650744917042	0.841884806004668
14407	3.40118733749726	3.31295622992483	0.842208744616239
14408	2.83320031970518	2.81289935016197	0.866476357177147
14409	3.33220186657068	3.2249630421915	0.824851867516811
14410	3.78418187951291	3.6983790899999	0.847922294050111
14411	3.55534056906735	3.42998419270731	0.837688470165744
14412	3.58350839904265	3.47272379673819	0.840400619612904
14413	3.91201898365763	2.05822877139945	1.07069321484683
14414	3.46573372873773	3.16011513316927	0.845215287558375
14415	3.71355658433864	2.2791982782422	1.10277985250798
14416	2.0794391663614	1.91951156389304	0.835555239513364
14417	3.36728769489429	1.54321349267008	1.05915827027129
14418	3.5553430496745	2.11204112984965	1.10168752687106
14419	3.87119213905319	2.31505921938685	1.10430410036605
14420	3.33220116578036	3.27501483244884	0.854471309921586
14421	2.63905108477933	1.32693539231303	1.09283134155691
14422	4.30406187063284	2.66706104026037	1.09220047741717
14423	3.13549069327033	3.10602807346	0.858100211504053
14424	3.55534266203376	2.12577073516603	1.10207626467451
14425	3.43398140734113	1.75484502950729	1.08564772523068
14426	3.17805067384871	1.45917431416668	1.097190583538
14427	3.71356651110955	2.08266732826142	0.964535364265175
14428	3.33220084240897	1.42532748360158	1.05995072059104
14429	3.9120128989477	1.98556315353317	1.00457267735408
14430	3.89180528712852	2.11246901988536	1.01150133817094
14431	3.33219209344585	1.41796396380781	0.993469911170326
14432	1.38629436111989	1.38629436111989	0.864745711066477
14433	1.94590758889649	1.90015761213001	0.853786421665775
14434	2.94443897916644	2.94443897916644	0.864745711066477
14435	3.55533976711887	1.60766813605748	0.965863852822591
14436	4.35669363206512	2.51220570749365	1.03277037858245
14437	2.39787812312314	0.686880328398097	1.08689448768034
14438	3.46572645837123	1.58323660720894	0.978900915199316
14439	3.17804645385368	1.28078430426404	1.0081306968614
14440	4.00732213596501	2.16015673942128	1.03728710017991
14441	2.94442712220399	1.02291692041511	1.03189961860397
14442	3.13548650830318	1.37966961828157	1.01781892546174
14443	3.40118694482306	1.60036310211532	0.988966320749628
14444	3.17804757935177	3.13138534810289	0.850990564612387
14445	2.56493572089251	2.50691971879219	0.846276683220638
14446	2.83320967189086	2.68762279834598	0.839772120038801
14447	3.17805122042581	3.07308702523893	0.844177553541661
14448	2.77257689769233	2.71693189473887	0.84200341306899
14449	2.1972224019596	2.1779567960365	0.863132812635529
14450	3.43398447505349	3.33925343265681	0.845829641006276
14451	2.39789007161605	2.35381958906566	0.852931068954869
14452	2.7080470537524	2.5436210997359	0.833643233835401
14453	2.89035346351833	1.00418058457292	1.0402590315931
14454	1.79174355356181	1.75075901339889	0.857486543714481
14455	2.70804817484358	2.55259977053798	0.838378164800503
14456	1.09860947190115	1.04637596267985	0.845766718087191
14457	1.09859253168259	1.09861228866811	0.877441878296108
14458	2.8903689630617	2.83498251783676	0.833361601418613
14459	2.94443779284287	2.93512644540901	0.864215905699469
14460	1.79175668061298	1.7396537983891	0.8480701298721
14461	2.07944154167984	2.07943963371241	0.868260402283505
14464	2.56493572089251	2.50691971879219	0.846276683220638
14466	0	0	0.803205231689583
14467	2.30258306673542	2.18294913407931	0.842827142225781
14468	2.3978818538971	2.34225582221357	0.847148297608274
14470	1.6094379124341	1.6094379124341	0.864745711066477
14471	1.9459075815529	1.92143853671786	0.862440066519011
14472	0.693144008148924	0.693147180559945	0.797601407109699
14473	2.39788772765934	2.38211878593767	0.881038053760182
14474	2.83320746269609	2.77638922461869	0.814752587923785
14475	2.19722457733622	2.19722457733622	0.799430426287748
14476	2.83321018199772	2.76280981327828	0.833405239181124
14477	3.25808927468596	3.12338193052707	0.825281582051466
14480	2.3978933999785	2.38201534937497	0.863538879707025
14481	2.39789236306465	2.35376538024912	0.854394927547015
14483	2.48489300922248	2.42357061040218	0.843978743699266
14484	0.693144039872868	0.625277334239626	0.834963769541961
14485	3.0445110222148	1.2181651620846	1.02621909843984
14486	3.29583267309563	3.16247014799805	0.844540531477257
14487	2.39789338910996	2.19744287216464	0.833595859594362
14488	1.09861228866811	1.09861228866811	0.864745711066477
14489	2.7725855980862	2.59802210723597	0.814947482115664
14490	2.39789527279837	2.39789527279837	0.864745711066477
14492	2.56494577732284	2.52684132116113	0.856352691245354
14493	3.04450686189891	1.18541680289053	1.02530502303479
14494	2.39789110643821	2.3420930343085	0.846449188563824
14495	2.19721959931221	2.14516269739155	0.850644062935619
14496	2.07943602968452	2.02237454806459	0.847088280029637
14497	0	0	0.803205231689583
14498	2.63904313419556	0.871312338698458	1.06522622361935
14499	2.70804941381696	2.64006890339023	0.854344888680691
14500	2.63904383599434	0.801056105509621	1.06430011706108
14501	1.9459075815529	1.89997548551429	0.851843403422734
14502	0	0	0.88861356779718
14503	2.07944154167984	2.07944154167984	0.88861356779718
14504	1.60943486487267	1.60943546508663	0.880099487950839
14505	2.30257890104973	2.24354524936404	0.849179612992048
14507	3.21887078359463	3.14956455697345	0.836640499907284
14508	2.07942114236919	2.03841991584636	0.853232649102163
14509	2.39789297716257	2.36716083985005	0.856533342509432
14510	1.09860950005303	1.09861228866811	0.867188851143037
14511	1.94590654162762	1.88330285865329	0.842048808556551
14512	1.60943489938845	1.6094379124341	0.867559808324932
14513	3.09102292210532	1.24317781161306	1.02100576777335
14514	3.2580942743217	3.16012769904854	0.846715039152766
14515	1.94590758889649	1.89988294668324	0.841357316848896
14516	0.693147180559945	0.624528368288819	0.840638046379864
14517	2.89036067076165	2.81949224614984	0.83968123515645
14518	2.30257992988825	2.24333968554996	0.844089922829332
14519	3.09103057858825	3.06283117785159	0.857283051740378
14520	2.77258482339467	2.62712353070651	0.843426518767626
14521	0.693147180559945	0.624528368288819	0.840638046379864
14522	2.39789048472986	2.3333572608241	0.840382063718961
14525	2.89036956871022	2.87108231410206	0.863808238033843
14527	2.0794391663614	1.91962245688198	0.837790324183481
14528	2.70804538116387	2.66469764881515	0.852440362430409
14529	1.94590758889649	1.90015761213001	0.854206420401954
14530	1.79175665246109	1.7395231432398	0.847337632528001
14531	0.693147180559945	0.693147180559945	0.866754156552691
14532	1.09861228866811	1.09861228866811	0.866754156552691
14534	2.89035983940046	1.08757308775338	1.04274075950444
14535	2.77258733779859	2.6373199141656	0.844850881007276
14536	0.693144039872868	0.693147180559945	0.8680310288933
14537	2.39789338910996	2.19744287216464	0.833595859594362
14538	2.19721959931221	2.14498825134796	0.846889589537609
14544	0	0	0.866754156552691
14546	1.60943489938845	1.6094379124341	0.868102695836291
14547	2.07943859974378	2.03861844242617	0.855722349705184
14548	2.0794383851806	0.544719467418238	1.10031406785352
14549	2.7080468341697	2.61796727882598	0.850251477605108
14550	1.79174505286199	1.74005224153787	0.847484266954423
14551	1.09860947190115	1.09861228866811	0.796875149653785
14559	0	0	0.865009187733631
14562	1.09861228866811	1.09861228866811	0.785543801636275
14569	2.19722332730468	2.08215005602787	0.846976660901682
14570	1.38629436111989	1.38629436111989	0.864745711066477
14577	0.693147180559945	0.625277334239626	0.837048083759949
14583	1.60943489535829	1.57585419034388	0.857059919047041
14584	0.693144039872868	0.624528368288819	0.838559206334631
14585	1.79175772828172	1.76348899690946	0.860103897849633
14586	1.38629200953474	1.34540457641021	0.854138034791447
14590	2.19722332730468	2.08215005602787	0.846976660901682
14592	2.70804773424823	2.67451891780853	0.856221060313166
14593	2.56494665783001	2.21872189150973	0.808072388541748
14598	0.693144039872868	0.624528368288819	0.837291164914
14609	2.30257992988825	2.25477411139129	0.851221746228093
14610	1.38629200953474	1.34540457641021	0.854138034791447
14616	1.79175526056241	1.7396537983891	0.84890252183474
14618	1.38629122043281	1.38629436111989	0.867346900302449
14625	2.48489092068889	0.79740566222879	1.08214266412611
14647	1.09860949383365	1.04663835010622	0.851458374318005
14648	2.83320222160186	0.977981512434952	1.04378312689929
14649	3.2580917600427	3.20921650095404	0.850156180004065
14650	3.63757851452756	1.89678897954764	0.969822351449185
14651	3.0445110147401	2.98694692191529	0.846558966365308
14658	0.693147180559945	0.693144632774099	0.870896650638299
14659	2.94443897916644	2.94443897916644	0.864745711066477
14660	0	0	0.864745711066477
14661	2.63905218280048	2.57722142529186	0.842725798879997
14662	2.7080470537524	2.65591831318227	0.847798434063874
14664	3.29580450207291	3.25420145356415	0.85796959082715
14665	3.0445092557769	1.31657245945082	1.08739174129875
14666	2.30258306673542	2.0809390296126	0.830131918264612
14667	1.38628804812143	1.31767554884876	0.836473440384171
14668	1.60943588617547	1.41975997997972	0.955374035509768
14669	2.48489719827131	2.30201190312618	0.837213099546569
14670	2.19721014007566	2.1024316776833	0.861725738522798
14671	1.09861228866811	1.09861002623974	0.869268506217329
14672	2.3025814275187	2.16093726937654	0.837523742772171
14673	3.33219956770803	3.21439521766583	0.838173426281949
14674	1.38628804812143	1.31804826772663	0.839824890672294
14676	3.76118955206821	1.85576441289829	1.02220771318433
14677	2.77258103570265	1.20854504529469	1.00320269431023
14678	2.39789527279837	2.39789527279837	0.867993198450512
14679	2.83320811231165	2.72653440939034	0.835183582035383
14680	2.63905241154756	2.56897686237852	0.822356098331443
14681	2.89036688928573	2.83165125743601	0.843377549859307
14682	3.21886571782947	1.38089150480732	1.00700908557282
14683	2.99572773681323	2.94179413000276	0.846810395162196
14685	2.77258735162565	2.76163931403342	0.861187752350362
14687	1.94590397929714	1.88330285865329	0.841124939224246
14688	3.21886072131558	1.38371942202499	1.01007013425603
14696	2.89035360693876	1.05948903295257	1.04266796534862
14697	1.38629200166333	1.34527273528641	0.851800969768182
14698	1.60943286203533	1.54953104328714	0.842605123372319
14699	2.19720488006984	0.618179192507872	1.09960853570255
14700	0.693144008148924	0.624528368288819	0.835318995274714
14706	2.70804515070344	2.64814333195525	0.842605123372319
14707	2.30257638752401	2.26920072297873	0.861615328492046
14708	1.79175351536372	1.72314065695693	0.83677674750352
14709	2.99572773681323	2.93648686610991	0.843805101056346
14710	3.58350702895521	1.8912002560182	0.977114607085766
