15058	1.09861228866811	1.09861228866811	0.864745711066477
15060	2.89034455504141	2.89034980612219	0.867150367532047
15061	2.19722457733622	2.19722457733622	0.862994971796647
15063	1.79175946922806	1.79175946922806	0.863261841341319
15068	1.94591014905531	1.94591014905531	0.332945583401783
15072	2.56494935746154	2.56494935746154	0.863261841341319
15073	2.07944154167984	2.07944154167984	0.863261841341319
15074	3.29583686600433	3.29581448324033	0.864891149653991
15076	3.29583686600433	3.29583686600433	0.863898785215693
15078	2.94443897916644	2.94443897916644	0.865000899590133
15079	1.94591014905531	1.94591014905531	0.865000899590133
15081	3.61091791264422	3.61091791264422	0.831677269137889
15083	2.484906649788	2.484906649788	0.787272284456096
15087	1.79175946922806	1.79175946922806	0.787272284456096
15089	1.6094379124341	1.6094379124341	0.787272284456096
15090	2.39789527279837	2.29803847649361	0.809075267056689
15091	2.77258872223978	2.70621190035634	0.837018636679659
15092	2.30258509299405	2.30258509299405	0.865009187733631
15101	1.38629436111989	1.38629436111989	0.787272284456096
15102	0.693147180559945	0.693147180559945	0.787272284456096
15103	1.38629436111989	1.38629436111989	0.787272284456096
15107	2.19722457733622	2.19722457733622	0.787272284456096
15135	2.30258509299405	2.30258509299405	0.865009187733631
15137	2.484906649788	2.484906649788	0.939188579635052
15138	2.07944154167984	2.07944154167984	0.939188579635052
15142	2.89037175789616	2.89037175789616	0.939188579635052
15157	3.17805383034795	3.17805383034795	0.860419629102607
15159	2.19722457733622	2.19722457733622	0.860419629102607
15161	2.63905732961526	2.63905732961526	0.860419629102607
15162	2.63905732961526	2.63905732961526	0.860419629102607
15163	2.39789527279837	2.39789527279837	0.837427492611188
15174	2.30258509299405	2.30258509299405	0.86648152586189
15177	2.70805020110221	2.70805020110221	0.86648152586189
15202	2.39789527279837	2.39789527279837	0.86648152586189
15217	1.94591014905531	1.94591014905531	0.939188579635052
15236	2.484906649788	2.484906649788	0.761233585382742
15238	1.94591014905531	1.94591014905531	0.79909260342179
15239	2.484906649788	2.484906649788	0.79909260342179
15242	1.79175946922806	1.79175946922806	0.77684014370952
15247	1.79175946922806	1.79175946922806	0.77684014370952
15269	2.56494935746154	2.56494935746154	0.77684014370952
15279	2.30258509299405	2.30258509299405	0.77684014370952
15296	1.94591014905531	1.94591014905531	0.86648152586189
15306	1.09861228866811	1.09861228866811	0.875063140129329
15310	2.39789527279837	2.39789527279837	0.875063140129329
15323	2.30258509299405	2.30258509299405	0.865315374073538
15343	1.09861228866811	1.09861228866811	1.04802114398195
15344	1.6094379124341	1.6094379124341	1.04802114398195
15345	2.30258509299405	2.30258509299405	1.04802114398195
15347	2.94443897916644	2.94443897916644	1.04802114398195
15356	2.99573227355399	2.99573227355399	1.04802114398195
15368	2.39789527279837	2.39789527279837	0.854376999202852
15369	2.70805020110221	2.70805020110221	0.854376999202852
15370	2.07944154167984	2.07944154167984	0.86598923172424
15371	2.30258509299405	2.30258509299405	0.86598923172424
15373	2.07944154167984	2.07944154167984	0.86598923172424
15376	1.79175946922806	1.79175946922806	0.86598923172424
15378	1.79175946922806	1.79175946922806	0.86598923172424
15401	1.94591014905531	1.94591014905531	0.806377965861095
15404	2.484906649788	2.484906649788	0.814913430079945
15405	1.6094379124341	1.6094379124341	0.806377965861095
15441	1.38629436111989	1.38629436111989	0.806377965861095
15450	2.484906649788	2.484906649788	0.332945583401783
15452	0	0	0.332945583401783
15453	1.94591014905531	1.94591014905531	0.332945583401783
15454	3.2188758248682	3.2188758248682	0.332945583401783
15456	2.89036921592945	2.84914964346328	0.851138658683425
15466	3.29583686600433	3.29583686600433	0.864745711066477
15467	2.39789527279837	2.39789527279837	0.86648152586189
15468	2.30258509299405	2.30258509299405	0.86648152586189
15470	2.83321334405622	2.83321334405622	0.868405032442824
15471	2.56494042450298	2.52983606729548	0.861395208211668
15490	3.13549421592915	3.13549421592915	0.868484958921672
15577	2.07944154167984	2.07944154167984	0.771850354654104
15587	3.17805085371367	2.2641455985656	1.09897771603873
15592	2.56494935746154	2.56494935746154	0.738321071907524
15595	2.484906649788	2.484906649788	0.738321071907524
15596	2.56494935746154	2.56494935746154	0.738321071907524
15606	2.9957302391126	2.52070140059447	0.77261883787117
15617	2.07944154167984	2.07944154167984	1.02113343493741
15619	3.46573590279973	3.46573590279973	0.864745711066477
15620	3.36729269043443	3.00421903568919	0.806797977678495
15637	2.63905732961526	2.63905732961526	0.779061343950243
15639	2.484906649788	2.484906649788	0.779061343950243
15643	3.68887945411394	3.68887945411394	0.779061343950243
15644	3.29583686600433	3.29583686600433	0.779061343950243
15645	3.55534806148941	3.55534806148941	0.779061343950243
15656	3.25809653802148	3.25809653802148	0.864745711066477
15672	0.693147180559945	0.693147180559945	0.806377965861095
15676	2.56494935746154	2.56494935746154	0.772149195945676
15718	3.3322045101752	3.3322045101752	0.870276600048768
15727	3.91202300542815	3.91202300542815	0.869033462180722
15840	3.04452134725074	2.97295969025649	0.795130874374515
15903	3.63758615972639	3.63758615972639	0.785184664600068
15904	3.17805383034795	3.17805383034795	0.867021774289191
15927	2.63905732961526	2.63905732961526	0.867021774289191
15934	0.693144039872868	0.195281485952816	1.1048101642394
15936	1.38629197781047	1.32166987123531	0.849701291052165
15945	0.693147180559945	0.693147180559945	0.871125928550799
15950	2.56494935746154	2.46106730202526	0.368167356027525
15965	0.693147180559945	0.693147180559945	0.992868588615795
15978	2.63905732961526	2.63905732961526	0.771850354654104
15979	1.79175946922806	1.79175946922806	0.771850354654104
15981	1.09861228866811	1.09861228866811	0.858406318579258
15989	1.60943489938845	1.60943546508663	0.86908351370147
15994	1.7917577107162	1.74224983448375	0.852866698652019
15995	2.19722147657443	2.10102209401769	0.840313685855692
16006	3.36729582998647	3.22767658741632	0.82349502189252
16007	2.89037051389895	2.86980786963636	0.777419542615117
16015	2.30258509299405	2.30258509299405	0.781209577800957
16016	0	0	0.781209577800957
16020	2.70805020110221	2.70805020110221	0.781209577800957
16021	2.39789527279837	2.39789527279837	0.760734682879028
16022	2.30258509299405	2.30258509299405	0.760734682879028
16023	0.693147180559945	0.693147180559945	0.866273161208215
16026	0	0	0.865315374073538
16031	2.39789527279837	2.39754551262191	0.864119919552563
16034	3.66356164612965	3.66356164612965	0.864477202019486
16038	1.38629200953474	1.38629245315246	0.870287281211005
16042	1.6094379124341	1.6094379124341	0.736192444904942
16043	0	0	0.774109550303295
16050	3.04452243772342	3.04452243772342	0.736192444904942
16051	1.79175946922806	1.79175946922806	0.736192444904942
