12953	0	0	0	0	0	0
12955	0	1	1	0	0	0
13718	0	0	0	0	0	0
13720	0	0	0	0	0	0
13730	0	0	1	0	0	0
13732	0	0	1	0	0	0
13733	0	0	1	0	0	0.5
13734	0	1	0	0	0	0.5
13735	0	0	0	0	0.5	1
13736	0	0	0	0.5	0.5	1
13737	0	1	0	0	0.5	0.5
13739	0	0	0	0	0.5	1
13740	0	0	0	0	0.5	0.5
13741	0	0	0	0	0.5	0.5
13742	0	0	0	0	0.5	0
13744	0	0	1	0	0	0
13745	0	1	0	0	0	0.5
13746	0	0	1	0	0	0
13749	0	0	1	0	0	0
13750	0	0	1	0	0	0.5
13758	0	0	1	0	0	0.5
13760	0	0	1	0	0	0
13762	0	0	1	0	0	0
13763	0	0	1	0	0	0
13765	0	0	1	0	0	0
13766	0	0	1	0	0	0
13767	0	0	0	0	0.5	1
13769	0	0	1	0	0	0.5
13770	0	0	1	0	0	0.5
13773	0	0	0	0	0	0
13776	0	0	0	0	0	0.5
13777	1	0	1	0	0.5	0.5
13786	0	0	0	0	0.5	0.5
13790	0	0	0	0	0	0
13793	0	0	0	0	0.5	1
13794	0	0	0	0	0.5	1
13795	0	0	0	0	0	0
13796	0	0	0	0	0.5	1
13797	0	0	0	0	0.5	0.5
13800	0	0	1	0	0	0
13802	0	0	0	0	1	1
13803	0	0	0	0	0.5	0.5
13805	0	0	0	0	1	1
13806	0	0	0	0.5	0	0.5
13829	0	0	1	0	0	0
13838	0	0	1	0	0	0
13841	0	0	0	0.5	0.5	0.5
13855	0	1	0	0.5	0.5	0.5
13857	0	0	1	0	0	0
13862	0	0	1	1	0	0
13863	0	0	0	0.5	1	1
13864	0	0	0	0	0.5	0
13885	0	0	0	0	0	0
13910	0	0	0	0	0	0
13944	0	0	1	0	0.5	0
13974	0	0	1	0	0	0
13988	0	0	1	0	0	0
14702	0	0	1	0.5	0	0.5
14906	0	0	0	0	0	0
14908	0	0	0	1	0.5	1
14913	0	0	0	0	0.5	1
14914	0	0	0	0	0	0
14915	0	0	0	1	1	1
14916	0	0	1	0.5	0	0
14918	0	0	0	0	0	0
14922	0	0	0	0.5	0.5	0
14924	0	0	0	0.5	1	1
14925	0	0	0	0	0	0
14928	0	0	1	1	0	0.5
14929	0	0	0	0	0	0
14931	0	0	0	0.5	1	1
14932	0	0	1	0.5	0	0
14935	0	0	0	0	0	0
14936	0	0	0	0	0	0
15211	0	0	1	0	0	0
15231	0	1	0	0	0	0
15233	0	0	1	0.5	0	0
15265	0	0	0	1	0	1
15409	0	0	0	0	0	0
15455	0	0	0	1	0	0
15460	0	0	0	0.5	1	1
15462	0	0	0	0	0	0
15466	0	0	0	0	0	0
15468	0	0	0	0	0	0
15470	0	0	0	0.5	1	1
15471	0	1	0	1	0.5	0.5
15473	0	0	0	0	0	0
15474	0	0	0	0	0	0
15475	0	0	0	0	0	0
15476	0	0	0	0	0	0
15478	0	0	1	0.5	0	0
15483	0	0	0	1	1	1
15486	0	0	0	0.5	0.5	1
15488	0	0	0	0	1	1
15489	0	0	1	0	0	0
15490	0	1	0	1	0.5	0.5
15491	0	0	1	0	0	1
15492	0	0	1	0.5	0	0
15494	0	0	1	0.5	0	0.5
15496	0	0	0	0.5	1	0.5
15497	0	0	0	0	0	0
15498	0	0	0	0	0	0
15499	0	0	0	0	0	0
15500	0	0	1	1	0	0
15501	0	0	1	0.5	0	0
15502	0	0	0	0.5	0.5	0
15503	0	0	0	0.5	0.5	1
15504	0	0	0	0.5	1	1
15505	0	0	1	1	1	1
15506	0	0	1	1	1	0.5
15508	0	0	0	1	0.5	1
15509	0	0	0	1	1	1
15511	0	0	0	0.5	0	0.5
15513	1	1	0	1	0	0
15514	0	1	0	0.5	0.5	0
15515	0	0	1	0	0	0
15516	0	0	1	1	0	0
15518	0	0	0	0.5	1	1
15520	0	0	0	0	0	0
15525	0	0	0	1	0.5	0.5
15526	0	0	1	0	1	0
15527	0	0	0	0	0	0
15528	0	0	1	0.5	0	0.5
15529	0	0	0	0	0	0
15532	0	0	1	1	1	0
15533	0	0	0	0.5	1	0
15534	0	0	1	1	0.5	0.5
15535	0	0	1	0	0	0
15536	0	0	0	1	1	1
15537	0	0	1	1	0	0.5
15538	0	0	1	0.5	0.5	0.5
15539	0	0	1	0.5	0	0.5
15540	1	0	1	0.5	0.5	0
15541	0	0	1	0	0	1
15542	0	0	0	0	0	0
15543	0	0	0	1	0.5	0.5
15544	0	0	1	0	0	0
15546	0	0	0	1	0.5	0
15547	0	0	1	0	0	0
15548	0	0	0	0	0	0
15549	0	0	0	1	1	0.5
15552	0	0	1	0	0	0
15553	0	0	1	0	0	0
15554	0	0	0	0	0	0
15557	0	0	1	0	0	1
15559	0	0	1	0	0	0
15561	0	0	0	1	0	1
15562	0	0	1	0	0	0
15563	0	0	0	0	0	0
15566	0	0	1	0	0	0
15572	0	0	0	1	1	1
15611	0	0	1	0.5	0.5	0.5
15619	0	0	0	0	0	0
15620	0	0	0	0	0	0
15621	0	0	1	0.5	0	0.5
15624	0	0	1	0	0	0
15625	0	0	0	0.5	1	1
15632	0	0	0	0	0	0
15633	0	0	0	0	0	0
15634	0	0	0	0.5	0.5	0
15637	0	0	1	0.5	0	0.5
15639	0	0	0	0.5	0.5	0.5
15640	0	0	0	0	0	0
15644	0	0	0	0	0	0
15645	0	0	1	0.5	0	0.5
15648	0	0	1	0	0	0
15652	0	0	0	0	1	0
15654	0	0	1	0.5	0	0
15655	0	0	1	0	0	0
15656	0	0	0	1	1	0
15685	0	0	0	0	0	0
15686	0	0	0	0	0	0
15687	0	0	1	0.5	0	0
15688	1	0	1	0	0.5	0
15689	0	0	1	0	1	0
15690	0	1	0	1	0.5	0.5
15691	0	0	0	0	0	0
15692	0	0	1	1	0	0.5
15693	0	0	0	0.5	0.5	0
15694	0	0	1	0	1	0
15695	0	1	1	0.5	0.5	1
15697	1	0	1	0.5	0.5	0.5
15698	1	1	1	1	0.5	1
15699	0	0	0	0.5	1	0.5
15700	1	1	0	0.5	0.5	0.5
15702	0	0	0	0.5	0.5	1
15703	1	1	0	1	0.5	1
15704	1	0	1	0.5	0.5	0.5
15705	1	1	0	0.5	0.5	0.5
15706	0	0	0	0.5	0.5	0.5
15708	0	0	0	0	0.5	1
15711	0	0	1	0.5	0.5	0
15712	0	0	0	0	1	0.5
15713	1	1	0	0.5	0.5	0.5
15714	0	0	0	0	0	0
15728	0	1	1	0.5	0	0.5
15729	0	0	0	0	0.5	1
15731	0	0	1	0	0	0
15732	1	1	0	0	0	0
15733	0	0	0	0	0	0
15734	0	0	0	0	0	0
15735	0	0	1	0	0	1
15736	0	0	1	0	0	0
15737	0	0	1	0	0	1
15739	1	1	0	1	0.5	1
15740	0	0	0	0.5	0.5	0.5
15741	0	0	0	1	0.5	0.5
15742	0	1	0	0.5	0.5	1
15743	0	0	0	0	0	0
15746	1	1	0	0.5	0.5	0.5
15747	0	0	0	0.5	1	0.5
15748	0	0	0	0	0	0
15749	0	0	0	0.5	0.5	1
15750	0	0	1	1	0.5	0.5
15751	0	0	0	0	0	0
15753	1	1	0	0.5	0.5	1
15754	0	0	0	0	0	0
15757	0	0	0	0.5	0.5	0.5
15808	0	0	0	0	0.5	0.5
15814	1	1	0	0.5	0.5	0.5
15816	0	0	1	0	0	0
15826	0	0	1	1	1	1
15831	0	0	0	0	0	0
15835	0	0	1	0	0	0
15838	0	0	0	1	0.5	0.5
15839	0	0	0	0.5	0.5	1
15840	0	1	1	1	0	0.5
15841	0	0	1	0.5	0	1
15842	1	1	1	0.5	0	0.5
15843	0	0	0	1	0.5	1
15844	0	0	0	0.5	0.5	0.5
15845	1	1	0	0.5	0.5	1
15846	0	0	0	0	0	0
15847	0	0	0	0.5	0	0.5
15848	0	1	0	1	0.5	0.5
15849	0	0	1	0	1	0.5
15850	1	0	1	0	0.5	0.5
15851	1	0	1	0.5	0.5	0.5
15853	0	0	0	0	0.5	0.5
15854	0	0	1	0	0	0
15855	0	0	0	0.5	1	1
15856	0	0	0	0	0	0
15857	1	1	0	0	0.5	0.5
15858	1	1	1	0.5	0	0.5
15859	1	1	0	0.5	0	0.5
15860	0	0	1	0.5	0	0
15861	0	0	1	1	0	0
15862	0	0	0	0.5	0.5	0.5
15863	0	0	1	0.5	0	1
15864	0	1	1	0.5	0	0.5
15865	0	1	0	0	0	0
15867	1	1	1	1	0	1
15868	0	0	1	0	0	0
15869	0	0	0	0	0	0
15870	0	0	0	0.5	0	0.5
15871	0	0	0	0.5	0.5	0
15874	0	0	0	1	0	0
15877	0	0	0	0.5	1	0.5
15878	0	0	1	1	0	0
15883	0	0	1	0	0	0
15884	0	0	1	0.5	1	0.5
15903	0	0	0	0	0	0
15904	0	0	0	0.5	1	0
15905	0	0	1	0	0	0
15906	0	0	0	0.5	1	1
15911	0	0	1	0	1	0
15912	0	0	0	0	1	1
15915	0	0	1	0	0	0
15917	0	0	1	0.5	0	0
15918	1	1	0	0.5	0	0.5
15920	0	0	0	0.5	1	0.5
15922	0	0	0	0.5	0.5	0.5
15924	0	0	1	0	0	0
15925	0	0	1	0	0	1
15926	0	0	1	0	0	0
15927	0	0	1	0	0	0
15928	0	1	1	0.5	0	0.5
15929	0	0	1	0.5	0	0
15930	0	0	0	0	0	0
15931	0	0	1	0	0	0
15932	0	0	1	1	0.5	0.5
15933	1	0	1	0.5	0.5	0.5
15935	0	0	0	0.5	0.5	1
15936	0	0	0	1	0.5	1
15937	0	0	1	0.5	0	1
15938	0	0	1	1	1	0.5
15940	0	0	0	0	0	0
15941	0	0	1	0.5	0	0.5
15942	0	0	1	0.5	0.5	0
15943	0	0	0	0.5	0.5	0.5
15944	0	0	1	1	0	1
15945	0	0	1	0	0.5	0.5
15946	0	0	1	0.5	1	1
15947	0	0	1	1	0.5	0.5
15948	0	0	1	0	1	0
15949	0	0	0	0	0	0
15950	0	0	1	0	0	0
15951	1	1	0	1	0.5	1
15952	0	0	0	1	0.5	1
15954	0	0	0	0	0.5	1
15955	0	0	0	0	0	0
15956	0	0	1	0.5	1	0.5
15957	0	0	0	1	0.5	1
15958	0	0	1	1	1	1
15959	0	0	1	0	0	0
15960	0	0	0	0	0.5	0.5
15961	0	0	0	1	0.5	0
15963	0	0	0	0.5	0.5	0.5
15964	0	0	1	1	0.5	0
15965	0	0	0	1	0.5	1
15966	0	0	0	0	0.5	0.5
15967	0	0	1	0	1	0
15968	0	0	1	1	0	1
15969	0	1	0	0.5	0.5	1
15970	0	0	1	1	0	0.5
15971	0	1	0	0.5	0.5	0
15972	0	1	1	0.5	0.5	0.5
15973	0	0	1	0	0	0
15976	0	0	1	0.5	0	0.5
15977	0	0	0	1	0.5	0.5
15978	0	0	0	0.5	0.5	0.5
15979	0	0	0	0.5	1	0
15980	0	0	1	1	0	0
15982	0	0	1	0.5	0	0
15983	0	0	1	0.5	0	0
15984	0	0	0	1	0.5	0.5
15985	0	0	0	1	0.5	0.5
15986	0	0	1	0.5	0	0.5
15987	1	1	0	0.5	0	0.5
15988	0	0	0	1	0.5	0.5
15989	0	0	0	0	0	0
15990	0	0	0	0.5	0.5	0.5
15991	0	1	0	0	0	0
15992	0	0	0	1	1	0.5
15993	0	0	1	0	0	0
15994	0	0	1	0.5	1	0
15995	0	0	0	1	0.5	0.5
15996	0	0	0	0.5	1	0.5
15997	0	0	0	0.5	0.5	0.5
15998	1	1	0	0.5	0.5	0.5
15999	1	1	0	0.5	0.5	0.5
16001	0	0	0	0.5	0.5	0.5
16002	0	0	0	1	0.5	1
16005	0	0	0	1	0	0
16006	0	0	0	0.5	1	0.5
16007	1	0	1	0.5	1	0.5
16008	0	0	0	0.5	0.5	0.5
16009	0	0	0	0.5	0.5	0.5
16010	0	0	0	1	0.5	0.5
16011	0	0	0	1	1	0.5
16012	0	0	0	0.5	0.5	1
16013	0	0	0	1	0.5	0.5
16014	0	0	0	1	0.5	1
16015	0	1	0	0.5	0.5	0.5
16016	1	1	1	0.5	0	0
16017	0	0	0	0.5	1	0.5
16018	0	0	0	0	0	0
16019	0	0	1	1	0	0
16021	0	0	1	1	0	0.5
16022	0	0	0	1	0.5	0.5
16023	0	0	1	0.5	0.5	0.5
16024	0	0	1	0	0	0
16025	0	0	0	0	0	0
16026	0	0	1	0.5	0	0.5
16027	0	0	1	1	0	1
16028	0	0	1	0.5	0.5	0.5
16029	0	0	1	0	0	0
16030	0	0	0	0	0	0
16034	0	0	1	0.5	0.5	0.5
16036	0	0	1	1	0	1
16037	0	0	0	0.5	1	1
16039	0	0	1	1	1	1
16040	0	0	1	0	0	0
16043	0	0	1	1	0.5	0
16044	0	1	0	1	0	0
16048	0	0	0	0	0	0
16050	0	0	0	0	0	0
16051	1	1	0	0.5	0.5	0.5
16052	0	0	1	1	0	0
16054	0	0	1	0.5	1	0
16055	0	0	0	0.5	1	0.5
16057	0	1	0	0	0	0
16058	1	1	0	0.5	1	1
16060	0	0	0	0	0	0
16061	0	0	1	0	0	0
16062	0	0	0	0.5	0.5	0.5
16065	0	0	1	0	0	0
16068	0	0	0	0.5	1	0.5
16072	0	0	0	0	0	0
16075	0	0	0	0	0	1
16076	0	0	0	0	0	0
16077	0	0	0	0	0	0
16078	0	0	0	0	0	0
16079	0	0	0	0.5	0.5	0.5
16080	0	0	1	1	0	0
16084	0	0	0	0.5	0.5	1
16085	0	0	0	0.5	0.5	0.5
16086	0	0	1	0	0	1
16087	0	1	0	0	0	0
16088	0	0	1	0.5	1	0
16089	1	1	0	0.5	1	0
16090	1	0	1	0.5	0.5	0.5
16091	0	0	0	0.5	0.5	0.5
16092	0	0	0	0.5	0	0.5
16093	0	0	0	0	0.5	0.5
16094	1	1	0	0	0	0
16095	0	0	0	0.5	0.5	0.5
16096	1	1	1	0.5	0	0
