15327	1	0	1	1	0.5	0.5
15328	1	0	1	1	0.5	1
15329	1	1	0	0.5	0.5	1
15330	1	1	0	0.5	0.5	0.5
15331	0	1	0	1	0.5	1
15332	1	0	1	0.5	0.5	1
15333	0	0	1	0	0	0
15338	0	0	0	1	0.5	1
15339	0	0	0	0.5	0.5	0.5
15341	0	1	0	0.5	0.5	1
15342	0	0	1	0	0	0
15347	0	0	1	1	0.5	0.5
15363	0	0	1	0	0	0
15368	0	0	0	1	0	0.5
15402	1	1	0	1	0.5	0.5
15405	0	0	1	1	1	1
15407	0	0	0	0	0	0
15412	1	0	1	0.5	1	0.5
15413	1	1	0	0.5	0.5	0.5
15414	1	1	0	0	0	0
15417	1	0	1	0.5	0.5	0.5
15418	1	0	1	0.5	0.5	0
15430	1	0	1	1	0.5	0.5
15432	0	0	0	0	0	0
15433	0	0	1	0.5	0.5	0.5
15435	0	0	1	0.5	0	0
15436	1	1	0	1	0.5	1
15438	1	0	1	0.5	1	0.5
15439	0	0	0	0	0	0
15440	0	0	1	1	0.5	1
15443	0	0	1	1	0.5	0.5
15445	1	0	1	0.5	1	1
15447	0	0	0	0.5	0.5	0.5
15453	0	1	0	0.5	0	0.5
15454	0	0	0	0.5	0.5	1
15456	0	0	1	0.5	0.5	0.5
15457	0	0	0	1	0.5	1
15458	1	0	1	1	0.5	0.5
15459	0	0	0	1	0.5	1
15461	0	0	1	0	0	0
15468	0	0	1	0.5	0.5	0.5
15471	0	0	0	0.5	0.5	0.5
15472	0	1	0	1	0.5	1
15473	0	1	0	1	0.5	1
15474	0	0	0	1	0.5	1
15484	1	0	1	0.5	0.5	0
15485	0	0	1	0	0	0
15488	0	0	0	0	0	0
15489	0	0	1	0	0	0
15490	1	1	0	1	0.5	0.5
15499	0	0	0	0	0	0
15552	0	1	0	1	0.5	0.5
15553	1	1	0	0.5	0.5	1
15554	0	0	0	1	0.5	1
15557	0	0	0	0	0	0
15560	0	0	1	0	1	0.5
15571	0	0	0	0	0.5	0
15574	0	0	0	1	1	0.5
15576	0	0	0	0.5	0.5	0.5
15579	0	0	1	0	0	0
15586	0	0	0	1	1	0.5
15587	0	1	0	0	0	0
15588	0	0	0	0.5	0.5	1
15589	0	1	0	0	0	0
15590	0	0	1	0	0	0
15593	0	0	1	0	0	0
15594	1	1	0	0.5	0	0.5
15595	0	0	0	1	0.5	1
15596	0	0	0	0	0	1
15597	0	0	0	1	1	1
15599	1	1	0	1	0.5	0.5
15600	1	1	0	1	0.5	0.5
15601	1	1	0	0.5	0	0
15602	1	1	0	0.5	0.5	0.5
15604	1	0	1	0.5	0.5	0.5
15605	1	0	1	0.5	1	1
15606	0	0	0	1	0.5	1
15607	1	0	1	1	0.5	1
15608	0	0	1	0.5	0.5	0.5
15609	1	0	1	1	1	0.5
15610	0	0	0	1	0.5	0.5
15611	0	0	0	0.5	0.5	0.5
15612	1	1	0	1	0.5	0.5
15613	1	0	1	1	0.5	0.5
15614	1	1	1	0.5	0.5	0.5
15615	1	0	1	0.5	0.5	0.5
15616	1	0	1	0.5	0.5	0.5
15617	1	0	1	0.5	1	0.5
15618	0	0	1	1	1	1
15620	0	0	1	1	0.5	0.5
15621	0	0	0	0.5	0.5	0.5
15622	1	1	1	1	1	0.5
15623	1	1	0	0.5	1	0.5
15624	0	0	0	1	0.5	1
15625	0	1	0	1	0.5	0
15626	1	1	1	1	1	0.5
15627	0	0	0	1	0	0.5
15628	1	1	0	1	0.5	0.5
15629	1	1	0	1	0.5	0.5
15630	1	1	0	1	0.5	0.5
15631	0	1	0	0.5	0.5	0.5
15635	1	1	0	0	0.5	0.5
15636	0	0	0	0	0	0
15637	0	1	0	1	0.5	0.5
15638	0	0	0	0.5	0.5	0.5
15640	0	0	0	0.5	0.5	0
15641	1	0	1	1	0.5	0.5
15642	0	0	0	0	0	0
15643	1	1	0	1	0	0
15644	1	0	1	0.5	1	0
15645	1	1	0	0	0	0
15647	0	0	0	0	0	0
15649	1	1	0	1	0.5	1
15650	0	1	0	1	0.5	0
15652	1	1	0	1	0.5	0.5
15654	1	1	0	0	0	0
15656	1	1	0	1	0	1
15657	1	1	0	0.5	0.5	0.5
15658	0	0	0	0.5	0.5	1
15659	1	0	1	1	0.5	0.5
15660	1	1	1	0.5	0.5	0.5
15661	0	0	1	1	0.5	0
15662	1	1	1	0.5	0.5	0.5
15663	1	0	1	0.5	0.5	0.5
15664	1	1	0	1	0.5	0.5
15665	1	1	1	0.5	0.5	0.5
15666	1	0	1	0.5	0.5	0.5
15667	0	0	0	1	0.5	1
15668	1	1	0	1	0.5	0.5
15669	1	1	0	0.5	0.5	0.5
15670	1	0	1	0.5	0.5	0.5
15671	0	0	1	0.5	0.5	0.5
15672	1	0	1	1	0.5	0.5
15673	1	0	1	0.5	0.5	0.5
15674	0	0	0	1	0.5	0
15675	1	0	0	0.5	0.5	0.5
15676	1	0	1	0.5	1	0
15677	1	0	1	0.5	1	0.5
15678	1	1	0	0.5	0.5	0.5
15679	1	0	1	0.5	0.5	0.5
15680	1	0	1	1	0.5	0.5
15681	1	0	1	0.5	1	0
15682	1	1	1	0.5	0.5	0.5
15683	1	1	0	1	0.5	0.5
15684	1	1	1	1	0.5	0.5
15685	0	0	0	0.5	1	0.5
15686	1	0	1	0.5	0.5	0
15687	1	1	0	0.5	0.5	0.5
15688	0	0	1	1	1	0
15689	0	0	0	0.5	1	1
15690	0	1	0	1	0.5	0
15691	1	0	1	0.5	0.5	0
15693	0	0	0	0.5	1	0.5
15694	1	0	1	1	0.5	0
15695	1	0	1	0.5	1	0.5
15696	1	0	1	0.5	0.5	0
15697	1	0	1	1	0.5	0
15698	0	0	0	1	0	0
15699	0	0	1	1	0.5	0
15700	1	0	1	0.5	1	0.5
15701	1	1	0	1	0.5	0.5
15702	1	0	1	1	0.5	0.5
15703	1	0	1	1	1	0.5
15704	1	0	1	1	1	0.5
15705	0	0	0	1	0.5	0
15706	1	0	1	1	0.5	0.5
15707	1	1	1	1	1	0
15708	1	0	1	1	0.5	0
15709	1	0	1	0.5	0.5	0.5
15710	1	1	0	1	0.5	0.5
15711	1	0	1	0.5	0.5	0.5
15712	0	0	1	0.5	1	0
15721	0	0	1	0	0	0
15723	0	0	1	0.5	1	0
15724	1	0	1	1	1	0.5
15725	1	1	0	1	0.5	0.5
15728	0	0	0	0.5	0.5	0.5
15729	1	0	1	1	1	0.5
15730	0	0	0	0	0	0
15731	1	1	0	0.5	0.5	0.5
15732	0	0	0	0.5	1	0.5
15735	1	0	1	1	1	0.5
15737	1	0	1	0.5	0.5	0.5
15738	1	1	0	0.5	1	0.5
15739	1	1	0	0.5	1	0.5
15740	1	0	1	1	0.5	0
15743	0	0	0	1	0.5	0.5
15744	1	0	1	1	1	0.5
15745	0	1	0	1	1	0.5
15746	1	1	0	1	1	1
15752	1	1	0	0.5	0.5	0.5
15753	1	1	0	1	0.5	0.5
15754	0	1	0	0.5	1	0.5
15756	1	1	0	0.5	0.5	0.5
15758	0	0	0	0.5	1	0
15759	1	0	1	1	0.5	0.5
15760	0	0	1	0	0.5	0.5
15761	0	0	1	0	1	0.5
15763	0	0	0	0	0.5	1
15764	0	1	0	0.5	0.5	1
15771	0	0	0	0	0	0
15772	0	1	0	1	0.5	0.5
15773	0	0	1	0	0	0
15774	0	0	0	0.5	1	0
15777	0	0	0	0	0	0
15778	0	0	0	1	1	1
15779	0	0	0	1	0.5	1
15780	0	0	0	0	0	1
15781	0	0	0	0	0	0
15782	1	1	0	1	0.5	1
15784	0	0	1	0.5	1	0
15785	0	0	1	0	1	0
15786	1	0	1	0.5	1	0
15787	1	1	0	0	0	0
15788	1	0	1	0.5	1	0
15789	0	1	0	0	0.5	0
15792	1	1	0	0.5	0	0
15793	1	1	0	1	1	0.5
15794	1	0	1	0.5	1	0.5
15795	0	0	0	0	1	1
15800	0	0	0	0.5	1	1
15801	0	0	0	0.5	0.5	0.5
15802	0	0	1	0.5	0.5	0.5
15806	0	0	0	0.5	0.5	1
15807	0	0	0	1	0.5	0.5
15808	1	0	1	1	1	0.5
15809	1	0	1	0.5	0.5	0.5
15811	0	0	0	1	0.5	1
15812	0	0	1	0	0	0
15818	0	0	0	0.5	1	1
15819	0	0	0	0	1	0
15821	0	1	0	0.5	0.5	0
15822	1	1	0	0.5	1	0.5
15823	1	0	1	0.5	1	0
15825	1	0	1	0.5	0.5	0
15826	1	0	1	0.5	0.5	0.5
15827	0	0	0	1	0	1
15828	0	0	0	1	0	0
15829	1	1	1	1	0.5	0.5
15830	0	0	1	1	0.5	0.5
15833	1	0	1	1	0.5	0.5
15834	1	0	1	1	0.5	0.5
15835	1	0	1	1	0.5	0.5
15836	1	1	0	0.5	1	0.5
15837	1	1	0	0.5	0.5	0.5
15839	1	1	0	0	0	0
15841	0	0	1	0	0.5	0
15842	1	1	0	0.5	0.5	1
15843	1	0	1	1	1	0
15855	0	0	0	0.5	0.5	0
15856	1	1	0	0.5	0.5	0.5
15858	1	1	0	0.5	0.5	0.5
15859	0	0	0	1	0.5	0
15860	1	0	1	0.5	0.5	0
15862	0	0	0	0.5	1	0
15864	0	0	0	1	1	1
15865	0	0	0	1	0.5	1
15868	1	1	0	1	1	0.5
15869	0	1	0	1	0.5	0
15870	0	0	0	1	0.5	0
15871	1	1	0	1	0.5	0
15872	1	1	1	0.5	0.5	0
15873	1	1	1	1	0.5	0.5
15875	1	0	1	1	0.5	0.5
15876	1	0	1	1	0.5	0.5
15877	1	0	1	1	1	0.5
15878	1	0	1	1	0.5	0
15879	0	0	1	0.5	0.5	1
15881	1	0	1	1	0.5	0.5
15882	1	0	1	0.5	1	0.5
15883	1	0	1	1	1	0.5
15884	1	1	1	1	0.5	0.5
15885	1	0	1	0.5	1	0.5
15886	1	1	0	0.5	0.5	0.5
15887	0	0	1	0.5	0.5	0
15888	1	0	1	1	0.5	0
15889	0	0	1	0.5	0	0.5
15890	0	0	1	0.5	1	0.5
15891	0	0	0	0.5	0.5	0.5
15892	0	0	1	0.5	1	1
15893	1	0	1	1	0.5	0
15896	1	1	0	1	0	0
15897	0	0	1	1	0.5	0
15899	0	0	1	1	0.5	0.5
15900	1	0	1	0.5	0.5	0
15901	0	0	1	0	0	0
15902	1	0	1	0.5	0.5	0.5
15903	0	0	1	1	1	0
15904	1	0	1	1	0.5	0
15905	1	1	0	1	0.5	0.5
15906	0	0	0	1	1	0.5
15907	0	0	1	0.5	1	0.5
15912	0	0	1	0.5	1	0
15913	0	0	0	0	0	0
15914	1	0	1	1	1	0.5
15918	0	1	0	1	1	0.5
15919	1	0	1	1	1	0.5
15920	1	1	0	1	0	0
15921	1	0	1	1	1	0.5
15922	0	0	1	1	0.5	0
15923	1	0	1	1	0.5	0.5
15924	1	0	1	0.5	0.5	0.5
15925	1	0	1	0.5	0.5	0
15926	1	1	0	0.5	0	1
15927	1	0	1	1	1	0.5
15928	0	0	1	1	1	0
15929	1	0	1	1	1	0.5
15930	1	0	1	1	0.5	0
15931	0	0	1	0	1	1
15932	0	0	1	0.5	1	1
15933	1	1	1	1	0.5	0.5
15934	1	1	1	1	1	0.5
15935	0	0	0	0.5	0.5	0.5
15936	0	0	0	1	0.5	0.5
15937	0	0	0	0	0	0
15939	0	0	1	0.5	1	1
15941	0	0	0	0	0	0
15943	0	1	0	0.5	0.5	0.5
15945	1	1	0	1	0.5	0.5
15946	1	1	0	0.5	0.5	0.5
15947	0	0	0	1	0.5	1
15948	0	1	0	0.5	0.5	0
15949	1	1	1	0.5	0.5	0.5
15950	0	1	0	1	0.5	0
15953	0	0	0	0.5	1	0.5
15954	1	1	0	0.5	1	0
15955	0	0	1	1	0.5	0
15956	0	0	0	0.5	0.5	0.5
15961	1	1	0	1	0	0
15962	1	1	0	0.5	0.5	0.5
15963	1	1	0	0.5	0.5	1
15965	0	0	1	1	1	0
15967	0	0	0	1	1	0
15969	1	1	0	0.5	0.5	0.5
15970	1	1	1	0.5	0.5	0.5
15971	1	0	1	1	1	0
15972	1	1	0	1	0.5	0
15973	0	1	0	0.5	0	0
15974	1	1	0	0.5	0.5	0
15975	1	1	0	0.5	0.5	0
15976	1	1	0	0.5	0.5	0.5
15977	1	1	0	0.5	0	0.5
15978	0	0	0	0.5	0.5	0.5
15979	1	1	1	1	0.5	0.5
15980	1	0	1	0.5	0.5	0
15981	0	0	1	0.5	1	1
15982	1	0	1	1	0.5	0.5
15983	1	0	1	0.5	0.5	0.5
15984	1	0	1	0.5	0.5	0.5
15985	0	0	0	0.5	0	0
15986	1	0	1	1	1	0.5
15987	1	0	1	0.5	0.5	0.5
15988	0	0	0	0	0	0
15989	1	0	1	0.5	1	0
15990	0	0	0	0.5	1	0
15991	0	0	0	0.5	1	1
15992	1	1	0	0.5	0.5	0.5
15993	1	1	1	1	0.5	0.5
15994	1	0	1	1	0.5	0
15995	1	0	1	1	0.5	0.5
15996	1	0	1	1	0.5	0.5
15997	1	0	1	1	0.5	0.5
16003	0	1	0	1	0	0
16004	0	0	0	1	0.5	0
16005	1	0	1	1	0.5	0.5
16006	1	1	0	0.5	1	0.5
16007	0	0	0	1	0.5	0.5
16008	1	1	1	1	0.5	0.5
16009	0	0	0	1	0.5	0.5
16010	0	0	0	1	0	0.5
16011	1	1	0	1	0.5	0.5
16012	1	1	1	1	0.5	0
16013	1	1	0	1	0	1
16014	1	1	1	0	0	1
16015	1	1	1	0.5	0.5	0
16016	1	0	1	1	0.5	0.5
16017	1	0	1	0.5	0.5	0.5
16018	1	1	1	1	0.5	0.5
16019	0	0	1	0.5	0.5	0.5
16020	0	0	0	1	0	0
16021	0	1	0	1	0.5	1
16022	1	1	0	1	0.5	0.5
16023	1	1	1	1	0.5	0.5
16024	1	1	1	1	0.5	0.5
16030	1	0	1	0.5	1	0.5
16031	1	0	1	1	0.5	0.5
16034	0	0	0	0	0	0
16036	1	0	1	0	0.5	0
16039	1	1	0	1	0.5	0.5
16048	1	0	1	0.5	0.5	0.5
16049	1	1	1	0	0	0
16050	0	0	1	1	1	1
16052	0	0	1	0	0	0
16053	1	1	1	0.5	0.5	0.5
16054	1	1	1	0.5	0.5	0.5
16055	0	0	1	0	0	0
16056	0	0	1	1	0	0
16058	1	1	1	1	0.5	0.5
16059	0	0	1	0.5	1	1
16060	0	0	1	0.5	0.5	0.5
16061	1	1	1	0.5	0.5	0.5
16062	0	0	1	0.5	1	1
16065	0	0	1	1	1	0
16066	0	1	0	0.5	0.5	0.5
16067	1	0	1	1	1	0
16068	1	1	1	1	0.5	0.5
16069	0	0	1	0.5	1	0.5
16070	0	0	1	0.5	0.5	0
16071	1	1	0	0.5	0.5	1
16072	0	0	1	1	1	0
16073	0	1	0	1	0.5	0.5
16074	0	0	1	1	1	0
16075	1	0	1	0.5	1	0
16076	0	0	1	0	1	1
16077	1	0	1	0.5	1	0
16078	0	0	0	1	0.5	1
16079	0	0	0	0.5	0.5	0.5
16080	1	1	0	1	1	0.5
16081	1	1	0	1	0.5	1
16082	1	1	1	0.5	0.5	0.5
16083	1	1	1	0.5	0.5	0.5
16084	1	0	1	0.5	0.5	0.5
16085	0	0	0	1	1	1
16086	0	0	1	1	1	0
16087	0	0	1	1	1	0
16088	1	1	1	0.5	0.5	0.5
16089	1	1	1	1	0.5	0.5
16090	0	0	1	1	0	0
16091	1	1	0	1	0.5	0.5
16092	1	1	0	1	0.5	0
16093	0	0	1	1	1	0.5
16095	1	1	1	0.5	0.5	0.5
16096	1	1	1	1	0	0.5
16097	0	0	1	0	0	0.5
16098	0	0	0	0.5	0.5	1
16099	0	0	1	0.5	1	1
16103	0	0	1	0	0	0
16104	1	1	0	0.5	0.5	1
16105	1	0	1	0.5	0.5	0.5
16106	0	0	0	0	1	0
16107	0	0	0	0.5	0.5	1
16108	0	0	1	0	0	0
16109	0	0	1	0	0	0
16110	1	0	1	1	0.5	0.5
16111	1	0	1	0.5	0.5	0.5
16114	0	0	0	1	1	1
16115	1	1	0	1	0.5	0.5
16116	0	0	0	0.5	0	0
16118	1	1	0	1	0	0
16119	1	1	0	1	0	0
16120	0	0	0	0	0	0
16121	1	1	1	1	0.5	0
16122	1	0	1	1	0.5	0.5
16123	0	0	0	1	0	0
16124	0	0	0	1	0	0
16125	0	0	0	0	1	0.5
16127	0	0	0	0	0	0
16128	0	0	0	0	0	0
16130	0	0	0	1	0	0
