15452	0	0	0.870487501816532
15453	3.25809372468343	1.25187672932517	1.09432227476834
15454	3.40119352941363	2.07768573229644	0.964262057331339
15455	1.09860949383365	0.611964989995044	0.970547601784408
15456	4.3820223996459	3.11350282340585	0.988974456743663
15457	3.52635010665643	2.7927033001046	0.910203027755714
15458	4.17437011801494	2.75649910416571	1.03049731479823
15459	1.79174404828985	1.70971764858416	0.847815768472865
15460	3.43398289013321	2.42334572336713	0.97086093696549
15461	4.06043340937901	2.80049480168964	1.00181246222716
15462	3.71356352593399	2.65334528413729	0.974580370741545
15463	1.09860387133682	0.747480694604986	1.02722152894217
15464	4.12712934059094	3.12527282220652	1.07636319532358
15465	3.871197231419	3.86572805090176	0.86181708593052
15466	2.30258509299405	2.18557907967762	0.813460376229741
15470	3.43398550888961	1.67426546722062	0.959648131414212
15472	3.29583435303031	3.21620819846028	0.841596104190669
15473	2.48490569279974	2.48386347374306	0.868025764222541
15474	2.99572944114176	1.96424453533993	0.992305834803784
15475	4.00732890652266	2.92557482360043	0.93251482557719
15476	4.35670070898353	3.36999777579324	1.00137550399637
15477	2.83320663607284	2.46529826552632	0.878657808240811
15478	3.09103025124825	2.97161142389458	0.854961867022297
15479	1.09860950005303	0.805313526222159	0.829063576262275
15481	3.73766513629871	3.09110891112061	0.897005252548541
15482	3.73766101352427	3.65186253509248	0.844106015572394
15483	2.89037175789616	2.12183476164904	1.10180173690561
15485	1.60943591841781	0.464100778607658	0.907527734171225
15486	3.71355908957088	2.39891675761129	0.986364816465515
15487	2.56494774206649	2.56494935746154	0.868434785195198
15489	3.21887275898425	3.21887331467714	0.867433480143397
15491	3.29583641933294	3.24882293376399	0.852870923029579
15494	2.19722333978876	2.10360465974365	0.836956078650274
15495	3.2580945907128	1.66305240762454	1.08314358176615
15496	1.09860952165819	0.253433749200226	1.09439414075579
15497	2.89036898010681	1.65834036485712	0.929580324727705
15500	2.83321187346185	1.77971795077788	0.945263914720136
15509	2.56494551129167	1.17496994123673	1.08047116122543
15515	0	0	0.86648152586189
15518	1.79175946922806	0.636038754801538	1.06081593289569
15519	2.30255682341161	1.22952342555975	0.991533400250591
15521	0	0	0.801708098720044
15522	0	0	0.870487501816532
15528	3.68887852505917	3.64691085996617	0.858869981112105
15529	2.56494847181729	1.22856196645243	0.982984118239914
15530	3.13546718467043	2.10399483132292	0.919656075076045
15531	2.70804708517152	1.00115507217249	1.03530903063905
15532	3.13549240713238	3.13549274891641	0.870597716679998
15534	1.38629200953474	1.38548525014194	0.867485993956627
15536	2.70804774821309	1.42129185027921	1.10335726959448
15537	0	0	0.86598923172424
15538	0	0	0.721136202874108
15539	2.56492501651753	1.47179430721116	0.969792665819409
15540	4.14313096467441	2.72099141904133	1.05800288203781
15541	2.94442099596146	1.96146915424001	0.939729196643602
15542	1.94590760711823	1.00473013077635	1.0298572326345
15543	2.8332091101911	2.72404077153701	0.842015830170777
15544	1.09861228866811	1.04637596267985	0.848748850404613
15545	0.69306706305419	0.693147180559945	0.874015093641643
15546	0.693147180559945	0.580581781403384	0.835300418778945
15547	3.33220146564274	3.3322045101752	0.871495281918542
15548	4.15888062315924	4.14235136235743	0.865423300834653
15549	2.39789527279837	2.39789527279837	0.865484084707256
15550	2.83321334405622	2.83081729661861	0.868709666515908
15551	3.43398435438336	3.23757960024171	0.833024665139102
15552	3.17805080560849	3.13352939044409	0.864299274778425
15553	2.7725716853617	2.51672515435801	0.831590579066667
15554	4.20469024452242	2.70515501958677	1.09273467645995
15555	2.56494445953118	1.05761771806218	1.05342963490712
15556	4.00733318523247	3.81664032438239	0.835208212859636
15557	4.38201959208728	4.19440988687601	0.819529147761435
15558	4.53259169921527	3.40495344077853	1.0278050781323
15559	2.3978934079268	2.34273960713925	0.862235163816894
15560	4.52178830530878	4.485918864853	0.882950997936117
15561	3.29583221009676	2.10467399280361	1.04204561438045
15564	2.56494935746154	2.56494755131071	0.870059845785196
15565	2.63905732961526	2.63905732961526	0.86648152586189
15566	1.79175247276585	1.65395916114057	0.85523581057389
15567	3.87119984720552	3.74758118235448	0.842842258081448
15569	3.91202071795882	3.27510578666085	0.916828654478591
15570	3.82863396646883	3.68445110491518	0.855713218487512
15571	1.60942073689145	0.621723265215255	1.05681541790933
15572	3.58351614362165	3.58351667148357	0.873682239526212
15573	1.6094379124341	1.6094379124341	0.872489155163594
15574	1.94590354325445	1.63257200689779	0.806331654048535
15576	1.79175668061298	1.70152555950335	0.853384662550201
15577	2.70804740626775	2.63635212581955	0.859837195782418
15578	3.55534806148941	3.54660559642835	0.865813016062053
15581	3.93182397501814	3.52270597722411	1.07918180832481
15582	1.09861228866811	0.961198351923148	0.817025971765873
15584	1.79175355812256	1.77749293675045	0.853663654042153
15587	0	0	0.86648152586189
15588	3.71355535354322	2.82861704332952	0.911289517856266
15589	2.484906649788	1.43653615646166	1.06899747593593
15590	0.693147180559945	0.693147180559945	0.871142031732075
15594	0.693147180559945	0.559524786917859	0.830696613496559
15595	1.7917566743936	1.79175720679969	0.874383143403975
15596	1.94586779189102	1.8605017677123	0.842274807115545
15599	1.79175946922806	1.02069700601646	1.105667575547
15600	0	0	0.874489919579404
15602	2.39789527279837	2.32038926546217	1.01154551564101
15606	1.38629125168327	0.302197900843477	1.06761563158368
15608	1.38629202515987	0.524893149189734	1.07557821498009
15609	0	0	0.868203298272139
15611	2.30257396301171	1.8662622236629	0.813902217959964
15613	1.38628811109385	0.864006103221547	1.09244520007683
15618	1.60943489938845	1.44382452036344	0.83425281108739
15620	1.60942985509071	0.616761981106625	1.08206635515578
15621	1.60943590641772	1.6094362847913	0.871293408874056
15622	1.09861228866811	1.00240980534958	0.843984385224686
15625	2.0794401779017	1.00421942644078	1.01142562222381
15626	1.79175946922806	1.76401091500447	0.860616578593317
15629	2.89037001694983	2.84356338498321	0.860783679160422
15630	3.95124348324172	3.75528581619017	0.842587586053702
15631	3.8066610416251	3.67172608478441	0.84267902228577
15632	0.693134680507861	0.556660245757722	0.829289734031999
15633	2.07943544426191	1.95167841809947	0.84811076910197
15634	0	0	0.866552191155499
15635	0	0	1.04686338025032
15636	1.79175772828172	1.65395916114057	0.85578562720283
15638	2.19722147657443	1.16925630245612	1.00160041044508
15639	1.79175773792685	1.65401702651721	0.849398583431197
15640	0.693134680507861	0.415979120072264	0.817627322787398
15641	2.07944017106571	1.95930466554657	0.841838618860702
15642	1.09860395530005	0.392519742688595	1.09983102089755
15643	0.693144071123323	0.693144632774099	0.869671810788309
15644	0.693147180559945	0.693144632774099	0.870896650638299
15645	1.09861228866811	1.09861228866811	0.868293866456319
15648	0.693144071123323	0.693147180559945	0.868835171921574
15649	1.09861228866811	1.09861228866811	0.870979465591982
15650	0.693147180559945	0.693147180559945	0.8684843277707
15651	2.39789114796062	2.39789274537709	0.867394291235926
15652	0.693144071123323	0.179320076056719	1.09637574604445
15655	2.56494196013553	2.50265028788015	0.854694749133164
15656	3.04450389845487	1.44822859148823	0.978366424374499
15657	3.21887350871151	1.92917565394144	0.992665215853105
15658	2.07943705484059	1.96217508932488	0.846837630645549
15660	2.19718680318446	2.17876238607462	0.866508609092668
15661	2.19721964891865	2.07605573078344	0.848033151711706
15665	1.791726494097	1.79175720225552	0.875299481081121
15666	2.484906649788	2.44038220988415	0.860393520618512
15669	3.61091479344964	2.67958582929603	1.02255778544477
15670	4.00733080533017	3.9426858464395	0.852042991460647
15672	3.25809653802148	3.01910150813177	0.861266893224375
15678	0.693144071123323	0.693147180559945	0.865587636124992
15679	0	0	0.874489919579404
15680	3.04451947743545	3.04452003609112	0.876664895587519
15681	3.13546111134701	3.10124535865642	0.870736905018065
15682	1.79175113586	1.19272965453484	1.00038741973056
15683	0	0	0.868761707329189
15685	2.19719137631806	0.920532353288534	1.02126713017821
15687	2.94443648955971	1.84760963372969	0.995231967218066
15689	0	0	0.852462679422062
15690	0.693147180559945	0.693147180559945	0.871897472561643
15691	2.30258509299405	2.30258509299405	0.864477202019486
15693	1.60943590641772	1.53060178518265	0.85498833029822
15698	1.94591014905531	0.699716465505181	0.780384188795368
15704	2.39789280207403	1.19432270471447	1.0047459234922
15705	1.6094379124341	1.6094379124341	0.773951732799501
15706	2.48489754190167	2.30071766267901	0.837576577678312
15707	0	0	0.870768364017859
15708	0	0	1.04686338025032
15709	0	0	0.868484958921672
15712	1.94591014905531	1.65128062086724	0.826234600719856
15714	2.99573102354878	1.72678073641801	0.949375749473638
15715	3.29583317460527	3.29583440696182	0.865718760034624
15716	0	0	0.875342264944037
15717	2.30258509299405	2.30258509299405	0.860419629102607
15718	2.99573067554299	2.91472700164134	0.852530915942133
15719	0	0	0.746244962617135
15720	3.04447774449775	2.87643225463048	0.840235975951965
15721	3.55534504441361	3.45950796602044	0.839934398935246
15722	2.83319645202856	2.78392789841354	0.859175152369725
15723	2.94443584773009	2.91646337343948	0.866042592600146
15724	4.06044071408492	4.05327804485433	0.87246575775837
15725	2.5649408873072	1.67695708998185	1.10284929789986
15727	3.63758553519714	3.62136517375152	0.869837621548441
15728	3.97028882901244	3.85489070472791	0.843321840001791
15729	2.83321334405622	2.83196852526387	0.864257205614271
15730	3.91200938339403	2.27971635222958	0.948777409554738
15731	3.52635600990117	2.42074129583563	1.10436721815751
15732	2.30257895027116	1.21100638868708	1.09080186490254
15733	3.98896823283538	2.85257003527423	1.10415092117871
15734	2.56494774206649	2.53455905058982	0.860216435738707
15735	3.49647267085457	2.15727254602334	0.936694769321245
15736	3.80665811023887	3.73208870219286	0.84978866810868
15737	4.06044279836671	3.31676610807964	0.894177737618989
15738	3.2188758248682	2.79764220197282	1.02364545959139
15739	4.06043482707104	3.83556277005853	0.866626394503964
15740	2.7080371006684	2.33698424102457	0.791493545428581
15741	1.09860104044682	0.760266661579188	1.00088118750155
15742	2.70804215283935	2.667826368958	0.865874538033839
15744	1.94589321061257	0.784858729750133	1.04773321626093
15746	2.48489337453365	0.91155513025119	1.02697299869341
15747	2.8903631477926	2.69123648927719	0.841914322704795
15748	2.39789527279837	2.39789527279837	0.868484958921672
15750	1.38629125168327	1.38629245315246	0.867875362877904
15751	1.94590399437089	0.636165802689083	1.08209725305821
15752	1.09861228866811	1.09861228866811	0.871624107382283
15756	0.693147180559945	0.693147180559945	0.868484958921672
15757	3.82863714680845	2.88982507476921	1.10264265210862
15758	2.63905523947735	1.79472240971123	0.76494524562802
15759	1.94591014905531	1.94591014905531	0.9925244965977
15764	0.693067868271433	0.693147180559945	0.872649834870975
15765	1.60943590641772	1.6094379124341	0.86920456869345
15766	1.94590347683339	1.03592707802481	1.10195572665285
15772	0.693147180559945	0.0350378390802974	1.09672226780237
15774	3.7611917551936	2.16384590740567	1.09020867376138
15775	3.09102044234795	2.22187598928939	1.10546830459546
15776	1.38629202515987	0.365167824239609	1.10250910288058
15782	3.46572652116739	2.38334007760785	0.997441290623114
15783	2.63904183529744	1.53449792644304	1.05443298669661
15784	2.30257704825143	1.45235242972854	1.10255494104284
15789	3.85014167325216	2.38348337674941	1.10488468186551
15790	2.56494846794835	1.45056387644136	1.06040580627343
15791	3.91200779222856	2.67215857128763	1.02647594262258
15792	1.38629436111989	1.38629436111989	0.869967646808866
15793	2.89036862689677	1.48974513337718	0.951725241405159
15795	1.79175668061298	1.70816117888242	0.840928515688275
15797	2.39789527279837	2.00526606820009	0.75960354594041
15798	0	0	0.875342264944037
15799	3.29583641933294	3.29583650354475	0.868323659489404
15802	1.09861228866811	1.09861002623974	0.869526215596871
15803	1.79175946922806	1.79175946922806	0.868484958921672
15804	1.94591014905531	1.94591014905531	0.870487501816532
15805	0.693147180559945	0.693147180559945	0.869996274562811
15807	0	0	0.869996274562811
15812	0.693147180559945	0.693147180559945	0.864477202019486
15822	2.56494935746154	2.56494935746154	0.872489155163594
15852	3.55534523399535	3.32426627453323	0.818784770327736
15855	1.09861228866811	1.09861228866811	0.7423988214207
15857	1.6094379124341	1.6094379124341	0.7423988214207
15859	2.83321021485169	2.81532456931289	0.772760440528087
15860	0.693147180559945	0.693147180559945	0.772649772638372
15863	3.40119147055666	2.57085348206689	1.09954253735135
15864	0	0	0.870487501816532
15866	2.19722457733622	2.19722457733622	0.870487501816532
15867	3.33220177335287	2.50951731667009	1.10292864306041
15870	2.99571989024774	2.53972831510636	1.08429235909471
15872	0.693147180559945	0.693147180559945	0.988624877605067
15885	3.46572106859227	2.2924840373259	1.07962043348425
15886	1.38629436111989	1.38629245315246	0.870846136574618
15887	0.693134554563017	0.693144632774099	0.872263853255246
15892	0	0	0.872489155163594
15897	1.09861228866811	1.09861228866811	0.868269407911645
15899	2.77258562933408	2.77258621331923	0.868850781955083
15900	1.60943489938845	0.914046268693792	1.10421612287838
15902	2.48489943915586	2.48490438735963	0.87075791002415
15903	2.89036554357033	1.58490437270909	1.0215767447725
15904	0	0	0.86648152586189
15907	1.38626650194193	1.38629245315246	0.870998376918183
15909	2.07943229369967	0.880325711374761	1.04293023600969
15910	2.19722333978876	2.153355879469	0.861133495314569
15912	0.693144008148924	0.693147180559945	0.868304198553992
15913	2.19722333333901	2.12958729081952	0.858302315726969
15922	1.38629436111989	1.38629436111989	0.7423988214207
15933	3.21887253619326	2.38034517271747	1.10262424188506
15934	0	0	0.741826659804369
15942	3.40119738166216	2.47140526164068	1.06244938833995
15943	3.46573590279973	3.46573339387918	0.87150554792046
15948	3.09104245335832	3.09104245335832	0.83201785791169
15949	1.79175772050747	1.72815032247346	0.808398490092154
15950	3.13549113002047	3.11079069816022	0.860566058070203
15951	2.07944154167984	2.07944154167984	0.86648152586189
15954	3.17805383034795	3.17698307901987	0.86434725022234
15955	4.12712737711211	4.03745652444003	0.844629025723927
