15384	2.63905732961526	2.63905483489776	0.867702439321807
15386	4.54326360138796	3.47914044464688	0.957735587194186
15387	3.49650525028076	3.496505692713	0.868343356921173
15389	3.13548850031953	1.69655430291045	1.02676646405823
15390	2.39788773936271	1.3919191731471	1.06541274524463
15391	3.76119249167809	2.19423156188032	1.02256088702598
15392	3.36729066872839	3.33598424034861	0.859828780743759
15393	3.33220162862237	2.89671784226208	0.925617530226557
15394	3.46572780968082	3.33059101689549	0.882697022581907
15395	4.26267428745795	2.69022694477348	1.07340035310819
15396	3.29583203539693	3.29583616881154	0.866520773493981
15398	2.19722457733622	2.19722457733622	0.772466042910475
15400	1.38629436111989	1.38629436111989	0.858932008199231
15402	3.33220140101564	2.67411493199773	0.925036908398491
15405	4.45434165363945	4.45357878223389	0.866168451436772
15406	2.89037035500762	2.83428159260239	1.06787007988238
15408	3.55533647376774	2.5361203250887	1.07449749534976
15409	1.94591014905531	1.94591014905531	0.864745711066477
15410	2.89036921592945	2.89037175789616	0.866457189940697
15411	0	0	0.870768364017859
15412	2.39789527279837	2.39789527279837	0.868484958921672
15413	3.68887283471675	3.68877711728702	0.869123812945457
15414	3.80666030058438	3.80666248977032	0.868691790125344
15415	0.693147180559945	0.693147180559945	0.866754156552691
15416	3.43394772833071	2.52966530268246	0.98986690948796
15417	3.40119738166216	3.40008475707485	0.86175994696219
15418	2.7725857753841	2.77212391244033	0.865879767936993
15419	1.38629118870887	1.05087648255031	0.960738725392976
15420	4.35669970436494	3.02750509270472	1.10429339469864
15421	2.77256329553401	2.48084690876753	0.923003270935407
15422	1.79174926505543	0.722771703345358	1.0732365124202
15423	3.93182054891622	3.83163511448681	0.839166647068031
15424	3.46573287442509	3.46492679182177	0.865701180714109
15425	2.83320224417778	1.19771213021689	1.04051630963683
15426	3.33220331722443	3.32694740416174	0.861505283632781
15427	0	0	0.858406318579258
15428	3.61091559617016	2.49147181606092	1.08823394892813
15429	2.6390383717843	2.63905732961526	0.872507637815558
15430	4.11087133505421	4.11087386417331	0.869231887576528
15431	3.85014486861128	3.85014577769894	0.870882387455088
15432	3.87119841896053	3.58173825081722	0.921285839145275
15433	4.02534407862295	3.95259178449273	0.876300910560534
15434	4.67281954569038	4.35428161974402	0.93317697703206
15435	3.89181170840821	2.76629596986517	1.10398800733203
15436	1.79175946922806	1.79175946922806	0.864477202019486
15437	3.29581638477404	2.01608033087722	1.10377357963919
15439	3.89181136568008	3.89165561327632	0.86756192435637
15440	2.83320282980404	2.83259184813662	0.870131534806446
15441	3.09102090992825	3.02519321385454	0.851403035414357
15442	4.61511624553305	3.21891405401323	1.10206030470006
15443	3.4657330658583	3.4657339948323	0.870765556264835
15444	2.99573227355399	2.8035257754636	0.884483089719595
15445	1.94590707099458	1.94590765219159	0.868847157395782
15446	4.00731938874192	4.00733219708048	0.874874140859198
15447	3.25809525901816	3.25809550020486	0.867886740217963
15448	3.25809149569722	2.47996683844565	1.08086235380251
15449	3.73766961828337	3.73766961828337	0.867937885197577
15450	3.13548600273866	3.10123394822851	0.865393384927917
15451	2.63904930644758	2.63905665541209	0.871431431347442
15452	4.53257922698344	3.51081149943688	1.10271780359134
15453	4.14312165932463	3.56690884249455	0.915098809381429
15454	3.04451987756459	3.04374077049327	0.86556332502206
15455	4.69133854614435	3.76209303144499	0.974606562409501
15456	3.40119426704438	3.40119738166216	0.868931424735523
15457	3.85013116088584	3.11463597433682	0.917970242385595
15458	3.63757773604573	3.59546939774385	0.862819643175493
15459	2.77258318645167	2.13540793533796	1.10111604364731
15460	3.73766511719812	2.47035759028257	1.10359387801706
15461	4.15888308335967	4.15888308335967	0.870362541338115
15462	4.17437742692325	3.58287348423985	0.913725418232391
15463	2.5649192232429	2.56464936338365	0.872368371312837
15464	4.5643340605982	3.65217613085297	0.929212692785655
15465	3.61091311230497	3.60312768125545	0.863128551317176
15466	2.83320596223733	2.39244492804367	1.01515020150328
15467	4.07752414355572	4.07699415761364	0.871222275953328
15468	3.61091165253607	3.61001112873934	0.866790874767417
15469	3.21886774423017	3.19357818950268	0.862219682948365
15470	1.6094379124341	1.24272347256438	1.10246352162397
15471	2.30258308697767	2.16453671918442	0.7976262618175
15472	4.91998092582813	4.91998092582813	0.867833454294518
15473	3.3672927809045	3.15404887098641	1.03172501309342
15474	3.04452243772342	3.04452243772342	0.870487501816532
15475	2.484906649788	2.484906649788	0.870487501816532
15476	2.07943598992983	2.07944154167984	0.871360502565124
15477	1.6094379124341	1.6094379124341	0.871044252034336
15478	3.17805383034795	3.17805383034795	0.868246809443029
15479	3.713568943596	3.71357206670431	0.870120143378035
15480	4.33072595747063	2.75102786232661	1.09173815940105
15481	3.29583409899441	3.28448299814715	0.854893231417971
15482	4.02533899372671	4.02500763072408	0.869663054369435
15483	3.61091697924676	2.76853473662897	1.10284958853422
15484	3.17804472257271	3.07496597044992	0.839016344974686
15485	3.43398644406337	3.43373259818242	0.868557157128663
15486	2.07944154167984	1.68239501943716	1.00721381674197
15487	3.58351860025227	3.26216059348566	1.06384539093829
15488	2.70804774821309	1.48539242846752	1.0370218669134
15489	2.39789527279837	2.39789527279837	0.866765993723224
15490	3.04452243772342	2.8297745470254	0.785489495050236
15491	3.89181291387919	2.96654591146337	1.03712548343448
15495	3.33220177335287	3.33129977956239	0.865990867939036
15496	1.79175946922806	1.79175946922806	0.858406318579258
15498	1.09861228866811	1.09861228866811	0.870487501816532
15504	1.38629436111989	1.38629436111989	0.829237263322676
15505	3.091028069022	3.09104201238769	0.870761497726403
15508	3.97027703622153	2.95889917350753	0.924171437236934
15509	4.34380165370075	4.27789882403345	0.87457711414855
15510	3.52635877740179	3.52636052461616	0.868275328830853
15511	2.48484033062319	2.48435562557985	0.867565423776829
15512	2.70799637174635	2.50087825477128	0.898950016661482
15513	1.94591014905531	1.94591014905531	0.868269407911645
15515	3.17805383034795	3.17805130088951	0.868176401684994
15516	2.70804539610367	2.34757522853381	0.962564794592977
15517	2.89037175789616	2.89037175789616	1.07659562479243
15518	2.7080485344286	2.45363544297309	0.893969401245129
15519	3.49650756146648	3.49650756146648	0.873329124544995
15520	4.1896424765734	3.95796440643787	0.901415601571923
15521	3.46571523438871	2.6435299333912	1.04101903666966
15523	1.38629436111989	1.38629436111989	0.868761707329189
15524	0.693147180559945	0.693147180559945	0.871044252034336
15528	2.30258509299405	2.30258509299405	0.741826659804369
15533	3.4657339929337	3.46573590279973	0.865613948315786
15537	1.6094379124341	1.6094379124341	0.864745711066477
15540	3.04452243772342	3.04452243772342	0.86648152586189
15541	1.79175946922806	1.79175946922806	0.86648152586189
15542	1.60935579148341	0.877644681859629	1.07512549246366
15543	1.94590758889649	1.94591014905531	0.867706688347553
15544	3.36729265855539	3.36729582998647	0.872189078151887
15545	3.52635298734668	3.52636052461616	0.87105062324208
15548	2.63905732961526	2.63905732961526	0.868484958921672
15549	0	0	0.868484958921672
15550	4.48861422241422	4.48863636973214	0.871739173583892
15551	1.6094379124341	1.6094379124341	0.864477202019486
15552	0	0	0.868761707329189
15553	3.29582426045526	3.2825186224513	0.856012103763174
15554	3.09103246646832	3.09104245335832	0.867286979614918
15558	2.56494935746154	2.56494935746154	0.872984121927529
15559	2.30257499814542	2.00269814262914	0.759535549039592
15560	1.79175946922806	1.79175946922806	0.741826659804369
15561	3.66352832977103	3.66356164612965	0.867197780632329
15565	2.63905218280048	2.41818199379452	1.02875379898181
15566	1.79175946922806	1.79175946922806	0.866808945408683
15567	4.39444605534526	3.74249477577659	0.993839066388013
15568	3.25809653802148	2.30971149102593	0.950376463600434
15569	2.63905732961526	2.63905732961526	0.867021774289191
15570	2.07944154167984	2.07943915133221	0.870805428165544
15571	3.46573354334316	3.43245909876531	0.862309836328815
15572	2.30257955578445	2.30147218452764	0.861533447411415
15574	2.77258872223978	2.77258872223978	0.870768364017859
15576	1.79175946922806	1.79175946922806	0.871044252034336
15577	4.17437777523424	1.95496793663901	1.081469281035
15578	3.25809653802148	3.25809653802148	0.870768364017859
15579	3.3322045101752	3.31327613432107	0.871370162874676
15583	2.0794391663614	2.07944154167984	0.871370382934259
15584	2.56494935746154	2.56494935746154	0.871044252034336
15585	3.6375662536778	3.6375838681917	0.869952553706438
15586	3.76119124957737	2.87906673624454	1.06415401047857
15594	0.693147180559945	0.693147180559945	0.866765993723224
15595	3.66356002328036	3.5804303131726	0.854284121535627
15596	2.99571457855733	2.98272847835639	0.860280165945046
15597	0.693147180559945	0.693147180559945	0.873999757415239
15599	1.09861228866811	1.09861228866811	0.873999757415239
15600	3.29583600190311	3.29583686600433	0.873851195347657
15601	3.66353004404039	3.19810368233102	1.10763232690816
15602	3.61091791264422	3.61091559212286	0.870310977369507
15603	3.68887945411394	3.68887945411394	0.873054144475559
15606	4.36944528203055	4.36944748119102	0.8670776914352
15607	3.29583239556588	3.1320049027586	0.838415225092862
15608	3.21887272081953	2.61603930457841	0.745740480532597
15609	4.3820179145163	3.03618274126614	1.0967163025978
15610	2.99571978218734	2.99573227355399	0.872684724462881
15611	2.89037175789616	2.89037175789616	0.86648152586189
15612	2.19722457733622	2.19722457733622	0.866327952050777
15614	4.21950325999775	2.79237133168711	1.02308108062769
15615	1.94591014905531	1.94591014905531	0.864477202019486
15616	2.30258509299405	2.30258509299405	0.533460131768992
15617	1.79175946922806	1.79175946922806	0.868484958921672
15620	4.26267891212261	4.26267987704132	0.86655430694638
15621	3.29583686600433	3.29583686600433	0.869996274562811
15622	4.39443547298026	4.25931171770488	0.844671244560849
15623	2.99572897141664	2.99573135855507	0.872209272929753
15624	1.79175946922806	1.79175946922806	0.868761707329189
15625	3.33220367453925	3.33220325959244	0.86811778109147
15626	3.93182023744058	3.39024708202883	0.804216283493086
15627	3.13549421592915	3.13549421592915	0.867963557342274
15632	2.07944154167984	2.07944154167984	0.866754156552691
15634	3.25809653802148	3.25809653802148	0.866658962329346
15635	1.09861228866811	1.09861228866811	0.868826740358392
15636	3.61089902330144	3.61091791264422	0.87044269719651
15637	3.29583548147523	3.29583616881154	0.874394691266842
15638	4.07753703376391	4.07753680149514	0.866207252461128
15641	2.99572356808396	2.84407665011165	0.841813444171515
15642	3.95124195611199	3.94531832049269	0.866469220958427
15643	2.8332104432102	2.83321334405622	0.869970515780718
15644	4.33073106559609	3.28383911356349	0.928659693062003
15645	4.18965474202643	3.59466604251245	0.974343330004875
15646	3.49649692296736	3.49650756146648	0.868768990803414
15647	4.58495853552249	4.54225556474351	0.860207016492665
15648	4.58494534334857	4.22398721558524	0.953152948470065
15652	3.52635668799013	3.02161349530704	0.994233492551903
15653	4.34376305146591	2.7902077983307	1.07878042433683
15654	3.40119208886302	1.20341592822525	1.05371307621281
15655	2.30258509299405	2.02641179998296	0.817352840433686
15656	4.34380354245132	3.2404763595824	1.05609648429838
15660	3.1354910961245	3.13549421592915	0.868118610298054
15661	2.63905732961526	2.63905732961526	0.868269407911645
15662	1.79175946922806	1.79175946922806	0.868269407911645
15663	2.39789527279837	2.39789527279837	0.866754156552691
15670	3.25809347324594	3.25809653802148	0.868788330010138
15671	3.09101782069226	3.07628291868335	0.858470660343581
15673	2.07944154167984	2.07944154167984	1.07659562479243
15695	3.135491158068	3.13549421592915	0.866432721682981
15696	3.63757338418162	3.63758615972639	0.873634654283173
15697	2.94443897916644	2.94443897916644	0.873329124544995
15700	2.63905732961526	2.63905732961526	0.870487501816532
15704	2.94443626143232	2.94443897916644	0.867683401813684
15705	1.09861228866811	1.09861228866811	0.868484958921672
15707	4.23410457963188	4.23410650459726	0.869434467958782
15713	0	0	0.874288303189906
15725	1.79175773792685	1.79175946922806	0.868651050517032
15732	2.70804741248713	2.70805020110221	0.869892766611803
15734	3.49650756146648	3.49650756146648	0.870487501816532
15736	3.36728985377373	3.36729582998647	0.866294715406554
15737	4.15887717269929	2.51377940741224	1.09492467345321
15744	4.45434542689501	4.44501142759633	0.86492692463285
15746	0.693134554563017	0.693147180559945	0.871424442750051
15759	3.40117596446582	2.34104332139886	1.08239898297676
15760	3.76120011569356	3.76120011569356	0.86648152586189
15772	1.6094379124341	1.6094379124341	0.860419629102607
15773	1.38629200166333	1.38629245315246	0.869552620313786
15776	0	0	0.714796084829292
15777	3.21887273064789	2.91073172032658	0.809777686466122
15778	3.95121966783656	3.93084964476988	0.86594480473905
15779	4.06042623499001	4.0604420676029	0.869868624118978
15780	4.4543415542364	4.40346183862458	0.872686935585827
15781	3.3322045101752	3.3322045101752	0.86648152586189
15782	3.3322036793126	3.02514542275951	0.798604268405743
15784	2.70805020110221	2.70805020110221	0.869033462180722
15786	2.83321334405622	2.83321334405622	0.864745711066477
15789	2.56494935746154	2.20287352826158	0.794308134313934
15790	3.66355762596972	3.66356164612965	0.870997778512095
15791	4.56433399678964	4.4972041423456	0.857912201569697
15792	1.09861228866811	1.09861228866811	0.870822238765121
15799	3.68887725945223	2.27654639265851	1.09679538557489
15800	1.09860109057817	0.742671764817649	0.898081478776745
15801	1.6094379124341	1.6094379124341	0.864477202019486
15803	2.19722457733622	2.19722457733622	0.906871510727288
15804	0.693134296895144	0.693147180559945	0.874152926756262
15805	3.63757641645695	3.63758542055485	0.872532034546544
15806	3.55533847941722	3.54374904623626	0.859414170964007
15807	3.09102874332411	3.0886421121322	0.869081023890477
15808	4.40670335800471	3.32346125614446	0.980657274345339
15813	2.56494935746154	2.56494935746154	0.866754156552691
15814	2.70805020110221	2.70805020110221	0.866754156552691
15818	2.07942984238493	2.06244733567654	0.847325045210266
15819	2.70805020110221	2.70805020110221	0.870768364017859
15824	0	0	0.870768364017859
