13110	3.49650190673541	3.40336353752867	0.854900629761795
13111	2.89036016878393	1.84816769326167	0.96917448791053
13115	1.60943286203533	1.6094379124341	0.87276234971346
13118	1.09860947190115	0.914423301559117	0.835741493592286
13124	2.83321203016791	2.52596770971798	0.821734742364809
13129	3.17804222121955	2.99304720483719	0.839979665919829
13130	3.04451529366161	2.27874922096066	0.940059853006608
13132	3.43396998323469	3.35734227953319	0.858528755450388
13133	3.04451206856874	3.0082990393809	0.85929555807852
13164	2.99572935439591	2.99572995297383	0.867388898506927
13173	1.09860950005303	1.09861228866811	0.740143940731621
13174	1.6094070954883	1.13646416984985	0.774606973057864
13175	2.48489095778181	2.08437376937075	0.784709675310631
13178	2.94441555698006	2.67338457932527	0.824975142860368
13181	3.17803198892719	2.90775022894247	0.826688620924083
13186	2.63905519718724	2.55145959621191	0.853870468113838
13187	0.693147180559945	0.693147180559945	0.74059201308077
13189	2.63904715454576	1.45630045132406	1.07123661892073
13193	3.17803575688338	1.89411901530882	0.975220280061398
13199	0	0	0.74059201308077
13200	1.79175234380997	1.68877668583758	0.855155103958958
13210	2.89036633756343	2.82259532962145	0.860836681504079
13216	2.48490277454248	2.484906649788	0.866875040284961
13229	0	0	0.866261321234657
13230	3.09104022888135	3.09104066064906	0.86763435388619
13242	1.60940943391448	1.21631326674683	0.802907886045318
13243	0	0	0.740281434084278
13244	1.38626885308485	1.05911853210094	0.815398889274005
13248	2.484906649788	2.48490587324633	0.87077407605132
13251	3.73766877419449	3.69449435795123	0.864790645268899
13255	1.09861228866811	1.09861228866811	0.871044252034336
13256	1.79175946922806	1.79175946922806	0.866261321234657
13257	1.60942457385127	1.55795163800919	0.855344050780985
13258	2.19721039199951	1.84681861070472	0.811646400104274
13262	1.38628791928749	1.38629245315246	0.868324523991262
13263	1.38629112380181	1.22894296812637	0.842747551111519
13273	1.38628160726504	1.37962414170935	0.873838921361284
13313	0.693144008148924	0.693147180559945	0.865965608161115
13332	1.60943286203533	0.961859539490699	1.10506798704456
13333	3.17804549014007	2.43284763602671	0.929435119734734
13336	0	0	0.867021774289191
13355	0	0	0.746148296406704
13356	2.7080471840264	2.70804775375474	0.870065618151612
13367	2.07942017161916	2.07943899389399	0.872288426656693
13368	3.0910292181791	3.09103999114432	0.869867676608528
13369	1.94591014905531	1.94591014905531	0.879172044521056
13370	2.70802900116979	1.23960726453736	1.01664250877496
13371	3.43396165962003	2.44193467471266	0.925342451827671
13392	1.38629115650182	1.38629436111989	0.868079044251521
13403	3.33220133776418	3.33220196238936	0.868980629793332
13413	1.38629436111989	0.956281750129113	0.784260160184254
13417	3.40117885664367	2.16370315431129	1.0309063483081
13418	1.7917566743936	1.79175946922806	0.870336315709183
13420	1.60942580770121	0.882438279353361	1.0758163265423
13424	0.693147180559945	0.693147180559945	0.869033462180722
13432	1.09861228866811	1.09861228866811	0.866790371297216
13437	2.19722457733622	2.19722457733622	0.879172044521056
13445	2.89036044646331	1.46354507137768	0.999949814642993
13446	3.36729223234696	0.580158331087719	1.09635977518082
13447	1.94591014905531	1.94591014905531	0.873054144475559
13465	3.71356269109984	3.71357206670431	0.866259552295126
13466	1.60943586562528	0.475334598807491	1.10005702767959
13474	1.94591014905531	1.17551467255526	1.06970199277063
13479	1.38629436111989	1.38629436111989	0.869033462180722
13486	2.19722457733622	2.19722457733622	0.869033462180722
13495	2.39789527279837	2.39789527279837	0.745083344959711
13497	0.693147180559945	0.693147180559945	0.868761707329189
13517	2.89034663147473	1.98317279540656	1.09836123329678
13518	2.63903693584074	2.53981476073201	0.859456125901444
13522	0	0	0.872785956009427
13524	2.19722176056926	2.14025628326093	0.854070493078724
13525	2.99572863404768	2.94027730816035	0.856932176762024
13528	3.09103933957331	3.09104245335832	0.872946514005895
13529	3.43397160189061	3.00534745644067	0.81759427206815
13539	2.56494935746154	2.44608404647809	0.840196336588512
13551	1.6094379124341	1.6094379124341	0.866261321234657
13553	2.83321334405622	2.28791198044654	1.03495389356724
13556	2.63905415720424	2.63905732961526	0.870422212262426
13557	2.39789527279837	2.39789527279837	0.869033462180722
13559	0	0	0.736043699880735
13567	2.63905260381911	2.63905732961526	0.871044601006654
13600	1.38629436111989	0.820476320763506	1.04394842656569
13601	1.09861228866811	1.09861228866811	0.871044252034336
13605	1.60943489535829	1.3578965672247	0.796284695415936
13636	1.79175946922806	1.79175946922806	0.868269407911645
13647	0	0	0.879172044521056
13650	0.693144039872868	0.693144632774099	0.871958445672303
13656	2.77258205388836	1.29483449393504	1.00417405640114
13657	1.60943489938845	1.46921871317378	0.822186353002732
13662	2.19721331492044	0.694820876991211	1.06191471715233
13663	1.79175213042337	1.58866108487419	0.849025786200447
13712	2.48490358400296	2.44028421233076	0.864182882912102
13717	0	0	0.872774127240007
13719	2.83321151437316	1.44790357810916	1.01615138959485
13720	2.63905422343774	1.28460102557895	1.02889112702218
13721	1.79175772828172	1.59010031268439	0.821297857624637
13777	1.60943587799271	1.6094379124341	0.867791315942167
13780	2.5649461726327	2.5649480280346	0.870361817653903
13790	1.38629195359408	1.38629436111989	0.870901359944565
13791	0	0	0.872562378633061
13794	2.77258277824948	1.71105818489097	0.98171945730737
13795	2.89036591836812	2.60122104338394	0.826713385099787
13802	3.04451238365269	2.97387468693883	0.854407467554787
13806	1.79175243673393	0.125261205323911	1.08982398523539
13810	2.19721952857157	2.05847408413697	0.849728390081833
13811	1.79175526056241	1.28979392030536	0.768834185572242
13812	1.6094379124341	1.6094379124341	0.867007312267167
13813	3.33219503606163	1.73547206127053	1.04247829925336
13816	1.6094379124341	1.6094379124341	0.87042955971601
13819	2.19721895008448	0.566651257139022	1.08158361590558
13820	1.6094379124341	1.4852137775903	0.849442081511836
13822	0.693147180559945	0.365971351540995	0.816095091918593
13823	0	0	0.866754156552691
13825	2.39788641901479	2.11942172626989	0.861616114177665
13827	0	0	0.868540621403625
13828	3.04451151195167	2.97465876923703	0.837542962486473
13832	2.07944154167984	2.07944154167984	0.799604700801813
13834	2.30258509299405	2.30258509299405	0.799604700801813
13842	2.77258731666236	2.70114824842745	0.82539744280025
13849	1.79175768487066	1.79175946922806	0.744361622644915
13852	2.48489296853795	2.21496888191231	0.827309227192688
13866	3.17805074778508	2.83247742049175	0.811109967322602
13867	2.39789212564478	2.26268457082057	0.833503134424148
13868	2.63905519718724	2.16421083963736	0.782685167182858
13869	2.83321203016791	2.83298159909069	0.868525982514949
13871	2.94443581498396	2.69380491782239	0.828710130665108
13875	2.6390460889388	2.45845278165662	0.845955971518842
13878	4.30405628443863	3.66603871227406	0.88926609644859
13880	2.89036728672318	2.85924709987349	0.864338514466044
13881	0	0	0.734062820980828
13882	2.07943915837042	1.7154721095613	0.818168701433613
13891	3.87119264859355	3.27406849127563	1.05076027145337
13892	0.693147180559945	0.693147180559945	0.783118446603536
13895	2.39789527279837	2.39789527279837	0.783118446603536
13896	1.09861228866811	1.09861228866811	0.783118446603536
13899	1.94590701135079	1.82900063503469	0.857273533570032
13901	2.30258188837598	2.22213674760453	0.861480105156742
13903	3.36727605787036	2.6409949058499	0.921114330951482
13904	4.4885947770236	3.42414468325544	0.930113411598886
13906	3.6375761154735	3.63758395531791	0.871133960900536
13907	1.09860947190115	1.09861002623974	0.870006855153391
13908	2.48489737790612	1.26261857840636	0.996552869888303
13909	3.17804449950244	3.14525129705399	0.867956589413445
13910	2.8903601754446	2.89037074900259	0.872822679125717
13913	3.21887330099788	3.2188758248682	0.87121877103103
13916	1.09860387133682	1.04767218091535	0.774784839703275
13917	2.70804082363807	2.70804775669936	0.872751917801502
13924	2.70803922445666	2.70805020110221	0.871702853682607
13925	1.79175769288349	1.79175946922806	0.870447635543534
13929	1.38626642142418	1.38041466809144	0.863705722633915
13947	2.07944154167984	2.07944154167984	0.866261321234657
13951	3.13548904836303	3.07280789007659	0.847134629748979
13955	2.07943278948452	0.507963585935318	1.08752757925104
13957	2.07942956478307	2.02284754763044	0.848812345678376
13959	2.19722176056926	1.91028573029816	0.819192284332788
13960	2.30258509299405	2.30258509299405	0.869374770589415
13961	3.13549421592915	3.13549421592915	0.868540621403625
13962	2.07944154167984	2.07944154167984	0.803399233131137
13965	2.63905474361502	1.55874277031309	1.10225731267643
13980	2.63905732961526	2.63905732961526	0.803399233131137
13986	1.79175946922806	1.79175946922806	0.900169804662948
13994	1.60943486896405	1.57617671225076	0.856947972971805
14006	3.21886961527864	3.17837679656542	0.865634358131639
14016	2.30258243174468	2.07733170526273	0.809980226331147
14046	2.19722457733622	2.19722457733622	0.799604700801813
14066	3.09104022071626	1.72650860821797	1.08329785694988
14077	3.17803890757989	2.24892683571053	1.07405237526215
14078	3.52634472403822	2.62917326909201	1.0671949653925
14079	2.63905732961526	2.63905732961526	0.738361200431029
14089	2.39787899341504	1.52973511494921	1.06292611630021
14092	2.63905441337863	1.44595169746491	1.09184063929489
14093	1.38628173512296	1.31767554884876	0.838679697065205
14094	2.564935937958	0.564217159067744	1.03841194433828
14100	1.79175207755022	1.79175946922806	0.738059763898921
14103	1.09861228866811	0.12735512819538	1.07387536983354
14107	1.94590495015492	1.94591014905531	0.736576357795881
14114	1.79175946922806	0.35089864106547	1.10251213309043
14116	2.39789527279837	2.39789527279837	0.799604700801813
14120	1.6094379124341	0.27838331427576	1.10581260943152
14121	2.39789001902829	1.34819085365924	1.093178489128
14124	0.693147180559945	0.048662143698434	1.0077361702672
14126	0	0	0.74470097866123
14127	2.83321334405622	2.83321334405622	0.741880148713022
14128	1.38629436111989	1.38629436111989	0.799604700801813
14144	2.30256196735156	2.27188441055307	0.865508449122569
14147	2.83320809051249	1.32167572589387	1.03221442074233
14151	3.76119521732321	3.75503921493193	0.870398604468779
14153	2.39788727937088	2.32156523991829	0.858696217614075
14157	3.13549421592915	3.13549421592915	0.799604700801813
14160	3.36723928646754	3.06948101655995	0.898426551436425
14163	3.17805098500063	3.15615622058415	0.864740741629747
14164	1.0986094433208	1.09861228866811	0.872679408405554
14165	1.94590756305507	1.80446837648736	0.843681308553117
14166	2.708047723456	2.35778199102871	1.06704652020941
14167	2.30258395398767	2.1226965770021	1.03652697040914
14173	1.6094100509791	1.6094362847913	0.868027451320924
14174	1.09861228866811	1.09861228866811	0.866790371297216
14179	3.40119371618681	3.36418435255023	0.864493486227763
14182	2.89035764226804	2.78445156997832	0.854013977595597
14183	3.33220026457039	3.27128409876601	0.863045738335009
14186	2.1972224019596	0.821712286242431	1.06623157885663
14195	1.38629436111989	1.38629436111989	0.803399233131137
14198	3.09103970379829	3.09104245335832	0.871858413549835
14200	2.30258192058302	2.30258509299405	0.871235362869193
14202	1.6094379124341	1.6094379124341	0.872774127240007
14203	1.94590861442401	1.94590765433782	0.871610093371989
14205	1.38628473097786	1.17243252181406	0.845576760820768
14208	0.693144039872868	0.580581781403384	0.826412016527595
14212	2.39789106428564	1.2072536134372	1.05120371680789
14213	0	0	0.865009187733631
14225	3.66355681853224	2.44180338397844	0.977619127672926
14228	3.95124153859932	2.64733877330933	0.936429112157598
14229	4.54329245875743	3.50098379615106	0.901924918687382
14230	3.25806931689018	3.23188805687549	0.861974660980486
14231	2.63905732961526	2.63905732961526	0.803399233131137
14232	3.33220240384761	3.21720132628738	0.837189270172379
14249	0.693147180559945	0.693147180559945	0.872774127240007
14253	2.48487976527365	2.48490523718672	0.873774581311285
14259	2.63905732961526	2.63905732961526	0.869033462180722
14267	1.94591014905531	1.94591014905531	0.868761707329189
14270	2.30258509299405	2.30258509299405	0.868761707329189
14288	2.07943212145645	2.07900537191837	0.870346312617375
14294	2.77256176914315	1.4204821012739	1.00622966673906
14295	0	0	0.86880675626794
14305	3.29583686600433	3.29583686600433	0.744822526551491
14308	2.83321037323341	2.83321087692368	0.870574409384719
14312	3.09103694305893	1.6140476275066	1.0441916262213
14313	3.09103827193476	1.70185580718023	1.04912442568022
14314	1.38629196170705	1.32285817913783	0.851288344194108
14357	2.30257690676749	0.188310380295872	0.904257383695319
14364	2.39788068172983	2.39789375965952	0.871562371168547
14463	2.56494571905137	2.56494863198319	0.867340928245747
14470	1.79175946922806	1.79175946922806	0.866528395362452
14482	2.70805020110221	2.70805020110221	0.871315083389481
14648	1.79175946922806	1.79175946922806	0.877354505215207
14649	2.94442895417233	1.95171730402514	1.10303565964231
14650	1.94591014905531	1.94591014905531	0.877354505215207
14652	2.30258509299405	2.30258509299405	0.879172044521056
14666	2.70805020110221	2.70805020110221	0.869067728507087
14669	1.09861228866811	1.09861228866811	0.879172044521056
14671	0.693118338750855	0.693147180559945	0.871674116813601
14848	1.94590495015492	1.77034529038207	0.834994051527645
15225	3.21887187996597	3.0869300179044	0.853396153746026
15226	0.693147180559945	0.693147180559945	0.868269407911645
15281	1.38629436111989	1.38629436111989	0.72337673302454
15286	2.19721895008448	2.19722457733622	0.870205856429973
15295	3.55534806148941	3.55534806148941	0.872774127240007
15453	2.9444319043701	2.88800367697966	0.846384676500293
15457	2.07944154167984	2.07944154167984	0.872774127240007
15460	2.39789233366006	2.32494445407775	0.861314262915016
15469	2.94443897916644	2.94443897916644	0.72337673302454
15470	1.38629436111989	1.38629436111989	0.72337673302454
