15410	3.13548793421828	2.24846412208506	1.09973560883492
15411	1.94590707099458	1.94591014905531	0.868722349663817
15413	2.56494713139452	2.5035551862343	0.858553961182837
15414	1.38629436111989	1.38629436111989	0.870487501816532
15415	0.693147180559945	0.693147180559945	0.864203742206993
15424	2.77257463891669	2.70156862634444	0.854601547842221
15426	2.48489801939001	2.43493903267068	0.859281054930555
15428	0.693144039872868	0.0429792586786323	1.09587936122149
15429	0.693147180559945	0.693147180559945	0.989049878715007
15430	2.77258637065463	2.77258872223978	0.867137770431524
15431	3.95123936026639	3.30273628682541	0.908671217486424
15433	2.77258605339607	2.68644989640896	0.850953695964043
15434	0	0	0.864203742206993
15435	1.79175632854098	1.79175946922806	0.866338795323295
15436	3.52635516880474	2.27781059764944	1.08879966182095
15437	4.33072589040167	4.28858309498217	0.860455889509968
15438	4.07752961192212	3.4426516899842	0.901839383537998
15439	3.25809653802148	3.21704095393673	0.860109601372532
15440	2.39789527279837	2.3191303472733	0.869080889580517
15441	3.1780497295108	3.02785147144561	0.847007581220056
15442	2.39787616782903	2.39789527279837	0.871697587725964
15443	2.83320778653661	2.73781246778713	0.854393588373952
15444	2.94443473369963	2.78309522384593	0.84578666440364
15445	3.610913931522	3.53097306244487	0.855956275473483
15446	2.07944154167984	2.07944154167984	0.864477202019486
15447	3.61091656128724	3.61091764541331	0.864956665390633
15448	2.39789527279837	2.39789527279837	0.864477202019486
15449	3.66355726359706	3.53699706229207	0.850839647962874
15450	2.99572664707309	2.87252599027599	0.852332769631384
15451	2.77258681237376	2.61620875145249	0.845861324875103
15452	3.9512363670139	3.27806638865929	0.907946178833832
15454	3.82863802098225	3.81714769591822	0.865794622664034
15455	3.71356999720015	3.67505780492845	0.860652637475572
15456	3.04452050461056	3.00694170983036	0.862250274429942
15457	3.73766547497651	3.7062491890157	0.861591334442407
15458	1.09860950005303	1.09861002623974	0.866819097879492
15459	3.52635747347663	3.52636052461616	0.866026729262022
15460	1.94591014905531	1.94591014905531	0.865630177103968
15461	4.29045684441245	4.22171294215736	0.871545560926986
15462	3.76119432059965	3.70743548639243	0.86015354240445
15463	3.5263590540218	3.30872515396224	0.889656505348697
15464	2.77258367656906	2.57472967125163	0.894008137983243
15466	2.89036819315492	2.89037122460303	0.867428313150895
15467	3.80665925191225	2.70381632979663	0.980486767204681
15468	2.30258058446474	2.30258417799513	0.867278731010016
15469	3.66355717364234	2.41713062684143	0.987842268186794
15470	0	0	0.86648152586189
15479	2.56494282303401	2.48181802450449	0.853241152921401
15480	1.09861228866811	1.09861228866811	0.865231913885574
15482	2.19721900629441	2.19722457733622	0.86669291033476
15483	0.693147180559945	0.415979120072264	0.813014414079215
15484	1.6094379124341	1.50063040184684	0.847559319545728
15486	1.09861228866811	0.211879507392333	1.10027758953369
15487	1.09861228866811	0.914423301559117	0.83415657868023
15498	1.60943590641772	1.50063040184684	0.850921444276264
15499	0	0	0.866754156552691
15509	0	0	0.748362262524114
15513	2.07944017106571	1.74975741965875	0.766746626716807
15522	2.63905298118002	2.39963126357969	0.839628187729576
15562	0.693144039872868	0.415979120072264	0.821069535192271
15563	1.79175772828172	0.0738197183437786	0.666524507267596
15578	3.33220361731434	3.12855576472003	0.875219384743372
15580	2.39789300006163	1.05932411646304	1.1047454760627
15581	3.61091623178895	3.53812054011997	0.856429961898253
15582	1.6094379124341	1.6094379124341	0.867684171478119
15586	2.30258245833931	2.24900874159457	0.860974762034356
15590	2.63905579498396	2.37150944230326	0.894498432970174
15593	0	0	0.864203742206993
15598	1.38629200953474	1.24937578457205	0.84682814334653
15599	3.0445201611072	3.04452243772342	0.867233590133197
15601	2.63905732961526	2.63905665541209	0.868210973921159
15602	2.77258798828829	2.73932258739964	0.862912362655844
15603	0	0	0.86648152586189
15604	2.48490220177115	2.48490523718672	0.867480739018356
15605	2.63905444806242	2.60097651556873	0.862330955123975
15606	2.07943525240455	2.0794404295349	0.868102707831707
15608	1.94590861442401	1.94591014905531	0.866464600292267
15609	1.60943489938845	1.6094379124341	0.867863669686686
15610	2.83321265343601	2.83321334405622	0.8645140960105
15611	2.48490490884166	2.44038220988415	0.860845186264485
15619	1.09861228866811	1.09861228866811	0.868031389843315
15620	4.09434123942246	3.48271938485321	0.902036015922031
15624	0	0	0.868484958921672
15634	2.89036899701303	2.89037175789616	0.864593630456053
15641	2.99572852353837	2.92875460694679	0.857726109490809
15643	2.19713011392685	1.0952238335585	1.03127127490663
15650	0	0	0.868484958921672
15652	3.17805043578807	3.01538522597479	0.844129651321866
15653	2.30258245833931	2.16465735116631	0.847052054870293
15655	1.38629200953474	1.38629436111989	0.868012941999043
15657	2.39788992343624	2.32494445407775	0.85666024408685
15658	0.693147180559945	0.693147180559945	0.867712074364182
15660	3.17804517419592	3.17805172752365	0.867313986657872
15661	3.25809071282516	3.23771948857348	0.864235608720262
15662	3.98897928615741	3.96461814041407	0.864234961439144
15665	4.14312876999753	3.02428627826926	0.947764850368789
15666	0.693144071123323	0.693144632774099	0.867649714807788
15668	0	0	0.754708247923676
15673	1.79175773792685	1.79175946922806	0.866933760315703
15674	2.48490490884166	2.41823661123708	0.857969080519962
15678	2.89036865713438	1.6375999617136	0.993693580240983
15680	2.70804819508583	1.6288737015338	1.09358874378787
15681	2.4849036085893	0.786674506705013	0.695793270259852
15684	2.197222423625	2.19722281884517	0.867085096384161
15685	2.30258396536251	2.13733893205638	0.835826917563551
15686	0.693144039872868	0.0189172361081956	0.366007024681808
15687	3.21887334618553	1.94556746242449	1.05910847553433
15688	3.55534585035585	2.62890724922675	1.09815766813726
15689	3.76119956024136	3.6592365949288	1.01123485610226
15694	0.693147180559945	0.693147180559945	0.868812301155703
15696	2.56494430627924	2.30865081350374	0.825649293682157
15697	3.13548904093408	2.84683566209135	0.818516400320748
15698	2.39789049619243	2.05517018052575	0.805801074930223
15702	3.1354931289681	3.13549421592915	0.865927156960677
15720	2.48490282376208	2.25546176233304	0.906438237746165
15721	0.693144039872868	0.693144632774099	0.869954162688765
15722	2.94442731770663	1.70322204663783	0.988809433106075
15723	1.79175670834492	1.79175805662678	0.866143297118712
15726	4.67282545661396	3.37122675931936	0.993690654520418
15727	1.09861228866811	1.09861228866811	0.866246007389519
15729	1.60943492538875	1.6094362847913	0.866836059262419
15730	2.63904759837802	2.50151004161951	0.847970761866263
15731	2.63905523151966	2.56209945071271	0.854471132613733
15732	3.33220318780703	3.30414459891052	0.865220062952563
15734	0.693147180559945	0.693147180559945	0.865725068989798
15735	3.55534565050985	3.51753954539198	0.860781191282871
15736	2.6390529321375	2.63905732961526	0.865979628605759
15737	3.33220050970267	3.30414525972389	0.863063652020745
15738	3.93182228116927	0.647085250377978	1.10042482707649
15739	3.76119698138931	0.738182636756342	1.10239435166367
15740	0.693147180559945	0.416973887548858	0.819194949552426
15744	2.77258872223978	2.77258872223978	0.86648152586189
15747	2.83321265058641	2.83321334405622	0.869490946100097
15749	1.38629436111989	1.10912630063221	0.814943280489992
15750	2.19721964891865	2.13758769888083	0.856081331587246
15756	3.29583408821498	3.06566338293268	0.874083917116048
15757	2.39789300006163	2.39789527279837	0.867206262455519
15758	2.77258642932169	0.623548411935702	1.09682016369571
15759	2.83321047787233	1.37506416596602	0.991593356496108
15760	3.13549025311638	0.978183222197136	1.07708412923179
15762	0	0	0.867712074364182
15764	2.19722241002178	2.19722457733622	0.867926833407856
15765	1.09861228866811	1.09861228866811	0.865986513108281
15767	2.99571984619939	2.94215592215452	0.858658220317594
15768	3.78418360254524	3.76642025505719	0.863845494014855
15769	1.38628575168639	1.04971703446581	0.961381992907043
15771	2.3978942420826	2.02538426440618	0.934027784755523
15772	3.76119530464113	3.5151342201078	0.895852268326726
15773	1.60942986417124	1.30989850338553	0.996373501350728
15774	3.40119223904741	1.54400508963984	1.07078496130252
15775	3.29583436743292	3.16070169805006	0.884147974794573
15776	3.04451590989533	1.02566556656205	1.08728710892791
15780	0	0	0.868761707329189
15781	2.94443440621326	1.62963222519373	1.00405575751802
15783	2.3978896898463	2.29929802343749	0.853165090406016
15784	2.4849036085893	2.484906649788	0.867331357229424
15785	1.09860950005303	0.775930070870621	0.980059620902279
15786	2.89036898010681	2.61574769526517	0.913700661016343
15792	0.693144039872868	0.0188445656155889	0.366400167082934
15795	1.38628811109385	0.381491854899364	1.10365816683974
15796	2.19721623000931	1.24730294601731	1.04668573989816
15797	2.19722334573302	2.19680556421491	0.864636437068063
15798	3.29583315763224	3.08309960941931	0.873920675122374
15799	3.68886625368767	3.57544624713131	0.877695766667623
15800	3.2580918003246	3.11915019148151	0.883485085100089
15802	0.693147180559945	0.437293371448471	1.01625505652491
15803	1.38629202515987	1.0502969258587	0.959710984416142
15804	2.19722457733622	1.92271354933156	0.912636663029879
15805	2.07944017106571	1.77065430513437	0.99086467839159
15806	2.5649404206566	2.56494935746154	0.872904249682555
15810	0.693147180559945	0.693147180559945	0.866765993723224
15811	2.39789341863312	2.25454254789738	1.05010281559363
15812	3.04451748720513	2.70538672092399	0.922650013636759
15813	2.3978851438503	0.725694538250976	1.0984584123837
15814	3.36729237736418	1.60581019363378	1.07473880475635
15815	1.60942986417124	1.2786528098002	0.94551020074047
15816	3.49650264349911	1.78299882690068	1.08085763076343
15817	3.43398322686102	3.09331173729488	0.929694418334902
15818	2.19722457733622	2.13760700141423	0.85704302304467
15819	1.94591014905531	1.86884737157876	0.852540187292222
15820	0.693147180559945	0.693147180559945	0.865703249464781
15821	3.9318215772489	3.65902160039579	0.907961898074351
