15459	3.25808369853269	2.26233219910965	0.935217179589739
15460	3.09103998263397	3.01611279652899	0.855867667751865
15466	0	0	0.874489919579404
15469	3.66355146183941	3.62968897432008	0.863056433859741
15485	1.79174088300357	1.43847496505911	0.798697371432554
15493	0	0	0.750372731422155
15494	0	0	0.748457695393624
15497	0.693147180559945	0.693147180559945	0.868484958921672
15498	1.09860952778497	1.09861228866811	0.869994826649426
15499	1.38626603140912	1.17227432641888	0.843113307482824
15504	0.693147180559945	0.693147180559945	0.748457695393624
15520	1.79174088300357	1.43847496505911	0.798697371432554
15525	0	0	0.866754156552691
15533	1.38627311795644	1.10962086977422	0.819159426111041
15534	2.30258192058302	1.97543879570093	0.805236472446717
15537	0.693144039872868	0.693147180559945	0.87095620129142
15547	3.17804656291762	3.06459726485445	0.847883089869175
15549	0	0	0.872774127240007
15555	2.4848931159605	2.30086036234606	0.838217970777909
15562	2.39788532527191	2.39789527279837	0.872543050205551
15565	0	0	0.870201746594526
15598	2.39788504020258	2.06112414013435	0.811961412841557
15609	0.693147180559945	0.693147180559945	0.994127627553141
15610	3.58351604279428	3.23476224847909	1.07068377524692
15611	1.79175946922806	1.79175946922806	0.994127627553141
15612	0	0	0.868761707329189
15619	1.79175946922806	0.755271464561884	1.06440603244769
15621	2.77258014181697	2.39227030664739	1.07459947343958
15622	3.95123612604775	3.85202403279413	0.850962657924702
15624	0	0	0.994127627553141
