14640	3.09104058848674	2.14625424833235	0.952952952184693
14641	2.99570505529015	2.97798214845444	0.860063091743596
14642	2.30258308697767	1.20639801184361	1.01963075729719
14643	2.70804707507018	2.70805020110221	0.871412735466978
14644	1.09861228866811	1.09861228866811	0.868387470839588
14645	2.07944154167984	2.07944154167984	0.866825636507249
14646	1.94591014905531	1.94591014905531	0.868215284455745
14652	1.94591014905531	1.94590807191	0.869923669015769
14653	1.38629200953474	0.379303450806833	1.10625567040504
14654	2.39789527279837	2.39789527279837	0.865303417978421
14655	1.09861228866811	1.09861228866811	0.865303417978421
14656	3.29581738614526	2.1271088770176	0.968447691973106
14657	2.30256719367873	0.794348433602749	0.763448645841418
14658	0.693144039872868	0.693147180559945	0.872354230886896
14659	3.40119660223837	3.40119738166216	0.868980318762202
14663	2.63905059054166	1.12968702161769	1.04932586946121
14664	2.30258396536251	2.30258509299405	0.871764721601721
14665	3.63758615972639	3.04413778717656	1.09966925829679
14666	3.2188758248682	1.95571027017193	0.978757578653349
14667	1.38629200953474	1.38629436111989	0.870461128160533
14668	1.09861228866811	1.09861228866811	0.869430504013678
14669	1.94591014905531	1.94591014905531	0.869024179689485
14670	1.94591014905531	1.94591014905531	0.867501329242417
14671	0.693144039872868	0.693147180559945	0.869262758627886
14672	2.99573227355399	2.99573227355399	0.874022171531863
14673	1.6094379124341	1.6094379124341	0.868484958921672
14674	2.56494935746154	2.56494935746154	0.872774127240007
14676	2.89037001694983	2.89037175789616	0.866873319440536
14678	2.89036865713438	1.77098104884485	0.968916129567508
14679	3.21887293311712	2.12880366312438	1.03746228431836
14680	1.38629436111989	1.38629436111989	0.868761707329189
14686	2.56494444302147	2.4602829503293	0.853028936466483
14691	1.38629436111989	1.38629436111989	0.873745606778471
14695	1.38629436111989	1.38629436111989	0.864477202019486
14696	2.77258798828829	2.77258872223978	0.875782847938338
14699	0	0	0.870487501816532
14701	1.38629200953474	0.481835119199774	1.09409521695149
14702	2.07944154167984	2.07944154167984	0.868761707329189
14703	2.94443731258518	1.67431898109201	0.995224343592781
14704	2.3978933999785	2.39789527279837	0.871912820874605
14705	2.94443557140748	2.94443897916644	0.87419132739013
14707	1.60943590641772	1.21482466609364	1.0788831670969
14709	2.39789527279837	2.39789527279837	0.872774127240007
14710	2.83321021485169	2.83321334405622	0.869244201027934
14712	1.38629436111989	1.38629436111989	0.872774127240007
14713	1.60943590641772	1.6094379124341	0.874550032465015
14714	1.79175946922806	1.79175946922806	0.874811337463509
14715	3.13549322125568	3.13549421592915	0.868037136351947
14716	2.48490490884166	2.484906649788	0.874531560318016
14717	1.94591014905531	1.94591014905531	0.866423951854961
14718	3.52635808328464	3.52636052461616	0.869417029758926
14719	2.94443897916644	2.94443897916644	0.874778997616356
14721	1.94591014905531	1.94591014905531	0.874790823588053
14722	2.07944154167984	2.07944154167984	0.868484958921672
14723	1.6094379124341	1.6094379124341	0.872774127240007
14724	0	0	0.866765993723224
14725	2.07944154167984	2.07944154167984	0.8675486663406
14726	2.63905241583099	2.36188926912758	0.819791255048145
14732	4.38202377951141	4.38202663467388	0.870102131884333
14733	3.82863942347376	3.8286413964891	0.873387132174773
14734	3.21887287256702	2.32906961964398	0.949492225643123
14737	1.60943590641772	1.6094379124341	0.871170360083939
14738	1.38629436111989	0.380109101407728	1.10289337347868
14741	1.94591014905531	1.94591014905531	0.86728218523629
14744	2.30258509299405	2.30258509299405	0.874489919579404
14745	2.39789527279837	2.39789527279837	0.867753681227002
14746	0	0	0.870487501816532
14748	0.693147180559945	0.693147180559945	0.868484958921672
14749	2.83321203662501	2.83321334405622	0.866996092969789
14761	1.6094379124341	1.6094379124341	0.870487501816532
14763	1.94591014905531	1.94591014905531	0.874790823588053
14764	2.484906649788	2.484906649788	0.874790823588053
14765	1.09860950005303	1.09861228866811	0.873882059150919
14766	1.6094379124341	1.6094379124341	0.870741498530625
14767	0.693147180559945	0.693147180559945	0.876489795679935
14768	0	0	0.876489795679935
14769	2.07944154167984	2.07944154167984	0.867383828629933
14770	1.38629200953474	1.38629436111989	0.869015006512089
14771	2.48489438820805	2.10081635660258	0.825694529404283
14772	2.94442942042444	2.71788724758886	0.843054247514257
14773	1.38629122043281	1.38629436111989	0.868860097693529
14774	3.49650756146648	3.49650756146648	0.868995465724643
14775	2.07943918222327	2.07944154167984	0.873495615131296
14777	0.693147180559945	0.693147180559945	0.866645235635287
14778	4.06044202364306	4.06044301054642	0.871418904018738
14782	0.693147180559945	0.693147180559945	0.86648152586189
14784	3.36729582998647	3.36729582998647	0.872774127240007
14785	0	0	0.872489155163594
14791	0	0	0.874790823588053
14795	3.1780514787628	1.96819731553558	0.976614519200326
14796	0.693144039872868	0.693144632774099	0.870874493031292
14798	1.94591014905531	1.94591014905531	0.867993198450512
14800	1.38629125168327	1.38629436111989	0.866506872840747
14802	2.56494846794835	1.4892304173821	0.996627983394383
14803	1.79175635979143	1.79175946922806	0.867731833949352
14804	0	0	0.868484958921672
14805	0.693147180559945	0.693147180559945	0.870175245124068
14806	3.7841870151513	2.70842064782552	0.93517334288374
14808	0.693147180559945	0.693147180559945	0.87312951689868
14809	2.19722457733622	2.19722457733622	0.867993198450512
14810	2.39789215712092	1.38127835029552	1.07392340336762
14813	0	0	0.872774127240007
14814	0.693147180559945	0.693147180559945	0.867993198450512
14815	2.56494935746154	2.56494935746154	0.867993198450512
14816	1.79175772050747	1.79175946922806	0.866322612063408
14817	1.60943589835739	1.6094379124341	0.865872817578506
14818	2.89036924133018	2.89037175789616	0.872542840473616
14819	4.41883748511638	3.53402084465107	0.940851406601984
14820	3.95124149251441	3.31536888573688	0.914500408117318
14821	4.26267726388877	4.26267987704132	0.868652355730018
14822	4.00733007144747	4.007330882997	0.872413732970653
14825	2.77258872223978	2.77258872223978	0.900169804662948
14827	2.94443897916644	2.79804650855163	0.947470956458209
14828	2.7080494249624	2.70804902605341	0.868454743544112
14829	2.39789527279837	2.39789527279837	0.900169804662948
14830	2.484906649788	2.484906649788	0.900169804662948
14831	0	0	0.870487501816532
14841	1.6094379124341	1.6094379124341	0.868484958921672
14842	2.39789527279837	1.81459631470368	1.09942839822596
14843	3.33207631759029	3.3322045101752	0.87792206150469
14844	2.99573227355399	2.99573227355399	0.868910241722364
14847	2.70805020110221	1.5931967979803	1.10048678333374
14848	2.07944154167984	0.805231040989728	1.07052999395577
14849	2.70804819508583	2.70804856757016	0.86807703059965
14850	1.09861228866811	1.09861228866811	0.864745711066477
14851	4.23410650459726	3.64217687351995	1.0762278733
14853	1.38629436111989	1.38629436111989	0.865303417978421
14854	2.30258509299405	2.30258509299405	0.871044252034336
14855	2.77258681237376	2.77258812667158	0.873412402781974
14856	0.693144039872868	0.173377038930914	1.09115316018193
14857	2.30257230292392	2.24902394244171	0.860558550667351
14858	2.19722333978876	2.19722457733622	0.868266471945836
14860	0	0	0.876489795679935
14862	0.693147180559945	0.693147180559945	0.868484958921672
14863	0	0	0.867993198450512
14865	3.63758472069032	3.63758499780366	0.87247898072982
14866	2.39789527279837	2.39789527279837	0.866391767604504
14867	2.70805020110221	2.7080482109634	0.868702404662321
14868	0	0	0.868773541698026
14870	1.38627277432781	1.38629245315246	0.873393308405878
14871	0.693147180559945	0.693147180559945	0.864745711066477
14872	2.99572926050834	1.89814564361432	1.09342742446586
14873	2.70804819508583	2.70805020110221	0.868702723578652
14874	3.66356103308665	3.66356139224385	0.870959105286842
14875	1.09860387133682	1.09861228866811	0.868885217693867
14877	1.94590758889649	1.94591014905531	0.869729724547366
14878	1.09860949383365	1.09861228866811	0.867829699817472
14879	2.3025794334364	0.993910657662573	1.05426684140279
14880	3.04451930465666	1.95295097034119	1.01709486854307
14881	2.99573227355399	0.596928197551431	1.10454486278124
14882	0	0	0.991367822347229
14886	0.693147180559945	0.693147180559945	0.872979936740577
14887	3.17805333024309	2.88530144618379	0.990127508960734
14888	1.09861228866811	1.09861228866811	0.876471213055321
14889	3.55534550133059	2.55620723344847	1.10450387961182
14890	3.0910394337683	3.09104201238769	0.872854865782791
14891	3.17804862421221	1.92112659957325	1.06501912584497
14892	2.63905476211284	1.56736414869911	0.99304679476067
14893	1.6094379124341	1.6094362847913	0.870186740300472
14894	0.693144039872868	0.693147180559945	0.8701998206251
14895	2.63905732961526	2.63905732961526	0.900169804662948
14896	0	0	0.872774127240007
14897	3.25809653802148	3.25809653802148	0.900169804662948
14898	0	0	0.881571235481839
14899	0	0	0.874778997616356
14900	2.39789527279837	2.39789527279837	0.870805199283378
14901	2.39789236306465	1.08185347557423	1.04557087977073
14902	2.83321030296953	1.74123032438085	1.08271711923145
14905	2.30258057188919	2.30258417799513	0.869012724008176
14906	1.79175946922806	0.757251077324231	1.06298844897979
14907	2.39789007161605	1.75861897258928	1.08406739093114
14908	3.29583686600433	2.12740755340938	0.966041001554539
14909	3.09103973127709	0.944213784031532	1.10226143041813
14911	0.693147180559945	0.693147180559945	0.870205722729786
14912	2.77258681237376	1.57259278150439	1.05774014591671
14913	3.21887414026419	1.97585958618148	0.977700103576695
14914	2.19722333978876	2.19722457733622	0.867383583737021
14915	1.6094379124341	1.6094379124341	0.8682446621562
14918	3.29583686600433	3.29583686600433	0.872774127240007
14920	1.94590758889649	1.03788844401825	1.10525412514222
14921	2.484906649788	2.484906649788	0.900169804662948
14924	2.7080481870255	2.70805020110221	0.865346441776293
14928	2.56494935746154	2.56494935746154	0.868484958921672
14929	3.9512406209027	3.10031125843079	1.09679808026369
14931	1.79175946922806	1.79175946922806	0.872489155163594
14936	0.693147180559945	0.693147180559945	0.872489155163594
14942	1.94590758889649	1.94590890383813	0.8711477367582
14943	1.6094379124341	1.6094379124341	0.874790823588053
14944	2.30258509299405	2.30258509299405	0.870487501816532
14946	4.06044108382439	4.06044301054642	0.871439228737218
14950	3.43398578913889	3.43398720448515	0.874207440179616
14951	2.39789236836351	1.2935042638354	1.01295469039656
14952	1.09860950005303	1.09861228866811	0.875832552355413
14953	3.55534806148941	3.55534806148941	0.872774127240007
14956	0	0	0.74208897759895
14960	3.40119592640194	3.40119738166216	0.872208190325598
14961	0.693147180559945	0.693147180559945	0.872774127240007
14964	2.48481968119353	2.484906649788	0.876589028547789
14970	2.77258091838278	1.78966030814825	1.10074795290764
14976	1.38629436111989	1.38629436111989	0.874790823588053
14990	1.38629436111989	1.38629436111989	0.868484958921672
14995	2.99573227355399	2.99573227355399	0.874790823588053
14997	2.19722457733622	1.87945745346414	1.06597000481225
14998	0	0	0.868484958921672
15002	1.09860949383365	1.09861228866811	0.870740954543662
15003	2.39789215712092	1.53193524829597	1.0978912988217
15005	1.09861228866811	1.09861228866811	0.872774127240007
15010	0.693144008148924	0.693147180559945	0.872485640347569
15011	2.30258509299405	0.994206109554467	1.05025018270092
15012	0.693144039872868	0.693147180559945	0.872040030160066
15017	1.09860949383365	1.09861002623974	0.868421085021584
15018	2.07943840099276	2.0794404295349	0.87161146974677
15021	1.60943489938845	0.621700495517496	1.08200667444819
15031	1.60943590641772	1.6094379124341	0.87040724715343
15035	2.39789527279837	2.39789527279837	0.868630636073423
15036	0.693147180559945	0.693147180559945	0.86648152586189
15037	1.9459075815529	1.94591014905531	0.870770995587375
15038	1.79175946922806	1.79175946922806	0.874166411976821
15039	0	0	0.864477202019486
15040	1.7917566743936	1.79175946922806	0.871832678488559
15042	3.17804762529681	2.1120904413837	1.06431616420096
15043	0	0	0.996174284381235
15044	3.58351534359478	2.41069241537429	1.08470984521238
15047	3.8286413964891	3.8286413964891	0.872019643270649
15048	3.25809356688143	1.94602179222916	1.06611138002143
15055	2.56494935746154	2.56494935746154	0.864878835882872
15056	0	0	0.86648152586189
15057	3.61091488245481	2.90124159864864	1.08231495609786
15059	1.94590707393201	1.94591014905531	0.869442114921718
15061	0	0	0.872774127240007
15066	2.77258798398359	2.77258872223978	0.873365558695542
15067	0	0	0.868484958921672
15068	1.09861228866811	1.09861002623974	0.873620727005453
15071	1.94591014905531	1.94591014905531	0.867993198450512
15072	1.38629436111989	1.38629436111989	0.869996274562811
15073	2.48490569279974	2.48490586934117	0.868624732949986
15075	2.83321108762394	1.54836562500944	1.06900772723829
15076	0	0	0.868484958921672
15078	1.38629436111989	1.38629436111989	0.864757551040035
15079	1.09861228866811	1.09861002623974	0.870389316367754
15080	0	0	0.869033462180722
15081	2.63905476945643	1.3245958536141	1.02421210992795
15088	2.63905732961526	2.63905732961526	0.871333033665625
15090	3.13549421592915	3.13549421592915	0.870305633112596
15091	1.94591014905531	1.94591014905531	0.864745711066477
15092	3.43398563770785	3.43398720448515	0.86839290345782
15093	4.025344103967	2.82074747991896	1.02531899198179
15103	4.40671706685809	3.09075961375359	1.02516783911704
15104	0.693147180559945	0.693147180559945	0.868761707329189
15109	0.693144039872868	0.693147180559945	0.875290064246062
15114	2.70804651836018	1.3996256196738	1.01472588395102
15115	0	0	0.867993198450512
15116	1.94591014905531	1.94591014905531	0.872774127240007
15122	0	0	0.86648152586189
15123	1.94591014905531	1.94591014905531	0.868727655575694
15127	3.78418545448007	2.81776447605205	0.936256806197005
15128	0	0	0.86648152586189
15132	0	0	0.868484958921672
15141	1.60943589835739	1.6094379124341	0.871938547993992
15142	3.04452243772342	3.04452243772342	0.872774127240007
15143	1.7917524020073	1.70157491119423	0.856871096154591
15144	1.38629436111989	1.38629436111989	0.86648152586189
15146	0.693147180559945	0.693147180559945	0.868648630038687
15149	1.6094379124341	1.6094379124341	0.872774127240007
15157	3.40119173070422	3.38354072038627	0.868555348596679
15164	0.693144039872868	0.693147180559945	0.869262758627886
15168	2.63905579498396	2.63905732961526	0.870288217007191
15169	1.09860950005303	1.09861228866811	0.868878591977846
15175	2.07944154167984	2.07944154167984	0.866765993723224
15193	2.19722241002178	0.901917315260244	1.06282067892357
15197	2.99573227355399	2.99573227355399	0.86648152586189
15199	2.70805020110221	2.70805020110221	0.876489795679935
15207	3.43398270740948	1.35922395293078	1.10515061958654
15233	2.89037175789616	2.89037122460303	0.874541630266461
15235	2.56494845897619	2.52389377337679	0.865045639106967
15242	2.39789527279837	2.39789527279837	0.868484958921672
15243	2.30258509299405	2.30258509299405	0.869657051364618
15244	0.693147180559945	0.693147180559945	0.864745711066477
15246	0.693147180559945	0.693147180559945	0.872774127240007
15247	3.55534504441361	3.55534806148941	0.871926826734142
15254	2.07944154167984	2.07944154167984	0.872774127240007
15255	3.13549368980759	3.13549421592915	0.871866528978684
15256	0	0	0.872774127240007
15257	2.19721896578203	2.19722357315513	0.86849672459708
15258	2.4848996533258	2.41823132406605	0.857781412161886
15259	0	0	0.870768364017859
15261	3.43398433130568	3.43398720448515	0.866837518687787
15263	1.60943590641772	1.6094379124341	0.87004773939178
15264	3.40119513832533	3.40119738166216	0.869939497229102
15266	2.9957248300495	2.96917059351825	0.864318969653694
15267	0	0	0.868269407911645
15268	0	0	0.870487501816532
15269	2.07943857003991	1.90450571245255	0.842686134871795
15271	0	0	0.870768364017859
15275	2.19722457733622	0.902537706781331	1.06341225939861
15276	2.39789215901337	1.08185347557423	1.04809483414513
15277	0	0	0.866754156552691
15278	0.693118628619203	0.693144632774099	0.873325945640701
15279	1.60943489938845	1.6094379124341	0.867411286617782
15280	1.09861228866811	1.09861228866811	0.868484958921672
15281	1.79175351536372	1.70152555950335	0.851981980598118
15282	1.79175526056241	1.79175805662678	0.87014254451062
15283	0	0	0.867021774289191
15285	0	0	0.872836819419016
15286	2.89036643197782	2.89037175789616	0.869831709436151
15287	1.38629200953474	1.38629436111989	0.868012941999043
15288	3.13548161012784	3.13549421592915	0.867094784483797
15291	2.07944154167984	2.07944154167984	0.868761707329189
15292	2.63905071838237	1.57450015188449	0.990727266055025
15293	0.693147180559945	0.693144632774099	0.871815828147183
15294	2.94443303602072	1.95879751999518	0.967166201394175
15295	2.77258734473815	2.77258761009484	0.8671496194507
15296	3.25809653802148	3.25809653802148	0.870836299241461
15297	3.55534523399535	3.55534806148941	0.86682438332773
15298	3.29583383489849	3.2958343505139	0.870673100581391
15300	1.09861228866811	1.09861228866811	0.873267138489784
15302	0	0	0.866765993723224
15306	3.17805383034795	3.17805383034795	0.87273676081156
15307	1.09861228866811	1.09861228866811	0.873054144475559
15308	1.79175946922806	1.79175946922806	0.866754156552691
15309	1.38629436111989	1.38629436111989	0.869527606672548
15311	2.30258509299405	2.30258509299405	0.866765993723224
15315	2.56492117058368	2.56494935746154	0.872255377823235
15317	2.19722457733622	2.19722457733622	0.870768364017859
15318	0	0	0.866754156552691
15323	3.17803282646778	3.17805271820301	0.871571456836874
15324	2.484906649788	2.484906649788	0.754708247923676
15325	0.693144008148924	0.693144632774099	0.869144902143269
15326	0	0	0.876489795679935
15328	2.07944154167984	2.07944154167984	0.86648152586189
15329	1.38629436111989	1.38629436111989	0.86648152586189
15332	2.0794318115103	2.07944154167984	0.869799431344379
15334	3.25809386536884	3.25809653802148	0.871695383270711
15341	0	0	0.867320156648792
15349	0.693144071123323	0.693147180559945	0.870998989057184
15362	0.693144039872868	0.693147180559945	0.864776022554658
15364	0.693147180559945	0.693147180559945	0.866754156552691
15372	1.6094379124341	1.6094379124341	0.866765993723224
15374	0	0	0.866765993723224
15375	0.693144039872868	0.693147180559945	0.865861267278825
15378	2.63905732961526	2.63905732961526	0.868484958921672
15380	1.09861228866811	1.09861228866811	0.868457939129906
15384	1.94589789243509	1.94591014905531	0.872668427290477
15401	1.09861228866811	1.09861228866811	0.868484958921672
15413	1.6094379124341	1.6094379124341	0.868484958921672
15418	1.79175946922806	1.79175946922806	0.871044252034336
15419	2.99572987131313	2.9859740368398	0.869761212422479
15420	0.693147180559945	0.693144632774099	0.869929433519976
15424	2.70803020017627	2.70805020110221	0.868835432360032
15425	1.38629436111989	1.34077989749551	0.855188025348934
15432	1.09861228866811	1.09861228866811	0.868307273002016
15433	0	0	0.868761707329189
15436	0.693147180559945	0.693147180559945	0.874790823588053
15438	2.39789527279837	2.39789527279837	0.874096214264348
15440	2.94443897916644	2.94443897916644	0.876489795679935
15443	0	0	0.868484958921672
15453	0	0	0.867993198450512
15455	0	0	0.868484958921672
15462	2.83321334405622	2.83321334405622	0.86848626127787
15481	0	0	0.866754156552691
15499	0	0	0.874571911072719
15557	0	0	0.746148296406704
15592	0	0	0.866754156552691
15627	2.19722457733622	2.19722457733622	0.876489795679935
15783	0	0	0.870768364017859
15784	2.19722457733622	2.19722457733622	0.870768364017859
15785	2.83321334405622	2.83321334405622	0.874489919579404
15786	3.55534806148941	3.55534806148941	0.874489919579404
15789	2.30258058446474	0.464416259679901	1.09984004265374
15791	2.07944154167984	2.07944154167984	0.874489919579404
15792	3.6635603955599	3.66356139224385	0.867680848107935
15793	3.25809490641019	3.25809653802148	0.868732912010077
15796	2.94443731258518	2.9444384723861	0.868804386345133
15798	0	0	0.876489795679935
