14909	0	1	0	0.5	0.5	0
14910	0	0	0	1	0.5	0
14911	0	0	0	0	0	0
14912	0	0	1	0	0	0.5
14913	1	1	1	0	0	0
14914	1	1	1	1	0	0
14915	1	1	1	0	0	0
14916	1	1	0	0.5	0.5	1
14917	1	0	1	0.5	0.5	0
14918	1	1	0	0	1	1
14919	0	0	1	0	0	0
14920	0	0	0	0	1	0
14923	0	0	1	0	0	0
14924	1	1	1	1	0	0.5
14925	1	1	0	0.5	0.5	0.5
14926	1	1	0	0.5	0.5	1
14927	0	1	0	1	0	1
14928	1	0	1	0	0.5	0.5
14929	0	1	0	0.5	0	0.5
14930	0	0	0	1	0.5	1
14931	1	0	1	0	0.5	0.5
14932	1	1	0	0.5	0.5	0.5
14933	1	1	0	1	0	0.5
14934	1	1	0	1	0	0
14935	1	1	1	1	0	0.5
14936	1	1	1	0	0	0
14937	0	0	1	1	0.5	0.5
14938	1	1	1	0.5	0	0.5
14939	0	1	1	1	0	1
14940	0	0	1	0	0	0
14941	0	0	0	1	0	0
14942	1	1	1	1	0	0
14943	0	1	0	0.5	0	0.5
14944	0	0	1	0	0	0
14945	0	0	1	0	0	0
14946	1	1	1	0	0.5	0.5
14947	1	1	1	1	0	0.5
14948	1	1	1	0	0	0
14949	0	0	1	0	1	0
14950	0	0	1	1	0	1
14952	1	1	1	0	0	1
14953	1	1	1	0	0	1
14954	1	1	1	0	0	0
14955	1	1	1	0	0	0
14956	1	1	0	0.5	0.5	1
14957	1	1	0	0	0.5	1
14958	1	1	1	0	0	0
14959	1	1	0	0.5	0	0
14960	1	1	1	0	0	0
14961	1	1	1	0	0	0
14962	1	1	1	0	0	0
14963	1	1	1	0.5	0	0
14964	1	1	1	0	0	0
14965	1	1	1	0	0	0
14966	1	1	1	0	0	0
14967	0	0	1	0	0.5	0
14968	1	1	1	0.5	0	0
14969	1	0	1	0.5	0.5	0
14970	1	1	1	0.5	0.5	0.5
14971	1	1	1	1	0	0
14972	1	1	0	0	0.5	0
14973	1	1	1	0	0	0
14974	1	1	1	0	0	0
14975	1	1	0	0.5	0.5	0.5
14976	1	1	0	0	0.5	0
14977	1	1	0	0	0.5	0
14978	1	1	0	0	0.5	0.5
14979	1	1	0	0.5	0.5	0.5
14980	1	1	0	0	0.5	0.5
14981	1	1	0	0	0.5	0
14982	1	1	1	0	0	0
14984	1	1	0	0	0.5	0.5
14985	1	1	0	0.5	0.5	0.5
14986	0	0	1	0	0	0
14987	0	1	0	0	0.5	0.5
14988	0	0	0	0	0.5	0.5
14989	0	0	0	0.5	0	1
14990	0	0	1	0	0	0
14991	1	1	0	0	0	0
14992	1	1	1	0	0.5	0.5
14993	1	1	0	0	0	0
14994	1	1	1	0	0.5	0
14995	1	1	1	0	0	0
14996	0	0	1	0	1	1
14997	1	0	1	0	0	1
14998	1	1	0	0.5	0	0.5
14999	1	0	1	0	0	0.5
15000	0	0	1	0	0	0
15001	0	0	1	1	0.5	0.5
15002	0	0	0	0.5	0.5	1
15003	0	0	1	0.5	0.5	0.5
15004	1	1	1	0.5	1	1
15005	1	1	1	0	0	0
15006	1	0	1	1	0	0.5
15007	0	1	1	0	0	0
15008	1	1	0	0	0.5	0
15009	0	1	1	1	1	0
15010	1	0	1	1	0	0
15011	0	0	1	0	0	0
15012	1	1	1	1	0	0
15013	1	1	1	0	0	0
15014	1	0	1	1	1	0
15015	0	1	1	0.5	0	0.5
15016	0	0	1	0	1	1
15019	1	1	1	0.5	0	0
15020	1	1	1	0	0	0
15021	0	0	0	1	0	1
15022	0	0	0	0	0	0
15023	0	0	1	0	0.5	0.5
15024	0	0	1	0.5	0	0.5
15025	0	0	0	1	0	1
15026	0	0	0	0	0.5	1
15027	0	0	1	0	0	0
15028	1	0	1	0	0.5	0.5
15029	0	0	0	0	0	0
15031	0	0	0	0	0	0
15032	1	1	1	0	0	0
15034	1	1	1	0	0	0
15035	0	0	1	0	0	0
15036	0	0	0	0	0.5	1
15037	1	0	1	0	1	0.5
15038	0	0	1	0	1	1
15040	0	0	1	0	0	0
15041	0	0	1	0	0	0
15043	0	0	0	0.5	0.5	1
15044	0	1	0	1	1	0
15045	1	1	0	1	1	0
15046	1	1	0	1	1	0
15047	0	0	0	1	1	0
15048	0	0	0	0	0	0
15049	0	0	0	1	1	0
15050	0	0	1	0	0	1
15052	0	1	0	1	0	1
15054	1	1	1	1	1	0.5
15055	0	0	1	1	1	0
15056	0	0	1	0	0	0
15057	0	0	1	0	0	0
15058	0	0	1	1	0	0
15059	0	0	1	0	0	0
15060	0	1	1	0.5	0	0
15061	0	0	0	0	0	0
15062	0	0	1	0	0	0
15063	0	0	1	0	0.5	0
15064	0	1	1	0	0	1
15065	0	0	1	0	0	0
15066	0	0	1	0	0	0
15067	0	0	0	0	0	0
15068	1	1	0	0	0	0
15069	0	0	1	1	0	0
15070	1	1	0	1	0	1
15071	1	1	0	1	0.5	0.5
15072	0	0	0	1	0.5	1
15073	0	0	1	0.5	0	1
15074	1	1	1	1	0	0.5
15075	0	1	0	1	0.5	0.5
15076	0	1	1	0.5	0	0.5
15077	0	0	1	0	0	0
15080	0	0	1	0.5	0.5	0.5
15081	0	0	1	1	0	1
15082	0	0	1	0	1	1
15084	0	0	0	0	0	0
15085	0	0	1	0	1	1
15086	0	0	0	1	1	0
15091	0	0	1	0.5	0.5	1
15092	0	0	1	0	0.5	0
15093	0	0	0	0	0	0
15096	0	0	1	0	0	0
15099	0	0	0	0	0	0
15100	0	0	0	0.5	0	1
15101	0	0	0	1	0	1
15102	0	0	0	1	0.5	1
15103	0	0	1	0	0	0
15104	0	0	1	0	0.5	0.5
15105	0	0	1	0	0	1
15107	0	0	1	0	0	0
15108	0	0	1	0	0	0
15109	0	0	1	0	0	0
15110	1	1	0	0	0	1
15111	1	1	1	0	0	0
15112	1	1	0	0	0	1
15113	1	1	1	0.5	0	0
15114	0	0	0	0	0	0
15115	0	0	0	0	0	0
15117	0	0	0	0.5	0	0.5
15120	1	1	0	0.5	0.5	0.5
15121	0	0	0	0	0	0
15122	0	0	1	0	0	0
15124	1	1	1	0	0	0
15125	0	1	1	0	0	0
15126	0	0	0	0	0	0
15127	0	0	1	0	0	1
15128	0	0	0	0	0	1
15130	0	0	1	0.5	0	0
15131	0	0	1	0.5	0	0
15132	0	0	1	1	0	1
15133	0	0	0	0	0	0
15134	1	0	1	0	0.5	1
15136	0	0	0	0	0	0
15138	0	0	1	0.5	0.5	0
15139	0	0	1	0	0	0
15140	0	0	0	0	0	0
15141	1	0	1	1	0.5	0.5
15143	0	0	1	0.5	0	1
15145	0	0	1	0	0	0
15146	0	0	1	0	1	1
15147	0	0	1	0	0	0
15148	1	1	1	0.5	0	0.5
15149	0	0	1	0	0	0
15150	0	0	0	0	0	0
15151	1	1	1	1	0	0.5
15152	1	1	1	0	0	0
15154	1	0	1	0.5	0.5	0
15155	0	0	1	0	0	0
15156	0	0	1	0	0	0
15157	0	0	1	0.5	1	0
15158	0	0	1	0	0	0
15159	0	0	1	0	0	0
15160	0	0	1	1	0	1
15161	0	0	0	0	0	0
15162	0	0	1	0	0	0
15165	0	0	1	1	0	1
15166	0	0	1	0	1	1
15167	0	0	1	1	0	1
15168	0	0	1	1	0	1
15169	0	0	1	0.5	0.5	0.5
15170	0	0	1	0	0	0
15171	0	0	1	0	0	0
15172	0	0	1	0	0.5	0.5
15173	0	0	1	0	0	0
15174	0	0	1	1	0	1
15175	0	0	1	0	0	0
15176	0	0	1	0	0	0
15177	0	0	1	0	0	0
15178	0	0	1	1	0	1
15179	0	0	1	0	0	0
15180	0	0	1	0	0	0
15181	0	0	1	0	0	0
15182	1	1	1	0	0	0.5
15183	0	1	1	0.5	0	1
15184	0	1	1	0.5	0	0.5
15185	0	0	1	0	1	1
15186	0	0	1	0	0	0
15187	0	0	1	0	0	0
15188	0	0	1	0	0	0
15189	0	0	1	0.5	1	0
15191	0	0	1	0.5	0	0
15192	0	0	1	0	0	0
15195	0	0	1	0.5	1	1
15196	0	0	0	0.5	0.5	1
15198	0	0	1	0	0	0
15199	0	0	1	0	0	0
15200	0	0	1	0	0	0
15202	0	0	1	0	0	0
15204	0	0	1	0.5	0	0.5
15206	0	0	1	0	0	0
15208	0	0	0	0	1	1
15209	0	0	1	0	0	0
15210	0	0	1	1	0	1
15211	0	0	1	0	0	0
15212	0	0	1	1	0	0
15214	0	0	0	0.5	0.5	0
15215	0	0	1	0	0	0
15217	0	0	1	0	0	0
15218	1	1	1	0	0	0
15219	1	0	1	0	1	0
15220	0	0	1	0	1	0
15221	0	0	1	0	1	0
15222	1	1	0	0	0	0
15223	0	0	1	0.5	1	0
15224	1	1	1	0.5	1	0
15225	1	1	0	0	0.5	1
15226	0	0	1	0	0	0
15229	1	0	1	0	1	0.5
15230	1	1	1	0	0	0
15236	0	0	0	0.5	1	1
15237	1	1	1	0	1	0.5
15238	1	1	1	0	1	0.5
15239	1	1	0	0	0	0
15243	1	0	1	0	1	0
15244	1	1	0	0.5	0.5	0.5
15245	0	0	1	0	0.5	1
15247	0	0	0	0	0	0
15250	1	1	1	0	1	1
15251	0	0	0	0.5	0.5	0
15252	1	1	0	0.5	0.5	0.5
15253	1	1	1	0.5	0	0
15254	0	0	0	0	0	0
15256	0	0	1	0.5	1	0.5
15257	1	0	1	0.5	0.5	0.5
15258	1	1	1	0.5	0.5	0.5
15259	1	1	1	0	0.5	1
15260	1	1	0	0	0.5	1
15261	0	0	0	0	0	0
15262	0	0	1	0	0	0
15264	1	1	0	0	0.5	0.5
15265	1	0	1	0	1	0.5
15266	0	0	1	0	0	0
15267	0	0	1	0	0	0
15268	0	1	1	0	0	0
15269	0	1	0	0.5	0.5	0.5
15270	0	0	0	0	0	0
15271	1	1	1	0.5	0	0
15272	1	0	1	0	0.5	0.5
15273	0	0	1	0	0	0
15274	0	0	1	0.5	0	1
15275	0	0	1	0	0	0
15278	1	1	1	0	0	0
15279	0	0	1	0	0	0
15280	0	0	1	0	0	1
15281	1	1	0	0.5	0	0.5
15282	1	1	0	0	0	0.5
15283	0	1	1	0	0	0
15284	0	0	0	0	0	0
15285	0	0	0	0.5	0.5	1
15286	0	0	0	0	0.5	1
15287	0	1	1	0	0	0
15288	1	0	1	1	1	0.5
15289	1	0	1	0.5	0.5	1
15290	1	1	1	1	0	0
15292	1	1	1	0.5	0	0
15293	0	0	1	0	0	0.5
15294	0	0	1	0.5	0	1
15295	0	1	1	0.5	0	0
15296	0	0	0	0.5	0.5	1
15297	0	0	0	0.5	0	0.5
15298	0	0	1	0.5	0	0
15299	0	1	0	0	0.5	1
15300	0	1	0	0.5	0.5	1
15301	0	0	0	0	1	0
15302	0	0	1	1	0	1
15303	0	1	0	0.5	0.5	0.5
15304	1	1	1	0.5	0	0.5
15305	0	1	1	0	0	0
15306	1	1	1	0.5	0	0.5
15307	1	1	1	0	0	0
15308	0	0	1	0	0.5	0
15310	1	1	1	0	0.5	0
15312	0	0	1	0.5	1	1
15313	0	0	1	0	0	0
15314	1	1	1	0	0	0
15315	1	1	0	0.5	0.5	1
15316	0	0	1	0	0	0
15317	0	0	1	0	0	0
15319	1	1	1	0	0	0
15320	0	1	1	1	0	1
15321	0	1	1	0	0	0
15322	1	1	1	0	0	0
15323	0	0	1	0	0	1
15324	0	0	1	0	0	0
15325	0	0	1	0	0	0
15326	0	0	1	0	1	0
15327	0	0	0	0	0	0
15330	0	0	0	0	0.5	0.5
15331	1	0	1	0	0.5	0.5
15332	0	0	0	0	0	0
15333	1	1	0	0.5	0.5	1
15334	0	1	0	0	0.5	0.5
15335	0	1	0	0.5	1	1
15337	1	1	0	0.5	0	1
15338	0	0	1	1	0	0
15339	0	0	1	0	0	0
15340	0	0	1	0	0	0
15341	0	0	0	0	0	0
15344	1	1	0	0.5	0.5	0.5
15346	0	0	0	0	0.5	0.5
15349	0	0	0	0.5	0.5	1
15350	0	0	1	0.5	0	0.5
15351	0	0	0	0	0.5	1
15352	0	0	1	0	0	0
15355	0	0	1	0	0	0
15356	0	0	1	0	0	0
15357	0	1	1	0	0	0
15358	0	0	1	0	0	0
15360	1	1	1	0	0	0
15361	1	1	1	0	0	0.5
15362	0	0	0	0	0	0
15363	0	1	1	0	0	0
15365	0	1	1	0	0	0
15366	0	1	1	1	0	0.5
15368	0	0	1	0.5	0	1
15369	0	0	1	0	0	0
15370	0	0	1	0	0	0
15376	0	0	1	0	0	0
15377	0	0	1	0	0	0
15378	0	0	0	0	0.5	1
15379	0	1	1	0.5	0	0
15380	0	0	1	0	0	0
15383	0	0	1	0	0	0
15384	0	0	1	0.5	0.5	0.5
15385	0	0	1	0	0	0.5
15388	0	0	1	0	1	0
15391	0	0	0	0	0	0
15392	0	0	1	0	0	0
15394	0	0	0	0	0	0
15397	0	0	1	0	0	0
15399	0	0	1	0	0	0
15400	0	0	1	0.5	0	0
15401	0	0	0	0	0	0
15402	0	0	0	0.5	0.5	1
15403	0	0	1	1	0	0.5
15406	0	0	1	0	0	0
15410	0	0	1	0	0	0
15411	0	0	1	0	0	0
15412	0	0	1	0	0	0
15414	0	0	0	0	1	1
15415	0	0	1	1	0	1
15416	0	1	0	0	0.5	0.5
15418	0	0	0	0	0.5	1
15419	0	0	1	0.5	0	1
15420	0	0	1	0	0	0
15422	0	0	1	0	0	0
15423	0	0	1	0	0	0
15425	0	0	1	0	0	0
15426	0	0	1	0	0	0
15428	0	0	1	0	0	0
15429	0	0	0	0	1	1
15430	0	0	0	0	0	1
15431	0	1	1	0	0	0
15432	0	0	1	0	0	0
15434	1	1	1	0	0	0
15436	1	1	1	0	0	1
15439	0	0	1	0	0	0
15440	1	1	1	1	0	0.5
15441	1	1	1	0	0	0
15442	0	1	0	0	0.5	0.5
15443	0	0	1	0	0	0
15445	0	0	0	0	1	0
15446	0	0	1	0	0	0
15447	1	1	1	0	0	0
15448	0	0	0	1	0	0
15449	1	1	1	0	0	0
15450	1	1	1	1	0	0
15451	0	0	1	0	0	0
15452	1	1	1	0	0	0
15454	1	1	1	0	0	0
15455	1	1	1	0.5	0	0
15456	0	0	1	0.5	1	1
15458	0	0	0	1	1	0
15459	0	0	1	0.5	0	0
15460	1	1	1	0	0	0
15461	0	1	1	0	0	0
15462	1	1	1	0	0	0
15463	1	1	1	0.5	0	0
15466	0	0	1	0	0	0
15467	0	0	1	0	0	0
15468	0	0	1	0	0	0.5
15469	0	0	0	0	0	1
15470	0	0	0	0	0	0
15474	0	0	1	0	0	1
15475	1	1	1	0	0	0
15476	1	1	1	0	0	0
15477	0	0	1	0.5	1	1
15479	0	0	1	0.5	0	0
15480	0	0	1	0	0	0
15481	1	1	0	0.5	0	0.5
15483	0	0	0	0	0	0
15484	1	1	1	0	0.5	1
15485	0	0	1	0	0	0
15486	1	1	1	0.5	0	0
15487	1	1	1	0.5	0	0
15488	0	0	1	0	0	0
15489	0	0	1	0	0	0
15490	1	1	0	1	0.5	1
15492	0	0	1	1	0.5	0.5
15496	1	1	0	0.5	0.5	1
15498	0	0	0	1	0.5	1
15499	1	1	1	0.5	0.5	0
15500	0	0	0	0	0	0
15502	1	0	1	0	0.5	0
15504	1	1	1	1	0	0
15505	0	0	1	0	0	0
15512	0	0	0	0	0	0
15516	0	1	1	0	0	0
15517	0	0	1	0	0	0
15519	0	0	1	1	0	1
15520	0	0	1	0	0	0
15521	1	1	0	0.5	0	1
15523	0	0	1	0	0	0
15524	1	1	1	0	0	0
15525	0	0	1	0.5	0	0
15526	0	0	0	0	0	0
15527	1	1	0	0.5	0	0.5
15528	0	0	1	0	0	0
15529	0	0	1	0	0	0
15530	0	0	1	1	0.5	0.5
15536	0	0	1	0.5	0	0
15538	0	0	1	0	0	0
15539	0	0	0	0.5	0.5	0
15541	0	0	1	0	0	0
15545	0	0	1	1	0	0.5
15546	0	0	0	1	0.5	1
15547	0	0	1	0	0	0
15548	0	0	1	0	0	0
15549	0	0	1	0	0	0
15550	0	0	1	0.5	0	0
15553	0	0	1	0	0	0
15554	0	0	0	0	1	1
15559	0	0	0	0	0	0
15560	0	0	1	0	0	0
15561	0	0	1	0	0	0
15563	0	0	1	0	0	0
15564	0	0	0	0	0	0
15565	0	0	0	1	0	0.5
15566	0	0	1	0	0.5	0
15567	0	1	1	0	0	0.5
15569	0	0	1	0	0	0
15570	0	0	0	0	0	0
15571	0	0	1	0	0	0
15572	0	0	0	0	0	0
15573	0	1	1	0	0	0
15574	0	0	1	0	0	0
15575	1	1	1	0	0	0
15576	1	1	1	0.5	0	0.5
15577	0	0	1	0	0	0
15580	0	0	1	0	0	0
15581	0	0	1	1	0	0
15583	0	0	1	0	0	0
15585	0	0	1	0	0	0
15586	0	0	1	0	0	1
15587	1	1	1	0.5	0	0.5
15588	0	1	0	0.5	0	0
15589	1	1	1	0	0	1
15590	0	1	1	1	0	1
15591	0	1	0	1	0	1
15592	0	1	0	0.5	0	1
15594	1	1	0	0	0	0
15595	1	0	1	0.5	0.5	1
15596	0	1	0	1	0	1
15600	1	1	1	0	0	0
15601	0	0	1	0	0	0
15603	0	1	1	0.5	0	0
15604	0	0	0	0	0	0
15608	0	0	0	0	0	0
15609	1	1	1	1	0	1
15610	1	1	1	1	0	0.5
15611	1	1	1	0	0	0
15612	1	1	1	0.5	0.5	0
15613	0	0	0	1	0	0
15614	1	1	1	0	0	0
15615	1	1	0	1	0	0
15616	1	1	0	1	0	0
15617	0	1	0	1	0	1
15618	1	1	1	0.5	0	0.5
15620	0	0	1	0	0	0
15621	0	0	1	0	0	0
15622	0	0	0	0	0	0
15623	0	0	1	0.5	0	1
15624	0	0	1	0	0	0
15625	0	1	1	0	0	0
15626	0	0	1	0.5	0	0
15627	1	1	1	0	0	1
15628	0	0	1	0	0	1
15629	0	0	1	0	0	0
15630	0	0	1	0.5	0	0.5
15631	1	1	1	0.5	0	0.5
15632	0	0	1	0.5	0	0
15633	1	1	1	0	0	0.5
15634	0	0	1	0	0	0
15635	0	0	1	0	0	1
15636	1	1	1	0	0	0
15637	1	1	1	1	0	0
15638	1	1	1	0.5	0	0
15639	1	1	1	0.5	0	0
15640	1	1	1	0.5	0	1
15641	0	1	1	0	0	0
15642	1	1	1	0.5	0	0
15643	0	0	0	0	0	0
15644	0	0	1	0	0	0
15645	0	0	1	0	0	0
15646	1	0	1	0.5	0.5	0
15648	1	1	0	1	0.5	0.5
15649	1	0	1	0.5	0.5	0.5
15650	1	1	1	0	0	1
15651	1	1	0	1	0.5	1
15652	0	0	1	1	0	1
15653	0	0	1	0	0	0
15654	1	1	1	0	0	0.5
15655	0	1	1	0	0	0
15656	0	0	1	0.5	0.5	0
15657	0	0	0	0	0	1
15658	1	1	1	0	0	0.5
15661	0	0	1	1	0	1
15662	0	0	0	1	0.5	0.5
15664	0	0	1	0	0	0
15665	1	1	1	0.5	0	0.5
15666	0	0	1	1	1	0
15667	0	0	1	0	0.5	0.5
15668	0	0	1	0.5	1	1
15669	0	0	1	0	0	0
15670	0	1	1	0	0	0.5
15671	0	0	0	0	0	0
15673	0	0	1	0.5	0	0.5
15674	1	1	0	0.5	0.5	0.5
15675	1	1	0	0.5	0.5	1
15676	0	0	0	0.5	1	0
15677	1	1	0	0	0.5	1
15678	0	1	1	0.5	0	1
15679	0	0	0	0	0	0
15680	0	0	1	0	0	0
15681	0	0	0	0	0	0
15683	0	0	1	0	0	0
15685	0	0	1	0	0	0
15687	0	0	0	0	0	1
15688	0	0	0	0	0	0
15689	0	0	0	0	0	0
15691	0	0	1	0	0	0
15692	0	0	1	0.5	0.5	0.5
15693	0	0	1	0	0	1
15694	0	0	1	0	0	0
15695	1	1	1	0	0	0.5
15696	1	1	0	0.5	0.5	0
15699	0	0	1	0	0	0
15700	1	1	1	0.5	0	0.5
15701	1	1	1	1	0	0.5
15702	1	1	1	1	0	1
15703	0	0	1	1	0	1
15704	0	0	1	0	0	1
15705	0	0	1	0.5	0	0
15706	0	0	1	0.5	0.5	0.5
15707	0	0	1	0	0	0
15708	0	0	1	0	0	0
15709	0	0	0	0	0	0
15711	0	0	1	1	0	0
15712	0	0	0	1	0	1
15713	0	0	1	0	0	0
15714	0	0	1	0	0	0
15718	1	1	0	0.5	0.5	0
15719	0	0	1	0	0	0
15720	0	0	1	0	0	0
15722	0	0	0	0	0	1
15723	0	0	1	0	0	0
15724	0	0	1	1	1	0
15725	1	0	1	1	1	0
15726	0	0	1	0	0	0
15727	1	1	1	0.5	0	0.5
15728	1	1	1	1	1	1
15730	0	0	1	0	0	0
15731	0	0	1	0	0	0
15733	0	0	0	0	0.5	1
15734	0	0	1	1	1	1
15735	0	0	0	0.5	0	1
15736	1	1	1	0	0	0.5
15737	1	1	1	0.5	0	0
15739	0	0	1	1	1	0
15740	1	1	1	1	1	0
15741	0	1	0	1	0	0
15742	1	1	1	1	0	0.5
15743	1	1	1	0.5	0	0
15744	0	0	0	0	1	0
15745	0	0	0	0	0	1
15746	0	0	0	1	0	0
15747	0	0	1	0	0	0
15748	1	1	1	0.5	0	0.5
15749	1	1	1	0.5	0	0.5
15750	0	0	1	0.5	0	0
15752	0	0	1	0	1	1
15753	0	0	0	1	0	1
15754	0	0	0	0.5	0	1
15755	0	0	1	0	0	0
15756	0	0	1	0	0	1
15759	0	0	0	0	0	0
15760	0	0	0	1	0	1
15761	0	0	1	0	0	0
15762	1	1	0	0.5	0.5	0
15763	0	0	0	0.5	0	1
15764	0	1	0	0	0.5	0.5
15765	0	0	1	1	0.5	0.5
15766	0	0	1	0	0	0
15767	0	0	1	0	0	0
15768	0	0	1	1	1	0.5
15769	0	0	1	1	1	0.5
15770	0	0	0	0	0.5	0.5
15778	1	1	0	0.5	0.5	1
15779	1	1	0	1	0.5	1
15781	0	1	0	0.5	0	0.5
15782	0	0	0	1	0.5	1
15783	1	1	0	0	0	0
15784	1	1	0	0	1	0.5
15785	1	1	0	1	0.5	1
15786	1	0	1	1	1	0.5
15787	0	1	0	1	0.5	1
15788	1	1	0	1	0.5	0.5
15789	1	1	0	0	0.5	1
15790	0	0	1	0.5	0	1
15791	0	0	0	0	0	0
15793	1	1	0	1	0.5	1
15795	0	0	1	0	0	0
15796	0	0	1	0	0	0
15797	0	0	0	0	0	0
15798	0	0	0	1	0	0
15801	0	0	1	0.5	0.5	0.5
15802	0	0	1	0.5	1	1
15804	0	0	0	0.5	0.5	1
15805	0	0	1	0	1	0.5
15806	0	1	0	1	0.5	0.5
15807	0	0	0	0	0	0
15808	0	0	0	0	0	0
15809	0	0	1	0	0	0
15810	1	1	0	0.5	0.5	0
15811	0	0	0	0	0.5	0
15812	1	0	1	0	0.5	1
15813	1	1	0	0	0.5	1
15814	1	1	1	1	1	0
15815	0	0	0	1	0	1
15816	1	0	1	0.5	0.5	0.5
15817	1	1	0	0.5	0.5	0
15818	0	0	0	1	0.5	1
15819	0	0	0	0	0	0
15820	1	1	0	0.5	1	1
15821	1	1	0	1	0.5	0
15823	0	0	0	1	0.5	1
15824	0	1	0	0.5	0.5	0.5
15825	0	0	0	1	0.5	1
15826	1	0	1	0.5	0.5	0.5
15827	1	1	1	0.5	0.5	0.5
15828	1	1	0	0	0.5	0
15829	0	1	0	0	0.5	0.5
15830	0	0	1	0	0	0
15831	0	1	0	0.5	0.5	0.5
15832	0	0	0	0.5	0.5	1
15833	1	1	0	1	0	0.5
15834	1	1	1	0	0	0
15835	1	1	1	0	0	0
15836	0	1	0	1	0.5	1
15837	0	1	0	1	0.5	0.5
15838	1	1	0	0	1	1
15839	1	1	0	0	0.5	1
15840	1	1	0	0.5	1	1
15841	1	1	0	0	0.5	0.5
15842	0	0	1	0	0	0
15843	0	0	0	0	0	0
15845	0	0	1	0.5	1	1
15846	1	1	1	0	0.5	1
15847	0	1	1	0.5	0.5	1
15848	1	1	1	0	0	0
15849	0	1	0	0	0.5	1
15850	1	1	1	0	0	0
15851	1	1	1	0	0	0
15852	1	1	0	0.5	0.5	0
15853	1	1	0	1	0.5	0.5
15854	0	0	0	0	0	0
15855	0	1	0	0	0	0
15857	0	0	0	0	0	0
15858	0	0	0	0	0	0
15859	0	1	0	0.5	1	0.5
15860	1	1	0	1	0.5	0.5
15861	0	0	0	0	0	0
15864	0	0	0	1	1	0
15865	0	0	0	0	0	0
15866	1	1	0	0.5	0	1
15867	1	1	0	0.5	0.5	0
15868	0	0	0	0	0	0
15869	0	0	0	0	0	0
15872	0	0	0	0	0	0
15873	0	0	0	0	0	0
15874	0	0	0	0.5	0	1
15875	0	0	0	0	0	1
15876	0	0	0	0	0	0
