14272	0.333333333333333
14273	0.166666666666667
14591	0.111111111111111
14592	0.25
14634	0.2
14703	0.277777777777778
14731	0.285714285714286
14745	0.25
14746	0.222222222222222
14747	0.2
14755	0.181818181818182
14756	0.194444444444444
14757	0.205128205128205
14759	0.214285714285714
14763	0.2
14772	0.229166666666667
14773	0.235294117647059
14779	0.277777777777778
14781	0.263157894736842
14784	0.266666666666667
14785	0.285714285714286
14786	0.287878787878788
14793	0.289855072463768
14795	0.291666666666667
14796	0.28
14800	0.282051282051282
14802	0.271604938271605
14814	0.273809523809524
14815	0.275862068965517
14819	0.266666666666667
14820	0.268817204301075
14821	0.270833333333333
14823	0.282828282828283
14826	0.294117647058824
14827	0.285714285714286
14828	0.277777777777778
14830	0.279279279279279
14846	0.280701754385965
14862	0.290598290598291
14865	0.291666666666667
14867	0.284552845528455
14914	0.285714285714286
14994	0.286821705426357
14998	0.287878787878788
15014	0.296296296296296
15031	0.289855072463768
15050	0.283687943262411
15056	0.284722222222222
15057	0.285714285714286
15058	0.28
15061	0.281045751633987
15069	0.275641025641026
15070	0.270440251572327
15071	0.271604938271605
15073	0.266666666666667
15079	0.261904761904762
15090	0.257309941520468
15091	0.258620689655172
15092	0.259887005649718
15093	0.255555555555556
15097	0.256830601092896
15217	0.252688172043011
15230	0.253968253968254
15231	0.260416666666667
15232	0.261538461538462
15234	0.262626262626263
15235	0.268656716417911
15240	0.269607843137255
15241	0.270531400966184
15246	0.271428571428571
15247	0.281690140845071
15248	0.287037037037037
15250	0.287671232876712
15251	0.292792792792793
15402	0.288888888888889
