15086	0
15087	0.333333333333333
15089	0.333333333333333
15090	1
15091	0
15093	0.333333333333333
15095	0.333333333333333
15098	0
15099	0.333333333333333
15100	0.333333333333333
15103	0.666666666666667
15106	0.333333333333333
15107	0
15109	0.333333333333333
15110	0.333333333333333
15111	0
15112	0.333333333333333
15113	0
15195	0
15197	0.333333333333333
15198	0.333333333333333
15199	0
15202	0.333333333333333
15203	0.333333333333333
15205	0.333333333333333
15208	0.333333333333333
15209	0
15210	1
15213	0.666666666666667
15214	0.666666666666667
15215	0.333333333333333
15216	0.333333333333333
15217	0.333333333333333
15219	1
15220	0.333333333333333
15222	0
15223	0
15226	0.333333333333333
15227	0.333333333333333
15230	0
15231	0.333333333333333
15232	0.333333333333333
15233	0.666666666666667
15247	0.333333333333333
15248	0.666666666666667
15249	0
15250	0.666666666666667
15251	0.333333333333333
15252	0
15253	0.666666666666667
15254	0.333333333333333
15257	0.666666666666667
15259	0.333333333333333
15319	0.333333333333333
15321	0
15322	0
15326	0
15330	0.333333333333333
15335	0.333333333333333
15339	0
15343	0.333333333333333
15344	0.333333333333333
15347	0.333333333333333
15351	0.333333333333333
15352	0.333333333333333
15353	0.333333333333333
15355	0.333333333333333
15357	0.333333333333333
15359	0.333333333333333
15360	0.333333333333333
15364	0
15368	0.333333333333333
15369	0
15370	0.333333333333333
15371	0.666666666666667
15372	0.333333333333333
15373	0
15376	0.333333333333333
15379	0.333333333333333
15385	0
15386	0.666666666666667
15387	0
15390	0.333333333333333
15391	0.333333333333333
15392	0.666666666666667
15393	0
15394	0.333333333333333
15397	0.333333333333333
15399	0.666666666666667
15400	0.666666666666667
15404	0
15407	0
15408	1
15409	0
15411	0
15412	0
15413	0.666666666666667
15414	0
15416	0.666666666666667
15417	0
15418	0.333333333333333
15419	0.666666666666667
15420	0.666666666666667
15421	0
15422	0.666666666666667
15423	0.666666666666667
15425	0.666666666666667
15427	0
15428	0.666666666666667
15431	0.333333333333333
15433	1
15434	0
15435	0.666666666666667
15436	1
15438	0
15439	0.333333333333333
15440	0.333333333333333
15441	0.666666666666667
15442	0.666666666666667
15443	0.333333333333333
15447	0.333333333333333
15448	0.333333333333333
15449	0.333333333333333
15450	0.333333333333333
15452	0.333333333333333
15453	0.333333333333333
15454	0.333333333333333
15455	0.666666666666667
15457	0.333333333333333
15458	0.666666666666667
15460	0.666666666666667
15461	0.666666666666667
15464	0.333333333333333
15465	0.333333333333333
15466	0.333333333333333
15467	0
15468	0
15470	0.666666666666667
15471	0
15475	0.333333333333333
15476	0.333333333333333
15477	0.333333333333333
15482	0.333333333333333
15483	0.333333333333333
15485	0.333333333333333
15486	0.666666666666667
15491	0.666666666666667
15492	0.333333333333333
15494	0.333333333333333
15496	0.666666666666667
15499	0.333333333333333
15502	0.666666666666667
15505	0
15512	0.333333333333333
15513	0.333333333333333
15515	0.333333333333333
15519	0
15520	1
15527	0
15531	0.333333333333333
15532	0.666666666666667
15534	0.333333333333333
15537	0.333333333333333
15538	0
15539	0
15540	0.333333333333333
15544	0
15545	0.333333333333333
15546	0.666666666666667
15551	0.333333333333333
15553	0.333333333333333
15554	0.333333333333333
15555	0.666666666666667
15558	0.666666666666667
15561	0.333333333333333
15597	0.333333333333333
15600	0.333333333333333
15602	0
15603	0
15609	0.333333333333333
15611	0.333333333333333
15616	0
15617	0.666666666666667
15621	0.333333333333333
15622	0.333333333333333
15623	0
15624	0.333333333333333
15628	0.333333333333333
15629	0.333333333333333
15632	0
15637	0
15638	0.333333333333333
15639	0
15640	0
15646	0.333333333333333
15658	0.333333333333333
15674	0.333333333333333
15677	0
15678	0.333333333333333
15679	0
15680	0
15681	0.666666666666667
15694	0.333333333333333
15696	0
15729	0.333333333333333
15733	0.333333333333333
15735	0.666666666666667
15738	0.333333333333333
15745	0.666666666666667
15747	0
15748	0
15754	0.666666666666667
15756	0.333333333333333
15758	0
15761	0.666666666666667
15763	0
15764	0.666666666666667
15768	0
15772	0.666666666666667
15775	0.333333333333333
15778	0.333333333333333
15779	0
15783	0.333333333333333
15791	0.333333333333333
15801	0
15803	0.333333333333333
15805	0.666666666666667
15807	1
15810	0.333333333333333
15811	0.333333333333333
15812	0.666666666666667
15814	0.333333333333333
15817	0.666666666666667
15818	0.333333333333333
15820	0
15821	0
15822	0.333333333333333
15824	0
15828	0.333333333333333
15832	0.333333333333333
15838	1
15839	0.333333333333333
15841	0.333333333333333
15845	0
15848	0.666666666666667
15849	0
15850	0.333333333333333
15851	0.333333333333333
15852	0.666666666666667
15853	0.666666666666667
15854	0.333333333333333
15855	0
15857	0.333333333333333
15859	1
