15438	0.333333333333333
15439	0.333333333333333
15440	0.333333333333333
15441	0.333333333333333
15442	0.222222222222222
15443	0.158730158730159
15444	0.119047619047619
15445	0.0925925925925926
15446	0.140740740740741
15447	0.175757575757576
15448	0.257575757575758
15449	0.217948717948718
15452	0.186813186813187
15455	0.161904761904762
15456	0.183333333333333
15458	0.161764705882353
15460	0.143790849673203
15461	0.128654970760234
15462	0.115789473684211
15463	0.104761904761905
15464	0.0952380952380953
15467	0.115942028985507
15470	0.106280193236715
15473	0.0977777777777778
15476	0.0902564102564103
15482	0.157644824311491
15484	0.146384479717813
15485	0.182266009852217
15486	0.170114942528736
15488	0.159139784946237
15489	0.149193548387097
15490	0.160353535353535
15491	0.170528817587641
15492	0.179831932773109
15493	0.188359788359788
15494	0.196196196196196
15495	0.220957799905168
15496	0.243814664867297
15500	0.231623931623932
15501	0.236585365853659
15502	0.241192411924119
15503	0.245478036175711
15504	0.234319943622269
15506	0.223905723905724
15507	0.257648953301127
15509	0.246685168054271
15510	0.264184397163121
15514	0.253401360544218
15515	0.256598639455782
15517	0.259607843137255
15518	0.288084464555053
15519	0.289791969037252
15520	0.279058933146984
15523	0.268911335578002
15527	0.259307359307359
15529	0.250208855472013
15533	0.241580963904013
15534	0.233391778686928
15536	0.225612052730697
15537	0.218214936247723
15538	0.221928432927904
15539	0.214883085850828
15543	0.208167989417989
15546	0.212019230769231
15548	0.205594405594406
15549	0.199457259158752
15552	0.193590869183494
15563	0.197641375390736
15567	0.191994478951001
15568	0.186586183769282
15569	0.199921752738654
15571	0.203576864535769
15572	0.198074787115883
15573	0.192792792792793
15574	0.205263157894737
15575	0.199931647300068
15580	0.194805194805195
15592	0.189873417721519
15594	0.185126582278481
15595	0.180555555555556
15596	0.192411924119241
15598	0.187775492212753
15601	0.183304647160069
15602	0.178991596638655
15603	0.182580939352485
15604	0.186046511627907
15609	0.189393939393939
15610	0.192628532516173
15611	0.203162713275073
15615	0.206023606023606
15616	0.208791208791209
15617	0.218637992831541
15618	0.221078319225196
15619	0.223441582680105
15620	0.218786549707602
15621	0.22114833906071
15622	0.223437828739743
15623	0.218923933209648
15624	0.221212121212121
15625	0.223432343234323
15628	0.232123212321232
15629	0.227615965480043
15630	0.223238735374658
15631	0.218986568986569
15632	0.214854746930219
15633	0.217069299947099
15634	0.213049498096227
15635	0.215256540944614
15636	0.217403391715318
15638	0.213486213486214
15639	0.20967395967396
15640	0.211862621154657
15642	0.208145733064224
15643	0.210322908721078
15644	0.206696651674163
15645	0.208861381275174
15646	0.210971075377855
15647	0.213027583914922
15648	0.215032679738562
15649	0.216988062442608
15650	0.218895361965407
15651	0.220756141987649
15652	0.222571903138386
15653	0.219010752688172
15654	0.220825396825397
15656	0.21734783152106
15657	0.213951771653543
15658	0.215802648578811
15659	0.227867223216061
15660	0.234566451360345
15663	0.236062919269026
15664	0.232513100934154
15665	0.238993004900311
15666	0.245328911000553
15667	0.246623093681917
15669	0.243022756547875
15670	0.239500687612398
15672	0.236054634553227
15676	0.237444330250086
15677	0.243532590341101
15678	0.249492225218926
15679	0.250664828129617
15680	0.251813001813002
15685	0.257535121328225
15689	0.254007242953866
15691	0.25055136209735
15692	0.247165532879819
15694	0.248322147651007
15712	0.245011185682327
15714	0.241766004415011
15716	0.242970837690252
15718	0.244152046783626
15720	0.240981240981241
15721	0.242172880882558
15725	0.243341604631927
15727	0.244487996080353
15728	0.245612620602542
15729	0.246716025794125
15730	0.247798742138365
15732	0.248861283643892
15733	0.245788922117425
15734	0.242773107122119
15735	0.252007581425508
15736	0.252993348115299
15737	0.25797736400146
15739	0.26287184666811
15740	0.259742419922061
15741	0.260613318305626
15742	0.257547279266736
15743	0.258433665864006
15744	0.255428623237681
15745	0.256329255724336
15746	0.257214360064669
15748	0.25808429118774
15749	0.262727272727273
15750	0.263525081321692
15751	0.260564125351785
15758	0.261377189128115
15762	0.262176701841506
15763	0.266646204215265
15764	0.263716026146965
15769	0.260833883784703
15770	0.257998732874
15771	0.258813160987074
15776	0.25961445316284
15784	0.260402890383915
15788	0.261178746159973
15789	0.258414949904312
15791	0.255694792536898
15793	0.253017360154313
15795	0.260798429319372
15796	0.268458549222798
15797	0.269127361430123
15798	0.269785884218874
15799	0.267032967032967
15800	0.2643219724438
15802	0.26501905689723
15803	0.26235554878771
15804	0.259731993299833
15805	0.257147595356551
15806	0.254601579560941
15807	0.258661334113707
15810	0.25612543868122
15811	0.256878686433923
15812	0.254384718604468
15813	0.251926895236309
15814	0.25270964944878
15815	0.250291375291375
15816	0.251082251082251
15817	0.25818099751749
15818	0.25888998181764
15819	0.256459089969587
15820	0.254062276044638
15822	0.254799681228718
15823	0.255526844674132
15824	0.256243955168686
15827	0.256951197170197
15828	0.25460461089467
15829	0.2522900235229
15831	0.253023447141094
15832	0.256749962632316
15834	0.260426345628139
15835	0.258101110399317
15836	0.258769841269841
