14609	0.333333333333333
14610	0
14611	0
14612	0
14613	0
14614	0
14615	0
14616	0.333333333333333
14617	0.333333333333333
14618	0
14619	0.333333333333333
14620	0.333333333333333
14621	0
14623	0.333333333333333
14624	0.666666666666667
14625	0
14626	0
14627	0
14628	0
14629	0
14630	0
14631	0.666666666666667
14632	0
14633	0.666666666666667
14634	0
14635	0
14636	0
14637	0.333333333333333
14638	0
14639	0.333333333333333
14640	1
14641	0
14642	0
14643	0.666666666666667
14644	0
14647	0.666666666666667
14648	0
14649	0
14651	0.333333333333333
14654	0.333333333333333
14655	0.666666666666667
14656	0
14657	0.666666666666667
14658	0.666666666666667
14660	0.666666666666667
14661	0.666666666666667
14662	0.666666666666667
14663	0
14664	0
14665	0
14668	0.666666666666667
14669	0.333333333333333
14670	0.666666666666667
14671	0.333333333333333
14672	0
14673	0
14674	0.333333333333333
14675	1
14676	0.333333333333333
14677	0
14679	0.333333333333333
14680	0.333333333333333
14683	0
14684	0.333333333333333
14685	0
14688	0
14689	0.333333333333333
14690	0.333333333333333
14691	1
14692	0.666666666666667
14693	0.333333333333333
14697	0.666666666666667
14698	0
14699	0
14700	1
14707	0
14708	0
14710	0.333333333333333
14711	0.333333333333333
14755	0.333333333333333
14760	0
14762	0.333333333333333
14763	0.333333333333333
14766	0.333333333333333
14767	0.666666666666667
14776	1
14843	0
14847	0.333333333333333
14849	0.333333333333333
14858	0.333333333333333
14860	0.333333333333333
14863	0.333333333333333
14867	0.333333333333333
14871	0.333333333333333
14872	0.666666666666667
14881	0.333333333333333
14888	0.333333333333333
14890	0.666666666666667
14892	0
14894	1
14895	0.666666666666667
14897	0.333333333333333
14898	0
14899	0
14900	0.333333333333333
14901	0
14902	0.333333333333333
14904	0.333333333333333
14905	0.333333333333333
14906	0.333333333333333
14907	1
14908	0.333333333333333
14921	0.333333333333333
14922	0.333333333333333
14928	0.333333333333333
14929	0.666666666666667
14930	0.333333333333333
14935	0.333333333333333
14936	0
14940	0
14943	0
14946	0
14949	0.666666666666667
14950	0.333333333333333
14951	0
14958	1
14959	0
14960	0.333333333333333
14963	0.333333333333333
14964	0
14965	0.666666666666667
14966	0.333333333333333
14967	0
14970	0.666666666666667
14971	0.333333333333333
14972	0.666666666666667
14975	0.333333333333333
14976	0
14978	0
14979	0.666666666666667
14980	0.666666666666667
14981	0.333333333333333
14984	0
14985	0.666666666666667
14986	0.333333333333333
14988	0.666666666666667
14989	0.666666666666667
14991	0.333333333333333
14994	0.666666666666667
14995	0.333333333333333
14998	0.333333333333333
14999	0.333333333333333
15000	1
15001	0.333333333333333
15003	0.666666666666667
15004	0.333333333333333
15005	0.666666666666667
15006	0.333333333333333
15007	0.666666666666667
15012	0.333333333333333
15013	0
15014	0
15016	0.666666666666667
15017	0
15018	0.333333333333333
15019	0.666666666666667
15020	0.333333333333333
15022	0.333333333333333
15023	0
15025	0.333333333333333
15026	0.333333333333333
15028	0.333333333333333
15029	0
15055	0.333333333333333
15068	0.666666666666667
15069	0.666666666666667
15070	0.333333333333333
15071	0.333333333333333
15074	0
15102	0.333333333333333
15103	0.666666666666667
15105	0.333333333333333
15106	0.333333333333333
15119	0
15120	0.666666666666667
15121	0.666666666666667
15123	0.333333333333333
15124	0
15126	0.666666666666667
15127	1
15130	0.666666666666667
15131	1
15169	0.333333333333333
15192	0
15221	0.666666666666667
15222	0.333333333333333
15223	0
15227	0
15228	1
15233	0.666666666666667
15236	0.333333333333333
15238	0.666666666666667
15244	0.333333333333333
15250	0
15252	0
15253	0
15254	0
15257	0
15262	0.666666666666667
15263	0
15271	0.333333333333333
15330	0
15331	0
15333	0.333333333333333
15334	0.333333333333333
15335	0
15336	0.666666666666667
15337	0.333333333333333
15338	0.666666666666667
15339	0
15340	0.333333333333333
15341	0
15342	0.333333333333333
15343	0.333333333333333
15345	0
15346	0.666666666666667
15347	0
15349	0
15350	0
15355	0.333333333333333
15356	0
15357	0.666666666666667
15363	0.333333333333333
15364	0.333333333333333
15366	0
15367	0
15368	0.666666666666667
15369	0
15370	0.333333333333333
15371	0
15376	0
15377	1
15378	0.333333333333333
15381	0
15382	0.333333333333333
15383	0.666666666666667
15386	0.333333333333333
15387	0.666666666666667
15390	0
15392	0.333333333333333
15395	0.333333333333333
15404	0.333333333333333
15405	0.666666666666667
15406	0.333333333333333
15412	0
15424	0
15425	0.333333333333333
15427	1
15428	0
15431	0.333333333333333
15435	0.333333333333333
15442	0
15444	0.333333333333333
15445	0
15447	0
15448	0
15452	0
15453	0.333333333333333
15456	0.666666666666667
15459	0
15460	0
15461	0
15468	0
15472	0.666666666666667
15473	0
15475	1
15476	0
15477	0
15478	0.333333333333333
15482	0.666666666666667
15489	0.666666666666667
15495	0
15496	0
15497	0.666666666666667
15501	0
15503	0
15505	0.333333333333333
15508	0
15536	0
15600	0
15602	0
15603	0.333333333333333
15624	0.333333333333333
15666	0.333333333333333
15667	0
15668	0
15673	0
15674	0
15675	0.666666666666667
15676	0
15677	0.333333333333333
15678	0
15679	0.333333333333333
15680	0.333333333333333
15682	0
15683	0
15684	0
15688	0
15689	0.333333333333333
15690	0
15691	0
15692	0
15693	0
15694	0.333333333333333
15695	0
15696	0
15697	0
15698	0.333333333333333
15700	0
15702	0
15704	0
15709	0
15711	0.666666666666667
15718	0
15719	0
15720	0.333333333333333
15721	0
15722	0
15723	0.333333333333333
15724	0.666666666666667
15725	0
15727	0
15728	0.666666666666667
15732	0.333333333333333
15736	0.333333333333333
15737	1
15738	0.333333333333333
15739	0
15741	0.666666666666667
15742	0.333333333333333
15744	0.666666666666667
15745	0.333333333333333
15746	0.333333333333333
15747	0
15748	0
15749	0
15750	0.333333333333333
15751	0
15752	0
15753	0
15755	0.333333333333333
15758	0.333333333333333
15759	0
15761	0.666666666666667
15762	0.333333333333333
15763	0.333333333333333
15764	0.666666666666667
15765	0
15766	0.333333333333333
15769	0
15770	0
15771	0
15772	0
15776	0
15777	0.333333333333333
