15428	0.666666666666667
15429	0.666666666666667
15430	0.5
15433	0.7
15435	0.688888888888889
15436	0.777777777777778
15437	0.75
15438	0.657407407407407
15439	0.659259259259259
15440	0.660606060606061
15441	0.606060606060606
15442	0.512820512820513
15443	0.487179487179487
15444	0.466666666666667
15445	0.45
15446	0.475490196078431
15447	0.496732026143791
15448	0.444444444444445
15449	0.466666666666667
15450	0.422222222222222
15451	0.414141414141414
15453	0.436100131752306
15454	0.455314009661836
15455	0.445555555555556
15456	0.436923076923077
15458	0.453941120607787
15460	0.445326278659612
15461	0.483579638752053
15462	0.495785440613027
15463	0.506810035842294
15464	0.516801075268817
15465	0.485479797979798
15466	0.496137849079026
15467	0.486834733893558
15468	0.478306878306878
15469	0.488488488488489
15470	0.515410146989094
15471	0.48897885739991
15472	0.481196581196581
15473	0.457723577235772
15475	0.451800232288037
15477	0.477297895902547
15478	0.470754052149401
15479	0.47946127946128
15480	0.502093397745572
15482	0.509096515572001
15483	0.529550827423168
15484	0.535147392290249
15485	0.55374149659864
15486	0.558169934640523
15487	0.549522373051785
15490	0.553942912433478
15492	0.533426508269276
15494	0.52615039281706
15505	0.519264069264069
15506	0.501044277360067
15509	0.495261141359145
15512	0.50107149814923
15513	0.506591337099812
15515	0.500910746812386
15523	0.517010400141019
15524	0.532343403311145
15525	0.536541005291005
15527	0.550801282051282
15528	0.544211344211344
15529	0.537916478214986
15530	0.531899326894937
15531	0.535805626598465
15532	0.549068322981366
15533	0.533601609657948
15534	0.537297861241523
15535	0.540842212075089
15537	0.544242873009996
15541	0.538618618618619
15542	0.533216374269006
15545	0.528024606971976
15546	0.514485514485515
15547	0.501460564751704
15548	0.505590717299578
15549	0.509567901234568
15551	0.521529659741042
15552	0.525026937016358
15553	0.528399311531842
15554	0.539495798319328
15555	0.534701322389421
15556	0.522409337966676
15557	0.525687913618948
15561	0.528855975485189
15562	0.524511027881815
15563	0.527635327635328
15565	0.523411371237458
15566	0.519323671497585
15568	0.522458628841608
15569	0.518477043673012
15570	0.507675438596491
15572	0.497207903780069
15573	0.49386352479136
15575	0.504088504088504
15576	0.514006734006734
15577	0.503828382838284
15579	0.500485342651912
15580	0.510184656386827
15581	0.519604182225542
15582	0.522405372405372
15583	0.518837975441749
15584	0.509140069358726
15586	0.518230068074305
15587	0.520953675387926
15588	0.523603002502085
15590	0.526180726180726
15591	0.534641784641785
15593	0.536978508217446
15594	0.539253739067433
15595	0.529875413170608
15602	0.526486756621689
15603	0.52318498870223
15604	0.514317446520836
15610	0.516877937615724
15612	0.508263305322129
15614	0.516391184573003
15615	0.507925755317708
15616	0.50508685414723
15618	0.496940291983565
15619	0.499655913978495
15621	0.507597883597884
15622	0.499604216139649
15623	0.502214566929134
15624	0.494428294573643
15625	0.486821705426357
15626	0.479389312977099
15628	0.482226848639063
15630	0.485000379737222
15631	0.487711816855572
15632	0.485424728210798
15633	0.483188090050835
15634	0.481000429368828
15635	0.474029408653338
15636	0.476801167761443
15637	0.484275436793422
15644	0.486862546437015
15645	0.480005327473113
15646	0.477953970911718
15647	0.475945350945351
15649	0.473978288633461
15656	0.46748543536451
15658	0.465660236697419
15660	0.468376539805111
15663	0.475512425176855
15664	0.473616703952274
15665	0.471758646063282
15674	0.469937260369467
15675	0.476866185070519
15676	0.483660130718954
15677	0.481720430107527
15679	0.488365039977943
15680	0.482143829277587
15681	0.484479561396436
15682	0.478385478863148
15683	0.472405660377359
15684	0.478959627329193
15685	0.485392224522659
15687	0.487616450806635
15688	0.485734949374034
15689	0.483887657058389
15690	0.482073749543629
15692	0.480292427193805
15693	0.478542914171657
15694	0.476824457593688
15695	0.475136326720037
15698	0.46957917669992
15699	0.464118953715037
15700	0.466460545772281
15701	0.461098930303634
15704	0.455829228243021
15706	0.450649350649351
15708	0.453090224276665
15709	0.451744641232358
15710	0.450421609859184
15712	0.456528036416305
15713	0.451483527726622
15715	0.457511181268087
15716	0.452511059068436
15717	0.454838837411895
15719	0.449921660791226
15720	0.44508379347089
15721	0.451018726161041
15722	0.446220654606137
15727	0.445026079777853
15729	0.443850366657384
15732	0.442693120235143
15733	0.445026178010471
15734	0.447322970639033
15735	0.453020671972651
15830	0.458630716362675
15831	0.460753532182104
15832	0.466228115611727
15833	0.464885744073561
15834	0.460213525540159
15835	0.462278056951424
15836	0.460995024875622
15837	0.459731047731639
15838	0.455201677803248
15839	0.457274863968576
15842	0.456065678303842
15844	0.45487410213908
15845	0.453699795194097
15846	0.455747553573641
15847	0.460955710955711
15849	0.462914862914863
15850	0.458527044309035
15851	0.457345971563981
15853	0.456181533646323
15854	0.455033419624706
15856	0.457002100992538
15857	0.452770600057422
15858	0.448597599135234
15859	0.444482024831241
15860	0.440422828257439
15862	0.43641898436419
15866	0.435486082544906
15867	0.44057179351297
15868	0.445589086844692
15869	0.444586803331198
15870	0.446560846560847
15871	0.445558833169453
15874	0.444570062245786
15875	0.443594301465853
15876	0.445542531729615
15877	0.447465350294285
15878	0.446477194303281
15881	0.442628252973081
15885	0.44169009915643
15887	0.443612975801817
15890	0.442674425653149
15891	0.44174780622671
15893	0.440832916160099
15900	0.442730678769398
15901	0.441815219811774
15902	0.438133426313343
15903	0.437263715998156
15905	0.439159608152441
15906	0.438288610005782
15907	0.434696080415571
15910	0.431147540983607
15911	0.427642276422764
15913	0.426878641256048
15915	0.423436071568499
15916	0.422712354795526
15917	0.427330655957162
15918	0.423925630810093
15919	0.423206644322182
15920	0.422496183365749
15921	0.421794113680454
15922	0.423714682723483
15923	0.428216911764706
15924	0.430072551880675
15925	0.429322635457827
15926	0.431155407899594
15927	0.432967032967033
15928	0.42964927792514
15929	0.428914041706882
15930	0.428187192213547
15931	0.429993854898798
15934	0.429264341528493
15935	0.426036790088429
15936	0.422845503271287
15937	0.422177502003093
15938	0.421516950563169
15939	0.423332874386158
15940	0.422668671131156
15941	0.422011793647348
15942	0.421362134597429
15943	0.423152678627131
15944	0.424923689449237
15945	0.424259991216513
15946	0.423603481051291
15947	0.422954055528141
15948	0.422311613075131
15951	0.424057006315071
15953	0.423411286222674
15954	0.422772435492963
15955	0.42214035703247
15958	0.4238623732975
15959	0.42322708178898
15960	0.422598454177402
15961	0.421976397586154
15962	0.423675635565879
15964	0.420743624247084
15965	0.424738495804001
15967	0.424110281628945
15968	0.425771626731943
15969	0.425140648620007
15971	0.426783682756379
15972	0.430669895076675
15973	0.427759963353184
15974	0.42712409379076
15977	0.424257489134447
15979	0.425878955204896
15982	0.425261984392419
15985	0.42686600221484
15986	0.426246580566618
15987	0.430033731850006
15989	0.42939754501766
15990	0.428767615760713
15991	0.428143862280796
15992	0.427526204111757
15995	0.424750059929213
