15360	0.333333333333333
15362	0
15363	0.666666666666667
15364	0
15365	0.333333333333333
15366	0
15367	0.666666666666667
15368	0
15369	0.333333333333333
15370	0.333333333333333
15371	0.333333333333333
15372	0.666666666666667
15373	0.333333333333333
15375	0.333333333333333
15376	0.333333333333333
15377	0.666666666666667
15378	0.333333333333333
15379	0.333333333333333
15380	0
15381	1
15382	0
15384	0
15385	0
15387	0
15398	0.333333333333333
15399	0.333333333333333
15400	1
15401	0.333333333333333
15402	0.666666666666667
15409	0
15412	0.333333333333333
15413	0
15418	0
15419	0.666666666666667
15420	0.333333333333333
15422	0.333333333333333
15423	0
15425	0.333333333333333
15426	0.333333333333333
15433	0.333333333333333
15434	0.333333333333333
15435	0.333333333333333
15436	0
15437	0
15438	0
15439	0.333333333333333
15440	0
15444	0.333333333333333
15445	1
15447	0
15450	0.333333333333333
15451	0.333333333333333
15452	0.666666666666667
15453	0.333333333333333
15454	0.333333333333333
15455	1
15456	0.333333333333333
15457	0.333333333333333
15458	1
15459	0.666666666666667
15461	0.333333333333333
15462	0
15463	0.333333333333333
15464	0.333333333333333
15465	0
15467	0.333333333333333
15468	0.333333333333333
15473	0.333333333333333
15475	0.333333333333333
15478	0
15479	0
15486	0
15487	0.666666666666667
15488	0.333333333333333
15495	0
15497	0.666666666666667
15498	0
15499	0
15500	0
15501	0
15504	0
15506	0
15507	0
15508	0.666666666666667
15511	0
15512	0
15513	0
15515	0
15520	0
15521	1
15530	0.333333333333333
15531	0.333333333333333
15532	0
15533	0
15534	0.333333333333333
15543	0.333333333333333
15544	0.333333333333333
15545	1
15546	0
15547	0.666666666666667
15548	0
15551	0.333333333333333
15557	0.333333333333333
15558	0.333333333333333
15559	0
15561	0.666666666666667
15562	0.666666666666667
15563	0
15564	0
15565	0
15567	0.333333333333333
15568	0.666666666666667
15569	0.333333333333333
15570	0.333333333333333
15572	0
15573	0
15574	0.333333333333333
15576	0.333333333333333
15577	0.666666666666667
15578	0
15579	0
15580	0
15582	0
15583	0.666666666666667
15584	0.333333333333333
15585	0.666666666666667
15586	0.333333333333333
15587	0
15588	0
15589	0.333333333333333
15590	0.333333333333333
15591	0
15592	0
15593	0.666666666666667
15734	0
15735	0.333333333333333
15737	0
