15771	0.333333333333333
15778	0.333333333333333
15779	1
15780	0.333333333333333
15781	0.333333333333333
15788	0
15789	0.333333333333333
15796	0.333333333333333
15797	0
15798	0.333333333333333
15799	0
15802	0
15803	0.333333333333333
15804	0.333333333333333
15805	0.333333333333333
15806	0.333333333333333
15808	0.333333333333333
15809	0.333333333333333
15810	0.333333333333333
15811	0.333333333333333
15812	0.666666666666667
15813	0.333333333333333
15814	0.333333333333333
15815	0.333333333333333
15816	0
15817	0.333333333333333
15818	0.333333333333333
15819	0
15820	0.333333333333333
15821	0.666666666666667
15823	0.333333333333333
15824	0.333333333333333
15825	0.333333333333333
15827	0
15828	0
15829	0.333333333333333
15830	0
15831	0.666666666666667
15832	0.333333333333333
15833	0.333333333333333
15834	0.333333333333333
15835	0.333333333333333
15836	0
15837	0.333333333333333
15838	0.333333333333333
15839	0.333333333333333
15840	0.333333333333333
15841	0.666666666666667
15842	0
15843	0
15844	0
15845	0.333333333333333
15846	0.333333333333333
15847	0.333333333333333
15848	0.333333333333333
15849	0.333333333333333
15850	0
15851	0.333333333333333
15852	0.333333333333333
15853	0.333333333333333
15854	0.333333333333333
15855	0.333333333333333
15856	0.333333333333333
15857	0
15858	0.333333333333333
15859	0
15860	0.333333333333333
15861	0.333333333333333
15862	0.333333333333333
15863	0.333333333333333
15864	0.333333333333333
15865	0.333333333333333
15866	0
15867	0.333333333333333
15868	0.333333333333333
15869	0.333333333333333
15870	0
15871	0.333333333333333
15872	0
15873	0.333333333333333
15874	0
15875	0.333333333333333
15876	0.333333333333333
15880	0.333333333333333
15881	0.333333333333333
15882	0.333333333333333
15883	0.333333333333333
15886	0.333333333333333
15887	0.333333333333333
15888	0.333333333333333
15889	0.333333333333333
15890	0
15891	0.333333333333333
15892	0.333333333333333
15893	0.333333333333333
15894	0.333333333333333
15895	0.333333333333333
15896	0.333333333333333
15897	0.666666666666667
15898	0.333333333333333
15900	0.333333333333333
15901	0.333333333333333
15902	0.333333333333333
15903	0.333333333333333
15904	0.333333333333333
15905	0.333333333333333
15906	0.333333333333333
15907	0.333333333333333
15908	0
15909	0.333333333333333
15910	0.333333333333333
15911	0.333333333333333
15922	0.666666666666667
15923	0.666666666666667
15924	0.666666666666667
15925	0.333333333333333
15934	0.333333333333333
15935	0.333333333333333
15936	0.333333333333333
15938	0.333333333333333
15941	0
15942	0.333333333333333
15943	0.333333333333333
15944	0
15945	0.333333333333333
15946	0.333333333333333
15947	0.333333333333333
15948	0.333333333333333
15949	0
15950	0.666666666666667
15958	0.333333333333333
15959	0.666666666666667
15960	0
15961	0.333333333333333
15962	0.333333333333333
15963	0.333333333333333
15964	0.333333333333333
15965	0.333333333333333
15966	0.333333333333333
15968	0
15975	0.333333333333333
15976	0.333333333333333
15977	0
15978	0.333333333333333
15979	0
15980	0
15984	0.333333333333333
15985	0.333333333333333
15986	0.333333333333333
15987	0.333333333333333
15988	0
15989	0.333333333333333
15990	0.333333333333333
15991	0
15992	0.333333333333333
15993	0.333333333333333
15994	0
15998	0
15999	0
16000	0.333333333333333
16001	0.333333333333333
16002	0.333333333333333
16003	0.333333333333333
16004	0.333333333333333
16005	0.333333333333333
16006	0.333333333333333
16007	0.333333333333333
16008	0.333333333333333
16009	0.333333333333333
16010	0
16011	0.333333333333333
16012	0.333333333333333
16013	0
16014	0.333333333333333
16015	0.333333333333333
16016	0.333333333333333
16017	0.333333333333333
16018	0
16019	0.333333333333333
16020	0.333333333333333
16021	0.333333333333333
16022	0.333333333333333
16023	0.333333333333333
16024	0.333333333333333
16025	0
16026	0.333333333333333
16027	0.333333333333333
16028	0.333333333333333
16029	0.333333333333333
16030	0
16031	0
16032	0.333333333333333
16033	0.333333333333333
16034	0.333333333333333
16035	0.333333333333333
16036	0.333333333333333
16037	0.333333333333333
16038	0.333333333333333
16039	0.333333333333333
16040	0
16041	0.333333333333333
16042	0
16043	0.333333333333333
16044	0.333333333333333
16045	0.333333333333333
16046	0.333333333333333
16047	0.333333333333333
16048	0
16049	0.333333333333333
16050	0.333333333333333
16051	0.333333333333333
16052	0.333333333333333
16053	0.333333333333333
16054	0.333333333333333
