15444	1
15448	0.555555555555556
15449	0.444444444444444
15451	0.533333333333333
15466	0.466666666666667
15467	0.428571428571429
15469	0.404761904761905
15472	0.314814814814815
15473	0.318518518518519
15474	0.260606060606061
15479	0.272727272727273
15481	0.282051282051282
15483	0.289377289377289
15486	0.33968253968254
15488	0.338888888888889
15489	0.377450980392157
15490	0.335511982570806
15491	0.335282651072125
15492	0.301754385964912
15495	0.273015873015873
15496	0.248196248196248
15498	0.255599472990777
15499	0.234299516908213
15500	0.268888888888889
15501	0.248205128205128
15502	0.254510921177588
15503	0.236331569664903
15504	0.266009852216749
15507	0.248275862068966
15508	0.232258064516129
15509	0.217741935483871
15510	0.224747474747475
15511	0.211527035056447
15512	0.237535014005602
15513	0.224338624338624
15514	0.212212212212212
15516	0.253674727358938
15517	0.240665766981557
15518	0.245299145299145
15520	0.249593495934959
15521	0.253581107239644
15522	0.272794389073459
15523	0.290697674418605
15524	0.292592592592593
15525	0.294363929146538
15529	0.296022201665125
15530	0.2975768321513
15531	0.285430839002268
15532	0.274013605442177
15534	0.276339869281046
15535	0.278531925590749
15537	0.268021286889211
15547	0.270440251572327
