15058	0.333333333333333
15059	0.333333333333333
15060	0.666666666666667
15061	0
15062	0
15064	0.666666666666667
15068	0.333333333333333
15069	0.333333333333333
15070	0.333333333333333
15074	0.333333333333333
15076	0
15077	0.666666666666667
15091	1
15093	0
15098	1
15099	0
15100	0
15104	0.333333333333333
15105	0.333333333333333
15111	0.666666666666667
15114	0
15117	1
15118	1
15119	0.666666666666667
15120	0.666666666666667
15121	0.333333333333333
15124	0.666666666666667
15125	0.666666666666667
15126	0
15128	0.666666666666667
15144	0
15145	0
15146	0.666666666666667
15147	0.666666666666667
15149	0
15150	0
15155	0.666666666666667
15170	0
15172	0.666666666666667
15174	1
15232	0
15233	0.666666666666667
15236	0.333333333333333
15237	0
15239	0.666666666666667
15240	0.666666666666667
15242	1
15243	0.333333333333333
15244	0.333333333333333
15245	0
15251	0.333333333333333
15253	0.333333333333333
15254	0.333333333333333
15255	0.333333333333333
15258	0.666666666666667
15261	0.333333333333333
15264	0.666666666666667
15265	0
15267	0.333333333333333
15268	0.333333333333333
15269	0
15272	0
15275	0.666666666666667
15278	0.666666666666667
15279	0.333333333333333
15280	0.666666666666667
15281	0.666666666666667
15282	0
15283	0.666666666666667
15285	0.666666666666667
15286	0
15287	0.333333333333333
15288	0.666666666666667
15291	0.333333333333333
15292	0.666666666666667
15293	1
15296	0.333333333333333
15299	0.333333333333333
15300	0.333333333333333
15303	0.333333333333333
15306	0.666666666666667
15307	0
15308	0.333333333333333
15314	0
15315	0.333333333333333
15318	0.333333333333333
15319	0.666666666666667
15320	0.666666666666667
15321	0.666666666666667
15322	0.666666666666667
15323	0.666666666666667
15324	0
15326	0.333333333333333
15327	0.333333333333333
15328	0.333333333333333
15329	0.666666666666667
15333	0.333333333333333
15338	0
15343	0
15344	0
15345	0.333333333333333
15347	0.333333333333333
15349	0.333333333333333
15350	1
15351	0.666666666666667
15352	0
15363	0
15369	0
15370	0.333333333333333
15372	0
15378	0.333333333333333
15380	0
15383	0.666666666666667
15384	0.333333333333333
15385	0.333333333333333
15386	0.333333333333333
15388	0.333333333333333
15389	0
15390	0
15391	1
15392	0.333333333333333
15394	0.666666666666667
15395	0.333333333333333
15396	0.333333333333333
15397	0
15398	0
15399	0
15401	0.666666666666667
15402	0.666666666666667
15404	0.666666666666667
15405	0.666666666666667
15406	0.333333333333333
15407	0.333333333333333
15408	0
15409	0
15410	0
15411	0.666666666666667
15412	0.666666666666667
15414	0.333333333333333
15415	0.333333333333333
15416	0.666666666666667
15418	0.666666666666667
15419	0
15420	1
15422	0.333333333333333
15424	0.666666666666667
15425	1
15426	0
15427	0.666666666666667
15428	0.333333333333333
15433	0
15434	1
15435	0.333333333333333
15438	0
15439	0.666666666666667
15440	0
15441	0
15442	0
15443	0
15446	0.666666666666667
15447	0.333333333333333
15448	0.333333333333333
15450	0.333333333333333
15451	0.666666666666667
15453	0
15454	0
15455	0.333333333333333
15456	0.333333333333333
15461	1
15464	1
15466	0
15468	0.666666666666667
15469	0.666666666666667
15470	0.333333333333333
15471	0.333333333333333
15472	0
15474	0.333333333333333
15475	1
15476	0.333333333333333
15477	0.333333333333333
15480	0.333333333333333
15481	0
15482	0.666666666666667
15483	0
15486	0.666666666666667
15487	0.666666666666667
15488	0
15490	0.333333333333333
15491	1
15495	0
15496	0.333333333333333
15497	0.333333333333333
15498	0
15499	0.333333333333333
15500	0
15501	0.333333333333333
15502	0.333333333333333
15503	1
15504	0.333333333333333
15505	0
15506	0.666666666666667
15509	0
15510	0.333333333333333
15511	0.666666666666667
15513	0
15514	0.666666666666667
15515	1
15516	0.666666666666667
15517	0.333333333333333
15518	0.333333333333333
15519	0.333333333333333
15520	0.333333333333333
15521	0.333333333333333
15522	0.333333333333333
15523	0
15524	0.333333333333333
15525	0.666666666666667
15526	0.333333333333333
15527	0.333333333333333
15529	0.333333333333333
15530	0.333333333333333
15531	0
15532	0
15535	0.666666666666667
15536	0.333333333333333
15537	0.333333333333333
15538	0.666666666666667
15539	0.333333333333333
15540	0.333333333333333
15541	0.333333333333333
15542	0
15543	0.333333333333333
15544	0.333333333333333
15545	0
15547	0
15548	0.333333333333333
15549	0.333333333333333
15550	0.333333333333333
15551	0.333333333333333
15552	0
15553	0
15554	0.666666666666667
15555	0.333333333333333
15556	0.333333333333333
15560	0.333333333333333
15562	1
15565	0.333333333333333
15566	0.333333333333333
15567	0.333333333333333
15568	0.333333333333333
15569	1
15572	1
15573	1
15574	0.666666666666667
15575	0.333333333333333
15576	0.333333333333333
15577	0.333333333333333
15579	0.333333333333333
15580	0.666666666666667
15581	0.333333333333333
15582	0.333333333333333
15583	0.333333333333333
15584	0.666666666666667
15585	0
15586	0.333333333333333
15587	0.333333333333333
15588	0.666666666666667
15589	0
15590	0.333333333333333
15591	0
15593	0
15594	0
15595	0.333333333333333
15596	0.333333333333333
15597	0.666666666666667
15598	0
15599	0
15601	0
15603	0.333333333333333
15604	0
15606	0.333333333333333
15607	0
15608	0.333333333333333
15609	0.333333333333333
15610	0.666666666666667
15611	1
15615	0.666666666666667
15616	0
15618	0.666666666666667
15620	0.333333333333333
15621	0.333333333333333
15622	0.333333333333333
15623	0
15625	0.333333333333333
15627	0
15628	0.333333333333333
15629	1
15630	0
15631	1
15632	0
15633	0.333333333333333
15635	0
15636	0
15637	0
15638	0.333333333333333
15639	0.666666666666667
15659	0.666666666666667
15660	0
15661	0.333333333333333
15662	0
15663	0
15664	0
15666	0.333333333333333
15671	0
15672	0.666666666666667
15675	0.333333333333333
15676	0.333333333333333
15681	0.333333333333333
15704	0.666666666666667
15705	0.333333333333333
15706	0.666666666666667
15726	0.666666666666667
15727	0
15728	0.666666666666667
15735	0
15769	0.333333333333333
15770	0.666666666666667
15771	0.333333333333333
15772	0.333333333333333
15773	0
15776	0.333333333333333
15777	0.666666666666667
15778	0.333333333333333
15779	0.666666666666667
15780	0
15782	0
15783	0.333333333333333
15786	0
15792	0.333333333333333
15797	0.333333333333333
15803	0.333333333333333
15804	0
15805	0.333333333333333
15806	0.666666666666667
15807	0.666666666666667
15812	0.333333333333333
15813	0.333333333333333
15814	0
15815	0
15816	0
15819	0.333333333333333
15821	0
15822	0
15823	0
15830	0.333333333333333
15832	0.333333333333333
15833	0.666666666666667
15837	0
15838	0
15840	0.666666666666667
15842	0
15848	0
15857	0.666666666666667
15860	0.333333333333333
15861	0.666666666666667
15867	0.666666666666667
15873	0
15875	0.333333333333333
15877	0.333333333333333
15880	0
15881	0.333333333333333
15882	0.333333333333333
15887	0
15896	0.333333333333333
15908	0.333333333333333
15909	0.333333333333333
15912	0.333333333333333
15925	0.666666666666667
15934	0
15935	0.666666666666667
15937	0
15939	0.333333333333333
15940	0.666666666666667
15943	0.333333333333333
15944	0.666666666666667
15945	0
15946	0.666666666666667
15948	0.333333333333333
15949	1
15950	0.666666666666667
15951	0.333333333333333
15952	0.666666666666667
15953	0.666666666666667
15954	0.666666666666667
15955	0.333333333333333
15956	0.333333333333333
15957	1
15958	0.333333333333333
15959	0.333333333333333
15960	0.333333333333333
15961	1
15962	0.666666666666667
15964	0
15965	0.666666666666667
15966	0.333333333333333
15967	0.333333333333333
15972	0.333333333333333
15973	0.666666666666667
15974	0.666666666666667
15975	0.333333333333333
15979	0.333333333333333
15980	0.333333333333333
15981	0.666666666666667
15982	0.333333333333333
15985	0
15989	0.333333333333333
15990	0.666666666666667
15991	0.666666666666667
15992	0.333333333333333
15993	0
15999	0.333333333333333
16001	1
16002	0.333333333333333
16003	0.666666666666667
16005	0.333333333333333
16006	1
16007	0
16008	0.666666666666667
