13690	0.666666666666667
13691	0
13692	0
13693	0.333333333333333
13697	0.333333333333333
13703	0.333333333333333
13704	0.333333333333333
13705	0.333333333333333
13707	0
13712	0.333333333333333
13713	0.333333333333333
13716	0
13717	0
13718	0.333333333333333
13719	0.333333333333333
13726	0
13727	0.333333333333333
13730	0.333333333333333
13732	0
13743	0
13747	0.333333333333333
13748	0
13752	0
13759	0
13760	0
13762	0.333333333333333
13769	0.333333333333333
13787	0.666666666666667
13789	0
13801	0.333333333333333
13802	0
13803	0.666666666666667
13804	0
13806	0.333333333333333
13807	0.333333333333333
13809	0
13816	0
13820	0.333333333333333
13824	0
13828	0.333333333333333
13831	0.333333333333333
13838	0
13840	0
13843	1
13847	0.333333333333333
13850	0
13855	0
13862	0.333333333333333
13864	0
13866	0
13967	0.333333333333333
13968	0.666666666666667
13974	0.333333333333333
13975	0.666666666666667
13982	0
13987	0.333333333333333
13988	0
13994	0.666666666666667
13996	0.333333333333333
13999	0.666666666666667
14001	0.333333333333333
14002	0
14007	0
14010	0.333333333333333
14011	0.333333333333333
14020	0.333333333333333
14023	0.666666666666667
14039	0
14051	0.333333333333333
14087	0.333333333333333
14088	0
14089	0
14096	0
14098	0.333333333333333
14114	0.333333333333333
14133	0.333333333333333
14141	0.333333333333333
14144	0.333333333333333
14148	0
14151	0
14155	0
14176	0
14181	0
14185	0
14193	0
14194	0
14199	0
14205	0
14224	0
14226	0.666666666666667
14229	0.666666666666667
14266	0
14294	0.333333333333333
14295	0.333333333333333
14306	0.333333333333333
14310	0.333333333333333
14357	0.666666666666667
14363	0
14373	0.333333333333333
14376	0.666666666666667
14387	0.333333333333333
14416	0.333333333333333
14428	0.333333333333333
14429	0.333333333333333
14433	0.333333333333333
14478	0
14518	0.333333333333333
14523	0.666666666666667
14524	0.666666666666667
14551	0.666666666666667
14562	1
