14754	0
15058	0.333333333333333
15063	0.333333333333333
15066	0
15067	0.333333333333333
15075	0.333333333333333
15114	0
15116	0
15211	0.333333333333333
15215	0.333333333333333
15229	0
15230	0.666666666666667
15235	0.666666666666667
15242	0.333333333333333
15248	0.666666666666667
15261	0.333333333333333
15276	0.333333333333333
15327	0.333333333333333
15375	0
15376	0.333333333333333
15393	0.333333333333333
15403	0
15404	0
15405	0
15406	0.333333333333333
15407	0
15408	0.333333333333333
15410	0.333333333333333
15413	0.333333333333333
15422	0.666666666666667
15423	0.333333333333333
15425	0.666666666666667
15438	0.666666666666667
15461	0.333333333333333
15464	0.333333333333333
15468	0.333333333333333
