15331	0.333333333333333
15333	0.333333333333333
15335	0.222222222222222
15348	0.166666666666667
15360	0.133333333333333
15361	0.111111111111111
15364	0.0952380952380953
15411	0.0833333333333333
15412	0.0740740740740741
15414	0.1
15420	0.0909090909090909
15432	0.0833333333333333
15462	0.0769230769230769
15517	0.0952380952380953
15576	0.111111111111111
15578	0.125
15579	0.156862745098039
15646	0.148148148148148
15654	0.140350877192982
15655	0.133333333333333
15660	0.126984126984127
15667	0.151515151515152
15694	0.159420289855072
15696	0.166666666666667
15699	0.16
15742	0.17948717948718
15743	0.17283950617284
