15415	1
15424	0.333333333333333
15425	0.333333333333333
15426	0.333333333333333
15427	0.333333333333333
15428	0
15429	0
15431	0.333333333333333
15433	0
15434	0.333333333333333
15435	0.666666666666667
15436	0.333333333333333
15437	0.666666666666667
15438	0.666666666666667
15439	0.333333333333333
15441	0.333333333333333
15442	0.333333333333333
15443	0.666666666666667
15444	0.666666666666667
15445	0.666666666666667
15450	0
15451	1
15452	0.666666666666667
15453	0.666666666666667
15454	0
15455	0.333333333333333
15456	0.666666666666667
15457	1
15458	0.333333333333333
15459	0.333333333333333
15461	1
15462	0
15463	0
15469	0.333333333333333
15471	0
15472	0.666666666666667
15473	0.666666666666667
15474	0
15476	0.666666666666667
15477	0.666666666666667
15481	0.666666666666667
15483	0
15484	0
15485	0.333333333333333
15486	0.333333333333333
15487	0.333333333333333
15490	0.666666666666667
15491	0.333333333333333
15494	0.333333333333333
15497	0.333333333333333
15499	0.333333333333333
15500	0.333333333333333
15514	0.666666666666667
15567	0.666666666666667
15569	0
15574	0.333333333333333
15588	0
15589	0.333333333333333
15591	0.666666666666667
15601	0.333333333333333
15604	0
15606	0.666666666666667
