15396	0
15397	0
15398	0.111111111111111
15399	0.0833333333333333
15400	0.133333333333333
15401	0.166666666666667
15402	0.142857142857143
15403	0.25
15405	0.222222222222222
15408	0.2
15409	0.212121212121212
15415	0.222222222222222
15421	0.205128205128205
15423	0.190476190476191
15424	0.177777777777778
15425	0.166666666666667
15428	0.156862745098039
15443	0.166666666666667
15447	0.157894736842105
15451	0.166666666666667
15452	0.174603174603175
15459	0.166666666666667
15480	0.159420289855072
15483	0.194444444444444
15484	0.226666666666667
15485	0.217948717948718
15486	0.209876543209877
15491	0.226190476190476
15492	0.218390804597701
15528	0.222222222222222
15538	0.21505376344086
15539	0.208333333333333
15541	0.202020202020202
15553	0.205882352941176
15561	0.2
15564	0.222222222222222
15566	0.225225225225225
15567	0.219298245614035
15573	0.213675213675214
15574	0.216666666666667
15575	0.219512195121951
15576	0.214285714285714
15579	0.209302325581395
15580	0.21969696969697
15581	0.222222222222222
15582	0.22463768115942
15583	0.226950354609929
15584	0.236111111111111
15585	0.231292517006803
15588	0.226666666666667
15589	0.228758169934641
15590	0.230769230769231
15593	0.232704402515723
15595	0.234567901234568
15597	0.23030303030303
15601	0.232142857142857
15602	0.228070175438597
15603	0.224137931034483
15604	0.231638418079096
15606	0.227777777777778
15607	0.224043715846995
15608	0.220430107526882
15609	0.216931216931217
15610	0.213541666666667
15611	0.215384615384615
15615	0.212121212121212
15623	0.208955223880597
15624	0.205882352941177
15629	0.202898550724638
15635	0.2
15637	0.197183098591549
15638	0.194444444444444
15639	0.200913242009132
15642	0.198198198198198
15645	0.195555555555556
15651	0.192982456140351
15653	0.190476190476191
15657	0.188034188034188
15658	0.185654008438819
15659	0.183333333333333
15660	0.181069958847737
15661	0.178861788617886
15671	0.176706827309237
15672	0.174603174603175
15673	0.180392156862745
15674	0.178294573643411
15677	0.176245210727969
15686	0.178030303030303
15687	0.176029962546816
15688	0.174074074074074
15692	0.175824175824176
15695	0.173913043478261
15707	0.172043010752688
15708	0.170212765957447
15709	0.178947368421053
15710	0.1875
15720	0.189003436426117
15721	0.190476190476191
15727	0.188552188552189
15728	0.186666666666667
15729	0.184818481848185
15733	0.183006535947712
15734	0.181229773462783
15735	0.17948717948718
15736	0.177777777777778
15737	0.179245283018868
15739	0.186915887850467
15740	0.188271604938272
15741	0.186544342507645
15742	0.187878787878788
15745	0.186186186186186
15746	0.1875
15748	0.185840707964602
15754	0.190058479532164
15755	0.191304347826087
15756	0.192528735632184
15762	0.193732193732194
15764	0.192090395480226
15767	0.196078431372549
15771	0.2
15772	0.198347107438017
15773	0.19672131147541
15775	0.197831978319783
15776	0.196236559139785
15777	0.197333333333333
15778	0.198412698412698
15779	0.196850393700787
15783	0.197916666666667
15784	0.198966408268734
15786	0.2
15793	0.201017811704835
15796	0.207070707070707
15797	0.208020050125313
15798	0.208955223880597
15799	0.209876543209877
15803	0.21078431372549
15804	0.209245742092457
15806	0.207729468599034
15808	0.20863309352518
15809	0.207142857142857
15810	0.205673758865248
15811	0.204225352112676
15812	0.207459207459207
15814	0.206018518518519
15835	0.204597701149425
15836	0.203196347031964
15846	0.201814058956916
15849	0.20045045045045
15850	0.201342281879195
15852	0.202222222222222
15853	0.200883002207506
15855	0.199561403508772
15856	0.200435729847495
15859	0.199134199134199
15860	0.2
15866	0.200854700854701
15882	0.199575371549894
15885	0.20253164556962
15886	0.205450733752621
15890	0.208333333333333
15892	0.209109730848861
15894	0.209876543209877
15897	0.210633946830266
15899	0.211382113821138
15902	0.212121212121212
15905	0.21285140562249
15907	0.213572854291417
15912	0.214285714285714
15915	0.21301775147929
15916	0.213725490196078
15917	0.212475633528265
15918	0.213178294573643
15919	0.213872832369942
15920	0.21264367816092
15921	0.215238095238095
15923	0.215909090909091
15926	0.214689265536723
15929	0.215355805243446
15930	0.216014897579143
15931	0.214814814814815
15932	0.215469613259669
15936	0.216117216117216
15937	0.216757741347905
15938	0.215579710144928
15939	0.216216216216216
15940	0.21505376344086
15942	0.215686274509804
15943	0.214539007092199
15944	0.213403880070547
15945	0.212280701754386
15946	0.211169284467714
15947	0.210069444444444
15948	0.208981001727116
15949	0.209621993127148
15950	0.21025641025641
15952	0.210884353741497
15953	0.211505922165821
15954	0.212121212121212
15955	0.212730318257956
15956	0.213333333333333
15958	0.213930348258707
15959	0.212871287128713
15960	0.213464696223317
15961	0.212418300653595
15963	0.213008130081301
15964	0.211974110032362
15965	0.210950080515298
15966	0.209935897435897
15968	0.208931419457735
15971	0.20952380952381
15974	0.210110584518167
15975	0.210691823899371
15976	0.211267605633803
15981	0.210280373831776
15982	0.210852713178295
15987	0.21141975308642
15989	0.210445468509985
15991	0.209480122324159
15992	0.210045662100457
15993	0.212121212121212
15996	0.211161387631976
15998	0.21021021021021
15999	0.209267563527653
16000	0.208333333333333
16001	0.207407407407407
16002	0.207964601769912
16003	0.20704845814978
16006	0.207602339181287
16008	0.208151382823872
16010	0.207246376811594
16013	0.206349206349206
16021	0.206896551724138
16022	0.207439198855508
16029	0.207977207977208
16036	0.20709219858156
16041	0.207627118644068
16042	0.208157524613221
16043	0.208683473389356
16044	0.207810320781032
16048	0.206944444444444
16049	0.20746887966805
16050	0.207988980716253
16051	0.208504801097394
16052	0.210382513661202
16054	0.212244897959184
16056	0.212737127371274
16057	0.213225371120108
16058	0.21505376344086
16059	0.215528781793842
16060	0.216
16062	0.216467463479416
16063	0.215608465608466
16066	0.216073781291173
16070	0.215223097112861
16072	0.216993464052288
16073	0.21875
16076	0.217898832684825
16077	0.218346253229974
16078	0.217503217503218
16079	0.216666666666667
16080	0.217113665389527
16081	0.216284987277354
16082	0.219264892268695
16083	0.21969696969697
16084	0.220125786163522
16087	0.219298245614035
16090	0.218476903870162
16091	0.220149253731343
16092	0.22180916976456
16094	0.222222222222222
