15421	0.333333333333333
15429	0
15432	0.666666666666667
15435	0.333333333333333
15436	0
15438	0
15440	0.666666666666667
15443	0
15447	0
15448	0.666666666666667
15451	0
15452	0.666666666666667
15455	0.666666666666667
15457	0.666666666666667
15466	0
15469	0
15470	0.333333333333333
15475	1
15476	0.666666666666667
15479	0
15480	0.333333333333333
15483	0.333333333333333
15490	0
15492	0.333333333333333
15500	0.333333333333333
15503	0.333333333333333
15504	0.333333333333333
15507	0
15508	0
15518	0.333333333333333
15521	0
15530	0.666666666666667
15532	0
15536	0
15538	0.666666666666667
15539	0.333333333333333
15540	0.333333333333333
15541	0.333333333333333
15542	0
15543	0
15555	0.666666666666667
15559	0
15562	0
15565	0
15570	0.666666666666667
15577	0.333333333333333
15581	0
15587	0.666666666666667
15589	0.666666666666667
15592	0.333333333333333
15599	0
15604	0
15607	0.666666666666667
15609	0.333333333333333
15613	0.333333333333333
15614	0.666666666666667
15617	0
15618	0.333333333333333
15626	0.333333333333333
15629	0.333333333333333
15630	0.666666666666667
15631	0
15636	0.333333333333333
15642	0.333333333333333
15646	0
15652	0
15654	0.333333333333333
15656	0
15664	0.333333333333333
15666	0
15668	0
15671	0.333333333333333
15672	0
15673	0.333333333333333
15674	0
15675	0.333333333333333
15676	0.333333333333333
15680	0.333333333333333
15681	0.333333333333333
15691	1
15693	0
15712	0.333333333333333
15724	0.333333333333333
15731	0
15732	0
15743	0.666666666666667
15752	0.333333333333333
15758	0
15760	0.333333333333333
15775	0
15776	0.666666666666667
15785	0.333333333333333
15787	0
15792	0
15799	0
15801	0.333333333333333
15807	0.333333333333333
15808	0
15814	0.333333333333333
15822	0.333333333333333
15823	0.666666666666667
15835	0
15841	0.666666666666667
15843	0.333333333333333
15869	0
15870	0
15874	0.333333333333333
15881	0
15886	0.333333333333333
15901	0.666666666666667
15910	0.333333333333333
15915	0.666666666666667
15921	0.333333333333333
15922	0
15932	0.333333333333333
15943	0.333333333333333
15944	0
15947	0
15952	0.666666666666667
15958	0.333333333333333
15961	0
15966	0
15967	0.333333333333333
15969	0
15982	0.666666666666667
15984	0
15985	0
15991	0.666666666666667
15992	0.666666666666667
15994	0.333333333333333
16003	0.666666666666667
16005	0.333333333333333
16008	0.333333333333333
16009	0.333333333333333
16010	0.333333333333333
16012	0
16016	0
16017	0.666666666666667
16023	0.333333333333333
16027	0.333333333333333
16028	0.333333333333333
16029	0
16033	0.666666666666667
16041	0.333333333333333
16049	1
16052	0.666666666666667
16057	0
16059	0.666666666666667
16062	0.333333333333333
16064	0.333333333333333
