15244	0
15246	0.333333333333333
15251	0.666666666666667
15252	0.333333333333333
15254	0.666666666666667
15255	1
15257	0.333333333333333
15263	0.666666666666667
15276	0
15277	0.666666666666667
15278	0.333333333333333
15285	0
15286	0.333333333333333
15288	0.666666666666667
15293	0
15296	0.333333333333333
15301	0
15303	0
15306	0
15307	0
15308	0.333333333333333
15312	0.333333333333333
15326	0
15327	0
15335	0
15336	0
15341	0.333333333333333
15348	0
15349	0
15354	0
15357	0
15359	0.666666666666667
15362	0
15365	0.333333333333333
15370	0
15371	0.333333333333333
15372	0.333333333333333
15374	0
15375	0
15380	0.333333333333333
15381	0.666666666666667
15382	0.333333333333333
15398	0.333333333333333
15399	0
15400	0.333333333333333
15401	0.333333333333333
15406	0.666666666666667
15413	0
15414	0.333333333333333
15415	0
15421	0.333333333333333
15423	0.666666666666667
15424	0.333333333333333
15425	0.333333333333333
15429	0.333333333333333
15431	0
15437	0
15445	0
15446	0.333333333333333
15449	0.666666666666667
15453	0.333333333333333
15454	0
15455	0.333333333333333
15459	0
15469	0.333333333333333
15470	0.666666666666667
15475	0.333333333333333
15476	0.333333333333333
15477	0.333333333333333
15503	0.666666666666667
15504	0
15535	0
15537	0
15598	0.333333333333333
15605	0
15621	0.333333333333333
15635	0.333333333333333
15639	0.333333333333333
15640	0
15643	0
15644	0.333333333333333
15646	0
15652	0
15653	0.666666666666667
15660	0.333333333333333
15661	0.333333333333333
15664	0.333333333333333
15667	0
15669	0
15670	0.333333333333333
15671	0.333333333333333
15672	0
15674	0
15675	0
15676	0.333333333333333
15677	0
15678	0
15679	0
15681	0
15682	0.333333333333333
15683	0
15686	0.333333333333333
15687	0.333333333333333
15689	0.333333333333333
15691	0
15692	0.333333333333333
15693	0
15695	0
15696	0
15698	0.333333333333333
15699	0
15700	0
15701	0
15702	0
15703	0.666666666666667
15704	0.333333333333333
15705	0
15706	0.666666666666667
15707	0.333333333333333
15708	0
15709	0.666666666666667
15710	0.333333333333333
15714	0.666666666666667
15715	0.333333333333333
15716	0.333333333333333
15717	0
15718	0
15720	0
15721	0.333333333333333
15722	0.333333333333333
15723	0.333333333333333
15724	0.333333333333333
15725	0.666666666666667
15727	0
15728	0.333333333333333
15731	0
15732	0
15733	0
15734	0
15735	0
15740	0
15742	0
15744	0
15745	0
15746	0.333333333333333
15747	0.333333333333333
15748	0.333333333333333
15749	0.333333333333333
15750	0
15751	0
15753	0
15754	0.333333333333333
15755	0
15756	0.333333333333333
15757	0.333333333333333
15758	0
15759	0
15760	0
15761	0
15762	0
15764	0.333333333333333
15765	0
15767	0.333333333333333
15768	0
15769	0.666666666666667
15770	0.333333333333333
15771	0.333333333333333
15772	0
15773	0.333333333333333
15774	0.333333333333333
15775	0.333333333333333
15776	0.333333333333333
15777	0.666666666666667
15778	0.666666666666667
15779	0.666666666666667
15780	0.666666666666667
15781	0.666666666666667
15782	0.333333333333333
15783	0.333333333333333
15784	1
15785	1
15786	1
15788	0
15789	0
15790	0
15791	0
15792	0.666666666666667
15793	0
15802	0.333333333333333
15803	0
15804	0
15808	0.333333333333333
15809	0.666666666666667
15810	0.333333333333333
15811	0.333333333333333
15812	0.333333333333333
15818	0.333333333333333
15819	0.333333333333333
15820	0
15821	0
15822	0.333333333333333
15823	0.333333333333333
15824	0.333333333333333
15825	0.333333333333333
15828	0
15829	0
15830	0.333333333333333
15831	0.333333333333333
15832	0.333333333333333
15833	0.333333333333333
15835	0
15836	0.333333333333333
15837	0.333333333333333
15838	0.333333333333333
15840	0.333333333333333
15841	0.666666666666667
15842	0.333333333333333
15843	0.333333333333333
15844	0.666666666666667
15845	0.666666666666667
15846	0.666666666666667
15847	0.666666666666667
15848	0.666666666666667
15849	0.666666666666667
15852	0.333333333333333
15853	0.666666666666667
15854	0.666666666666667
15855	0.666666666666667
15856	0
15857	0.333333333333333
15859	0.666666666666667
15860	0.666666666666667
15885	0.333333333333333
15887	0
15888	0
15891	0.333333333333333
15893	0.666666666666667
15894	0.333333333333333
15895	0.666666666666667
15896	0
15897	0
15898	0.333333333333333
15899	0.333333333333333
15900	0.333333333333333
15901	0.333333333333333
15903	0.333333333333333
15937	0
15938	0.666666666666667
15939	0.666666666666667
15940	0.666666666666667
15941	0.333333333333333
15942	0.666666666666667
15943	0.333333333333333
15944	1
15945	0.333333333333333
15946	0.333333333333333
15947	0.333333333333333
15948	0.333333333333333
15949	1
15950	1
15951	0.333333333333333
15952	0.333333333333333
15953	1
15954	1
15955	0.333333333333333
15956	0.333333333333333
15957	0.333333333333333
15958	0
15960	0.666666666666667
15961	0
15976	0
15978	0.333333333333333
15979	0.333333333333333
15980	0
15981	0.666666666666667
15982	1
15983	1
15984	1
15985	1
15986	1
15987	1
15989	0.333333333333333
15990	0
15991	0.333333333333333
15992	0.666666666666667
15993	0.333333333333333
15994	0.333333333333333
15995	0.333333333333333
15996	1
15997	0.666666666666667
15998	0
15999	0.666666666666667
16000	0.333333333333333
16001	0.333333333333333
16002	1
16003	0
16004	0.333333333333333
16005	0
16006	0.333333333333333
16007	0.333333333333333
16008	0.333333333333333
16009	0
16010	0.666666666666667
16011	0.666666666666667
16012	0.666666666666667
16014	0
16016	0.333333333333333
16018	0.333333333333333
16020	0.666666666666667
16021	0.666666666666667
16022	0.666666666666667
16023	0.666666666666667
16024	0
16025	0.666666666666667
16026	0.333333333333333
16027	0.333333333333333
16028	0.333333333333333
16029	0
16030	0
16031	0.666666666666667
16032	0.666666666666667
16033	0.666666666666667
16034	0
16036	0
16044	0.333333333333333
16045	0
16046	0.333333333333333
16048	0
16049	0.333333333333333
16050	0.333333333333333
16051	0.333333333333333
16052	0
16054	0
16055	0
16056	0.333333333333333
16057	0.333333333333333
16058	0
16059	0.333333333333333
16060	0.333333333333333
16061	0.666666666666667
16062	0.333333333333333
16063	0.333333333333333
16064	0.333333333333333
16065	0.333333333333333
16066	0.333333333333333
16067	0.333333333333333
16068	0
16069	0
16070	0
16071	0
16072	0.666666666666667
16073	0.666666666666667
16074	0.666666666666667
16075	0.666666666666667
16076	0.333333333333333
16077	1
16078	0.333333333333333
16079	0.666666666666667
