14976	0.333333333333333
14977	0.555555555555556
14979	0.444444444444444
14980	0.4
14984	0.488888888888889
14985	0.53968253968254
14986	0.488095238095238
14987	0.527777777777778
14988	0.422222222222222
14989	0.345454545454545
14990	0.398989898989899
14992	0.491452991452992
14993	0.421245421245421
14995	0.40952380952381
14997	0.441666666666667
14998	0.428921568627451
14999	0.455337690631808
15000	0.442495126705653
15001	0.431578947368421
15002	0.453968253968254
15003	0.443001443001443
15005	0.491436100131752
15006	0.533816425120773
15008	0.517777777777778
15009	0.529230769230769
15011	0.514719848053182
15012	0.549382716049383
15013	0.53448275862069
15014	0.521072796934866
15015	0.508960573476703
15016	0.518817204301075
15017	0.507575757575758
15018	0.497326203208556
15019	0.526050420168067
15021	0.533862433862434
15022	0.523023023023023
15023	0.513039355144618
15025	0.503823661718399
15028	0.495299145299145
15029	0.48739837398374
15030	0.480061943476578
15031	0.504245108896272
15033	0.496476391825229
15034	0.504040404040404
15040	0.5256038647343
15041	0.531606537156954
15042	0.523345153664303
15044	0.515589569160998
15046	0.534965986394558
15047	0.527058823529412
15048	0.519607843137255
15049	0.512578616352201
15050	0.493594223153972
15051	0.499887766554433
15052	0.493939393939394
15053	0.488304093567252
15054	0.482960274248841
15055	0.466588739528541
15056	0.484369114877589
15057	0.501275045537341
15058	0.495857570950115
15061	0.490698071343233
15062	0.506613756613757
15063	0.521794871794872
15065	0.516083916083916
15066	0.510628674807779
15067	0.505414105940884
15069	0.51974992895709
15071	0.533471359558316
15073	0.527833668678739
15074	0.522430881585811
15076	0.517250126839168
15079	0.512279402690362
15082	0.498618618618619
15086	0.503040935672515
15089	0.507290954659376
15095	0.494283494283494
15096	0.490208806664503
15097	0.50295358649789
15098	0.490534979423868
15099	0.502960955535481
15102	0.506905671466353
15105	0.518646012621916
15106	0.514285714285714
15108	0.510077519379845
15110	0.498351599394102
15112	0.494601184256357
15114	0.490977187606401
15115	0.487473990844777
15117	0.484086284086284
15118	0.480809046026437
15119	0.491974442886084
15122	0.495691298711203
15125	0.499290780141844
15126	0.502777777777778
15127	0.499284077892325
15129	0.495897328003366
15130	0.492613206898921
15131	0.496094276094276
15132	0.49947194719472
15133	0.509286222739921
15135	0.512342153689955
15136	0.515309932785661
15137	0.524542124542125
15138	0.520934411500449
15139	0.517427849291718
15141	0.514018691588785
15142	0.510703363914373
15144	0.513539060328051
15145	0.51029211029211
15147	0.513084513084513
15149	0.515802781289507
15150	0.512601562904311
15151	0.509483854563946
15152	0.517941029485257
15154	0.526181353767561
15155	0.534212178279975
15156	0.536438304135213
15157	0.544164332399627
15158	0.546189164370983
15159	0.542699724517906
15161	0.550135501355014
15162	0.552015036279395
15164	0.559182795698925
15165	0.560888888888889
15166	0.562554680664917
15167	0.558973097112861
15168	0.55030684754522
15169	0.546968793480422
15170	0.54370718340184
15172	0.540519700825044
15174	0.537404116351485
15175	0.534358283769124
15176	0.531380136355261
15177	0.538271604938272
15182	0.535279805352798
15184	0.532353044888748
15185	0.529489451916728
15186	0.521925316889346
15187	0.523978385680513
15188	0.521293244098159
15189	0.518664434157392
15190	0.520720020720021
15191	0.518135376756066
15192	0.515603841914659
15193	0.522194265834188
15195	0.519642091070663
15196	0.521615575306851
15197	0.51910514541387
15198	0.525474613686534
15200	0.522946438945045
15203	0.52046783625731
15206	0.518037518037518
15208	0.515654238234883
15209	0.513316790736146
15210	0.515270292340356
15211	0.517186702141955
15212	0.514874081150652
15213	0.516771488469602
15215	0.514492753623189
15216	0.516371443907676
15217	0.514125577520261
15219	0.515985834704973
15221	0.513771864991377
15222	0.51159790677863
15223	0.509463001707429
15228	0.50736621994107
15230	0.501361885977271
15231	0.499385079475577
15232	0.497442953789703
15235	0.4916587333968
15236	0.489828381950979
15237	0.488029588288707
15240	0.482452107279694
15243	0.488333333333333
15246	0.486581920903955
15248	0.484860026661588
15253	0.483166990981943
15255	0.481502172563625
15256	0.479864947820749
15257	0.478254710298909
15261	0.480313857363038
15263	0.478716242971411
15264	0.477144535840188
15265	0.479182408214666
15267	0.484752649838039
15268	0.479595706754656
15270	0.478047956771361
15274	0.483542188805347
15285	0.488950124001102
15289	0.48732911576498
15290	0.485733304548072
15292	0.484162170824208
15294	0.482615208388404
15299	0.477690563404849
15300	0.476225007769605
15301	0.474781657522774
15302	0.480060233829078
15303	0.478592964824121
15304	0.477147595356551
15306	0.475723691772162
15309	0.480888975597067
15310	0.485978299365723
15315	0.49099314522557
15317	0.489462467440208
15319	0.487953973390867
15320	0.483262108262108
15322	0.481827383143173
15323	0.480413154097365
15324	0.482178590235462
15325	0.48077438969865
15326	0.482519857088021
15327	0.481125590510874
15328	0.479750778816199
15329	0.484567901234568
15341	0.480101837628719
15342	0.478755337589312
15343	0.480471422786366
15344	0.485194409851944
15345	0.486836692719046
15347	0.491459785577433
15348	0.496020684361492
15349	0.494568118727312
15350	0.493134920634921
15351	0.491720747295969
15352	0.490325263472509
15354	0.486024164670119
15356	0.487601828443015
15357	0.486260363268148
15358	0.484936319718928
15359	0.483629397422501
15361	0.482339302451779
15362	0.481065747160168
15363	0.476971570588592
15364	0.475754297391513
15366	0.474552432715917
15370	0.473365717595055
15371	0.474983298758834
15373	0.471025104602511
15374	0.469882434301522
15375	0.465999108398203
15376	0.470394177464885
15377	0.472002968359981
15378	0.468149882903981
15379	0.467053813395277
15380	0.468670111802333
15385	0.47295503025554
15386	0.47183357084251
15387	0.473392235609103
15388	0.472276228419655
15389	0.471173507030081
15390	0.472718907501516
15391	0.474246055211478
15392	0.473140857392826
15393	0.472048611111111
15394	0.476157182230869
15395	0.480217979267839
15396	0.484231740045694
15398	0.485635085635086
15399	0.48191374398271
15400	0.480779542374699
15402	0.479658278427616
15403	0.483600261166801
15404	0.482466171145417
15405	0.486357402941316
15406	0.485211155228896
15407	0.481590176458531
15408	0.478009580351033
15409	0.476937904447198
15411	0.480798141314747
15413	0.47971384125606
15414	0.478641456582633
15425	0.477580813347237
15426	0.474107498341075
15427	0.470671936758893
15429	0.469680322293727
15431	0.468699408704084
15432	0.467729042572394
15438	0.466769073220686
15439	0.465819352652093
15440	0.464879735493804
15441	0.461594366338371
15442	0.458343701786692
15443	0.45512725475661
15444	0.454275549012391
15445	0.453432746115673
15447	0.452598722415796
15448	0.449466551326413
15449	0.44636678200692
15450	0.445589919816724
15451	0.444821039087386
15454	0.444060030856983
15455	0.443306788016686
15458	0.444821092278719
15459	0.446320048862422
15460	0.450048533381867
15461	0.451502346356933
15462	0.448482263772605
15463	0.447714604236343
15464	0.446954595791805
15465	0.443994631581263
15467	0.44766463401307
15468	0.446912454403335
15469	0.446167673281565
15470	0.445430193935498
15472	0.446871473888144
15473	0.450463217564195
15474	0.45402008994242
15475	0.45754254097505
15477	0.456743767935553
15478	0.458089427542804
15479	0.461552114906748
15480	0.464981719270399
15481	0.464145856502545
15483	0.465427633782064
15484	0.464594231255574
15485	0.463768691017069
15486	0.462950914479867
15487	0.462140804597701
15488	0.463415109034268
15489	0.464677541069252
15490	0.46799223121743
15491	0.471276229790162
15492	0.474529914529915
15495	0.471618688060406
15498	0.470772906074308
15499	0.467902339573855
15500	0.467084290903699
15501	0.466273679039637
15502	0.463456315420062
15503	0.466688506291025
15504	0.465887574321309
15505	0.465093836351321
15506	0.468287305985045
15508	0.467484008528785
15509	0.466687862088456
15510	0.467871168624421
15512	0.465110866744631
15513	0.464335704783388
15515	0.463567362428843
15516	0.460856442180721
15517	0.460112867202019
15518	0.461313761384953
15519	0.464436580159533
15521	0.463678757923543
15522	0.466769946638681
15525	0.466003069550719
15526	0.465242784529416
15527	0.466393778141629
15531	0.463736263736264
15532	0.464889277389277
15536	0.46414391793287
15537	0.4652881142534
15541	0.466422641309249
15544	0.465674948567811
15551	0.463066125326535
15552	0.462341361125456
15553	0.461622653449734
15554	0.460909935004643
15555	0.463896583564174
15556	0.463175239640246
15557	0.462459857236352
15558	0.46175037084128
15561	0.459220231822972
15562	0.456710831649076
15563	0.45785500513691
15564	0.457178256920586
15565	0.454700325988767
15566	0.452242486388828
15568	0.45519535708215
15571	0.452748070216117
15576	0.452107776720767
15579	0.451472619269497
15580	0.450842543077837
15581	0.450217494089835
15582	0.451365765562391
15588	0.454268592199627
15589	0.45538942636568
15590	0.452992639911123
15594	0.454114288345536
15595	0.451736726626449
15598	0.454599720221089
15601	0.453968124456049
15602	0.45334145021645
15604	0.45271964650203
15605	0.453825315856886
15607	0.453204223163466
15608	0.452587920387989
15609	0.453685760112495
15610	0.451365116838263
15611	0.450762913861197
15612	0.450165307853421
15613	0.449572252145198
15614	0.450671464370623
15615	0.451762349230704
15616	0.451165729503261
15617	0.450573606909442
15618	0.448315092589094
15620	0.447740183792815
15622	0.44883208645054
15623	0.446599090995563
15624	0.446036978054311
15625	0.44712920423556
15626	0.446567249317524
15630	0.44600944677573
15631	0.447093757438585
15632	0.448170095228919
15633	0.447608546270994
15635	0.445425089947721
15636	0.444879631278065
15637	0.44757439034953
15639	0.447021164891825
15640	0.449692560230512
15641	0.449131792871971
15642	0.448575069508804
15643	0.446423630326508
15644	0.445882528427019
15646	0.446936390662053
15647	0.446395423722393
15648	0.444274780379294
15649	0.442169212699771
15650	0.441654622253594
15651	0.441143672777555
15652	0.44220495745468
15653	0.443258768296051
15654	0.442743895064375
15655	0.442232630757221
15656	0.441724941724942
15657	0.444321569902965
15658	0.446900124102952
15659	0.447917561800006
15660	0.447388304393693
15661	0.446862705448715
15662	0.444808164274238
15667	0.444296811838729
15669	0.443788969831839
15670	0.444806676210081
15671	0.444298824989685
15672	0.443794436391247
15673	0.446316910602625
15674	0.445805672696429
15675	0.44680278779336
15676	0.446291664124621
15677	0.445783986233424
15678	0.445279723215935
15679	0.446270268824216
15680	0.447254181314584
15681	0.446746738784601
15682	0.446242679204817
15683	0.445741972571241
15684	0.445244589211781
15685	0.444750499781854
15687	0.444259675260055
15688	0.442306885478692
15691	0.443290919606709
15692	0.442809704787132
15694	0.442331642029692
15695	0.440404271040456
15696	0.439938745224338
15705	0.440922380458361
15710	0.440456627007603
15712	0.44287366101621
15713	0.443838286040565
15714	0.443362995921394
15715	0.442890765609857
15716	0.442421568897752
15717	0.441955379856879
15718	0.441492172835457
15719	0.442450362170908
15720	0.441987020222554
15721	0.441526623244209
15722	0.441069146331267
15723	0.442021034602724
15724	0.442966910948257
15725	0.44390682588825
15726	0.44623845345266
15727	0.447160747231798
15728	0.446685476192556
15730	0.447602064486198
15731	0.447126934626935
15732	0.445271636143005
15733	0.444808123501972
15734	0.444347483873176
15735	0.445264264008407
15736	0.446175385007
15739	0.445711967957006
15741	0.443885279563739
15742	0.443433124364433
15743	0.442983737462265
15745	0.442537096304917
15746	0.44209317856926
15747	0.441651962158567
15748	0.442562952865077
15749	0.44212162106899
15750	0.443027044639948
15754	0.442585621254408
15755	0.44214685704589
15758	0.440374725354323
15759	0.438613226452906
15760	0.439523619427811
15762	0.441756593055589
15763	0.443976248749205
15765	0.444859940883798
15766	0.443098119335743
15767	0.442664266426643
15768	0.442232980694519
15770	0.443116577883386
15771	0.441375451840622
15772	0.442258946800724
15776	0.441832623460343
15777	0.441408798108284
15780	0.440987451267057
15781	0.440568563648638
15791	0.440152116152267
15792	0.439738089862272
15794	0.440615956697105
15796	0.442775740648081
15798	0.442353997267292
15799	0.441934687021392
15800	0.441517791229883
15801	0.442380430599373
15802	0.441963424491281
15805	0.442821070453783
15807	0.44113413304253
15808	0.440724244070252
15809	0.440316688431781
15810	0.438648822187722
15811	0.436990414542399
15812	0.439114979015824
15816	0.438716554738301
15818	0.438320377214222
15819	0.436675647843812
15821	0.436288597976732
15822	0.438395930320744
15823	0.438003905705119
15824	0.438855536099762
15825	0.440941574999019
15828	0.440542286532727
15829	0.440145216335693
15831	0.439750348006664
15832	0.440587677595815
15833	0.438964886886438
15834	0.441027515978767
15835	0.443078791149487
15836	0.442676793135509
15837	0.442276999863837
15838	0.444312485265794
15839	0.44512251871352
15840	0.447140255009107
15841	0.449147005444646
15842	0.449935120159219
15843	0.451924504896437
15844	0.453903116792117
15845	0.452267429884759
15846	0.453038650160952
15847	0.453805716647508
15848	0.455763402250922
15849	0.456517975647758
15850	0.456078030496635
15851	0.455640437993379
15854	0.457577660633972
15855	0.459504560596196
15857	0.459057144896682
15858	0.45861210485575
15859	0.458169423684293
15860	0.457729084741256
15861	0.458464780452261
15863	0.460368243438369
15864	0.459922506911685
15865	0.46064665458158
15866	0.460201503108684
15867	0.462085616535878
15868	0.463959882680353
15870	0.465824370044943
15871	0.467679146537842
15872	0.467213476474742
15873	0.469057028459258
15875	0.468588207405283
15876	0.46927123657515
15877	0.468803291985677
15878	0.470628710226276
15880	0.472444735234076
15881	0.474251431346288
15883	0.472630058931429
15885	0.47329229991346
15886	0.472815438017106
15887	0.474608582785755
15888	0.476392594389199
15889	0.475907647741552
15890	0.476553194336899
15891	0.478321595707383
15892	0.480081050696565
15893	0.480709285093771
15894	0.480213903743316
15895	0.481958152388472
15896	0.481460246796998
15898	0.480964839059661
15899	0.481584878550836
15900	0.481090706733445
15901	0.482817526344981
15902	0.482320901119028
15903	0.48293232986048
15904	0.484644474463591
15905	0.484144272344152
15906	0.485846766494831
15907	0.487540846341636
15908	0.487033584785688
15909	0.488718203554864
15910	0.490394537313701
15911	0.489880425353045
15912	0.489368833549059
15913	0.488859745457001
15914	0.488353144766044
15915	0.487849015297971
15916	0.48951184317038
15917	0.489005591922934
15918	0.48958054685738
15919	0.489075709333877
15920	0.488573314572585
15921	0.490220421449968
15922	0.490787772720761
15923	0.492422482920695
15925	0.492980957868598
15927	0.492470085470086
15928	0.491961661341853
15929	0.491455669864952
15930	0.492013666670053
15931	0.493628885535967
15932	0.49312001076707
15933	0.491557031335161
15934	0.491056323430092
15935	0.49055798854827
15936	0.4921650611396
15937	0.491664803729187
15938	0.49326334208224
15939	0.492761207046921
15940	0.491216501068718
15943	0.490722344049202
15944	0.490230503390715
15945	0.489740964638586
15946	0.489253713450719
15947	0.489805542232106
15949	0.489319603695153
15950	0.488835925337442
15951	0.489386484908121
15952	0.489934491652351
15953	0.489451154743959
15954	0.491024494790973
15955	0.490539291217257
15956	0.490056323604711
15957	0.48957557823578
15958	0.489097041497947
15959	0.490659435866455
15960	0.490179050820552
15961	0.489700862657482
15962	0.489224858002005
15964	0.490777366032394
15965	0.489287905133965
15968	0.49083551754265
15969	0.49136753312245
15970	0.490890088410096
15971	0.489409273663761
15972	0.488939165409754
15974	0.489473684210526
15976	0.490005795268953
15977	0.491535013274144
15978	0.493057363533802
15979	0.493576374903407
15980	0.495088087217128
15981	0.493612414826019
15982	0.495119520734275
15984	0.496619908488408
15987	0.496135378591805
15988	0.497628310803385
15989	0.497142230988385
15991	0.497643041728941
15992	0.498141636492769
15993	0.497656192300842
15994	0.498153281931329
15995	0.497669229218854
15996	0.497187305770509
15997	0.498659670907345
15998	0.500125578302353
15999	0.500611829655241
16000	0.500124137246139
16001	0.499638574498213
16002	0.498186136781648
16003	0.497707609050303
16004	0.497231161874312
16005	0.498686353880465
16006	0.500135237250752
16007	0.499653846474656
16008	0.500135151431982
16009	0.499655146200043
16011	0.499177209956173
16012	0.498701330826696
16013	0.49822749702299
16015	0.497755696840759
16016	0.499190680564071
16018	0.498717478432172
16019	0.498246298531605
16020	0.497777129356077
16021	0.497309959481012
16022	0.496844777562863
16023	0.496381572338416
16024	0.495920332624116
16027	0.49734428648676
16032	0.497821923666393
16033	0.49735857552461
16034	0.498772475452811
16036	0.498307758761464
16040	0.498780013762601
16041	0.498316577682967
16043	0.498787487022781
16044	0.498325324582308
16045	0.497865095875895
16046	0.497406790130651
16047	0.4969503966486
16048	0.495569978880132
