15629	0.333333333333333
15630	0.333333333333333
15631	0.333333333333333
15684	0.333333333333333
15685	0
15686	0.333333333333333
15687	0.666666666666667
15694	0.333333333333333
15719	0.333333333333333
15720	0.333333333333333
15735	0
15736	0.666666666666667
15737	0.333333333333333
15738	0.333333333333333
15746	0.333333333333333
15841	0.333333333333333
15847	0
15852	0.666666666666667
15879	0.666666666666667
15880	0.666666666666667
15882	0
15883	0.333333333333333
15884	0.666666666666667
15885	0.333333333333333
15886	0.333333333333333
15887	0.333333333333333
15888	0.666666666666667
15889	1
15890	0.666666666666667
15891	0
15892	0.666666666666667
15893	0.333333333333333
15895	0.666666666666667
15896	0.666666666666667
15897	0.666666666666667
15898	0.333333333333333
15899	0.333333333333333
15900	0
15901	0.666666666666667
15902	0.666666666666667
15903	0.333333333333333
15904	0
15909	0.333333333333333
15910	0.666666666666667
15911	0.666666666666667
15912	0.666666666666667
15916	0.666666666666667
15917	0.333333333333333
15918	0.666666666666667
15919	0.666666666666667
15921	0.666666666666667
15929	0
15930	0
15936	0.333333333333333
15937	0.333333333333333
15938	0.333333333333333
15943	0
15944	0.333333333333333
15945	0
15982	0
15983	0.666666666666667
15984	0
15985	0.333333333333333
16001	0
16002	0.333333333333333
16003	0.333333333333333
16004	0.666666666666667
16005	1
16006	0
16007	0
16008	0
16009	0.666666666666667
16063	0
16064	0
16076	0
16077	0
16078	0.333333333333333
16079	0
16080	0.333333333333333
16094	0.666666666666667
16095	0
16101	0
16102	0.666666666666667
16103	0.333333333333333
16104	0
16118	0.333333333333333
16119	0.666666666666667
16120	0
16121	0
16124	0.333333333333333
16125	0.333333333333333
16126	0
16127	0.333333333333333
16128	0.666666666666667
16129	0.666666666666667
16137	0.333333333333333
16138	0
16142	1
16143	0.333333333333333
16144	0
16150	0.333333333333333
16151	0
16159	0.666666666666667
16160	0.333333333333333
