14921	0
14922	0.166666666666667
14923	0.333333333333333
14941	0.333333333333333
14942	0.266666666666667
14943	0.333333333333333
14944	0.285714285714286
14945	0.291666666666667
14947	0.296296296296296
14948	0.3
14953	0.333333333333333
14954	0.333333333333333
14964	0.358974358974359
14965	0.333333333333333
14966	0.333333333333333
14970	0.3125
14972	0.352941176470588
14973	0.351851851851852
14974	0.333333333333333
14975	0.333333333333333
14982	0.349206349206349
14983	0.363636363636364
14984	0.36231884057971
14985	0.361111111111111
14986	0.373333333333333
14987	0.371794871794872
14988	0.382716049382716
14989	0.369047619047619
14990	0.367816091954023
14991	0.355555555555556
14992	0.344086021505376
14993	0.354166666666667
14994	0.353535353535354
14995	0.352941176470588
14996	0.361904761904762
14999	0.351851851851852
15001	0.342342342342342
15002	0.342105263157895
15003	0.341880341880342
15016	0.333333333333333
15017	0.32520325203252
15020	0.317460317460318
15022	0.325581395348837
15024	0.325757575757576
15025	0.325925925925926
15026	0.333333333333333
15029	0.333333333333333
15030	0.326388888888889
15031	0.319727891156463
15033	0.32
15036	0.320261437908497
15037	0.320512820512821
15038	0.320754716981132
15040	0.314814814814815
15041	0.315151515151515
15042	0.30952380952381
15043	0.309941520467836
15044	0.304597701149425
15045	0.299435028248588
15046	0.294444444444444
15047	0.295081967213115
15048	0.295698924731183
15049	0.296296296296296
15050	0.296875
15051	0.292307692307692
15053	0.287878787878788
15054	0.283582089552239
15055	0.284313725490196
15056	0.280193236714976
15057	0.276190476190476
15065	0.281690140845071
15066	0.282407407407407
15073	0.287671232876712
15075	0.292792792792793
15076	0.293333333333333
15077	0.293859649122807
15079	0.294372294372294
15080	0.299145299145299
15081	0.29957805907173
15082	0.3
15084	0.300411522633745
15085	0.300813008130081
15086	0.301204819277108
15087	0.305555555555556
15088	0.305882352941177
15089	0.306201550387597
15090	0.306513409961686
15091	0.310606060606061
15092	0.314606741573034
15093	0.318518518518519
15098	0.315018315018315
15099	0.322463768115942
15100	0.318996415770609
15103	0.319148936170213
15104	0.315789473684211
15106	0.3125
15110	0.312714776632302
15112	0.30952380952381
15287	0.306397306397306
15288	0.313333333333333
15289	0.316831683168317
15290	0.316993464052288
15291	0.317152103559871
15292	0.317307692307692
15293	0.317460317460318
15295	0.320754716981132
15296	0.320872274143302
15297	0.320987654320988
15298	0.321100917431193
15299	0.321212121212121
15300	0.321321321321321
15301	0.321428571428572
15302	0.321533923303835
15314	0.324561403508772
15318	0.32463768115942
15321	0.324712643678161
15339	0.321937321937322
15342	0.319209039548023
15388	0.322128851540616
15389	0.327777777777778
15392	0.330578512396694
15393	0.333333333333333
15394	0.333333333333333
15395	0.333333333333333
15398	0.336
15399	0.341269841269841
15400	0.341207349081365
15401	0.341145833333333
15402	0.34108527131783
15403	0.338461538461539
15404	0.338422391857506
15405	0.338383838383838
15406	0.338345864661654
15407	0.338308457711443
15408	0.340740740740741
15409	0.340686274509804
15412	0.340632603406326
15413	0.342995169082126
15414	0.345323741007194
15415	0.342857142857143
15416	0.342789598108747
15417	0.342723004694836
15420	0.34032634032634
15427	0.342592592592593
15428	0.340229885057471
15429	0.340182648401827
15431	0.337868480725624
15432	0.34009009009009
15435	0.340044742729307
15441	0.344444444444445
15443	0.344370860927152
15450	0.344298245614035
15451	0.344226579520697
15454	0.344155844155844
15456	0.346236559139785
15457	0.348290598290598
15459	0.348195329087049
15465	0.345991561181435
15467	0.345911949685535
15468	0.345833333333333
15469	0.349896480331263
15470	0.347736625514403
15471	0.347648261758691
15472	0.349593495934959
15475	0.34949494949495
15476	0.349397590361446
15477	0.347305389221557
15479	0.347222222222222
15480	0.345167652859961
15482	0.349019607843137
15483	0.350877192982456
15484	0.352713178294574
15485	0.352601156069364
15487	0.352490421455939
15488	0.352380952380952
15490	0.352272727272727
15492	0.352165725047081
15493	0.355805243445693
15495	0.355679702048417
15496	0.357407407407407
15498	0.357274401473297
15499	0.357142857142857
15500	0.358834244080146
15501	0.358695652173913
15502	0.36036036036036
15503	0.363799283154122
15504	0.367201426024955
15505	0.367021276595745
15506	0.365079365079365
15507	0.366666666666667
15508	0.368237347294939
15509	0.368055555555556
15513	0.367875647668394
15514	0.367697594501718
15517	0.369230769230769
15518	0.370748299319728
15519	0.370558375634518
15520	0.37037037037037
15521	0.370184254606365
15527	0.373333333333333
15529	0.371475953565506
15530	0.371287128712871
15532	0.371100164203613
15534	0.372549019607843
15537	0.372357723577236
15538	0.37378640776699
15539	0.371980676328502
15540	0.373397435897436
15544	0.373205741626794
15545	0.373015873015873
15546	0.372827804107425
15547	0.372641509433962
15548	0.37245696400626
15549	0.370716510903427
15551	0.370542635658915
15552	0.37037037037037
15553	0.37173579109063
15554	0.373088685015291
15555	0.371385083713851
15556	0.36969696969697
15557	0.368024132730015
15558	0.369369369369369
15559	0.370702541106129
15560	0.37202380952381
15561	0.371851851851852
15562	0.371681415929204
15563	0.37151248164464
15564	0.371345029239766
15566	0.37117903930131
15567	0.371014492753623
15605	0.370851370851371
15639	0.370689655172414
15641	0.370529327610873
15650	0.368945868945869
15662	0.371631205673759
15665	0.371468926553672
15668	0.372714486638537
15669	0.375350140056022
15670	0.373779637377964
15671	0.376388888888889
15675	0.374827109266943
15676	0.37465564738292
15685	0.374485596707819
15686	0.377049180327869
15694	0.37687074829932
15695	0.378048780487805
15722	0.377867746288799
15724	0.376344086021505
15740	0.376171352074967
15741	0.377333333333333
15748	0.378486055776893
15749	0.378306878306878
15750	0.378129117259552
15751	0.379265091863517
15752	0.379084967320261
15753	0.377604166666667
15754	0.378728923476005
15755	0.377260981912145
15756	0.378378378378378
15757	0.378205128205128
15758	0.376756066411239
15759	0.376590330788804
15760	0.377693282636248
15761	0.377525252525253
15762	0.376100628930818
15763	0.37468671679198
15765	0.375780274656679
15766	0.374378109452736
15768	0.374225526641884
15769	0.374074074074074
15770	0.376383763837638
15771	0.378676470588235
15772	0.377289377289377
15773	0.378345498783455
15774	0.380606060606061
15775	0.380434782608696
15776	0.380264741275572
15779	0.382494004796163
15783	0.38231780167264
15784	0.380952380952381
15787	0.380782918149466
15790	0.380614657210402
15791	0.380447585394582
15800	0.380281690140845
15801	0.380116959064328
15802	0.381118881118881
15803	0.380952380952381
15805	0.380787037037037
15808	0.380622837370242
15809	0.379310344827586
15812	0.380297823596793
15813	0.382420091324201
15814	0.381114903299204
15816	0.382086167800454
15817	0.384180790960452
15818	0.382882882882883
15820	0.382716049382716
15821	0.383668903803132
15822	0.383500557413601
15823	0.383333333333333
15826	0.384274640088594
15828	0.385209713024283
15833	0.383938393839384
15834	0.384868421052632
15835	0.383606557377049
15838	0.382352941176471
15840	0.38327904451683
15843	0.383116883116883
15845	0.382955771305286
15846	0.382795698924731
15847	0.382636655948553
15848	0.382478632478633
15854	0.383386581469649
15855	0.383227176220807
15856	0.385185185185185
15857	0.386075949367089
15858	0.385909568874869
15860	0.386792452830189
15861	0.385579937304075
15863	0.385416666666667
15864	0.385254413291797
15865	0.387163561076605
15867	0.385964912280702
15869	0.385802469135803
15870	0.387692307692308
15871	0.387525562372188
15872	0.387359836901121
15875	0.388211382113821
15878	0.388044579533941
15884	0.388888888888889
15891	0.388721047331319
15892	0.38855421686747
15893	0.388388388388388
15894	0.389221556886228
15895	0.389054726368159
15900	0.388888888888889
15907	0.38971315529179
15909	0.389546351084813
15910	0.389380530973451
15913	0.38921568627451
15914	0.390029325513197
15915	0.389863547758285
15917	0.39067055393586
15918	0.391472868217054
15919	0.390338164251208
15920	0.390173410404624
15921	0.390009606147935
15923	0.390804597701149
15925	0.391595033428844
15926	0.390476190476191
15927	0.391263057929725
15928	0.391098484848485
15929	0.389990557129367
15931	0.390772128060264
15932	0.390610328638498
15933	0.389513108614232
15934	0.389355742296919
15935	0.389199255121043
15936	0.389972144846797
15939	0.390740740740741
15944	0.392428439519852
15945	0.392265193370166
15946	0.393021120293848
15947	0.392857142857143
15954	0.392694063926941
15955	0.391621129326047
15956	0.3905540417802
15957	0.390398550724638
15958	0.391147244805781
15959	0.39009009009009
15965	0.389038634321653
15966	0.388888888888889
15971	0.388739946380697
15972	0.388591800356506
15974	0.388444444444445
15976	0.389184397163121
15978	0.389036251105217
15979	0.388888888888889
15980	0.388742304309587
15981	0.38859649122807
15982	0.387576552930884
15983	0.388307155322862
15984	0.387293298520453
15988	0.388020833333333
15989	0.387878787878788
15990	0.38860103626943
15991	0.388458225667528
15992	0.38745704467354
15993	0.389031705227078
15994	0.388034188034188
15995	0.389599317988065
15996	0.39030612244898
15997	0.391009329940628
15998	0.390016920473773
15999	0.390717299578059
16000	0.391414141414141
16001	0.391267842149454
