15327	0
15328	0
15329	0.166666666666667
15330	0.1
15331	0.288888888888889
15332	0.206349206349206
15333	0.238095238095238
15338	0.333333333333333
15339	0.266666666666667
15341	0.278787878787879
15342	0.287878787878788
15347	0.294871794871795
15363	0.3003663003663
15368	0.304761904761905
15402	0.266666666666667
15405	0.313725490196078
15407	0.278867102396514
15412	0.284600389863548
15413	0.256140350877193
15414	0.295238095238095
15417	0.268398268398268
15418	0.274044795783926
15430	0.251207729468599
15432	0.231111111111111
15433	0.213333333333333
15435	0.222222222222222
15436	0.23015873015873
15438	0.237274220032841
15439	0.221455938697318
15440	0.228673835125448
15443	0.235215053763441
15445	0.241161616161616
15447	0.226975638740345
15453	0.233053221288515
15454	0.238624338624339
15456	0.225725725725726
15457	0.248933143669986
15458	0.236167341430499
15459	0.257692307692308
15461	0.261382113821138
15468	0.248935346496322
15471	0.237356958287191
15472	0.256871035940803
15473	0.275084175084175
15474	0.292109500805153
15484	0.29386370644465
15485	0.295508274231679
15488	0.283446712018141
15489	0.285442176870748
15490	0.274248366013072
15499	0.263700351935646
15552	0.266328011611031
15553	0.268809690193338
15554	0.28327721661055
15557	0.273160173160173
15560	0.275271512113617
15571	0.265779391006251
15574	0.279368790181181
15576	0.270056497175141
15579	0.272131147540984
15586	0.284858099770844
15587	0.286396996074415
15588	0.287863756613757
15589	0.289262820512821
15590	0.290598290598291
15593	0.291873963515755
15594	0.293093356745683
15595	0.303921568627451
15596	0.304761904761905
15597	0.324346076458753
15599	0.315336463223787
15600	0.306697108066971
15601	0.307417006047143
15602	0.299219219219219
15604	0.291345029239766
15605	0.292435634540898
15606	0.302031302031302
15607	0.29438493995456
15608	0.287025316455696
15609	0.288168724279835
15610	0.289270300110409
15611	0.282299931433049
15612	0.275578504494167
15613	0.269094304388422
15614	0.262836297309622
15615	0.256794083578366
15616	0.25095785440613
15617	0.252808988764045
15618	0.26200582605077
15620	0.263573463573464
15621	0.257843605669693
15622	0.25229858189185
15623	0.246930526957981
15624	0.255767077267637
15625	0.257383040935673
15626	0.252076174112257
15627	0.253734483484115
15628	0.24860853432282
15629	0.243636363636364
15630	0.238811881188119
15631	0.23412929528247
15635	0.236055587283457
15636	0.231516056758775
15637	0.233455433455433
15638	0.229050613956274
15640	0.224769294069241
15641	0.220606899734626
15642	0.216559066711972
15643	0.218682235195997
15644	0.226754026754027
15645	0.23460960960961
15647	0.230457227138643
15649	0.232262071106971
15650	0.234019832189169
15652	0.229985007496252
15654	0.237449651242755
15656	0.244724515910957
15657	0.240611498836823
15658	0.242156862745098
15659	0.238154269972452
15660	0.234250101612248
15661	0.241281265271669
15662	0.237389631960836
15663	0.233591397849462
15664	0.229883597883598
15665	0.226263383743699
15666	0.222728018372703
15667	0.229610788113695
15668	0.226078314450408
15669	0.222626737130554
15670	0.219253604749788
15671	0.215956558061821
15672	0.212733325851943
15673	0.209581721024507
15674	0.211401597676108
15675	0.208315442965507
15676	0.214958214323495
15677	0.216661453445939
15678	0.213566289825283
15679	0.210536980749747
15680	0.207571671161722
15681	0.213992580189763
15682	0.211020461020461
15683	0.208109833971903
15684	0.205259014328452
15685	0.207001522070015
15686	0.208708708708709
15687	0.205907249531411
15688	0.216495152870992
15689	0.222457689477557
15690	0.223916579528291
15691	0.225346863891756
15693	0.226749285572815
15694	0.228124563608435
15695	0.229473393989523
15696	0.230796450541674
15697	0.232094385766884
15698	0.233367831648223
15699	0.238784067085954
15700	0.239958592132505
15701	0.236996140377783
15702	0.234088212274988
15703	0.235298518629358
15704	0.236486819413649
15705	0.237653644882561
15706	0.234807493446841
15707	0.235980420112157
15708	0.237132525594064
15709	0.23434273117531
15710	0.231601880518289
15711	0.228908835395984
15712	0.233969619572523
15721	0.235111731224946
15723	0.240043787629995
15724	0.241103896103896
15725	0.238379558294813
15728	0.2357011362915
15729	0.23679199882828
15730	0.234160976619077
15731	0.231573562512789
15732	0.232691801752575
15735	0.233791709201545
15737	0.231250494971094
15738	0.228750489620055
15739	0.226290806935968
15740	0.227435646790486
15743	0.22856221792392
15744	0.229670906975872
15745	0.230762090411213
15746	0.231836134839717
15752	0.229421175101803
15753	0.227043753598158
15754	0.224703096344569
15756	0.222398449202573
15758	0.223530437816152
15759	0.221261093269795
15760	0.219026132731717
15761	0.220174948818165
15763	0.221306532663317
15764	0.222421227197347
15771	0.220219036829056
15772	0.221333463395601
15773	0.222431501336167
15774	0.223513470428822
15777	0.221343436735338
15778	0.228866688554321
15779	0.233076303728478
15780	0.234035701140964
15781	0.231806789701527
15782	0.232769126607989
15784	0.236862499627411
15785	0.240898219505714
15786	0.244877363871704
15787	0.248800985293052
15788	0.252670111972438
15789	0.250341355180065
15792	0.251102749475049
15793	0.248809573680756
15794	0.24957797149578
15795	0.253352529823118
15800	0.257076080605492
15801	0.254770465532797
15802	0.252495729233397
15806	0.253214285714286
15807	0.253923303834808
15808	0.2546229516718
15809	0.252389417008012
15811	0.256007558926428
15812	0.256679956964749
15818	0.260229625447017
15819	0.260859829825347
15821	0.258620689655172
15822	0.256410256410256
15823	0.259901800327332
15825	0.260524101454502
15826	0.258325585830413
15827	0.261757023484499
15828	0.262355988420473
15829	0.260169688516969
15830	0.260776855693868
15833	0.258621675068299
15834	0.256493101610947
15835	0.254390699138726
15836	0.252314040370247
15837	0.2502627067087
15839	0.253634398692165
15841	0.254277132036045
15842	0.254912121604698
15843	0.258206157965194
15855	0.256148738379814
15856	0.254115811884736
15858	0.252106991237426
15859	0.252746568734244
15860	0.253378621789923
15862	0.254003267973856
15864	0.25980869001297
15865	0.262962627816487
15868	0.260932028373889
15869	0.261488961488962
15870	0.262039493073976
15871	0.260039191600129
15872	0.260596561499241
15873	0.258622345124246
15875	0.256670478368592
15876	0.254740625147775
15877	0.255329334572386
15878	0.255911453966124
15879	0.254008766576042
15881	0.25212722015696
15882	0.252726527265273
15883	0.253319224368714
15884	0.251463405875171
15885	0.252060996586544
15886	0.250227825702278
15887	0.250830039525692
15888	0.251425731177732
15889	0.249616912967821
15890	0.250217030676534
15891	0.248429766171702
15892	0.249034062023386
15893	0.249631929195797
15896	0.250223458553659
15897	0.253156157202342
15899	0.253718804052385
15900	0.254275549012391
15901	0.254826474338669
15902	0.253056846044651
15903	0.258226002819428
15904	0.25874398440918
15905	0.256965675237982
15906	0.259771846412152
15907	0.26027397260274
15912	0.263038548752835
15913	0.2612552365579
15914	0.261742250725302
15918	0.262224345557679
15919	0.262701587086375
15920	0.263174040238528
15921	0.26364176885916
15922	0.266319675156884
15923	0.264555968698892
15924	0.262809724681077
15925	0.263273695790632
15926	0.265918895599655
15927	0.266359512839744
15928	0.271138929694208
15929	0.271542789458099
15930	0.271942728253408
15931	0.272338796673278
15932	0.272731044497459
15933	0.270982768571193
15934	0.269251249283198
15935	0.267536273173114
15936	0.267954032285243
15937	0.2662581206885
15939	0.266681308149982
15941	0.265004067218221
15943	0.263342599712151
15945	0.26169670846395
15946	0.260066199376947
15947	0.262591668117877
15948	0.260965713516528
15949	0.259354814050377
15950	0.259810066476733
15953	0.260261129463584
15954	0.258669318274204
15955	0.261157106983914
15956	0.259569525786443
15961	0.260016579165515
15962	0.258445482010437
15963	0.258896613644912
15965	0.263347685034432
15967	0.265762768756781
15969	0.264176125361218
15970	0.262603648424544
15971	0.265001648532806
15972	0.263433591440896
15973	0.263845979298668
15974	0.262293944126323
15975	0.260755563222356
15976	0.259230676887723
15977	0.259662762348047
15978	0.258153095125093
15979	0.256656555443209
15980	0.257099773812516
15981	0.257539160322722
15982	0.256059050205925
15983	0.254591663098728
15984	0.253136853595306
15985	0.251694478361145
15986	0.252158335491669
15987	0.25072967636707
15988	0.249313124523188
15989	0.25166441208456
15990	0.252123226248879
15991	0.254445598464105
15992	0.253024114673803
15993	0.251614509578127
15994	0.252068503043433
15995	0.250672001641531
15996	0.249287073455666
15997	0.247913590957288
16003	0.250214432032614
16004	0.250669878067138
16005	0.249300097312673
16006	0.247941513676092
16007	0.24840559965249
16008	0.247059227838655
16009	0.247525574354843
16010	0.247988149874942
16011	0.246654880251959
16012	0.247119644075451
16013	0.24936321104118
16014	0.251588829471182
16015	0.252023640661939
16016	0.250686645220761
16017	0.249360260854514
16018	0.24804437557296
16019	0.246738878859418
16020	0.247193442924898
16021	0.249389637813598
16022	0.24808734205478
16023	0.246795220481578
16024	0.245513167388167
16030	0.245968194154723
16031	0.244697040696559
16034	0.243435715744515
16036	0.245611710350798
16039	0.24435216311823
16048	0.243102279930924
16049	0.246964002992501
16050	0.249099894410691
16052	0.249527475318927
16053	0.248264045064148
16054	0.247010186250693
16055	0.24744506356597
16056	0.249551704787582
16058	0.248300819049298
16059	0.248725981620719
16060	0.247485453034082
16061	0.246254182123464
16062	0.246686336720039
16065	0.250415612280831
16066	0.249178991973271
16067	0.251235581503781
16068	0.250001008621698
16069	0.2504095004095
16070	0.25081499592502
16071	0.251217524400183
16072	0.254861234743734
16073	0.25524216726116
16074	0.258848742722365
16075	0.260818877620646
16076	0.261168344877093
16077	0.263117856039543
16078	0.265053341941831
16079	0.263785144133497
16080	0.262526026500402
16081	0.262863204151987
16082	0.261614447837726
16083	0.260374568938021
16084	0.25914348350569
16085	0.262638089715569
16086	0.266108028116907
16087	0.269553530332321
16088	0.268290984522802
16089	0.267037288333443
16090	0.268900362358306
16091	0.2676496629985
16092	0.266407669202684
16093	0.268260720116869
16095	0.267021640578223
16096	0.267327224415804
16097	0.266098133728835
16098	0.266406552075644
16099	0.266712853134032
16103	0.267017056239965
16104	0.267319180509183
16105	0.26610409332505
16106	0.266408987837559
16107	0.2667118129303
16108	0.267012587288779
16109	0.267311329388079
16110	0.266109930154874
16111	0.264916612082431
16114	0.26820557578676
16115	0.267008229466283
16116	0.26581888323258
16118	0.26611894745525
16119	0.266417015685308
16120	0.265238179332719
16121	0.265538820189233
16122	0.264369045650955
16123	0.264672185377031
16124	0.264973330762805
16125	0.265272499264207
16127	0.264114104070914
16128	0.262963280088034
16130	0.263269236841274
