14675	0.333333333333333
14681	0.111111111111111
14682	0.222222222222222
14686	0.133333333333333
14687	0.0888888888888889
14688	0.158730158730159
14694	0.202380952380952
14695	0.157407407407407
14705	0.192592592592593
14706	0.218181818181818
14707	0.181818181818182
14708	0.205128205128205
14743	0.175824175824176
14748	0.196825396825397
14749	0.255555555555556
14750	0.225490196078431
14753	0.237472766884532
14756	0.212475633528265
14758	0.191228070175439
14759	0.173015873015873
14764	0.157287157287157
14789	0.172595520421607
14796	0.158212560386473
14797	0.145555555555556
14799	0.134358974358974
14812	0.149097815764482
14815	0.186067019400353
14816	0.196223316912972
14833	0.183141762452107
14941	0.171326164874552
14951	0.160618279569892
14958	0.150883838383838
14962	0.142008318478907
14966	0.171988795518207
14969	0.162433862433862
14971	0.153653653653654
15019	0.163110478899953
15021	0.154745838956365
15022	0.163675213675214
15025	0.171951219512195
15051	0.163763066202091
15054	0.171650055370986
15055	0.178999295278365
15056	0.171043771043771
15172	0.163607085346216
15173	0.156645081714462
15180	0.150118203309693
15417	0.157596371882086
15421	0.151292517006803
15422	0.145359477124183
15437	0.139768728004022
15438	0.159651669085631
15445	0.166084323317028
15446	0.172166105499439
15447	0.177922077922078
15448	0.183375104427736
15449	0.177051824964711
15481	0.193648938242743
15483	0.209416195856874
15487	0.202550091074681
15489	0.228274281685175
15490	0.242191500256016
15491	0.234623015873016
15499	0.227403846153846
15501	0.240714840714841
15502	0.233529323081562
15503	0.23646473514779
15504	0.248934356351236
15565	0.251345755693582
15567	0.253655264922871
15568	0.255868544600939
15569	0.276255707762557
15573	0.268789337282488
15574	0.270510510510511
15575	0.28093567251462
15577	0.282296650717703
15578	0.275058275058275
15579	0.276533592989289
15580	0.269620253164557
15581	0.27119341563786
15583	0.264578942085717
15584	0.258203545890881
15585	0.267928858290304
15586	0.269467787114846
15587	0.263201094391245
15588	0.257150494520182
15590	0.251306165099269
15591	0.245658835546476
15592	0.247607157719517
15593	0.242165242165242
15594	0.244147157190635
15595	0.238896680691912
15596	0.255090368336765
15597	0.249720044792833
15598	0.244517543859649
15599	0.246348797250859
15600	0.248123991864787
15601	0.249845392702536
15602	0.251515151515152
15603	0.253135313531353
15604	0.254707823723549
15605	0.249762040738626
15614	0.264189693801344
15615	0.271855921855922
15618	0.279305181191974
15619	0.286545582789632
15622	0.293584862120688
15630	0.288197983916638
15636	0.282958020572699
15639	0.28987168987169
15642	0.290647790647791
15643	0.291403286978508
15644	0.292138901826839
15645	0.292855326722604
15646	0.299300349825087
15653	0.294184104528932
15655	0.300497368293979
15657	0.301049233252623
15658	0.301587301587302
15659	0.302112029384757
15660	0.308088334913968
15661	0.313918876893687
15663	0.314232013287875
15664	0.314537634408602
15669	0.314835978835979
15670	0.315127275757197
15671	0.320620078740158
15672	0.315649224806202
15673	0.315921288014311
15674	0.321276179291447
15676	0.321458863443596
15679	0.321637426900585
15680	0.321811992668238
15681	0.317044407591671
15682	0.317283950617284
15703	0.322384428223844
15706	0.32254310800804
15714	0.33229068918778
15716	0.33706748886605
15739	0.337014522120905
15742	0.332267838710751
15747	0.33694474539545
15754	0.336894586894587
15755	0.336845466155811
15761	0.345929774838608
15871	0.350293542074364
15872	0.35006435006435
15873	0.349839772658565
15874	0.349619686800895
15875	0.344988962472406
15876	0.344835598931103
15877	0.34468524251806
15878	0.340208810797046
15879	0.335819019689987
15880	0.33151364764268
15881	0.331536828352115
15883	0.339998387486898
15884	0.344107422445135
15885	0.33980607966457
15886	0.339725672877847
15887	0.339646755105692
15888	0.339569289807872
15889	0.335428200907776
15890	0.331362404533136
15891	0.331386150663259
15892	0.331409470216194
15893	0.327464119380287
15894	0.327533577533578
15895	0.3236802413273
15896	0.327691778465772
15897	0.335509315925473
15899	0.331630595510149
15900	0.331650167209266
15901	0.331669403393541
15902	0.335476190476191
15903	0.33921845574388
15906	0.339152330772974
15907	0.339087314041805
15908	0.339023380922822
15915	0.338960507468795
15916	0.338898670390383
15917	0.335194859785024
15918	0.335174625801853
15919	0.338758323540932
15920	0.335115760922213
15921	0.338661759914132
15922	0.342151173815755
15923	0.342057863334459
15924	0.341966026176553
15925	0.345366032883255
15926	0.341768470040721
15927	0.34168105929764
15930	0.34159500026708
15931	0.341510265221605
15937	0.338025466596895
15938	0.337977830726199
15939	0.33793091661112
15940	0.334534625991912
15941	0.331189279731993
15942	0.327893864013267
15943	0.324647390112146
15944	0.321448893657839
15945	0.318297433916095
15946	0.318444125617727
15947	0.318588681032441
15948	0.315510529524882
15949	0.322092159048681
15951	0.322199730094467
15952	0.319131161236424
15953	0.322425336643346
15954	0.319383588184447
15955	0.322644462160806
15956	0.319629093355564
15957	0.319756574657683
15965	0.326055124892334
15966	0.32305000853388
15967	0.326202454938767
15971	0.326267577115887
15972	0.326331811263318
15973	0.326395173453997
15989	0.323454676395853
15990	0.32354327421592
