15292	0
15297	0.166666666666667
15310	0.111111111111111
15316	0.166666666666667
15323	0.266666666666667
15333	0.222222222222222
15338	0.238095238095238
15339	0.291666666666667
15345	0.37037037037037
15347	0.366666666666667
15349	0.363636363636364
15351	0.333333333333333
15352	0.333333333333333
15355	0.333333333333333
15360	0.333333333333333
15372	0.333333333333333
15373	0.333333333333333
15374	0.333333333333333
15375	0.333333333333333
15376	0.333333333333333
15407	0.333333333333333
15408	0.333333333333333
15412	0.333333333333333
15413	0.333333333333333
15414	0.333333333333333
15421	0.333333333333333
15422	0.333333333333333
15423	0.333333333333333
15427	0.32183908045977
15428	0.322222222222222
15430	0.32258064516129
15431	0.322916666666667
15432	0.323232323232323
15435	0.323529411764706
15436	0.323809523809524
15437	0.324074074074074
15438	0.324324324324324
15442	0.324561403508772
15443	0.324786324786325
15444	0.325
15446	0.32520325203252
15453	0.317460317460318
15457	0.310077519379845
15474	0.310606060606061
15475	0.311111111111111
15479	0.311594202898551
15482	0.312056737588653
15484	0.305555555555556
15485	0.319727891156463
15486	0.32
15487	0.326797385620915
15489	0.326923076923077
15493	0.339622641509434
15494	0.333333333333333
15497	0.333333333333333
15498	0.339285714285714
15501	0.350877192982456
15502	0.350574712643678
15505	0.361581920903955
15507	0.361111111111111
15508	0.360655737704918
15509	0.360215053763441
15510	0.354497354497355
15511	0.348958333333333
15513	0.348717948717949
15514	0.343434343434343
15516	0.343283582089552
15517	0.343137254901961
15518	0.33816425120773
15519	0.338095238095238
15520	0.338028169014085
15523	0.347222222222222
15524	0.34703196347032
15527	0.346846846846847
15530	0.342222222222222
15531	0.342105263157895
15537	0.346320346320346
15539	0.346153846153846
15540	0.354430379746836
15541	0.358333333333333
15542	0.353909465020576
15543	0.357723577235772
15544	0.357429718875502
15546	0.353174603174603
15547	0.349019607843137
15549	0.348837209302326
15550	0.344827586206897
15551	0.340909090909091
15554	0.337078651685393
15557	0.337037037037037
15561	0.336996336996337
15567	0.340579710144928
15568	0.340501792114695
15569	0.340425531914894
15570	0.340350877192982
15578	0.340277777777778
15583	0.34020618556701
15584	0.340136054421769
15593	0.336700336700337
15607	0.34
15623	0.336633663366337
15632	0.336601307189543
15633	0.339805825242718
15634	0.33974358974359
15635	0.33968253968254
15636	0.339622641509434
15637	0.336448598130841
15638	0.339506172839506
15639	0.336391437308869
15640	0.336363636363636
15641	0.342342342342342
15642	0.345238095238095
15643	0.345132743362832
15645	0.345029239766082
15646	0.350724637681159
15649	0.35632183908046
15650	0.361823361823362
15657	0.358757062146893
15663	0.355742296918768
15665	0.355555555555556
15666	0.355371900826446
15667	0.355191256830601
15670	0.355013550135501
15673	0.354838709677419
15674	0.354666666666667
15677	0.354497354497355
15680	0.356955380577428
15682	0.354166666666667
15683	0.354005167958656
15685	0.353846153846154
15687	0.353689567430025
15689	0.353535353535354
15690	0.355889724310777
15691	0.353233830845771
15693	0.350617283950617
15694	0.348039215686275
15697	0.347931873479319
15698	0.347826086956522
15699	0.345323741007194
15700	0.345238095238095
15701	0.345153664302601
15703	0.345070422535211
15704	0.344988344988345
15705	0.344907407407407
15706	0.344827586206897
15707	0.344748858447489
15709	0.344671201814059
15710	0.344594594594595
15711	0.348993288590604
15712	0.346666666666667
15713	0.346578366445916
15716	0.348684210526316
15721	0.348583877995643
15722	0.348484848484849
15723	0.348387096774194
15726	0.348290598290598
15727	0.348195329087049
15728	0.348101265822785
15729	0.350104821802935
15730	0.35
15732	0.349896480331263
15733	0.353909465020576
15736	0.351738241308794
15741	0.353658536585366
15742	0.351515151515152
15743	0.349397590361446
15746	0.347305389221557
15758	0.347222222222222
15762	0.351084812623274
15768	0.350980392156863
15769	0.350877192982456
15771	0.35077519379845
15772	0.352601156069364
15784	0.352490421455939
15785	0.352380952380952
15786	0.352272727272727
15787	0.352165725047081
15788	0.350187265917603
15790	0.353817504655494
15792	0.353703703703704
15793	0.351749539594844
15794	0.351648351648352
15795	0.349726775956284
15796	0.34963768115942
15801	0.353153153153153
15802	0.353046594982079
15804	0.352941176470588
15805	0.351063829787234
15808	0.349206349206349
15809	0.352631578947368
15810	0.352530541012217
15812	0.352430555555556
15813	0.352331606217617
15815	0.352233676975945
15820	0.352136752136752
15823	0.352040816326531
15824	0.355329949238579
15825	0.355218855218855
15833	0.355108877721943
15836	0.353333333333333
15838	0.353233830845771
15839	0.353135313531353
15840	0.35303776683087
15841	0.354575163398693
15844	0.354471544715447
15845	0.354368932038835
15846	0.35426731078905
15847	0.357371794871795
15848	0.358851674641148
15849	0.358730158730159
15852	0.358609794628752
15853	0.358490566037736
15854	0.359937402190923
15855	0.35981308411215
15856	0.35968992248062
15858	0.358024691358025
