14270	0
14271	0.166666666666667
14272	0.111111111111111
14273	0.0833333333333333
14274	0.133333333333333
14277	0.222222222222222
14278	0.190476190476191
14279	0.166666666666667
14280	0.148148148148148
14281	0.166666666666667
14282	0.181818181818182
14283	0.166666666666667
14284	0.17948717948718
14285	0.238095238095238
14286	0.266666666666667
14289	0.270833333333333
14290	0.254901960784314
14291	0.259259259259259
14292	0.245614035087719
14293	0.233333333333333
14294	0.222222222222222
14295	0.212121212121212
14296	0.202898550724638
14297	0.194444444444444
14298	0.2
14299	0.192307692307692
14300	0.185185185185185
14301	0.214285714285714
14302	0.241379310344828
14303	0.233333333333333
14304	0.225806451612903
14305	0.21875
14306	0.212121212121212
14307	0.205882352941176
14308	0.2
14309	0.203703703703704
14310	0.216216216216216
14312	0.219298245614035
14313	0.213675213675214
14314	0.216666666666667
14315	0.211382113821138
14317	0.214285714285714
14319	0.209302325581395
14320	0.212121212121212
14321	0.207407407407407
14322	0.202898550724638
14323	0.205673758865248
14324	0.201388888888889
14326	0.197278911564626
14327	0.2
14328	0.196078431372549
14329	0.198717948717949
14330	0.19496855345912
14331	0.197530864197531
14333	0.193939393939394
14334	0.190476190476191
14335	0.187134502923977
14337	0.183908045977012
14338	0.180790960451977
14339	0.183333333333333
14340	0.180327868852459
14341	0.182795698924731
14342	0.195767195767196
14344	0.203125
14345	0.215384615384615
14347	0.217171717171717
14348	0.213930348258706
14349	0.220588235294118
14350	0.217391304347826
14351	0.214285714285714
14352	0.211267605633803
14353	0.208333333333333
14354	0.210045662100457
14355	0.207207207207207
14356	0.208888888888889
14358	0.206140350877193
14359	0.203463203463203
14361	0.200854700854701
14362	0.19831223628692
14363	0.195833333333333
14364	0.193415637860082
14365	0.199186991869919
14366	0.204819277108434
14367	0.202380952380952
14368	0.2
14369	0.197674418604651
14370	0.195402298850575
14371	0.193181818181818
14372	0.191011235955056
14373	0.188888888888889
14374	0.190476190476191
14375	0.188405797101449
14376	0.189964157706093
14377	0.191489361702128
14378	0.196491228070175
14379	0.194444444444444
14380	0.192439862542955
14383	0.193877551020408
14384	0.191919191919192
14386	0.19
14387	0.191419141914191
14388	0.189542483660131
14389	0.190938511326861
14390	0.192307692307692
14391	0.193650793650794
14392	0.19496855345912
14393	0.196261682242991
14394	0.194444444444444
14396	0.198776758409786
14397	0.196969696969697
14398	0.201201201201201
14400	0.202380952380952
14401	0.20353982300885
14402	0.204678362573099
14403	0.202898550724638
14405	0.201149425287356
14407	0.199430199430199
14408	0.19774011299435
14409	0.201680672268908
14410	0.202777777777778
14411	0.206611570247934
14413	0.210382513661202
14414	0.208672086720867
14415	0.206989247311828
14417	0.208
14418	0.206349206349206
14419	0.204724409448819
14420	0.205729166666667
14421	0.204134366925065
14422	0.202564102564103
14423	0.201017811704835
14424	0.204545454545455
14425	0.203007518796993
14426	0.201492537313433
14427	0.2
14428	0.198529411764706
14432	0.197080291970803
14433	0.195652173913044
14434	0.194244604316547
14435	0.192857142857143
14436	0.191489361702128
14437	0.192488262910798
14438	0.191142191142191
14439	0.19212962962963
14440	0.193103448275862
14441	0.194063926940639
14446	0.195011337868481
14447	0.193693693693694
14448	0.194630872483222
14449	0.193333333333333
14450	0.19205298013245
14452	0.190789473684211
14453	0.191721132897604
14454	0.194805194805195
14455	0.197849462365591
14456	0.198717948717949
14457	0.199575371549894
14458	0.19831223628692
14459	0.19916142557652
14460	0.2
14461	0.200828157349897
14462	0.203703703703704
14466	0.202453987730061
14473	0.203252032520325
14474	0.202020202020202
14478	0.20281124497992
14479	0.203592814371258
14480	0.204365079365079
14481	0.203155818540434
14482	0.201960784313725
14483	0.200779727095517
14484	0.201550387596899
14486	0.200385356454721
14487	0.199233716475096
14488	0.198095238095238
14489	0.196969696969697
14494	0.19774011299435
14495	0.198501872659176
14496	0.199255121042831
14497	0.198148148148148
14498	0.197053406998158
14500	0.195970695970696
14503	0.194899817850638
14504	0.193840579710145
14505	0.194594594594595
14507	0.193548387096774
14508	0.192513368983957
14509	0.195035460992908
14510	0.195767195767196
14511	0.194736842105263
14512	0.193717277486911
14515	0.196180555555556
14516	0.196891191709845
14517	0.197594501718213
14518	0.198290598290598
14520	0.198979591836735
14521	0.201353637901861
14522	0.202020202020202
14523	0.201005025125628
14524	0.2
14525	0.199004975124378
14526	0.1996699669967
14528	0.200328407224959
14530	0.202614379084967
14531	0.201626016260163
14532	0.200647249190939
14533	0.201288244766506
14534	0.201923076923077
14535	0.200956937799043
14536	0.2
14537	0.199052132701422
14538	0.19811320754717
14539	0.200312989045383
14540	0.199376947040498
14541	0.2
14542	0.199074074074074
14543	0.199692780337942
14546	0.198776758409786
14547	0.197869101978691
14548	0.196969696969697
14549	0.196078431372549
14551	0.196696696696697
14552	0.195814648729447
14553	0.194940476190476
14555	0.194074074074074
14557	0.196165191740413
14558	0.195301027900147
14560	0.194444444444444
14561	0.193595342066958
14562	0.194202898550725
14563	0.193362193362193
14564	0.192528735632184
14566	0.19170243204578
14569	0.192307692307692
14571	0.191489361702128
14572	0.192090395480226
14575	0.191279887482419
14576	0.190476190476191
14577	0.192468619246862
14578	0.194444444444444
14579	0.195020746887967
14581	0.195592286501377
14582	0.197530864197531
14583	0.198087431693989
14585	0.198639455782313
14586	0.197831978319783
14587	0.197031039136302
14588	0.19758064516129
14589	0.196787148594378
14592	0.196
14594	0.196547144754316
14595	0.198412698412698
14596	0.197628458498024
14597	0.196850393700787
14599	0.196078431372549
14600	0.1953125
14601	0.197146562905318
14602	0.197674418604651
14604	0.1994851994852
14606	0.198717948717949
14607	0.197956577266922
14608	0.197201017811705
14609	0.196451204055767
14611	0.195707070707071
14612	0.19496855345912
14613	0.194235588972431
14614	0.19350811485643
14615	0.194029850746269
14616	0.193308550185874
14617	0.192592592592593
14618	0.191881918819188
14619	0.191176470588235
14632	0.190476190476191
14633	0.190997566909976
14634	0.191515151515152
14638	0.190821256038647
14640	0.190132370637786
14644	0.189448441247002
14646	0.188769414575866
14652	0.189285714285714
14653	0.188612099644128
14654	0.189125295508274
14659	0.188457008244994
14660	0.187793427230047
14668	0.188304093567251
14669	0.187645687645688
14674	0.186991869918699
14681	0.186342592592593
14687	0.186851211072664
14688	0.18735632183908
14689	0.186712485681558
14703	0.187214611872146
14704	0.186575654152446
14708	0.1859410430839
14709	0.185310734463277
14716	0.184684684684685
14717	0.184062850729517
14723	0.184563758389262
14724	0.185061315496098
14725	0.184444444444444
14729	0.183831672203765
14730	0.184326710816777
14731	0.184818481848185
14739	0.18530701754386
14742	0.185792349726776
14743	0.186274509803922
14752	0.186753528773073
14753	0.186147186147186
14754	0.18554476806904
14758	0.186021505376344
14759	0.186495176848875
14769	0.185897435897436
14771	0.187433439829606
14780	0.187898089171975
14781	0.187301587301587
14782	0.186708860759494
14783	0.187171398527865
14784	0.186582809224319
14785	0.187042842215256
14786	0.1875
14791	0.187954309449637
14793	0.18944099378882
14803	0.190918472652219
14804	0.190329218106996
14805	0.18974358974359
14806	0.190184049079755
14811	0.18960244648318
14812	0.191056910569106
14814	0.190476190476191
14816	0.18989898989899
14818	0.18932527693857
14819	0.188755020080321
14821	0.189189189189189
14822	0.188622754491018
14823	0.188059701492537
14824	0.189484126984127
14826	0.188921859545005
14830	0.190335305719921
14831	0.190757128810226
14832	0.191176470588235
14835	0.190615835777126
14837	0.190058479532164
14838	0.190476190476191
14845	0.191860465116279
14852	0.192270531400966
14853	0.19364161849711
14854	0.193083573487032
14856	0.194444444444444
14857	0.194842406876791
14860	0.195238095238095
14863	0.195631528964862
14864	0.195075757575758
14870	0.19452313503305
14874	0.195856873822976
14882	0.195305164319249
14888	0.195692883895131
14889	0.196078431372549
14890	0.196461824953445
14891	0.196843082636955
14894	0.196296296296296
14896	0.197599261311173
14898	0.197053406998158
14900	0.199265381083563
14901	0.200549450549451
14903	0.200913242009132
14904	0.201275045537341
14907	0.200726612170754
14909	0.201086956521739
14912	0.202348690153568
14915	0.202702702702703
14919	0.202156334231806
14920	0.201612903225807
14922	0.201072386058981
14925	0.201426024955437
14930	0.200888888888889
14932	0.201241134751773
14940	0.20159151193634
14943	0.201058201058201
14945	0.202286719437115
14947	0.203508771929825
14951	0.202974628171479
14955	0.203315881326353
14957	0.203655352480418
14959	0.204861111111111
14960	0.205194805194805
14963	0.204663212435233
14964	0.204995693367786
14965	0.206185567010309
14966	0.205655526992288
14968	0.206837606837607
14969	0.206308610400682
14973	0.20578231292517
14974	0.205258693808312
14978	0.206429780033841
14979	0.205907172995781
14981	0.205387205387205
14982	0.206549118387909
14983	0.206030150753769
14985	0.205513784461153
14986	0.205833333333333
14987	0.206151288445553
14988	0.205638474295191
14989	0.206782464846981
14990	0.207095709570957
14991	0.208230452674897
14993	0.207717569786535
14996	0.207207207207207
14997	0.207516339869281
15000	0.208638956805216
15001	0.209756097560976
15002	0.209245742092457
15003	0.20873786407767
15004	0.208232445520581
15005	0.209339774557166
15006	0.208835341365462
15007	0.209935897435897
15008	0.210231814548361
15009	0.209728867623604
15011	0.210819411296738
15013	0.211904761904762
15014	0.21298495645289
15015	0.213270142180095
15016	0.212765957446809
15019	0.212264150943396
15023	0.212549019607843
15024	0.212050078247261
15025	0.212334113973458
15026	0.21183800623053
15027	0.211344211344211
15028	0.211627906976744
15029	0.211136890951276
15035	0.21141975308642
15041	0.211701308698999
15042	0.211213517665131
15044	0.212260536398467
15045	0.213302752293578
15046	0.214340198321892
15049	0.213850837138508
15050	0.214123006833713
15057	0.213636363636364
15058	0.213151927437642
15059	0.212669683257919
15060	0.212189616252822
15061	0.211711711711712
15064	0.211985018726592
15066	0.213004484304933
15068	0.212527964205817
15069	0.212053571428571
15071	0.213066072754269
15083	0.214074074074074
15084	0.214338507021434
15085	0.213864306784661
15087	0.21486387049301
15092	0.215124816446402
15093	0.214652014652015
15096	0.214181286549708
15098	0.213712618526623
15099	0.213973799126638
15102	0.213507625272331
15103	0.21304347826087
15105	0.212581344902386
15107	0.213564213564214
15114	0.214542836573074
15118	0.214798850574713
15119	0.214336917562724
15120	0.213876967095851
15121	0.213418986438258
15122	0.212962962962963
15124	0.213219616204691
15125	0.214184397163121
15126	0.213729653220099
15127	0.213983050847458
15129	0.213530655391121
15131	0.213080168776371
15132	0.212631578947368
15138	0.21218487394958
15139	0.211740041928721
15140	0.211994421199442
15144	0.212247738343772
15145	0.2125
15146	0.212058212058212
15147	0.212309820193638
15148	0.211870255348516
15149	0.211432506887052
15153	0.211683848797251
15154	0.212620027434842
15155	0.212183436002738
15157	0.213114754098361
15159	0.212678936605317
15160	0.212244897959184
15162	0.212491513917176
15167	0.212059620596206
15169	0.212305611899932
15176	0.211875843454791
15179	0.213468013468014
15181	0.213037634408602
15183	0.212608987256875
15184	0.21285140562249
15187	0.212424849699399
15201	0.213333333333333
15202	0.214238190286095
15203	0.214475431606906
15205	0.214049039098741
15207	0.21494708994709
15209	0.214521452145215
15210	0.214097496706192
15211	0.213675213675214
15213	0.213254593175853
15214	0.212835625409299
15216	0.212418300653595
15218	0.212654924983692
15220	0.213541666666667
15224	0.213125406107862
15225	0.213359273670558
15226	0.21294498381877
15227	0.212532299741602
15230	0.213410702772405
15231	0.212998712998713
15237	0.213230571612075
15240	0.213461538461539
15241	0.213051823416507
