15432	0
15433	0
15434	0
15435	0
15437	0
15438	0
15439	0
15440	0.0740740740740741
15441	0.0592592592592593
15442	0.109090909090909
15447	0.0909090909090909
15448	0.128205128205128
15450	0.10989010989011
15462	0.0952380952380952
15463	0.166666666666667
15464	0.147058823529412
15465	0.130718954248366
15466	0.116959064327485
15467	0.105263157894737
15469	0.158730158730159
15470	0.204906204906205
15471	0.245059288537549
15475	0.22463768115942
15476	0.233333333333333
15478	0.215384615384615
15481	0.199430199430199
15482	0.185185185185185
15490	0.172413793103448
15491	0.160919540229885
15492	0.172043010752688
15498	0.182123655913979
15499	0.171085858585859
15502	0.180629827688651
15504	0.1703081232493
15507	0.179365079365079
15508	0.187687687687688
15510	0.177809388335704
15511	0.168690958164642
15512	0.16025641025641
15516	0.152439024390244
15517	0.145180023228804
15547	0.138427464008859
15554	0.132135306553911
15561	0.141077441077441
15562	0.149436392914654
15563	0.143077397471477
15569	0.164893617021277
15570	0.158163265306122
15575	0.165170068027211
15576	0.171764705882353
15580	0.19079939668175
15581	0.183599419448476
15591	0.18914511996273
15592	0.194388327721661
15593	0.187445887445887
15595	0.204260651629073
15596	0.208711433756806
15598	0.22423533995714
15640	0.238983050847458
15641	0.24207650273224
15642	0.245020271461308
15644	0.237241850145076
15646	0.240244708994709
15647	0.243108974358974
15649	0.235742035742036
15650	0.228704960048244
15651	0.221978343576237
15652	0.215544188689969
15654	0.237957211870255
15655	0.231254191817572
15656	0.234089723526343
15657	0.22767630644343
15658	0.230531901764779
15659	0.224384384384384
15661	0.227251461988304
15662	0.230006835269993
15663	0.232656232656233
15664	0.235205020015147
15665	0.229324894514768
15667	0.231893004115226
15668	0.226237077185587
15669	0.220785581349789
15673	0.22346528973035
15674	0.226050420168067
15676	0.220793433652531
15677	0.223380557783124
15678	0.218303726924417
15679	0.220888661899898
15680	0.223387432376196
15683	0.218477818477818
15684	0.220974677496417
15686	0.216222533894343
15688	0.211622054449783
15691	0.207166853303472
15692	0.209795321637427
15693	0.205469644902635
15694	0.208079107931833
15695	0.203875489589775
15696	0.206464646464647
15697	0.208976897689769
15700	0.211415259172976
15713	0.213782600418808
15730	0.2096713965646
15731	0.212026862026862
15733	0.214315663372267
15735	0.216540292717334
15736	0.224875966308988
15737	0.220749801789557
15738	0.228857381150959
15743	0.236745836745837
15745	0.238470613470613
15750	0.240149599662874
15751	0.235936448791596
15752	0.231833206203916
15753	0.233583208395802
15754	0.235288338736615
15755	0.236950118306051
15756	0.244172245169254
15762	0.245658263305322
15763	0.247107438016529
15765	0.253985458158335
15766	0.249855613310232
15772	0.251202028149314
15773	0.257849462365591
15775	0.253756613756614
15777	0.255009790442861
15778	0.251025262467192
15790	0.252301356589147
15807	0.253548002385212
15810	0.254766099040908
15812	0.255956511681703
15814	0.257120072909547
15816	0.258257584259155
15823	0.264308089183711
15824	0.260421205519245
15827	0.261485616144268
15828	0.267357805282274
15829	0.26830709345567
15831	0.264474134977732
15832	0.260722728807835
15835	0.257050577697866
15838	0.258117469385075
15839	0.254532504532505
15840	0.255619412515964
15841	0.256683986773736
15846	0.253191687633958
15847	0.258779187350616
15849	0.25977991414233
15850	0.256316181953766
15851	0.252921265636497
15853	0.258365284071105
15854	0.259345258571265
15857	0.264635146988088
15858	0.261220499930177
15859	0.257871519161842
15877	0.254586531656595
15878	0.259802735897229
15879	0.256534776955126
15881	0.257494758909853
15883	0.254296066252588
15884	0.251156608644531
15886	0.252164912014946
15887	0.249089730161105
15888	0.246070460704607
15889	0.243105756358768
15891	0.244186326142895
15893	0.241279346069765
15897	0.242368742368742
15901	0.239517345399698
15902	0.236715972938883
15903	0.237839430617888
15906	0.238943406371824
15907	0.236196930436516
15908	0.233497536945813
15909	0.234632034632035
15917	0.235747303543914
15918	0.233098457436679
15919	0.23049400539828
15920	0.231636664597558
15921	0.236443625946388
15925	0.233845344342582
15929	0.231289657519166
15931	0.236022016314247
15932	0.244281237759499
15933	0.248823016564952
15934	0.249726870220229
15936	0.257708499260439
15937	0.258508762054861
15938	0.259296389120951
15939	0.26007164508129
15943	0.260834787667248
15946	0.261586067933218
15949	0.262325730463116
15953	0.263054013569478
15954	0.260369788941218
15955	0.257726440830139
15956	0.255123143448017
15957	0.259259259259259
15960	0.256666666666667
15969	0.260746268656717
15970	0.258164622432393
15972	0.255621128615325
15974	0.253115039119096
15975	0.2506456241033
15980	0.254684663351488
15981	0.252223941966449
15983	0.253003839960362
15986	0.253772543246228
15987	0.251355661881978
15988	0.248973143759874
16006	0.252913648692957
16007	0.250538872648891
16008	0.251312652655288
16009	0.248974860537564
16010	0.249755957507896
16011	0.2505262559026
16012	0.248227849885145
16013	0.245960928881628
16014	0.246755223467552
16015	0.250555327025915
16016	0.248298071827484
16018	0.246071183290914
16019	0.243874119154388
16020	0.241706349206349
16022	0.239567354965585
16026	0.243330344495991
16027	0.24704382100626
16028	0.244886233049874
16029	0.242756787545092
16030	0.240654997176736
16031	0.2414539483505
16032	0.239381382270238
16034	0.240184390398983
16035	0.238140267927502
16036	0.238946988820772
16039	0.239743498057165
16041	0.237728846812987
