14838	0
14840	0.166666666666667
14918	0.111111111111111
15383	0.0833333333333333
15384	0.0666666666666667
15386	0.166666666666667
15389	0.190476190476191
15390	0.166666666666667
15391	0.148148148148148
15394	0.166666666666667
15395	0.151515151515152
15396	0.166666666666667
15398	0.153846153846154
15412	0.142857142857143
15413	0.155555555555556
15414	0.1875
15417	0.196078431372549
15419	0.185185185185185
15420	0.192982456140351
15421	0.216666666666667
15425	0.206349206349206
15426	0.212121212121212
15428	0.202898550724638
15429	0.222222222222222
15433	0.24
15440	0.230769230769231
15442	0.234567901234568
15449	0.261904761904762
15456	0.252873563218391
15459	0.255555555555556
15460	0.258064516129032
15461	0.25
15465	0.252525252525253
15467	0.254901960784314
15468	0.247619047619048
15469	0.240740740740741
15491	0.243243243243243
15492	0.245614035087719
15493	0.247863247863248
15495	0.25
15497	0.24390243902439
15498	0.238095238095238
15499	0.24031007751938
15500	0.257575757575758
15501	0.251851851851852
15502	0.260869565217391
15504	0.262411347517731
15507	0.256944444444444
15510	0.258503401360544
15514	0.26
15515	0.254901960784314
15516	0.25
15517	0.251572327044025
15522	0.259259259259259
15523	0.266666666666667
15524	0.261904761904762
15528	0.263157894736842
15530	0.264367816091954
15531	0.265536723163842
15538	0.261111111111111
15541	0.262295081967213
15542	0.258064516129032
15545	0.253968253968254
15546	0.25
15555	0.251282051282051
15556	0.262626262626263
15557	0.263681592039801
15796	0.264705882352941
15797	0.27536231884058
15798	0.276190476190476
15799	0.272300469483568
15800	0.268518518518519
15803	0.269406392694064
15806	0.27027027027027
15808	0.271111111111111
15809	0.280701754385965
15810	0.285714285714286
15811	0.294871794871795
