13534	0.333333333333333
13535	0.5
13538	0.444444444444444
13541	0.333333333333333
13548	0.333333333333333
13550	0.333333333333333
13551	0.285714285714286
13552	0.291666666666667
13555	0.296296296296296
13567	0.3
13569	0.272727272727273
13570	0.25
13571	0.230769230769231
13572	0.238095238095238
13573	0.288888888888889
13574	0.291666666666667
13575	0.294117647058824
13576	0.296296296296296
13577	0.298245614035088
13578	0.3
13580	0.317460317460318
13581	0.303030303030303
13583	0.304347826086957
13584	0.305555555555556
13585	0.306666666666667
13586	0.320512820512821
13587	0.308641975308642
13588	0.30952380952381
13590	0.310344827586207
13591	0.311111111111111
13592	0.311827956989247
13594	0.3125
13596	0.303030303030303
13597	0.303921568627451
13598	0.295238095238095
13599	0.296296296296296
13600	0.297297297297297
13601	0.289473684210526
13603	0.290598290598291
13604	0.291666666666667
13605	0.292682926829268
13606	0.293650793650794
13608	0.286821705426357
13612	0.287878787878788
13614	0.288888888888889
13615	0.297101449275362
13616	0.304964539007092
13617	0.305555555555556
13618	0.306122448979592
13619	0.306666666666667
13620	0.300653594771242
13621	0.294871794871795
13622	0.29559748427673
13624	0.296296296296296
13625	0.303030303030303
13626	0.30952380952381
13628	0.304093567251462
13629	0.298850574712644
13630	0.305084745762712
13631	0.3
13633	0.295081967213115
13634	0.301075268817204
13635	0.312169312169312
13636	0.307291666666667
13637	0.307692307692308
13638	0.303030303030303
13639	0.303482587064677
13640	0.299019607843137
13641	0.304347826086957
13642	0.3
13643	0.305164319248826
13644	0.305555555555556
13645	0.305936073059361
13646	0.310810810810811
13647	0.311111111111111
13648	0.31140350877193
13649	0.311688311688312
13650	0.316239316239316
13651	0.312236286919831
13652	0.3125
13653	0.308641975308642
13654	0.304878048780488
13655	0.301204819277108
13656	0.305555555555556
13657	0.305882352941177
13658	0.310077519379845
13659	0.314176245210728
13660	0.310606060606061
13661	0.307116104868914
13662	0.314814814814815
13664	0.311355311355311
13665	0.311594202898551
13666	0.315412186379928
13667	0.312056737588653
13668	0.308771929824561
13669	0.309027777777778
13670	0.309278350515464
13671	0.312925170068027
13672	0.30976430976431
13674	0.31
13675	0.306930693069307
13676	0.30718954248366
13677	0.3042071197411
13678	0.301282051282051
13679	0.298412698412698
13680	0.29874213836478
13681	0.29595015576324
13682	0.299382716049383
13683	0.299694189602447
13684	0.303030303030303
13685	0.303303303303303
13686	0.303571428571429
13687	0.303834808259587
13688	0.301169590643275
13689	0.298550724637681
13690	0.298850574712644
13691	0.296296296296296
13693	0.293785310734463
13694	0.296918767507003
13695	0.297222222222222
13696	0.297520661157025
13697	0.297814207650273
13698	0.29810298102981
13699	0.298387096774194
13700	0.298666666666667
13701	0.296296296296296
13702	0.296587926509186
13703	0.296875
13704	0.294573643410853
13706	0.294871794871795
13709	0.292620865139949
13710	0.295454545454546
13712	0.293233082706767
13713	0.296019900497512
13714	0.293827160493827
13716	0.29656862745098
13717	0.299270072992701
13718	0.29951690821256
13719	0.302158273381295
13720	0.3
13721	0.297872340425532
13722	0.2981220657277
13723	0.300699300699301
13724	0.300925925925926
13725	0.303448275862069
13726	0.305936073059361
13727	0.308390022675737
13728	0.310810810810811
13729	0.31096196868009
13730	0.311111111111111
13731	0.313465783664459
13732	0.31359649122807
13734	0.313725490196078
13735	0.313852813852814
13738	0.316129032258065
13742	0.320512820512821
13743	0.320594479830149
13744	0.320675105485232
13745	0.322851153039832
13746	0.320833333333333
13747	0.320910973084886
13748	0.320987654320988
13750	0.321063394683027
13751	0.321138211382114
13752	0.323232323232323
13754	0.323293172690763
13756	0.321357285429142
13760	0.319444444444444
13761	0.319526627218935
13763	0.319607843137255
13765	0.319688109161793
13766	0.319767441860465
13767	0.319845857418112
13769	0.31992337164751
13772	0.318095238095238
13773	0.320075757575758
13774	0.32015065913371
13778	0.320224719101124
13779	0.318435754189944
13780	0.318518518518519
13793	0.318600368324125
13795	0.318681318681319
13796	0.316939890710383
13797	0.318840579710145
13798	0.317117117117117
13799	0.315412186379928
13800	0.315508021390374
13801	0.317375886524823
13802	0.319223985890653
13803	0.321052631578947
13804	0.321116928446771
13805	0.321180555555556
13806	0.321243523316062
13807	0.321305841924399
13808	0.323076923076923
13809	0.32312925170068
13810	0.321489001692047
13811	0.321548821548822
13814	0.321608040201005
13816	0.32
13820	0.323383084577114
13822	0.325082508250825
13823	0.32512315270936
13824	0.325163398692811
13825	0.32520325203252
13830	0.323624595469256
13831	0.322061191626409
13832	0.320512820512821
13834	0.323763955342903
13835	0.323809523809524
13836	0.322274881516588
13837	0.320754716981132
13838	0.31924882629108
13839	0.317757009345794
13840	0.316279069767442
13841	0.316358024691358
13842	0.317972350230415
13843	0.31651376146789
13844	0.316590563165906
13846	0.316666666666667
13847	0.316742081447964
13848	0.316816816816817
13850	0.316890881913303
13851	0.316964285714286
13852	0.317037037037037
13853	0.317109144542773
13854	0.320117474302496
13855	0.320175438596491
13856	0.321688500727802
13857	0.321739130434783
13858	0.321789321789322
13859	0.323275862068966
13860	0.324749642346209
13864	0.327635327635328
13865	0.326241134751773
13867	0.32909604519774
13868	0.327707454289733
13870	0.326330532212885
13871	0.327754532775453
13872	0.327777777777778
13873	0.327800829875519
13874	0.327823691460055
13875	0.327846364883402
13876	0.329234972677596
13877	0.327891156462585
13878	0.326558265582656
13879	0.326585695006748
13880	0.326612903225807
13881	0.325301204819277
13882	0.324
13883	0.324037184594954
13884	0.324074074074074
13885	0.325428194993412
13886	0.326771653543307
13887	0.326797385620915
13888	0.326822916666667
13890	0.326848249027237
13891	0.32687338501292
13892	0.326898326898327
13893	0.328205128205128
13895	0.328224776500639
13898	0.32824427480916
13899	0.326996197718631
13900	0.325757575757576
13901	0.327044025157233
13902	0.327067669172932
13904	0.328339575530587
13905	0.329601990049751
13906	0.328376703841388
13907	0.327160493827161
13908	0.328413284132841
13909	0.32843137254902
13927	0.327228327228327
13928	0.327250608272506
13929	0.327272727272727
13930	0.327294685990338
13931	0.326113116726835
13932	0.324940047961631
13933	0.327359617682198
13934	0.328571428571429
13935	0.32858837485172
13936	0.328605200945627
13937	0.32979976442874
13938	0.330985915492958
13939	0.332163742690059
13940	0.332167832167832
13941	0.332171893147503
13942	0.332175925925926
13943	0.332179930795848
13944	0.333333333333333
13945	0.335624284077892
13946	0.335616438356164
13947	0.335608646188851
13948	0.335600907029479
13949	0.335593220338983
13951	0.335585585585586
13952	0.336700336700337
13953	0.338926174496644
13954	0.340022296544036
13955	0.338888888888889
13956	0.337763012181617
13957	0.338852097130243
13958	0.337733773377338
13960	0.338815789473684
13961	0.33879781420765
13962	0.338779956427015
13963	0.338762214983713
13964	0.338744588744589
13965	0.339805825242719
13966	0.340860215053763
13969	0.340836012861736
13970	0.340811965811966
13971	0.340788072417465
13972	0.339702760084926
13975	0.338624338624339
13976	0.339662447257384
13978	0.340694006309148
13979	0.341719077568134
13982	0.340647857889237
13983	0.340625
13984	0.339563862928349
13986	0.339544513457557
13988	0.33952528379773
13990	0.338477366255144
13991	0.338461538461539
13992	0.338445807770961
13996	0.338430173292559
13997	0.33739837398374
13998	0.338399189463019
13999	0.338383838383838
14000	0.340382678751259
14001	0.340361445783133
14002	0.34034034034034
14003	0.340319361277445
14004	0.340298507462687
14005	0.340277777777778
14006	0.342235410484669
14007	0.343195266272189
14008	0.343166175024582
14009	0.343137254901961
14010	0.343108504398827
14011	0.34307992202729
14012	0.343051506316812
14013	0.343023255813954
14014	0.342028985507246
14015	0.342003853564547
14016	0.341978866474544
14017	0.341954022988506
14018	0.341929321872015
14019	0.342857142857143
14020	0.342830009496676
14021	0.34469696969697
14022	0.346553352219075
14023	0.346516007532957
14024	0.345539906103286
14025	0.344569288389513
14026	0.343604108309991
14027	0.343575418994413
14028	0.343546889507892
14030	0.342592592592593
14031	0.342566943674977
14259	0.341620626151013
14260	0.341597796143251
14261	0.341575091575092
14262	0.340639269406393
14263	0.340619307832423
14264	0.341507720254314
14265	0.341485507246377
14266	0.342366757000903
14267	0.343243243243243
14268	0.343216531895777
14269	0.344086021505376
14270	0.344950848972297
14276	0.345811051693405
14277	0.345777777777778
14278	0.344858156028369
14284	0.344827586206897
14287	0.344797178130511
14291	0.344766930518909
14292	0.346491228070175
14294	0.345581802274716
14296	0.345549738219895
14297	0.34638816362054
14299	0.347222222222222
14300	0.348051948051948
14301	0.348877374784111
14302	0.349698535745047
14303	0.350515463917526
14304	0.350471293916024
14305	0.352136752136752
14306	0.352088661551577
14308	0.352040816326531
14309	0.351993214588634
14313	0.351945854483926
14314	0.351898734177215
14315	0.351851851851852
14316	0.351805205709488
14317	0.351758793969849
14318	0.35171261487051
14319	0.351666666666667
14334	0.350789692435578
14336	0.351575456053068
14337	0.35070306038048
14338	0.350660066006601
14339	0.349794238683128
14340	0.349753694581281
14341	0.350532350532351
14342	0.351307189542484
14343	0.352078239608802
14344	0.352845528455285
14345	0.354420113544201
14346	0.353559870550162
14370	0.353510895883777
14371	0.352657004830918
14372	0.351807228915663
14373	0.350961538461538
14374	0.350119904076739
14375	0.350079744816587
14376	0.350039777247415
14377	0.35
14378	0.351543942992874
14379	0.353080568720379
14380	0.353033884948779
14381	0.352987421383648
14382	0.352941176470588
14383	0.354460093896714
14384	0.354410616705699
14385	0.354361370716511
14386	0.354312354312354
14387	0.354263565891473
14388	0.354988399071926
14401	0.354938271604938
14402	0.354888375673595
14403	0.354838709677419
14404	0.354022988505747
14405	0.353975535168196
14406	0.353165522501907
14407	0.353120243531202
14408	0.353075170842825
14409	0.352272727272727
14410	0.351473922902494
14411	0.352187028657617
14412	0.35364936042137
14413	0.353603603603604
14414	0.352808988764045
14415	0.352017937219731
14416	0.351230425055928
14418	0.350446428571429
14421	0.350408314773571
14423	0.34962962962963
14424	0.350332594235033
14429	0.349557522123894
14431	0.34878587196468
14432	0.348017621145375
14433	0.348717948717949
14434	0.349415204678363
14435	0.350109409190372
14436	0.35080058224163
14438	0.350036310820625
14439	0.35
14440	0.349240780911063
14452	0.349206349206349
14459	0.348452123830094
14460	0.348419540229885
14464	0.347670250896057
14467	0.348354792560801
14468	0.348322626695218
14472	0.348290598290598
14474	0.347547974413646
14477	0.346808510638298
14478	0.347487615003539
14485	0.347457627118644
14487	0.347427766032417
14488	0.348804500703235
14489	0.348771929824561
14490	0.348739495798319
14491	0.349406009783368
14493	0.350767085076709
14494	0.350730688935282
14495	0.350694444444444
14496	0.350658350658351
14497	0.349930843706777
14498	0.349896480331263
14499	0.349862258953168
14500	0.34914089347079
14501	0.349108367626886
14508	0.349760438056126
14513	0.349726775956284
14515	0.349011588275392
14516	0.348299319727891
14517	0.347589952477936
14518	0.346883468834688
14521	0.34685598377282
14522	0.346153846153846
14523	0.346127946127946
14524	0.346102150537634
14528	0.346747149564051
14529	0.346050870147256
14530	0.346025384101536
14531	0.346666666666667
14532	0.347305389221557
14533	0.348605577689243
14534	0.349237905897946
14535	0.349867724867725
14536	0.349174917491749
14537	0.349802371541502
14538	0.349112426035503
14539	0.350393700787402
14540	0.350360183366077
14541	0.350326797385621
14542	0.350293542074364
14543	0.3515625
14544	0.351526965562053
14545	0.351491569390402
14546	0.35210355987055
14548	0.352067183462532
14549	0.352030947775629
14550	0.351351351351351
14552	0.350674373795761
14553	0.351923076923077
14556	0.351887396033269
14559	0.351851851851852
14560	0.352453792224347
14561	0.352417302798982
14563	0.351746031746032
14564	0.35171102661597
14569	0.351676154332701
14570	0.351641414141414
14575	0.352236925015753
14577	0.352201257861635
14578	0.352793471437539
14579	0.352756892230576
14580	0.352095059412133
14581	0.352059925093633
14582	0.35202492211838
14583	0.351990049751244
14584	0.35195530726257
14585	0.352540272614622
14586	0.352504638218924
14589	0.353086419753087
14590	0.353049907578558
14591	0.353013530135301
14592	0.353591160220995
14595	0.353553921568627
14596	0.353516819571865
14597	0.354090354090354
14598	0.353443022547227
14599	0.354014598540146
14600	0.355191256830601
14602	0.355151515151515
14606	0.354506957047792
14608	0.353864734299517
14611	0.353827606992164
14612	0.35439229843562
14617	0.354954954954955
14621	0.354916067146283
14622	0.354877318970676
14623	0.355436081242533
14624	0.355396541443053
14630	0.355357142857143
14633	0.355317884729649
14659	0.354685646500593
14661	0.354647720544701
14675	0.355200945626478
14726	0.354572271386431
14727	0.35394581861013
14732	0.353909465020576
14738	0.353286384976526
14739	0.352665495020504
14754	0.352046783625731
14758	0.351430239346176
14759	0.351398601398601
14760	0.351367073880163
14763	0.35191637630662
14764	0.351304347826087
14765	0.351851851851852
14766	0.352397458116696
14767	0.352941176470588
14768	0.352907311456534
14769	0.352873563218391
14770	0.352839931153184
14771	0.352233676975945
14772	0.352201257861635
14773	0.35216894977169
14774	0.351566951566952
14775	0.351535836177475
14776	0.350936967632027
14777	0.351473922902494
14779	0.35144312393888
14780	0.351977401129944
14781	0.351945854483926
14788	0.351351351351351
14861	0.350758853288364
14864	0.350729517396184
14866	0.350140056022409
14867	0.349552572706935
14872	0.348967057509771
14873	0.349498327759197
14878	0.349471341124096
14883	0.348888888888889
14888	0.348863006100943
14892	0.348837209302326
14894	0.349364289662797
14896	0.349337748344371
14902	0.348760330578513
14904	0.348734873487349
14905	0.348160351455244
14906	0.347587719298246
14907	0.348111658456486
14908	0.348087431693989
14909	0.347517730496454
14910	0.348039215686275
14911	0.34747145187602
14912	0.346905537459283
14913	0.346341463414634
14914	0.345779220779221
14915	0.346299297676931
14916	0.345738942826322
14917	0.346257404415724
14920	0.346774193548387
14921	0.347289318303811
14922	0.347802786709539
14923	0.348314606741573
14927	0.348824786324786
14928	0.3488
14929	0.349840255591054
14930	0.349813928761297
14931	0.349787685774947
14934	0.349761526232115
14936	0.35026455026455
14937	0.350237717908082
14938	0.350210970464135
14939	0.350184307530279
14941	0.35068349106204
14943	0.350656167979003
14944	0.35062893081761
14945	0.350078492935636
14947	0.349529780564263
14960	0.349504434011476
14962	0.349479166666667
14964	0.348933957358294
14967	0.348909657320872
14974	0.349922239502333
14976	0.350931677018634
14977	0.350904392764858
14978	0.350877192982456
14979	0.350334878928387
14985	0.35082304526749
14986	0.351309707241911
14987	0.351794871794872
14988	0.351766513056836
14989	0.352249488752556
14990	0.352730985196529
14991	0.352191641182467
14993	0.352671755725191
14994	0.352642276422764
14995	0.352105530187722
14996	0.35258358662614
14997	0.352554375316136
14998	0.352525252525253
14999	0.353000504286435
15000	0.353474320241692
15001	0.354449472096531
15002	0.355421686746988
15003	0.355388471177945
15005	0.354854854854855
15006	0.355322338830585
15007	0.355289421157685
15013	0.355256601893373
15014	0.355721393034826
15015	0.355688027819175
15016	0.35515873015873
15017	0.355126300148588
15018	0.355588526211672
15019	0.356049382716049
15020	0.355522682445759
15021	0.354997538158543
15022	0.354965585054081
15023	0.354442808051056
15024	0.354411764705882
15025	0.354870288790994
15026	0.355327468230694
15027	0.354807223035627
15028	0.354775828460039
15029	0.354257907542579
15034	0.353741496598639
15036	0.353226589034449
15037	0.353197674418605
15038	0.354136429608128
15039	0.354106280193237
15041	0.354076218041486
15046	0.353564547206166
15048	0.353054353054353
15050	0.353025936599424
15051	0.352997601918465
15055	0.352490421455939
15062	0.35246293639407
15063	0.35243553008596
15064	0.352885073915117
15066	0.353809523809524
15067	0.353780313837375
15068	0.35375118708452
15069	0.353247984826932
15070	0.353219696969697
15074	0.354137115839244
15075	0.354107648725213
15076	0.354078264969354
15249	0.354048964218456
15252	0.353549600376117
15254	0.353521126760563
15255	0.353492733239569
15256	0.35440074906367
15257	0.354371201496026
15259	0.353874883286648
15260	0.353846153846154
15281	0.353817504655494
15298	0.353324035332404
15329	0.35422469823584
15332	0.354195642095503
15334	0.354166666666667
15335	0.355062413314841
15337	0.35595567867036
15340	0.356385431074228
15346	0.356813996316759
15349	0.357241379310345
15350	0.357667584940312
15352	0.358092618065108
15353	0.358516483516484
15354	0.358024691358025
15355	0.357534246575342
15357	0.357957136342909
15358	0.35792349726776
15360	0.35743519781719
15361	0.357856494096276
15362	0.358730158730159
15363	0.359148550724638
15366	0.358661239258254
15371	0.358626919602529
15372	0.359494812810104
15373	0.359009009009009
15374	0.358524516419253
15377	0.358041329739443
15378	0.358008075370121
15386	0.358870967741936
15387	0.358836689038031
15388	0.359696157283289
15389	0.360107095046854
15390	0.360516934046346
