15244	0
15246	0.166666666666667
15251	0.333333333333333
15252	0.333333333333333
15254	0.4
15255	0.5
15257	0.476190476190476
15263	0.5
15276	0.444444444444444
15277	0.466666666666667
15278	0.454545454545455
15285	0.416666666666667
15286	0.41025641025641
15288	0.428571428571429
15293	0.4
15296	0.395833333333333
15301	0.372549019607843
15303	0.351851851851852
15306	0.333333333333333
15307	0.316666666666667
15308	0.317460317460318
15312	0.318181818181818
15326	0.304347826086957
15327	0.291666666666667
15335	0.28
15336	0.269230769230769
15341	0.271604938271605
15348	0.261904761904762
15349	0.252873563218391
15354	0.244444444444444
15357	0.236559139784946
15359	0.25
15362	0.242424242424242
15365	0.245098039215686
15370	0.238095238095238
15371	0.240740740740741
15372	0.243243243243243
15374	0.236842105263158
15375	0.230769230769231
15380	0.233333333333333
15381	0.24390243902439
15382	0.246031746031746
15398	0.248062015503876
15399	0.242424242424243
15400	0.244444444444445
15401	0.246376811594203
15406	0.25531914893617
15413	0.25
15414	0.251700680272109
15415	0.246666666666667
15421	0.248366013071896
15423	0.256410256410256
15424	0.257861635220126
15425	0.259259259259259
15429	0.260606060606061
15431	0.255952380952381
15437	0.251461988304094
15445	0.247126436781609
15446	0.248587570621469
15449	0.255555555555556
15453	0.256830601092896
15454	0.252688172043011
15455	0.253968253968254
15459	0.25
15469	0.251282051282051
15470	0.257575757575758
15475	0.258706467661692
15476	0.259803921568627
15477	0.260869565217391
15503	0.266666666666667
15504	0.262910798122066
15535	0.259259259259259
15537	0.255707762557078
15598	0.256756756756757
15605	0.253333333333333
15621	0.254385964912281
15635	0.255411255411255
15639	0.256410256410256
15640	0.253164556962025
15643	0.25
15644	0.251028806584362
15646	0.247967479674797
15652	0.244979919678715
15653	0.25
15660	0.250980392156863
15661	0.251937984496124
15664	0.252873563218391
15667	0.25
15669	0.247191011235955
15670	0.248148148148148
15671	0.249084249084249
15672	0.246376811594203
15674	0.243727598566308
15675	0.24113475177305
15676	0.242105263157895
15677	0.239583333333333
15678	0.237113402061856
15679	0.23469387755102
15681	0.232323232323232
15682	0.233333333333333
15683	0.231023102310231
15686	0.23202614379085
15687	0.233009708737864
15689	0.233974358974359
15691	0.231746031746032
15692	0.232704402515723
15693	0.230529595015576
15695	0.228395061728395
15696	0.226299694189602
15698	0.227272727272727
15699	0.225225225225225
15700	0.223214285714286
15701	0.221238938053097
15702	0.219298245614035
15703	0.223188405797101
15704	0.224137931034483
15705	0.222222222222222
15706	0.225988700564972
15707	0.226890756302521
15708	0.225
15709	0.228650137741047
15710	0.229508196721312
15714	0.233062330623306
15715	0.233870967741936
15716	0.234666666666667
15717	0.232804232804233
15718	0.230971128608924
15720	0.229166666666667
15721	0.229974160206718
15722	0.230769230769231
15723	0.231552162849873
15724	0.232323232323232
15725	0.235588972431078
15727	0.233830845771144
15728	0.234567901234568
15731	0.232843137254902
15732	0.231143552311436
15733	0.229468599033816
15734	0.227817745803357
15735	0.226190476190476
15740	0.224586288416076
15742	0.223004694835681
15744	0.221445221445221
15745	0.219907407407407
15746	0.220689655172414
15747	0.221461187214612
15748	0.222222222222222
15749	0.222972972972973
15750	0.221476510067114
15751	0.22
15753	0.218543046357616
15754	0.219298245614035
15755	0.217864923747277
15756	0.218614718614719
15757	0.219354838709677
15758	0.217948717948718
15759	0.21656050955414
15760	0.215189873417722
15761	0.213836477987421
15762	0.2125
15764	0.213250517598344
15765	0.211934156378601
15767	0.212678936605317
15768	0.211382113821138
15769	0.214141414141414
15770	0.214859437751004
15771	0.215568862275449
15772	0.214285714285714
15773	0.214990138067061
15774	0.215686274509804
15775	0.216374269005848
15776	0.217054263565892
15777	0.219653179190752
15778	0.222222222222222
15779	0.224761904761905
15780	0.227272727272727
15781	0.229755178907721
15782	0.230337078651685
15783	0.230912476722533
15784	0.235185185185185
15785	0.239410681399632
15786	0.243589743589744
15788	0.242258652094718
15789	0.240942028985507
15790	0.23963963963964
15791	0.238351254480287
15792	0.240641711229947
15793	0.23936170212766
15802	0.239858906525573
15803	0.23859649122807
15804	0.237347294938918
15808	0.237847222222222
15809	0.24006908462867
15810	0.240549828178694
15811	0.241025641025641
15812	0.241496598639456
15818	0.241962774957699
15819	0.242424242424243
15820	0.241206030150754
15821	0.24
15822	0.240464344941957
15823	0.240924092409241
15824	0.241379310344828
15825	0.241830065359477
15828	0.240650406504065
15829	0.239482200647249
15830	0.239935587761675
15831	0.240384615384615
15832	0.240829346092504
15833	0.241269841269841
15835	0.240126382306477
15836	0.240566037735849
15837	0.241001564945227
15838	0.241433021806854
15840	0.241860465116279
15841	0.243827160493827
15842	0.244239631336406
15843	0.244648318042814
15844	0.246575342465754
15845	0.248484848484849
15846	0.250377073906486
15847	0.252252252252252
15848	0.254110612855008
15849	0.255952380952381
15852	0.256296296296296
15853	0.25811209439528
15854	0.259911894273128
15855	0.261695906432749
15856	0.260553129548763
15857	0.260869565217391
15859	0.262626262626263
15860	0.264367816091954
15885	0.264663805436338
15887	0.263532763532764
15888	0.262411347517731
15891	0.26271186440678
15893	0.264416315049226
15894	0.264705882352941
15895	0.266387726638773
15896	0.265277777777778
15897	0.26417704011065
15898	0.264462809917355
15899	0.264746227709191
15900	0.265027322404372
15901	0.26530612244898
15903	0.265582655826558
15937	0.264507422402159
15938	0.266129032258065
15939	0.267737617135208
15940	0.269333333333333
15941	0.269588313413015
15942	0.271164021164021
15943	0.271409749670619
15944	0.274278215223097
15945	0.274509803921569
15946	0.274739583333333
15947	0.27496757457847
15948	0.275193798449612
15949	0.277992277992278
15950	0.280769230769231
15951	0.280970625798212
15952	0.28117048346056
15953	0.283903675538657
15954	0.286616161616162
15955	0.286792452830189
15956	0.286967418546366
15957	0.287141073657928
15958	0.286069651741294
15960	0.287484510532838
15961	0.28641975308642
15976	0.285362853628536
15978	0.285539215686275
15979	0.285714285714286
15980	0.284671532846715
15981	0.286060606060606
15982	0.288647342995169
15983	0.291215403128761
15984	0.293764988009592
15985	0.296296296296296
15986	0.298809523809524
15987	0.301304863582444
15989	0.301418439716312
15990	0.300353356890459
15991	0.300469483568075
15992	0.301754385964912
15993	0.301864801864802
15994	0.301974448315912
15995	0.302083333333333
15996	0.304498269896194
15997	0.305747126436782
15998	0.304696449026346
15999	0.305936073059361
16000	0.306029579067122
16001	0.306122448979592
16002	0.308474576271186
16003	0.307432432432432
16004	0.307519640852974
16005	0.306487695749441
16006	0.306577480490524
16007	0.306666666666667
16008	0.306755260243632
16009	0.305739514348786
16010	0.306930693069307
16011	0.308114035087719
16012	0.309289617486339
16014	0.308278867102397
16016	0.308360477741585
16018	0.308441558441558
16020	0.309600862998921
16021	0.310752688172043
16022	0.311897106109325
16023	0.313034188034188
16024	0.312034078807242
16025	0.313163481953291
16026	0.313227513227513
16027	0.313291139240506
16028	0.31335436382755
16029	0.312368972746331
16030	0.311389759665622
16031	0.3125
16032	0.313603322949117
16033	0.314699792960663
16034	0.313725490196078
16036	0.312757201646091
16044	0.312820512820513
16045	0.311860940695297
16046	0.311926605504587
16048	0.310975609756098
16049	0.311043566362715
16050	0.311111111111111
16051	0.311178247734139
16052	0.310240963855422
16054	0.309309309309309
16055	0.308383233532934
16056	0.308457711442786
16057	0.308531746031746
16058	0.307616221562809
16059	0.307692307692308
16060	0.307767944936087
16061	0.308823529411765
16062	0.308895405669599
16063	0.308966861598441
16064	0.309037900874636
16065	0.309108527131783
16066	0.309178743961353
16067	0.309248554913295
16068	0.30835734870317
16069	0.307471264367816
16070	0.306590257879656
16071	0.305714285714286
16072	0.306742640075973
16073	0.307765151515152
16074	0.308781869688385
16075	0.309792843691149
16076	0.309859154929578
16077	0.311797752808989
16078	0.311858076563959
16079	0.312849162011173
