15428	0.666666666666667
15429	0.444444444444444
15432	0.388888888888889
15433	0.366666666666667
15437	0.355555555555556
15438	0.253968253968254
15439	0.190476190476191
15441	0.148148148148148
15443	0.185185185185185
15444	0.272727272727273
15453	0.338383838383838
15454	0.337606837606838
15455	0.336996336996337
15456	0.336507936507937
15461	0.336111111111111
15463	0.29656862745098
15464	0.300653594771242
15465	0.304093567251462
15470	0.307017543859649
15471	0.30952380952381
15472	0.341991341991342
15473	0.341238471673254
15474	0.31280193236715
15475	0.314444444444445
15476	0.29025641025641
15477	0.268755935422602
15478	0.297178130511464
15479	0.299671592775041
15481	0.279693486590038
15482	0.261648745519713
15483	0.245295698924731
15484	0.230429292929293
15485	0.216874628639335
15486	0.242577030812325
15487	0.266137566137566
15488	0.26976976976977
15492	0.255571360834519
15493	0.259559154295996
15494	0.27991452991453
15495	0.266260162601626
15496	0.253581107239644
15503	0.288298265042451
15505	0.290345313601128
15506	0.277441077441077
15507	0.279871175523349
15508	0.310514955288313
15511	0.325354609929078
15515	0.339285714285714
15516	0.339047619047619
15517	0.325751633986928
15519	0.326043237807944
15520	0.338896952104499
15522	0.326345213137666
15523	0.350841750841751
15525	0.374025974025974
15526	0.384294068504595
15532	0.382536801774551
15544	0.380868887590103
15545	0.368173258003767
15546	0.367030965391621
15547	0.355191256830601
15549	0.343915343915344
15553	0.343584656084656
15554	0.343269230769231
15555	0.332867132867133
15556	0.33288104929896
15557	0.323090430201932
15560	0.313725490196078
15569	0.314285714285714
15570	0.305432595573441
15573	0.296948356807512
15575	0.288812785388128
15582	0.290016043440701
15583	0.282282282282282
15584	0.274853801169591
