15459	0.333333333333333
15460	0.166666666666667
15461	0.111111111111111
15463	0.0833333333333333
15464	0.0666666666666667
15465	0.0555555555555556
15468	0.0952380952380953
15469	0.125
15470	0.185185185185185
15471	0.166666666666667
15472	0.151515151515152
15473	0.166666666666667
15474	0.153846153846154
15475	0.142857142857143
15476	0.133333333333333
15477	0.125
15478	0.137254901960784
15479	0.12962962962963
15484	0.157894736842105
15487	0.166666666666667
15488	0.174603174603175
15493	0.166666666666667
15494	0.173913043478261
15498	0.194444444444444
15503	0.186666666666667
15512	0.17948717948718
15514	0.17283950617284
15515	0.178571428571429
15522	0.172413793103448
15537	0.166666666666667
15538	0.161290322580645
15539	0.15625
15541	0.161616161616162
15546	0.156862745098039
15548	0.152380952380952
15549	0.148148148148148
15550	0.153153153153153
15552	0.149122807017544
15553	0.145299145299145
15554	0.15
15555	0.146341463414634
15558	0.150793650793651
15560	0.147286821705426
15561	0.143939393939394
15562	0.140740740740741
15563	0.13768115942029
15565	0.134751773049645
15566	0.145833333333333
15567	0.149659863945578
15568	0.16
15570	0.156862745098039
15571	0.16025641025641
15572	0.163522012578616
15573	0.166666666666667
15574	0.16969696969697
15575	0.172619047619048
15576	0.181286549707602
15577	0.183908045977012
15578	0.180790960451977
15581	0.177777777777778
15582	0.180327868852459
15583	0.17741935483871
15584	0.174603174603175
