15461	1
15465	0.666666666666667
15469	0.666666666666667
15472	0.583333333333333
15475	0.466666666666667
15477	0.388888888888889
15479	0.428571428571429
15480	0.375
15485	0.333333333333333
15493	0.333333333333333
15498	0.303030303030303
15500	0.305555555555556
15503	0.282051282051282
15507	0.261904761904762
15514	0.244444444444444
15515	0.270833333333333
15518	0.274509803921569
15522	0.277777777777778
15526	0.280701754385965
15528	0.283333333333333
15532	0.26984126984127
15533	0.272727272727273
15534	0.289855072463768
15535	0.277777777777778
15536	0.306666666666667
15540	0.307692307692308
15541	0.308641975308642
15542	0.30952380952381
15543	0.32183908045977
15544	0.333333333333333
15545	0.333333333333333
15553	0.322916666666667
15555	0.313131313131313
15556	0.303921568627451
15557	0.304761904761905
15559	0.296296296296296
15560	0.297297297297297
15562	0.298245614035088
15563	0.299145299145299
15565	0.291666666666667
15566	0.300813008130081
15567	0.301587301587302
15568	0.302325581395349
15569	0.295454545454545
15570	0.296296296296296
15572	0.289855072463768
15574	0.290780141843972
15575	0.305555555555556
15577	0.306122448979592
15578	0.313333333333333
15579	0.320261437908497
15582	0.314102564102564
15584	0.308176100628931
15591	0.314814814814815
15604	0.309090909090909
15606	0.303571428571429
15610	0.298245614035088
15611	0.293103448275862
15613	0.288135593220339
15615	0.288888888888889
15619	0.284153005464481
15620	0.290322580645161
15624	0.291005291005291
15625	0.286458333333333
15626	0.282051282051282
15633	0.277777777777778
15636	0.283582089552239
15637	0.28921568627451
15640	0.29951690821256
15643	0.304761904761905
15645	0.309859154929578
15654	0.310185185185185
15656	0.319634703196347
15658	0.315315315315315
15660	0.324444444444445
15666	0.328947368421053
15668	0.324675324675325
15669	0.320512820512821
15670	0.320675105485232
15671	0.316666666666667
15672	0.320987654320988
15677	0.321138211382114
15679	0.321285140562249
15680	0.317460317460318
15681	0.313725490196078
15685	0.310077519379845
15687	0.306513409961686
15689	0.303030303030303
15690	0.299625468164794
15691	0.296296296296296
15692	0.293040293040293
15694	0.289855072463768
15695	0.293906810035842
15698	0.290780141843972
15700	0.294736842105263
15703	0.291666666666667
15704	0.29553264604811
15705	0.299319727891156
15706	0.296296296296296
15716	0.293333333333333
15722	0.29042904290429
15725	0.294117647058824
15731	0.29126213592233
15738	0.288461538461539
15739	0.292063492063492
15745	0.292452830188679
15748	0.292834890965732
15749	0.296296296296296
15750	0.293577981651376
15752	0.290909090909091
15766	0.294294294294294
15767	0.291666666666667
15776	0.289085545722714
15783	0.286549707602339
15786	0.289855072463768
15787	0.293103448275862
15790	0.296296296296296
