14920	0
14921	0
14924	0
14925	0.333333333333333
14932	0
14933	0
14934	0
14935	0.333333333333333
14936	0
14937	0
14938	0
14939	0.666666666666667
14940	0.666666666666667
14941	0
14942	0
14943	0
14944	0
14945	0
14946	0
14947	0.333333333333333
14948	0.333333333333333
14949	0
14950	0
14951	0
14952	0
14953	0.333333333333333
14954	0
14955	0
14956	0
14957	0.333333333333333
14958	0
14959	0.333333333333333
14961	0
14962	1
14963	0.333333333333333
14966	0.333333333333333
14967	0.333333333333333
14968	0
14969	0
14970	0.333333333333333
14971	0.666666666666667
14974	0
14976	0
14977	0.333333333333333
14978	0.333333333333333
14979	0.333333333333333
14980	0.333333333333333
14981	0.333333333333333
14982	0
14983	0
14984	1
14985	0.333333333333333
14986	0
14987	0.666666666666667
14989	0.333333333333333
14990	0
14991	0.666666666666667
14992	0.333333333333333
14993	0.333333333333333
14995	0.333333333333333
14998	0.333333333333333
15000	0
15001	0
15002	0.333333333333333
15003	0
15004	0
15005	0.333333333333333
15006	0
15007	0
15008	1
15009	0
15011	0
15012	0
15013	0.333333333333333
15014	0
15015	0
15016	0
15017	0
15018	0
15019	0
15020	0.333333333333333
15021	0
15022	0.333333333333333
15023	0
15024	0
15026	0.666666666666667
15027	0.333333333333333
15028	0.333333333333333
15029	0.333333333333333
15030	0
15031	0
15032	0
15033	0
15034	0.333333333333333
15035	0.333333333333333
15036	0.333333333333333
15037	0
15038	0.333333333333333
15039	0.333333333333333
15040	0.333333333333333
15041	0.333333333333333
15042	0.333333333333333
15043	0
15044	0
15045	0.666666666666667
15046	0
15047	0.333333333333333
15048	0.333333333333333
15049	0.333333333333333
15050	0
15051	0.333333333333333
15052	0
15053	0.666666666666667
15054	0
15055	0.333333333333333
15056	0
15057	0.333333333333333
15058	0.333333333333333
15059	0
15061	0
15062	0.333333333333333
15063	0
15064	0.666666666666667
15065	0
15066	0.333333333333333
15067	0.666666666666667
15068	0.333333333333333
15069	0.333333333333333
15071	0.333333333333333
15072	0.666666666666667
15073	0.333333333333333
15074	0.333333333333333
15077	0.666666666666667
15078	0
15079	0.333333333333333
15080	0.333333333333333
15081	1
15082	0
15085	0.333333333333333
15086	0
15087	0
15088	0.333333333333333
15089	0
15090	0.333333333333333
15091	0
15092	0.666666666666667
15093	0
15094	0.666666666666667
15096	0.333333333333333
15097	0
15098	0
15099	1
15100	0
15101	0.666666666666667
15102	0
15103	0
15104	0.666666666666667
15105	0
15106	0
15107	0.333333333333333
15108	0
15109	0.666666666666667
15110	0.333333333333333
15111	0
15112	0
15113	0.333333333333333
15114	0.333333333333333
15115	0.333333333333333
15116	0.333333333333333
15117	0.333333333333333
15118	0
15119	0
15120	0.666666666666667
15121	0
15122	0.666666666666667
15123	0.333333333333333
15125	0
15126	0
15127	0
15128	0.333333333333333
15129	0.333333333333333
15130	0.333333333333333
15131	0.333333333333333
15132	0.333333333333333
15134	0.333333333333333
15135	0.333333333333333
15136	0
15137	0
15138	0.333333333333333
15139	0.333333333333333
15140	0.333333333333333
15141	0
15142	0
15143	0.666666666666667
15144	0.333333333333333
15145	1
15147	0
15149	0.333333333333333
15150	0.333333333333333
15151	0.333333333333333
15152	0.333333333333333
15153	1
15154	0.333333333333333
15156	0.333333333333333
15206	0
15208	0.333333333333333
15211	0.333333333333333
15212	0.333333333333333
15217	0.666666666666667
15221	0.333333333333333
15224	0.333333333333333
15230	0.333333333333333
15231	0
15233	0.333333333333333
15234	0.333333333333333
15235	0
15236	0
15238	0
15240	0.333333333333333
15242	0.333333333333333
15243	0.333333333333333
15245	1
15247	0.333333333333333
15248	0.333333333333333
15249	0
15250	0.333333333333333
15251	0.333333333333333
15253	0.333333333333333
