15412	0.333333333333333
15416	0.333333333333333
15417	0.5
15422	0.433333333333333
15423	0.511111111111111
15424	0.555555555555556
15426	0.5
15427	0.611111111111111
15428	0.555555555555556
15429	0.636363636363636
15430	0.641414141414141
15431	0.542735042735043
15434	0.512820512820513
15436	0.444444444444444
15437	0.472222222222222
15444	0.495098039215686
15446	0.477124183006536
15448	0.497076023391813
15449	0.514035087719298
15450	0.496825396825397
15451	0.481962481962482
15453	0.49802371541502
15454	0.484299516908213
15459	0.472222222222222
15465	0.461538461538462
15466	0.47673314339981
15468	0.466490299823633
15469	0.457307060755337
15471	0.471264367816092
15472	0.46236559139785
15473	0.475134408602151
15475	0.466540404040404
15478	0.439096850861557
15479	0.414005602240897
15480	0.391005291005291
15484	0.36986986986987
15487	0.350403034613561
15491	0.366621682411156
15494	0.348290598290598
15495	0.347560975609756
15498	0.331010452961673
15499	0.315614617940199
15501	0.301268498942918
15504	0.317508417508418
15505	0.303703703703704
15508	0.304964539007092
15510	0.306146572104019
15511	0.307256235827664
15513	0.308299319727891
15514	0.322352941176471
15515	0.335595776772247
15516	0.322931785195936
15517	0.323317027719544
15518	0.311560044893378
15520	0.300432900432901
15523	0.301587301587302
15525	0.291187739463602
15526	0.303915838690824
15527	0.304896421845574
15528	0.305828779599271
15535	0.306716023268112
15536	0.318143027820447
15538	0.318617724867725
15539	0.329326923076923
15540	0.329448329448329
15541	0.329564299713554
15542	0.349282996780802
15543	0.348820687695368
15544	0.348378191856453
15545	0.347954393024816
15546	0.34754825247783
15548	0.347158802638255
15549	0.346785141305689
15550	0.346426426426426
15551	0.346081871345029
15553	0.345750740487583
15554	0.345432345432346
15556	0.345126041328573
15557	0.344831223628692
15558	0.361008230452675
15559	0.360333232961959
15561	0.367714761484964
15564	0.366896156052783
15570	0.366106442577031
15591	0.365344277245782
15600	0.36460839347768
15605	0.35632183908046
15639	0.355805243445693
15640	0.362713275072826
15642	0.354741554741555
15643	0.361522535435579
15644	0.360916316035531
15645	0.367421642644704
15647	0.366703994027622
15651	0.35906432748538
15652	0.358533791523482
15653	0.351216775369942
15654	0.34412148697863
15656	0.343905723905724
15664	0.337095709570957
15671	0.330485989775448
15673	0.324068786090488
15675	0.324246950460543
15679	0.318070818070818
15682	0.318358790056903
15686	0.312408158467055
15687	0.318968501211492
15688	0.31923207611281
15692	0.313427856547123
15694	0.313786513786514
15695	0.326040326040326
15697	0.337968815844922
15700	0.343735444806707
15701	0.355148741418764
15702	0.366266866566717
15703	0.360005894488653
15707	0.353904099666812
15709	0.36476285429426
15714	0.369794584500467
15715	0.363682277318641
15716	0.363184753646751
15717	0.368119418899107
15718	0.372934697088906
15719	0.372301075268817
15721	0.366391534391534
15722	0.371120276632088
15723	0.370529855643045
15724	0.369953165374677
15725	0.369389783343272
15733	0.363750244666275
15736	0.363289382373352
15740	0.357826384142174
15744	0.357460816219654
15755	0.357103372028745
15756	0.351851851851852
15758	0.356447688564477
15759	0.356112697908953
15762	0.355784937267577
15770	0.360226104830421
15791	0.364572779466397
15793	0.359437951586588
15815	0.354410847368594
15816	0.354118104118104
15818	0.349233716475096
15820	0.344449692961738
15824	0.339763302581307
15832	0.339676411104983
15835	0.335116996190822
15839	0.335093214019389
15841	0.335069904341428
15846	0.3350470547229
15847	0.339381951611054
15848	0.343632402455932
15849	0.347800586510264
15850	0.351888613178936
15851	0.347405955686211
15852	0.351447230508748
15853	0.355412254862936
15854	0.350969601677149
15856	0.354891304347826
15857	0.350509930220075
15859	0.358479133530258
15860	0.358172477430296
15861	0.357871396895787
15862	0.353559693318729
15864	0.357309477430681
15865	0.353055793175554
15867	0.348877618108387
15868	0.344773175542406
15869	0.344639376218324
15873	0.344507910603382
15874	0.340525160191782
15881	0.344273913139769
15884	0.347958401751505
15885	0.344004329004329
15888	0.347650231124808
15892	0.351234685456739
15895	0.351034670349214
15898	0.354541692530519
15900	0.350624104767751
15903	0.35043409629045
15905	0.353890189955764
15908	0.350043557456245
15909	0.349862906384646
15910	0.346100939649327
15911	0.34952945009871
15915	0.356449349565745
15916	0.35973207249803
15917	0.362962962962963
15918	0.359162303664922
15919	0.358893251890634
15922	0.358628382268279
15923	0.361804034684757
15924	0.364930830910212
15925	0.368009768009768
15926	0.364273628233019
15927	0.360594096634706
15928	0.356970035361995
15929	0.353400335008375
15931	0.356517412935323
15932	0.356287867592729
15933	0.356061714545839
15936	0.35257091342284
15937	0.349131197194325
15940	0.345741573920594
15942	0.345621687538108
15944	0.345503530286139
15945	0.34538706907128
15946	0.342097668413458
15947	0.345174151809223
15948	0.341917791886494
