15219	0.666666666666667
15220	0.444444444444444
15223	0.555555555555556
15224	0.733333333333333
15225	0.711111111111111
15226	0.603174603174603
15227	0.702380952380953
15228	0.62037037037037
15229	0.62962962962963
15230	0.636363636363636
15231	0.585858585858586
15232	0.598290598290598
15233	0.608058608058608
15235	0.615873015873016
15236	0.622222222222222
15237	0.627450980392157
15239	0.594771241830066
15240	0.60233918128655
15242	0.575438596491228
15243	0.552380952380952
15244	0.562770562770563
15245	0.542819499341239
15246	0.553140096618358
15251	0.562222222222222
15252	0.544615384615385
15253	0.553656220322887
15254	0.514109347442681
15256	0.524630541871921
15257	0.534099616858238
15258	0.542652329749104
15259	0.529569892473118
15260	0.537878787878788
15261	0.525846702317291
15263	0.51484593837535
15264	0.523280423280423
15265	0.513013013013013
15266	0.521100047415837
15267	0.528565002249213
15268	0.518803418803419
15270	0.542276422764228
15271	0.532326751838947
15272	0.538575119970469
15273	0.544397463002114
15274	0.535016835016835
15275	0.540740740740741
15277	0.546099290780142
15278	0.537234042553192
15279	0.52891156462585
15280	0.52108843537415
15281	0.513725490196079
15282	0.532428355957768
15283	0.537493952588292
15284	0.529932448171442
15285	0.534904601571268
15286	0.527705627705628
15287	0.520885547201337
15288	0.537406735228877
15289	0.53048899279174
15290	0.535028248587571
15291	0.550273224043716
15292	0.543275163053059
15293	0.557774364225977
15297	0.561177248677249
15298	0.554166666666667
15299	0.547474747474748
15300	0.55103271521182
15301	0.564237635352649
15303	0.547882921284456
15305	0.541752933057281
15306	0.53588195841717
15307	0.520996348461137
15308	0.515854895991882
15309	0.528939898802913
15310	0.532612612612613
15311	0.51859649122807
15313	0.5311004784689
15314	0.526029526029526
15315	0.529589959969707
15316	0.533016877637131
15317	0.536316872427984
15319	0.523235973100472
15320	0.518660005877167
15322	0.514247466054695
15324	0.525676937441643
15325	0.536707706338349
15326	0.524369598146663
15327	0.527603622431209
15328	0.523237997957099
15329	0.526425301706201
15330	0.52950752950753
15333	0.532489249880554
15334	0.528206326944055
15335	0.516967894455884
15336	0.50608435983576
15337	0.502485380116959
15338	0.505870561282932
15339	0.509152114454029
15340	0.512334226619941
15341	0.515420875420876
15342	0.511815181518152
15343	0.514851485148515
15344	0.517799352750809
15345	0.514251929300473
15346	0.510805860805861
15347	0.507457322551662
15348	0.497972138952566
15349	0.501096111688012
15350	0.504134103522483
15351	0.507089241034195
15352	0.50996450996451
15353	0.512762762762763
15354	0.515486725663717
15355	0.518139005330435
15356	0.52651919654208
15357	0.51744127936032
15358	0.519992140681796
15359	0.516828432082669
15360	0.519346721739543
15361	0.527357609710551
15362	0.52415059687787
15363	0.526486925890801
15364	0.52876627126927
15366	0.525614127109013
15367	0.527870967741936
15368	0.519492063492064
15369	0.521809773778278
15370	0.524073162729659
15371	0.526283914728682
15372	0.528443649373882
15373	0.535642982971227
15374	0.537628190299946
15375	0.539568618515987
15376	0.541465604309281
15377	0.538382163257785
15378	0.535366739288308
15379	0.537283526549306
15380	0.539158644522021
15381	0.540993292322664
15382	0.542788626241864
15384	0.544545761567038
15385	0.541570938634169
15386	0.533996519912013
15390	0.535839160839161
15391	0.53764367816092
15392	0.539411116359629
15393	0.545677631783307
15394	0.54731261874119
15395	0.548914686498579
15397	0.546040268456376
15398	0.538807947019868
15399	0.536104333681887
15401	0.537811030845087
15404	0.539484480660951
15405	0.536824465856724
15406	0.538489109456851
15407	0.535875660079482
15408	0.533311833158644
15409	0.534989252448054
15410	0.53246855345912
15411	0.529994824016563
15412	0.531682130715947
15413	0.525158423590598
15414	0.526884133872014
15416	0.532618871643262
15420	0.538249969575271
15421	0.535795878123272
15423	0.529417355764661
15425	0.5231520616136
15426	0.520918900104421
15427	0.518724916867332
15428	0.516569200779727
15429	0.518304431599229
15430	0.523841162270503
15431	0.525473453749316
15432	0.523290043290043
15433	0.521143639787708
15435	0.522778729977359
15436	0.520662021634968
15438	0.522284295468653
15439	0.523879680785758
15440	0.521785764879688
15441	0.523369162713425
15442	0.524926744278134
15443	0.519251860556208
15444	0.524421195388937
15446	0.518812412550553
15447	0.516839230856753
15448	0.514897369507299
15449	0.516494941056345
15450	0.521557821254708
15452	0.523069371727749
15453	0.521103195164076
15454	0.522603849509464
15455	0.520662613446119
15457	0.515349729635444
15462	0.52027003694879
15463	0.51838178741732
15464	0.513171920207096
15466	0.508040201005025
15468	0.506301824212272
15469	0.504589264896639
15470	0.502902014339365
15471	0.504507550146495
15472	0.506089590307668
15473	0.507648591049017
15474	0.509184997576724
15475	0.510699244394897
15477	0.512191755612808
15478	0.513662945241893
15480	0.518272775144813
15481	0.516528063429611
15482	0.514807925118847
15486	0.513111900896553
15487	0.511439542128523
15488	0.509790410565604
15491	0.508164078056551
15496	0.509618230245635
15497	0.508008322511276
15501	0.509450671094507
15502	0.504840257781434
15503	0.506298153356977
15505	0.507736435987557
15506	0.509155455904335
15509	0.513518518518519
15510	0.514873811864962
15511	0.510337478720778
15513	0.505860834170595
15514	0.50435404377027
15515	0.505765457882413
15517	0.507158541941151
15518	0.508533611981888
15520	0.509890977258152
15523	0.508381937566487
15524	0.506892162211311
15526	0.508246183435509
15528	0.50958306515054
15530	0.510903095415381
15533	0.512206556262673
15534	0.513493723849372
15535	0.511998616874136
15536	0.513276865219528
15537	0.517282816946117
15538	0.518507274730711
15539	0.522437827590052
15542	0.518190365577125
15544	0.522091658163545
15546	0.525945757694484
15547	0.529753422291316
15549	0.530848728246319
15550	0.531930942895086
15557	0.530354771390628
15559	0.528797289666855
15560	0.529882875312523
15563	0.530955689362359
15564	0.529411764705882
15565	0.527885862516213
15566	0.531545662031591
15567	0.527441062324783
15568	0.528512028512029
15569	0.527016406326751
15570	0.522993380324257
15571	0.52155109859809
15579	0.520125206436994
15581	0.516199733180865
15582	0.514824797843666
15583	0.51346531121812
15584	0.514608604915497
15585	0.513260833379571
15587	0.511928037082932
15588	0.510609994988839
15589	0.506855509731568
15590	0.508026287438052
15591	0.509184246410524
15593	0.510329573103296
15594	0.511462450592885
15595	0.507769580913514
15596	0.506514643880563
15597	0.502883714533749
15598	0.499291688001366
15599	0.500482968988307
15600	0.499297510579407
15601	0.49812461886742
15604	0.496964116856617
15606	0.493476649369904
15607	0.492356766040977
15608	0.491248588809564
15609	0.49015195509098
15610	0.491373510188389
15611	0.487984727359504
15612	0.48692183118063
15613	0.485869855167977
15614	0.484828650240778
15615	0.481530496157508
15616	0.478265882624236
15622	0.481791113147046
15623	0.4830360663694
15624	0.484268486505623
15625	0.485488541222419
15626	0.484474173169825
15629	0.487899593946106
15632	0.486875976326154
15633	0.48366227351212
