14895	1
14896	0.777777777777778
14897	0.722222222222222
14899	0.433333333333333
14905	0.511111111111111
14914	0.46031746031746
14915	0.345238095238095
14918	0.416666666666667
14919	0.466666666666667
14920	0.381818181818182
14921	0.484848484848485
14923	0.564102564102564
14924	0.578754578754579
14939	0.501587301587302
14942	0.522222222222222
14958	0.46078431372549
14959	0.483660130718954
14963	0.432748538011696
14964	0.389473684210526
14965	0.384126984126984
14969	0.40981240981241
14972	0.374176548089592
14975	0.370772946859903
14979	0.394444444444444
14981	0.415384615384615
14987	0.409306742640076
14988	0.427689594356261
14989	0.444170771756979
14990	0.481226053639847
14991	0.47168458781362
14992	0.463037634408602
14993	0.475378787878788
15011	0.467023172905526
15016	0.459383753501401
15161	0.452380952380952
15162	0.427927927927928
15165	0.405405405405405
15177	0.401709401709402
15183	0.398290598290598
15187	0.411382113821138
15193	0.391792489353465
15195	0.373569582871909
15198	0.356589147286822
15200	0.340740740740741
15210	0.340418679549114
15211	0.340117175454826
15212	0.325945626477541
15213	0.339852607709751
15229	0.366258503401361
15246	0.364967320261438
15251	0.350930115635998
15264	0.350266086115143
15269	0.337293268110878
15271	0.325028058361392
15274	0.313419913419913
15296	0.302422723475355
15325	0.314982859447469
15326	0.304305474381453
15373	0.305273069679849
15395	0.31712204007286
15396	0.306892296844703
15399	0.307731694828469
15400	0.318948412698413
15406	0.309134615384615
15407	0.30986790986791
15443	0.300618121513644
15444	0.301580333625988
15453	0.292838874680307
15454	0.284472049689441
15458	0.285848423876593
15459	0.28716744913928
15461	0.288432267884323
15464	0.298654819202764
15465	0.308468468468468
15469	0.317894736842105
15474	0.32695374800638
15475	0.327117327117327
15476	0.335713512928703
15478	0.335654008438819
