14451	0.333333333333333
14452	0.555555555555556
14453	0.277777777777778
14454	0.433333333333333
14455	0.511111111111111
14456	0.46031746031746
14457	0.511904761904762
14459	0.62037037037037
14460	0.696296296296296
14461	0.690909090909091
14474	0.686868686868687
14475	0.632478632478633
14476	0.684981684981685
14477	0.638095238095238
14478	0.558333333333333
14479	0.492647058823529
14480	0.5119825708061
14481	0.563352826510721
14483	0.507017543859649
14484	0.522222222222222
14485	0.474747474747475
14487	0.491436100131752
14502	0.506038647342995
14503	0.518888888888889
14516	0.478974358974359
14517	0.517568850902184
14518	0.552028218694885
14519	0.559934318555008
14521	0.589272030651341
14522	0.615770609318997
14532	0.598118279569893
14534	0.582070707070707
14535	0.587046939988117
14537	0.610644257703081
14538	0.632275132275132
14553	0.634134134134134
14554	0.618302513039355
14555	0.620782726045884
14556	0.606410256410256
14558	0.625609756097561
14559	0.611691831204026
14560	0.59874492432632
14561	0.601832276250881
14566	0.575084175084175
14568	0.564573268921095
14570	0.540548874498921
14571	0.531914893617021
14577	0.537414965986395
14578	0.529251700680272
14579	0.52156862745098
14580	0.514328808446456
14581	0.494920174165457
14582	0.48893547635686
14587	0.495398428731762
14588	0.477705627705628
14590	0.484335839598998
14591	0.479128856624319
14592	0.48548607052406
14603	0.469303201506591
14605	0.464845173041894
14608	0.460602855631941
14623	0.467144563918757
14624	0.462962962962963
14626	0.458974358974359
14627	0.455167055167055
14635	0.451530227649631
14636	0.467661691542289
14637	0.473429951690821
14643	0.488474810213941
14644	0.4841046277666
14646	0.489175795513824
14647	0.494038559107052
14649	0.498704183635691
14650	0.503183183183183
14651	0.498713450292398
14652	0.503075871496924
14654	0.507270507270507
14691	0.502867034512604
14692	0.506962025316456
14693	0.502674897119342
14694	0.514804777677406
14695	0.52649622881771
14696	0.51396060432205
14697	0.509710550887022
14698	0.521112631098951
14699	0.516795865633075
14700	0.512626262626263
14701	0.50110657133129
14728	0.489970869746151
14730	0.493854293854294
14735	0.497611084567606
14738	0.494078229702353
14762	0.497750324105849
14763	0.501306457633445
14765	0.504751461988304
14773	0.501217067583047
14774	0.490988147836454
14833	0.48106919535491
14835	0.484781144781145
14836	0.488382838283828
14840	0.491878599624668
14841	0.501745034583413
14842	0.498506348020911
14856	0.489010989010989
14857	0.492362982929021
14873	0.483159936519132
14882	0.486558209299642
14886	0.495979159587722
14926	0.493021962746733
14927	0.484138684138684
14932	0.493350493350493
14934	0.490518331226296
14935	0.493608652900688
14939	0.485024154589372
