15038	0.666666666666667
15040	0.222222222222222
15041	0.444444444444444
15043	0.533333333333333
15045	0.577777777777778
15048	0.412698412698413
15050	0.55952380952381
15051	0.509259259259259
15054	0.474074074074074
15055	0.448484848484848
15056	0.429292929292929
15057	0.465811965811966
15058	0.399267399267399
15059	0.39047619047619
15060	0.383333333333333
15061	0.416666666666667
15062	0.407407407407407
15063	0.434697855750487
15064	0.491228070175439
15066	0.476190476190476
15067	0.463203463203463
15068	0.480895915678524
15070	0.468599033816425
15071	0.457777777777778
15074	0.448205128205128
15077	0.439696106362773
15078	0.479717813051146
15082	0.51559934318555
15087	0.503448275862069
15088	0.535483870967742
15089	0.502016129032258
15096	0.491792929292929
15098	0.482471776589424
15099	0.454901960784314
15124	0.42962962962963
15130	0.406406406406406
15131	0.385016595542911
15132	0.399460188933873
15133	0.379487179487179
15134	0.360975609756098
15136	0.359659310878823
15138	0.342930970837948
15139	0.357646229739253
15140	0.371380471380471
15143	0.369726247987118
15144	0.38236201048412
15153	0.38031914893617
15154	0.378401360544218
15175	0.389931972789116
15177	0.387712418300654
15178	0.398441427853193
15179	0.395984518626028
15188	0.381318425343583
15210	0.379573512906846
15215	0.377922077922078
15235	0.376357560568087
15236	0.386368219399072
15237	0.373270991622833
15238	0.371939736346516
15239	0.3816029143898
15251	0.380045831129914
15255	0.389144905273938
15264	0.387400793650794
15277	0.39599358974359
15278	0.414296814296814
15282	0.431780491481984
15284	0.438688908399181
15311	0.435635123614663
15313	0.432712215320911
15317	0.4299128101945
15320	0.427230046948357
15322	0.424657534246575
15326	0.422189312600272
15331	0.428708708708709
15332	0.426198830409357
15334	0.415128730918205
15347	0.413031413031413
15371	0.402574921562263
15372	0.40084388185654
15373	0.39917695473251
15378	0.413831175348791
15383	0.403859339798217
15390	0.402180149168101
15403	0.408403361344538
15416	0.414409484724122
15433	0.420208500400962
15449	0.425809822361547
15472	0.438712972420838
15488	0.443778610070745
15501	0.456003256003256
15504	0.446090141742316
15512	0.443665264142123
15528	0.455502173415694
15579	0.459947741694662
15580	0.464254385964912
15583	0.454682130584193
15584	0.445402903429413
15585	0.4431388717103
15586	0.440942760942761
15587	0.438811881188119
15590	0.436743674367437
15596	0.434735706580367
15601	0.439195917351257
15606	0.443528693528694
15702	0.447738843965259
15730	0.445600423205784
15731	0.443521403022961
15733	0.441499603579114
15734	0.4395329441201
15760	0.431613431613432
15770	0.42985842985843
15786	0.434049726085124
15828	0.432282771826321
15829	0.430561912026443
15831	0.440379810094953
15832	0.444247961489341
15843	0.442368052537544
15876	0.446137777144756
15881	0.455368814192344
15896	0.458861340679523
15919	0.462267985367836
15937	0.460171486960771
15962	0.45274936620334
16006	0.456172043010753
16009	0.454222222222222
16029	0.447069116360455
16030	0.445291994750656
16031	0.448724160206718
16032	0.441820711588154
16033	0.450342532785281
16034	0.443519161076413
16035	0.446874762664236
16036	0.450155238843377
