14682	1
14683	0.555555555555556
14684	0.444444444444444
14685	0.266666666666667
14686	0.288888888888889
14687	0.301587301587302
14688	0.30952380952381
14689	0.314814814814815
14690	0.385185185185185
14691	0.315151515151515
14692	0.373737373737374
14693	0.418803418803419
14694	0.501831501831502
14695	0.479365079365079
14696	0.419444444444444
14697	0.409313725490196
14698	0.400871459694989
14699	0.358674463937622
14700	0.32280701754386
14701	0.323809523809524
14702	0.324675324675325
14703	0.296442687747036
14704	0.29951690821256
14705	0.302222222222222
14706	0.278974358974359
14707	0.283000949667616
14708	0.286596119929453
14709	0.266830870279146
14710	0.271264367816092
14711	0.253763440860215
14712	0.279569892473118
14713	0.282828282828283
14714	0.285799168152109
14715	0.288515406162465
14716	0.30952380952381
14717	0.328828828828829
14718	0.346609767662399
14719	0.328834907782276
14720	0.345726495726496
14723	0.345121951219512
14724	0.328687572590012
14725	0.32890365448505
14726	0.329105003523608
14729	0.329292929292929
14735	0.343961352657005
14736	0.343509096515572
14737	0.32919621749409
14738	0.329365079365079
14739	0.342857142857143
14740	0.329411764705882
14741	0.329562594268477
14742	0.342283502660861
14743	0.34195201490799
14745	0.329517396184063
14746	0.317748917748918
14747	0.32999164578112
14748	0.330106876386368
14749	0.330216247808299
14750	0.330320150659134
14751	0.341347905282332
14752	0.330336682531289
14753	0.341013824884793
14754	0.34077380952381
14755	0.361057692307692
14756	0.37031857031857
14757	0.359264284637419
14758	0.368305531167691
14759	0.367291844273942
14760	0.375845410628019
14761	0.384037558685446
14763	0.382629107981221
14765	0.372146118721461
14766	0.380106133530791
14767	0.378858858858859
14769	0.37766081871345
14772	0.376509455456824
14789	0.392496392496393
14790	0.382559774964838
14791	0.381329113924051
14792	0.388374485596708
14793	0.387032018468333
14794	0.393770202762269
14814	0.400267737617135
14815	0.398692810457516
14816	0.397172822617419
14817	0.395705248151118
14818	0.40186346220829
14819	0.392832822608104
14820	0.398918019142738
14821	0.404802604802605
14822	0.396002548176461
14823	0.401823281907434
14828	0.407458247540609
14829	0.412915266890631
14830	0.411257309941521
14833	0.409650630011455
14834	0.414895855249316
14835	0.419982134267849
14836	0.424915824915825
14837	0.416501650165017
14838	0.408334951142173
14839	0.406878609048798
14840	0.399054020413244
14843	0.404151404151404
14844	0.41539383048817
14845	0.413859989419855
14847	0.424714434060229
14849	0.423037716615698
14850	0.433527939949958
14852	0.431722631722632
14853	0.435918060918061
14854	0.440002107037505
14855	0.438130725042695
14857	0.43630816170862
14858	0.440279860069965
14859	0.449847725709795
14860	0.453522623014148
14861	0.451502634952286
14862	0.455088702147526
14863	0.447566574839302
14864	0.451158379623357
14865	0.454662579412679
14866	0.452705656088819
14867	0.445462365591398
14868	0.448973544973545
14869	0.447152439278424
14870	0.450582349081365
14872	0.453932493540052
14873	0.462333532100974
14874	0.460364063417499
14875	0.45843935538592
14876	0.45655806182122
14879	0.459694011147271
14882	0.457822001105583
14883	0.451089324618736
14884	0.454236439101188
14886	0.452484220177016
14887	0.455565981997011
14888	0.45858170606372
14890	0.452077001013171
14894	0.450404554989512
14895	0.448767195246069
14896	0.451793576793577
14897	0.445561941251596
14898	0.439458353015273
14905	0.438014475196471
14906	0.441104369675798
14907	0.435183505653304
14908	0.42938105891126
14909	0.43252391464312
14910	0.43121877541536
14912	0.425581928677904
14913	0.428712899301135
14914	0.427482195224131
14918	0.426275158533223
14919	0.429337470738745
14920	0.428122228493107
14921	0.435315659581244
14922	0.434040880503145
14923	0.436930641821946
14924	0.439766889042251
14925	0.442550935393471
14926	0.445284054067535
14927	0.443927075634393
14928	0.446610685164902
14929	0.449246086140971
14930	0.447866172417071
14931	0.450455527378604
14932	0.452999187840817
14934	0.455498222680885
14936	0.454077700711728
14937	0.460388941165927
14938	0.458928531880495
14939	0.465112205801861
14940	0.463614718614719
14941	0.458376134223592
14942	0.46071647728475
14943	0.459293201933338
14944	0.461597351541486
14945	0.456496828320033
14946	0.458806386983183
14947	0.453792109529815
14949	0.456105963411737
14951	0.454778691735214
14952	0.457057057057057
14953	0.452168746286393
14954	0.450904539765616
14955	0.45318773687568
14956	0.451926111575235
14957	0.450684302378984
14958	0.449461896451425
14963	0.45171272308578
14964	0.457365169239535
14965	0.459511851264429
14966	0.46162567591139
14968	0.460323215580648
14977	0.462407492864346
14978	0.461110265130366
14979	0.459832495812395
14980	0.461890547263682
14981	0.460617703561401
14982	0.459363670357184
14983	0.464664026530152
14984	0.466634783994899
14985	0.465340595153524
14986	0.467285774588434
14990	0.472408026755853
14991	0.477456753772543
14992	0.479258752942964
14994	0.481035131272098
14998	0.482786372172047
14999	0.481383057253374
15000	0.479999414973747
15001	0.47863507933058
15002	0.477289692793569
15004	0.472890709449849
15005	0.471610366549698
15006	0.476435842654267
15007	0.475134910751349
15014	0.473851638557521
15015	0.475588710882829
15019	0.477302414522146
15022	0.476016976297245
15023	0.474748677248677
15024	0.476447066535562
15025	0.478123010149052
15026	0.476852925264704
15029	0.475599479046963
15030	0.480159483576989
15032	0.478888261496957
15035	0.477633477633478
15036	0.476394849785408
15037	0.475172101781544
15038	0.473964963326666
15040	0.472773169852146
15042	0.474409401892775
15044	0.473223888711603
15045	0.472053256449023
15047	0.476452812645281
15048	0.480797602581835
15050	0.4768240686762
15051	0.481130043419606
15052	0.479918594976276
15054	0.478721980595517
15056	0.480249986173331
15057	0.481759432978945
15058	0.483250620347395
15059	0.484723841602971
15062	0.480846050870147
15063	0.484982735723772
15077	0.486424671683636
15096	0.485214463475333
15104	0.484018549064766
15105	0.485451083320467
15106	0.481658496732026
15107	0.480504215304799
15108	0.479363355754633
15109	0.480809713367853
15110	0.47967527967528
15112	0.47599960703409
15117	0.474910551509657
15124	0.473833918671814
15125	0.470244267772785
15126	0.471726700971984
15129	0.468179883671443
15130	0.46966667605343
15137	0.466161700859001
15138	0.465174129353234
15141	0.469135802469136
15255	0.470593594824837
15256	0.469584328196223
15257	0.468586152409682
15261	0.46759890555511
15263	0.466622428666224
15264	0.470487483530962
15266	0.467090461989222
15267	0.466128180488101
15268	0.46278675983944
15269	0.461862092507254
15270	0.460947297068294
15276	0.457678167301852
15278	0.456799405224336
15286	0.460624761525573
15302	0.459731488345276
15303	0.456516582832372
15304	0.455658162975236
15305	0.454808684991612
15306	0.453968025118544
15307	0.455434912301635
15308	0.456886676936446
15310	0.456040421158343
15313	0.452927517259651
15319	0.449846377686456
15320	0.449056458741689
15321	0.450526797984425
15322	0.451982285315619
15323	0.453423120089787
15324	0.454849498327759
15325	0.451817168338908
15328	0.45545957918051
15329	0.452443290576665
15331	0.449456866216423
15332	0.44869289560535
15333	0.452308024158758
15334	0.453709061037894
15335	0.457267959663055
15336	0.45429868719771
15337	0.451358242620379
15341	0.448446253958312
15342	0.447705977941431
15343	0.449109572099926
15344	0.450499713279266
15345	0.449753430604451
15346	0.451130657500084
15347	0.448275400174134
15348	0.449653263054214
15349	0.453114563286577
15351	0.452363583788437
15352	0.44953631138976
15354	0.44881230529595
15355	0.450165437975271
15356	0.449442019370677
15357	0.448725299086496
15358	0.448015194681861
15359	0.447311624980337
15360	0.448653246030406
15362	0.44591755550583
15367	0.445233152939432
15368	0.444554972214547
15369	0.447911135524429
15370	0.447220907800386
15371	0.446536898344127
15373	0.443863024701348
15374	0.441213096195668
15377	0.444539208718313
15378	0.443879233196741
15380	0.445197502033841
15381	0.444537536436788
15383	0.443883394065591
15386	0.441279972399517
15388	0.442598023243185
15391	0.440017276751971
15392	0.437459036770855
15393	0.434923042354792
15395	0.432409036329619
15399	0.431837994813791
15401	0.43127187606965
15403	0.434531063026271
15407	0.432048028380407
15408	0.429586216252883
15414	0.427145385478719
15418	0.426613872435402
15420	0.42608686373991
15424	0.427442242911329
15426	0.425040881996097
15430	0.422659700584354
15433	0.420298473206787
15435	0.421670997961439
15436	0.419328381306097
15441	0.418851954447522
15443	0.41653785525168
15448	0.419752522715858
15449	0.421109193836467
15450	0.418801746199007
15452	0.418334705691544
15453	0.416054952527012
15455	0.417416972712554
15456	0.41696123482974
15459	0.41831099392075
15460	0.419649838517763
15461	0.420977885980929
15462	0.418720631900603
15463	0.418264015330724
15464	0.419588829471182
15465	0.417356973995272
15467	0.416911225238445
15469	0.419996351030834
15470	0.419539026399185
15476	0.422594084154979
15477	0.422125523783211
15480	0.4251510446011
15481	0.422930934707622
15482	0.422464280533798
15487	0.422001262626263
15491	0.423268959020254
15496	0.424526828310417
15497	0.42233854569026
15498	0.42530852746049
15499	0.426546261507701
15500	0.426069469036221
15502	0.425596325486717
15503	0.423430440878642
15506	0.426357189909714
15511	0.424198419327893
15513	0.427106508119166
15517	0.428313360303285
15519	0.427836073735597
15520	0.425691532012611
15521	0.426896407685881
15522	0.429754779717373
15530	0.429275071028895
15553	0.43210745281039
15554	0.433268637037401
15557	0.434421219899768
15558	0.435565286139999
15559	0.438338921097542
15560	0.437824187824188
15561	0.437313230100516
15562	0.438432027352058
15564	0.437920598184084
15565	0.439031015992252
15566	0.440133367811499
15567	0.439617425615952
15568	0.439105213123024
15569	0.436994130367624
15570	0.436496956281129
15571	0.434408454097966
15573	0.432334905391054
15574	0.433450770920938
15575	0.432975153640237
15576	0.430923138694075
15577	0.43361380943311
15580	0.436285442407482
15581	0.434232334443211
15582	0.432193684985731
15583	0.433291919091965
15584	0.432824822896832
15586	0.430806991554655
15587	0.433454400896261
15590	0.434536592384755
15591	0.434068058778036
15592	0.435142417244034
15593	0.436209349269023
15595	0.435736356092307
15596	0.438324721431333
15597	0.437844211645988
15598	0.435844923008335
15599	0.435377899820749
15600	0.437944363912473
15601	0.437469937469938
15602	0.440015322368264
15603	0.441038579001665
15604	0.440553420237393
15605	0.441569659547188
15606	0.444073831477469
15607	0.445069772574513
15608	0.444570949185043
15609	0.444075458691272
15610	0.443583271467459
15611	0.443094358216309
15612	0.441133763710928
15614	0.439186153275118
15615	0.437251412511791
15616	0.436794629746172
15617	0.437802840434419
15618	0.43880443267176
15619	0.439799464261257
15620	0.439335559551332
15621	0.438874680306905
15622	0.436970668678676
15624	0.435079020762318
15625	0.436079399362337
15626	0.438510091606465
15627	0.438057718452602
15628	0.439038872736782
15636	0.437158620605147
15641	0.435290421371792
15642	0.436277100456205
15643	0.438675921305328
15644	0.43822860670672
15645	0.436371705830844
15656	0.435936025608868
15663	0.43409663309575
15664	0.432268857798505
15665	0.430452602093469
15669	0.430045393419422
15671	0.428246040308881
15672	0.429241533529581
15676	0.428841916028764
15677	0.42705878955879
15678	0.429436138979708
15679	0.430418460005326
15680	0.432772102732577
15681	0.432362045951549
15682	0.434698004610185
15683	0.435650647986187
15684	0.436597434947992
15685	0.437538413400829
15686	0.437113086543411
15689	0.438048131676296
15690	0.437622461764333
15691	0.438551647179758
15692	0.438125662103457
15694	0.439049060101692
15696	0.441310959052895
15700	0.440876441444365
15701	0.441783229497467
15702	0.440012555230944
15708	0.439585838343353
15709	0.437831004657352
15710	0.437414679273591
15712	0.43832621799086
15713	0.437909579559679
15714	0.437495416208288
15715	0.438401231427491
15718	0.437986762401478
15719	0.440199412943205
15720	0.438469749238123
15721	0.438057449567908
15722	0.436342939002085
15726	0.435940557729941
15727	0.435540529564652
15728	0.435142836194103
15729	0.436041957865841
15732	0.435643862421916
15736	0.436537567660774
15737	0.434852094426563
15738	0.437029928359408
15739	0.435349044019564
15740	0.436237019538363
15742	0.438397030957756
15744	0.436720560476082
15749	0.436325952738896
15750	0.435933599903066
15751	0.436810911943992
15752	0.436418207660839
15753	0.436027734652023
15754	0.435639476045903
15755	0.436511276765227
15756	0.436122659275841
15757	0.434483100406383
15759	0.434103551561831
15760	0.432477695563473
15761	0.433353168352643
15762	0.434223741107546
15765	0.435089450327506
15766	0.435950332172633
15767	0.436806422467602
15768	0.435188620902907
15769	0.436044362292052
15770	0.435665354805119
15771	0.434060694198102
15773	0.434915863214531
15774	0.434543083288361
15775	0.434172351603544
15776	0.432584884138815
15779	0.432222652201568
15780	0.434291057840178
15781	0.435136060054093
15782	0.434766540174889
15783	0.435606758024497
15784	0.435236872220912
15785	0.437275728277876
15786	0.436901161088887
15789	0.438926696480653
15792	0.438547546164146
15793	0.4381704342902
15794	0.437795346272466
15795	0.43623179146435
15797	0.437053306170953
15798	0.435497956326929
15802	0.435135026937964
15803	0.435956061121399
15804	0.436772735831294
15807	0.436407225575117
15811	0.434867870282083
15813	0.435684063227099
15814	0.434152660544403
15815	0.432629317875826
15816	0.433449063405742
15818	0.431933507239987
15819	0.431589353055322
15820	0.431246997585907
15822	0.432065848608797
15823	0.431723027375201
15824	0.433692791578407
15826	0.434498929554491
15827	0.432998069694199
15831	0.43150497290215
15832	0.43116703266267
15834	0.431976309755468
15836	0.431637911894671
15838	0.433584357401881
15840	0.434381219997658
15848	0.434036346664333
15851	0.434828954228225
15854	0.43334994417983
15855	0.434142191115269
15866	0.43493040967646
15868	0.436842658713088
15889	0.435366838920139
15896	0.435022712425748
15900	0.434680323943955
15903	0.436580558149186
15905	0.436234090951817
15909	0.435889364795641
15911	0.437776022438465
15917	0.43742729893561
15926	0.43819143016138
15929	0.44006100942873
15930	0.438599012719664
15933	0.438249872821202
15948	0.437902467061309
15951	0.437556783974605
15952	0.439413032212312
15954	0.439063510963947
15955	0.440908696783144
15956	0.441650102267162
15957	0.443480757669565
15958	0.444211317109817
15959	0.444938295376343
15960	0.445661715837323
15962	0.445295825340567
15963	0.44709974135572
15964	0.447812620983353
15967	0.447441537392915
15971	0.448151003830694
15972	0.449934037744004
15973	0.451708444073862
15974	0.451327203781622
15975	0.449875990907726
15982	0.451642039091008
