15646	0.333333333333333
15647	0.555555555555556
15649	0.611111111111111
15650	0.633333333333333
15651	0.533333333333333
15652	0.476190476190476
15653	0.440476190476191
15654	0.416666666666667
15657	0.333333333333333
15658	0.272727272727273
15659	0.338383838383838
15660	0.337606837606838
15661	0.432234432234432
15662	0.419047619047619
15663	0.45
15664	0.475490196078431
15665	0.496732026143791
15666	0.444444444444444
15667	0.466666666666667
15668	0.453968253968254
15669	0.473304473304473
15670	0.432147562582345
15671	0.451690821256039
15672	0.415555555555556
15674	0.409230769230769
15675	0.40360873694207
15677	0.374779541446208
15678	0.37192118226601
15679	0.347126436781609
15680	0.367741935483871
15681	0.365591397849462
15682	0.363636363636364
15683	0.342245989304813
15685	0.36078431372549
15686	0.359259259259259
15687	0.375875875875876
15688	0.356092935040304
15689	0.372019793072425
15692	0.386752136752137
15693	0.400406504065041
15694	0.381339527680991
15695	0.379106681432263
15696	0.361874559548978
15697	0.345791245791246
15698	0.330756843800322
15699	0.330866481652791
15700	0.358747044917258
15701	0.344104308390023
15702	0.343673469387755
15703	0.369411764705882
15707	0.393665158371041
15713	0.40396710208031
15715	0.426042394595854
15716	0.422671156004489
15717	0.407575757575758
15719	0.404970760233918
15720	0.413994757007461
15721	0.422559906487434
15722	0.419585687382298
15723	0.438615664845173
15724	0.456724836946942
15725	0.452807646356034
15727	0.438657407407407
15728	0.435416666666667
15729	0.432323232323232
15730	0.429368309965325
15731	0.416739830260462
15732	0.423984086388179
15733	0.421394064872326
15734	0.428303152246814
15735	0.42566510172144
15736	0.432267884322679
15737	0.438602986548192
15738	0.453573573573574
15739	0.459181286549708
15740	0.464570517202096
15741	0.461205461205461
15742	0.457968192145407
15743	0.463185654008439
15744	0.459979423868313
15745	0.456890494830874
15746	0.46194534234499
15747	0.474756167527252
15748	0.479271708683474
15749	0.475877792977656
15750	0.480263744096944
15751	0.476924416579589
15752	0.481188287368063
15753	0.492717436537661
15754	0.489214489214489
15755	0.500318522057652
15756	0.489558983948886
15757	0.486235033935789
15758	0.475998506905562
15759	0.486915204678363
15763	0.483748568155785
15765	0.487481590574374
15768	0.477633477633478
15769	0.481414141414141
15770	0.478481848184819
15771	0.469099851161587
15772	0.459991116187575
15773	0.463965646004481
15774	0.461477411477412
15775	0.45905959868224
15776	0.456709575030859
15777	0.448251990308065
15778	0.44614339109752
15779	0.450152905198777
15780	0.454054054054054
15781	0.451898326898327
15782	0.44390012642225
15783	0.436112404906071
15784	0.428527841342487
15786	0.432633683158421
15787	0.425238235583063
15791	0.423680525375441
15792	0.416559844276694
15793	0.415172735760971
15797	0.413820018365473
15798	0.40703608363817
15799	0.41667777333511
15800	0.415333508173791
15801	0.414021505376344
15802	0.418031746031746
15803	0.411448568928884
15804	0.415436351706037
15807	0.408995478036176
15808	0.412959650168953
15809	0.416833039733803
15811	0.415567892667129
15812	0.414331282752335
15813	0.413122358134141
15814	0.421816841717339
15815	0.425417574437182
15817	0.424073278946615
15818	0.42275820727106
15819	0.41667535536788
15820	0.410722850291196
15821	0.404896994258696
15822	0.403889055372424
15825	0.407564266719196
15826	0.411162911162911
15827	0.419284802043423
15828	0.427239804755157
15829	0.425962165688193
15830	0.424710424710425
15831	0.427958159501784
15833	0.426696495152871
15834	0.421044885945548
15835	0.424276751481352
15836	0.423087948629744
15837	0.421922304275245
15838	0.420779220779221
15839	0.415384615384615
15840	0.414339376122816
15842	0.413313983176113
15846	0.412307937266141
15847	0.411320754716981
15848	0.414492753623188
15849	0.413490785471462
15850	0.416597238001464
15851	0.415581824529902
15852	0.410544469081055
15853	0.405598150176463
15854	0.404732703268163
15855	0.403882710768938
15856	0.399103033718418
15857	0.406172409792319
15858	0.40921912624699
15859	0.404460764313886
15860	0.403638481874804
15861	0.406661794343676
15862	0.405823754789272
15863	0.401212121212121
15864	0.400445129258689
15866	0.399691064135932
15867	0.398949636976126
15868	0.401924270639355
15869	0.401166359729896
15870	0.400420941857406
15871	0.399687743950039
15873	0.406212877167973
15874	0.405424990207599
15875	0.408234040492105
15876	0.407432963410193
15877	0.406644669473205
15878	0.402341551277722
15879	0.405123920913395
15880	0.407862588408193
15881	0.407086242001164
15882	0.406321963154865
15884	0.405569503053612
15885	0.411666226099216
15886	0.410866910866911
15887	0.410079767947788
15888	0.409304551436531
15889	0.405190937854255
15890	0.407805695142379
15891	0.407064676616916
15892	0.403034333284075
15903	0.399063551675365
15904	0.398419137770051
15905	0.397784154312131
15906	0.400394664140816
15909	0.396526116661195
15910	0.395918493744581
15912	0.395319592688014
15916	0.394729247360826
15917	0.397306853231024
15918	0.402992637634505
15919	0.408598340567514
15920	0.414125458879967
15923	0.41337390422372
15924	0.412632787826586
15925	0.411901917278261
15926	0.408123000605984
15930	0.40743998994596
15931	0.406766293067663
15932	0.41213492389963
15933	0.408421996657291
15937	0.407748555730619
15938	0.404107943625881
15939	0.403478835978836
15940	0.399908226810882
15944	0.399321663872753
15945	0.401666795476209
15946	0.403981204831584
15947	0.403366875514208
15948	0.402760524499655
15951	0.40216201423098
15952	0.398709979774061
15953	0.395302202169155
15954	0.391937928108141
15955	0.394266137756942
15956	0.39375193687573
15958	0.390443097070052
15959	0.3927545913763
15960	0.389481636448164
15961	0.389015675426464
15962	0.385800669844427
15965	0.385368839914295
15966	0.387674559805707
15967	0.389952046392327
15968	0.38949173165201
15969	0.394435118440253
15970	0.396630534151757
15972	0.398799499071555
15973	0.400942436412316
15974	0.405715803452855
15975	0.410432344695293
15976	0.409822866344606
15977	0.411845258473126
15978	0.40861509958314
15979	0.408026960784314
15982	0.407445687418936
15985	0.40687117304618
15986	0.411451318428063
15987	0.415978615978616
15988	0.415345318793595
15989	0.419808331627231
15990	0.419150727077468
15991	0.421025847831931
15992	0.417848294263389
15993	0.417212843429328
15994	0.416584532492279
15995	0.415963254886616
15996	0.415348906027483
15997	0.412272247464317
15999	0.41168967245228
16000	0.411113522899935
16001	0.408101702219349
16002	0.409989037726264
16003	0.409431541694315
16004	0.411295564339043
16007	0.410732660144056
16008	0.41017583045477
16009	0.412014474441952
16010	0.411452466291176
16011	0.413268937468226
16012	0.417430150677671
16014	0.421547252086309
16015	0.423273445146734
16016	0.427320649040442
16017	0.424332392753445
16018	0.421375372594885
16021	0.423078784359272
16024	0.422457708573626
16025	0.419544207135187
16026	0.418951692538611
16027	0.418365265420766
16028	0.422335468387177
16029	0.421730011686131
16030	0.423390599177524
16031	0.422782104138036
16032	0.419935086601753
16033	0.41935386678116
16037	0.418778478597562
16038	0.422653288740245
16039	0.41984496124031
16040	0.421479542070948
16041	0.423097938932966
16042	0.424700364773319
16043	0.42628702904803
16044	0.427858137790635
16045	0.429413893679079
16046	0.426625491772072
16047	0.430336653637625
16048	0.431861363399102
16049	0.431227742626975
16050	0.42846346222552
16051	0.429985527429617
16052	0.431493050609471
16054	0.432986216425707
16055	0.432355501975755
16056	0.433833805853931
16057	0.433201727410405
16059	0.432575593278261
16060	0.431955329153605
16061	0.433417705088266
16062	0.432796063027676
16063	0.432180194732355
16067	0.43157002892125
16069	0.433016777461222
16070	0.432405222589272
16071	0.435876750279857
16073	0.435251485542378
16076	0.434631922307065
