14779	0.333333333333333
14780	0.555555555555556
14781	0.444444444444444
14782	0.4
14783	0.488888888888889
14784	0.53968253968254
14785	0.571428571428571
14786	0.444444444444444
14787	0.488888888888889
14788	0.521212121212121
14789	0.434343434343434
14790	0.521367521367521
14791	0.542124542124542
14792	0.558730158730159
14793	0.572222222222222
14794	0.544117647058824
14795	0.557734204793028
14796	0.53411306042885
14797	0.514035087719298
14798	0.496825396825397
14799	0.512265512265512
14800	0.525691699604743
14801	0.53743961352657
14802	0.521111111111111
14803	0.506666666666667
14804	0.518518518518519
14805	0.529100529100529
14806	0.538587848932677
14809	0.569348659003832
14810	0.554121863799283
14811	0.540322580645161
14812	0.547979797979798
14813	0.55496137849079
14814	0.542296918767507
14815	0.549206349206349
14816	0.537537537537538
14817	0.561877667140825
14818	0.567251461988304
14819	0.538888888888889
14820	0.545121951219512
14822	0.535036778939218
14823	0.541159099298634
14824	0.562015503875969
14825	0.551851851851852
14826	0.542351046698873
14827	0.547641073080481
14834	0.53871158392435
14838	0.530328798185941
14839	0.522448979591837
14840	0.501960784313726
14841	0.495475113122172
14845	0.501935171746493
14846	0.508036338225018
14847	0.501683501683502
14848	0.507575757575758
14850	0.513157894736842
14951	0.518451300665457
14952	0.523475550360413
14953	0.51713747645951
14954	0.522040072859745
14955	0.53745813502556
14956	0.552142003754907
14957	0.566137566137566
14958	0.558974358974359
14959	0.562237762237762
14961	0.555404794210764
14962	0.568481123792801
14963	0.571327081557261
14965	0.583574879227053
14966	0.576525821596244
14967	0.569770474700052
14968	0.563292744799594
14969	0.557077625570776
14971	0.542222222222222
14972	0.53672514619883
14979	0.531442241968558
14983	0.526362526362526
14985	0.521475711349129
14988	0.525105485232068
14990	0.520370370370371
14991	0.523938572719061
14992	0.535409932412577
14993	0.546471600688468
14994	0.549299719887955
14996	0.544277245782034
14997	0.547090795687428
14998	0.542232671543017
14999	0.545028941096357
15000	0.547732001664586
15002	0.557671957671958
15003	0.552795031055901
15004	0.540906965871903
15007	0.543582704186685
15009	0.546173945502053
15010	0.541739766081871
15011	0.544315578465063
15012	0.546812539448769
15013	0.535765821480107
15014	0.538383838383838
15016	0.540924092409241
15020	0.536853685368537
15021	0.539374325782093
15022	0.529001742593976
15026	0.537973137973138
15027	0.540401317759808
15028	0.542761417739376
15029	0.532710280373832
15030	0.541284403669725
15031	0.54356408117876
15033	0.545782145782146
15034	0.547940797940798
15036	0.550042140750105
15037	0.540392278631683
15047	0.536791253496059
15049	0.53328335832084
15051	0.529865409175754
15052	0.532184074556956
15053	0.54004652708541
15055	0.542156862745098
15056	0.549724517906336
15057	0.551641602312243
15058	0.548091874361367
15061	0.544628026925431
15062	0.535913978494624
15063	0.527407407407408
15065	0.529600466608341
15066	0.526533792650919
15067	0.523538436692507
15069	0.51548399920493
15071	0.512703073008417
15072	0.520086359781016
15074	0.517278043593833
15075	0.519507724535219
15078	0.52168785701124
15080	0.528721859114016
15081	0.530735651925004
15082	0.523043830882612
15083	0.515518020366316
15084	0.508153477218226
15085	0.505673758865248
15087	0.503246428928179
15088	0.500870021996783
15089	0.498543123543124
15091	0.505459770114943
15093	0.503101873720674
15094	0.509862392445563
15095	0.507476864619722
15096	0.500665094624826
15099	0.493989560029829
15100	0.496276674025019
15101	0.494132682700128
15102	0.487673431945878
15103	0.481340010751775
15109	0.479430247172183
15110	0.47328370554177
15112	0.471500898252491
15115	0.478190760299928
15121	0.472175782182947
15123	0.470440251572327
15129	0.477018633540373
15133	0.471129514607776
15141	0.465348784367189
15143	0.45967379919198
15144	0.458142399605814
15145	0.452622611658756
15147	0.447201981579011
15148	0.441878148464975
15153	0.436648821264206
15156	0.435433344935607
15159	0.434239192753125
15167	0.429189899814135
15168	0.428081731415513
15169	0.434655504617633
15170	0.437307060755337
15171	0.432337662337662
15172	0.434985447697312
15173	0.430097970756893
15175	0.432741196409516
15178	0.431636664597558
15179	0.430550439942705
15191	0.425819116426851
15193	0.42480834284113
15194	0.423814049259523
15195	0.426439482961222
15196	0.425438341567374
15197	0.424453261265406
15198	0.427029999620738
15200	0.422511163645916
15201	0.421572449642625
15204	0.420648479838339
15209	0.42668339150669
15210	0.422261801957398
15213	0.417908587504229
15214	0.417041148999912
15215	0.416186987615559
15216	0.418729928519631
15217	0.417867336649063
15218	0.41701774867604
15219	0.416180904522613
15220	0.418673300165838
15221	0.417828349999179
15222	0.420279959030386
15223	0.425963488843813
15224	0.42831181252989
15225	0.433862183282027
15226	0.436111501962072
15227	0.441533506750898
15228	0.443687891056312
15229	0.442636895268474
15230	0.44160084254871
15231	0.443724105040389
15232	0.445817462426551
15233	0.444766208883624
15234	0.446830399188582
15235	0.451952339936836
15236	0.453931273823747
15237	0.452824870699982
15238	0.451733623783391
15239	0.450657257506573
15240	0.449595502536679
15241	0.451551098609922
15242	0.453480386215812
15243	0.452407644672219
15244	0.451349206349206
15245	0.453254670599803
15246	0.455134952503476
15247	0.459914470463972
15248	0.458808958349294
15249	0.460616416682489
15250	0.462400401530836
15251	0.464161317609594
15252	0.463038330620098
15253	0.461929740899698
15254	0.463672182821119
15255	0.459742757542974
15257	0.458676011347112
15258	0.45762271153187
15259	0.459372033332161
15260	0.461099488609949
15261	0.462805440295067
15263	0.458980601945521
15264	0.455202983822512
15270	0.456936292698284
15271	0.461369465819115
15272	0.463038548752835
15273	0.464687359424202
15274	0.463628052762179
15275	0.462581508831023
15276	0.461547523427042
15277	0.460525896414343
15278	0.462161934273488
15279	0.461143526360918
15280	0.46276181880427
15281	0.464361072512995
15282	0.46594158496732
15283	0.467503647859922
15284	0.469047547230517
15285	0.467999561022817
15286	0.46952776952777
15287	0.471038412417723
15288	0.472531757870005
15289	0.474008068963516
15290	0.4754676037946
15291	0.474394892319421
15292	0.473334279093961
15293	0.472285582871035
15294	0.471248625784933
15295	0.472701548021972
15296	0.47166919087613
15297	0.470648262038176
15298	0.469638593444758
15299	0.468640020110608
15300	0.467652380061139
15301	0.469099756690998
15304	0.468115942028986
15305	0.467142782399414
15306	0.466180124492464
15307	0.465227817745803
15308	0.466666666666667
15309	0.468090154211151
15310	0.467134432077265
15311	0.468544553876484
15312	0.469939780022894
15313	0.471320319578289
15315	0.470355375618534
15316	0.469400518181006
15317	0.468455607175119
15318	0.469827310008971
15319	0.471184822813507
15320	0.472528340640676
15321	0.471574950179667
15322	0.472906634251251
15323	0.474224729709859
15324	0.475529420807871
15325	0.474568636433043
15326	0.475862225862226
15330	0.47490565611371
15331	0.473958684054978
15336	0.473021181716834
15337	0.474307862679956
15339	0.471166751006579
15340	0.470256959470782
15341	0.47154912859707
15344	0.470642795513374
15347	0.471923997285617
15348	0.471021126510684
15352	0.472291552096112
15353	0.473549643452556
15354	0.472645022096948
15355	0.471749126992359
15356	0.470861846263776
15357	0.472112995275935
15358	0.471229048384581
15359	0.468237117918647
15360	0.469493001138571
15361	0.468633949606677
15362	0.471975874451918
15363	0.471106642219199
15364	0.468162225705329
15365	0.469399013499481
15366	0.468553885051244
15367	0.471844573069502
15368	0.47098956541681
15369	0.47014245014245
15370	0.471348120182476
15371	0.472542729029474
15372	0.473726411576043
15373	0.470846615760991
15375	0.472033403948298
15376	0.471195337056364
15377	0.472372875186547
15378	0.473539804865106
15379	0.474696253139367
15380	0.473852295409182
15381	0.473015873015873
15382	0.474165135886204
15383	0.473331811610743
15384	0.470539293548143
15385	0.471692983978252
15386	0.470881490426083
15387	0.470077115238406
15388	0.473167044595616
15389	0.474292042398355
15390	0.475407257611504
15391	0.47265923878138
15392	0.473777437212996
15393	0.472970287190699
15394	0.474080295096005
15395	0.473276026743076
15396	0.474377967711301
15397	0.475470517137184
15398	0.474665207313933
15399	0.475749961321575
15400	0.476825548393942
15401	0.477892071530306
15403	0.478949632287372
15404	0.47627393601761
15406	0.47547760954026
15408	0.474687919116889
15409	0.473904791217811
15410	0.473128153328946
15411	0.474194481226124
15412	0.473420518875064
15413	0.472652917858397
15414	0.473713102278115
15415	0.474764620340178
15416	0.473995972041227
15417	0.473233572915439
15418	0.472477355404185
15419	0.4735241980525
15421	0.472770483726053
15422	0.475597451641731
15423	0.476619212149886
15424	0.477632798573975
15425	0.47863829787234
15426	0.477867449254096
15427	0.477102718482029
15428	0.478103055939468
15429	0.479095495995927
15430	0.480080121563752
15431	0.47931181377197
15432	0.48029016809518
15433	0.481260879025239
15434	0.478760822510823
15435	0.479734427920957
15436	0.48070048600233
15438	0.481659074562455
15439	0.48089647435048
15440	0.47843033858458
15441	0.479393184252519
15442	0.480348661203612
15443	0.481296844437521
15444	0.482237808002136
15446	0.481483861294952
15447	0.482419127988748
15448	0.483347327176043
15449	0.482593488011004
15451	0.480174473033505
15452	0.479440267335004
15453	0.477049044056525
15454	0.479650790105995
15455	0.478924648881317
15456	0.479854064810948
15457	0.479130505643157
15458	0.480054329096475
15459	0.479333341402307
15460	0.480251642016348
15461	0.479533215079023
15462	0.478820044924166
15463	0.481356200423318
15464	0.480637642816085
15465	0.481538509759672
15471	0.480822542723796
15472	0.480111751353239
15474	0.47940608588199
15475	0.478705497140749
15477	0.479604832880107
15485	0.478906639564848
15486	0.478213433344698
15487	0.479108698111074
15488	0.479997598435982
15489	0.477728106244795
15490	0.475474671781376
15495	0.47480577136515
15506	0.474141581515235
15511	0.473482058104547
15512	0.47126952512275
15515	0.469072464399567
15516	0.46999150720081
15517	0.470904152952391
15518	0.470267251009711
15523	0.469634761782568
15524	0.467470546290482
15527	0.469918957571905
15529	0.469292418011178
15530	0.468670179637366
15531	0.468052203170225
15536	0.46743844977689
15537	0.466828881065783
15538	0.469246890675462
15540	0.471648488455211
15542	0.472528931697701
15543	0.473403425999363
15544	0.472773897492999
15545	0.472148603483314
15548	0.471527506077721
15550	0.472398663044636
15551	0.474748780358469
15552	0.474120267260579
15553	0.472017738359202
15559	0.471404090549353
15560	0.472266176978127
15562	0.471654138019339
15563	0.471046134482258
15566	0.47190411927254
15567	0.471297682572588
15568	0.472150822241121
15571	0.472998385833389
15572	0.473840421837012
15573	0.474676978213713
15574	0.474065100963149
15576	0.473457188359996
15577	0.472853206226261
15578	0.475120504263997
15579	0.474511975633393
15580	0.473907356180288
15581	0.474731113917409
15582	0.474128138307243
15583	0.473529011477567
15584	0.472933700742347
15585	0.4723421737618
15586	0.471754398538001
15588	0.471170343410555
15589	0.471993485824265
15590	0.47281144036562
15591	0.47362425053879
15592	0.474431959392882
15593	0.472451032631325
15594	0.470482486662028
15595	0.46991221991222
15596	0.470728628404977
15597	0.470159703787703
15598	0.469594305562685
15599	0.470406975093011
15600	0.471214628144754
15601	0.470648380527459
15602	0.472817854377756
15603	0.472247365539129
15604	0.473040913706996
15605	0.47382961331172
15606	0.473258490222377
15607	0.472690842527087
15608	0.474825697415641
15610	0.475600812442918
15611	0.47502715325296
15612	0.474456956794531
15613	0.476567571425878
15614	0.477329491647284
15615	0.478086840347362
15616	0.476178310046574
15617	0.475609206553692
15618	0.475043497316236
15619	0.47580390671842
15620	0.475239666823825
15621	0.474678772225049
15622	0.475436120921071
15623	0.476188997085424
15624	0.476937435865704
15625	0.477681472064923
15626	0.477116508703938
15627	0.479159022341814
15628	0.478590501137102
15629	0.478025298149539
15631	0.476168889224686
15632	0.475615263039061
15633	0.476354340035686
15634	0.477089136663605
15635	0.476535164396436
15636	0.475984388123117
15637	0.476716373837295
15638	0.474889874320677
15641	0.474348549116137
15642	0.473810323101699
15643	0.472005331394645
15644	0.470210634317098
15647	0.470956198007229
15648	0.470434899277404
15649	0.469916556873079
15650	0.469401148482363
15652	0.468888652003459
15654	0.468379045542293
15655	0.469123089148763
15657	0.469862952734973
15659	0.468106455715403
15660	0.467603570930395
