14945	1
14946	0.777777777777778
14947	0.888888888888889
14948	0.933333333333333
14949	0.955555555555556
14952	0.873015873015873
14953	0.904761904761905
14955	0.925925925925926
14962	0.940740740740741
14966	0.890909090909091
14967	0.853535353535354
14968	0.824786324786325
14971	0.84981684981685
14974	0.825396825396826
14977	0.763888888888889
14982	0.791666666666667
14983	0.740740740740741
14989	0.732943469785575
15006	0.726315789473684
15009	0.657142857142857
15010	0.688311688311688
15012	0.657444005270092
15017	0.658212560386474
15018	0.685555555555556
15024	0.70974358974359
15025	0.706552706552707
15026	0.703703703703704
15031	0.724137931034483
15032	0.720306513409962
15035	0.716845878136201
15038	0.734543010752688
15039	0.750631313131313
15049	0.726084373143197
15052	0.722689075630252
15053	0.738095238095238
15054	0.752252252252252
15080	0.765291607396871
15083	0.726045883940621
15094	0.68974358974359
15095	0.688617886178862
15103	0.655826558265583
15108	0.656330749354005
15122	0.641649048625793
15145	0.642760942760943
15147	0.629307568438003
15209	0.616712920135677
15214	0.618794326241135
15217	0.634353741496599
15218	0.608979591836735
15219	0.611241830065359
15220	0.613373554550025
15270	0.615384615384615
15297	0.62962962962963
15326	0.643097643097643
15332	0.632034632034632
15333	0.609857978279031
15347	0.588828392821133
15350	0.591466978375219
15374	0.593973634651601
15375	0.596357012750456
15377	0.609377754274634
15378	0.600614439324117
15388	0.592261904761905
15389	0.594551282051282
15479	0.606837606837607
15502	0.608623548922056
15506	0.600526777875329
15530	0.612105711849957
15542	0.613664596273292
15570	0.605767940979209
15571	0.607459572248305
15579	0.618214104515474
15592	0.628532642231272
15599	0.638438438438439
15632	0.630409356725146
15640	0.631351105035316
15646	0.632256632256632
15647	0.633127772368279
15648	0.633966244725739
15649	0.63477366255144
15650	0.627421459399779
15682	0.636399255558821
15683	0.637119908204246
15684	0.629971988795518
15697	0.615321477428181
15714	0.616501826606077
15715	0.625217694183212
15717	0.626149131767109
15719	0.619642114024137
15745	0.606023606023606
15781	0.600095556617296
15785	0.608695652173913
15792	0.617021276595745
15794	0.62508398656215
15795	0.612061403508772
15798	0.599441580756014
15800	0.600813521284803
15803	0.595409881124167
15804	0.583501683501684
15806	0.585148514851485
15810	0.593282857697535
15813	0.588235294117647
15818	0.58974358974359
15820	0.591208791208791
15824	0.598921832884097
15825	0.600188091459472
15826	0.607592015691704
15840	0.602559746290633
15856	0.603725326661107
15857	0.610865410865411
15871	0.617814242814243
15877	0.624578592498947
15878	0.631164932981421
15892	0.637579455886092
15963	0.643828085957022
