15882	0.333333333333333
15884	0.777777777777778
15885	0.555555555555556
15886	0.733333333333333
15887	0.488888888888889
15888	0.444444444444444
15889	0.416666666666667
15890	0.324074074074074
15891	0.392592592592593
15892	0.442424242424243
15893	0.47979797979798
15894	0.405982905982906
15895	0.395604395604396
15896	0.387301587301587
15897	0.338888888888889
15898	0.377450980392157
15899	0.446623093681917
15900	0.434697855750487
15901	0.491228070175439
15902	0.444444444444444
15903	0.464646464646465
15905	0.511198945981555
15906	0.496376811594203
15907	0.456666666666667
15908	0.447179487179487
15909	0.414055080721747
15910	0.432098765432099
15911	0.425287356321839
15912	0.419157088122605
15913	0.413620071684588
15914	0.387768817204301
15915	0.404671717171717
15916	0.420083184789067
15917	0.434173669467787
15918	0.41005291005291
15919	0.405905905905906
15920	0.419630156472262
15921	0.415204678362573
15922	0.411111111111111
15923	0.423577235772358
15924	0.403406891211769
15925	0.384643779992617
15926	0.397463002114165
15927	0.37979797979798
15928	0.377777777777778
15929	0.404255319148936
15930	0.415189125295508
15931	0.411848072562358
15932	0.408707482993197
15933	0.405751633986928
15936	0.402966314731021
15937	0.400338655055636
15938	0.410202655485674
15939	0.395286195286195
15941	0.404978354978355
15942	0.390768588137009
15943	0.377293809235733
15944	0.375803623611923
15947	0.363276836158192
15948	0.373224043715847
15949	0.361184558434691
15950	0.370882403140468
15951	0.369708994708995
15952	0.389102564102564
15953	0.407614607614608
15954	0.405397256143525
15955	0.403277729002049
15956	0.420574026712134
15957	0.41808143547274
15958	0.406304493628437
15959	0.404277516953573
15960	0.402333840690005
15961	0.400468962112798
15964	0.398678678678679
15965	0.388187134502924
15966	0.386762360446571
15967	0.376845376845377
15969	0.375743806123553
15970	0.366350210970464
15971	0.365534979423868
15972	0.356619492120847
15973	0.356058379860907
15974	0.363453815261044
15975	0.354901960784314
15976	0.354400364797082
15977	0.353916065223202
15978	0.353448275862069
15979	0.352996254681648
15980	0.359966708281315
15981	0.366707366707367
15982	0.365981844242714
15983	0.365279725728534
15984	0.35750781667048
15985	0.356998880179171
15986	0.349561403508772
15987	0.356099656357388
15988	0.348832316431727
15989	0.35525321239607
15990	0.361481481481482
15991	0.360924092409241
15992	0.360383097133243
15993	0.353385367091821
15995	0.35941000746826
15996	0.352564102564103
15997	0.352201257861635
15998	0.351848586375125
15999	0.351505711318795
16000	0.357288481141692
16001	0.356852932999722
16002	0.362435162435163
16003	0.355963105963106
16004	0.355562579013907
16005	0.355172592247581
16006	0.360589880498347
16007	0.360119940029985
16008	0.353964043619216
16009	0.353614370563523
16010	0.353273512794949
16011	0.347385620915033
16012	0.352662993572085
16014	0.352346113896039
16016	0.362877071393665
16017	0.362400559489466
16018	0.361935483870968
16019	0.361481481481482
16021	0.355788859725868
16022	0.360646325459318
16023	0.355054909560724
16024	0.359848936593123
16025	0.359444118222744
16026	0.353997995219369
16027	0.353687248424091
16028	0.358358583024726
16029	0.362926110189792
16030	0.35758896151053
16032	0.362101044797481
16033	0.361684121442928
16034	0.361276196434157
16035	0.356115107913669
16036	0.360520094562648
16037	0.360137182432657
16038	0.369086312748285
16040	0.377849002849003
16041	0.381832694763729
16042	0.381168319949614
16043	0.375982356412885
16044	0.38441502727217
16045	0.383729366950844
16046	0.383057419835943
16047	0.391228844738779
16048	0.386081096781689
16053	0.389748882008944
16055	0.38468720821662
16056	0.388325652841782
16057	0.387620623104494
16058	0.386929065273014
16059	0.390470047569137
16060	0.385558474643739
16061	0.380738993710692
16062	0.384290890269151
16063	0.37954655829052
16066	0.378979524855462
16067	0.382487904633648
16068	0.381892091648189
16069	0.385323110624316
16070	0.388692494529014
16071	0.388033456895732
16072	0.383441344979807
16073	0.382851838960436
16074	0.390069946107098
16075	0.385534249059341
16076	0.388784334812027
16077	0.384315549354417
16078	0.37992337164751
16079	0.379393939393939
16080	0.375107002225646
16081	0.374637635159441
16082	0.374176134580378
