15380	1
15381	0.777777777777778
15382	0.555555555555556
15388	0.466666666666667
15389	0.533333333333333
15390	0.571428571428571
15391	0.595238095238095
15392	0.462962962962963
15393	0.437037037037037
15394	0.418181818181818
15395	0.348484848484849
15396	0.346153846153846
15398	0.344322344322344
15399	0.298412698412698
15401	0.261111111111111
15402	0.308823529411765
15403	0.311546840958606
15404	0.348927875243665
15408	0.347368421052632
15410	0.377777777777778
15411	0.404040404040404
15413	0.426877470355731
15416	0.446859903381643
15423	0.491111111111111
15424	0.478974358974359
15425	0.468186134852802
15426	0.458553791887125
15427	0.472906403940887
15429	0.46360153256705
15430	0.476702508960574
15431	0.467741935483871
15432	0.439393939393939
15433	0.452762923351159
15434	0.464985994397759
15435	0.457671957671958
15436	0.432932932932933
15437	0.410146989094358
15438	0.423301844354476
15439	0.418803418803419
15441	0.43089430894309
15443	0.442121564072784
15444	0.42155777039498
15445	0.41754756871036
15446	0.413804713804714
15447	0.439291465378422
15448	0.448967005858773
15450	0.471926713947991
15452	0.452664399092971
15455	0.447891156462585
15456	0.456470588235294
15457	0.438914027149321
15459	0.43492985002419
15460	0.431167016072677
15462	0.43973063973064
15463	0.424025974025974
15464	0.409147869674186
15465	0.406533575317604
15466	0.392752776154296
15467	0.379661016949153
15468	0.389071038251366
15470	0.398025735942182
15472	0.406554019457245
15473	0.404265873015873
15474	0.391826923076923
15475	0.4001554001554
15476	0.398160711593547
15477	0.415861867134914
15478	0.413469735720375
15479	0.401656314699793
15480	0.390342052313883
15481	0.388758476786646
15483	0.387239979705733
15485	0.394792052326299
15486	0.384264264264264
15487	0.382923976608187
15488	0.381635907951697
15489	0.380397380397381
15490	0.379205885535
15493	0.378059071729958
15497	0.385185185185185
15499	0.375790424570912
15500	0.382799490645509
15501	0.381621724995219
15504	0.372642390289449
15505	0.363976288189695
15506	0.355609017196828
15507	0.347526994078718
15508	0.339717398706163
15510	0.332168123179359
15511	0.324867724867725
15513	0.325051759834369
15514	0.325229858189185
15515	0.318310073972394
15516	0.325643896976484
15517	0.325804093567252
15518	0.325959335624284
15521	0.319307104285013
15523	0.333058475915619
15525	0.333063973063973
15527	0.333069306930693
15528	0.33307448391898
15529	0.339552002030586
15531	0.345842668658203
15533	0.345604395604396
15535	0.339083557951483
15536	0.345206606712514
15537	0.344986731279566
15538	0.338656699512969
15539	0.344620517097581
15540	0.338411138411138
15541	0.350225225225225
15542	0.349926253687316
15543	0.343787196605082
15544	0.349402491736588
15545	0.349125437281359
15546	0.354553492484527
15547	0.359843546284224
15548	0.35939799648673
15549	0.353408029878618
15550	0.347566574839302
15551	0.341868762137019
15552	0.341729974676796
15554	0.341594544977708
15563	0.341462365591398
15565	0.341333333333333
15566	0.335958005249344
15575	0.330708661417323
15576	0.330749354005168
15577	0.330789107533294
15578	0.335917009199452
15579	0.330827357544915
15584	0.330865041391357
15585	0.330901881569596
15586	0.325999631472268
15591	0.326107480029049
15592	0.331079146987262
15599	0.3262808984802
15600	0.321586209293435
15601	0.321754025351148
15602	0.321918270854441
15605	0.331468717743815
15606	0.331494796283529
15607	0.331520331520332
15608	0.33154533844189
15609	0.331569831522595
15610	0.33159382474451
15611	0.331617331617332
15612	0.336114638128061
15613	0.340521998508576
15615	0.344841795437822
15616	0.340304403392587
15618	0.344570576768719
15619	0.34875364287129
15620	0.348554671135316
15623	0.348359525778881
15624	0.343921824813545
15626	0.34378779327582
15627	0.343656290635034
15628	0.339360587002096
15629	0.343426501035197
15633	0.34741712036398
15634	0.351334292711253
15637	0.3511147688164
15639	0.346858832224686
15640	0.346695874406718
15641	0.350527859942765
15645	0.350323163197415
15646	0.3501221001221
15647	0.353846153846154
15648	0.357504873294347
15649	0.361099777868444
15650	0.368485907604069
15651	0.371913272650765
15653	0.379091406677614
15654	0.378571428571429
15655	0.378060263653484
15656	0.381303032226666
15657	0.380767057937355
15658	0.383943720256569
15660	0.379701248209536
15661	0.382854714346427
15662	0.38595648431714
15665	0.385384493545577
15668	0.388425381903643
15669	0.387832994284607
15670	0.387250110210262
15671	0.383130428186749
15672	0.386130811662727
15674	0.389083820662768
15675	0.385009644530174
15676	0.387943571844095
15677	0.390831894070236
15678	0.386802699286007
15679	0.382835492113843
15680	0.385731728588872
15681	0.381815670430609
15682	0.381325949853869
15688	0.380843611999391
15689	0.38036850921273
15690	0.38653399668325
15695	0.386007257442162
15696	0.388772374774423
15698	0.384960880904086
15699	0.384457197513152
15700	0.380724603362539
15701	0.38026671669559
15711	0.376610305958132
15714	0.376196172248804
15716	0.375787954735323
15717	0.375385541262319
15718	0.374988822319592
15719	0.374597690967609
15720	0.371096777967911
15721	0.370745490110846
15723	0.373485501004881
15724	0.373115434943392
15725	0.375808565509661
15730	0.378464803876391
15731	0.378054517780545
15732	0.374633209927328
15737	0.374261138967021
15738	0.37987314668929
15745	0.379457612641469
15746	0.384973544973545
15747	0.38451655195018
15752	0.387002456044599
15766	0.392379627482804
15773	0.388952731172911
15774	0.39426618568445
15780	0.390852625635234
15781	0.393230332885505
15783	0.392716195550294
15784	0.392208649719379
15788	0.391707583196945
15793	0.394037744921265
15794	0.399151350449355
15796	0.398598257868548
15797	0.400841508151378
15801	0.40583449558345
15802	0.40799907791609
15808	0.407382005646811
15809	0.406772551553696
