15189	1
15190	1
15195	0.833333333333333
15196	0.9
15197	0.933333333333333
15216	0.952380952380952
15231	0.797619047619048
15237	0.694444444444445
15238	0.688888888888889
15244	0.624242424242424
15246	0.575757575757576
15251	0.641025641025641
15257	0.692307692307692
15258	0.6
15264	0.608333333333333
15265	0.615196078431373
15266	0.657952069716776
15299	0.623781676413255
15302	0.628070175438597
15306	0.663492063492064
15307	0.633477633477634
15308	0.636363636363636
15310	0.611111111111111
15323	0.615555555555556
15373	0.619487179487179
15376	0.598290598290598
15377	0.579365079365079
15378	0.5623973727422
15379	0.547126436781609
15380	0.554838709677419
15385	0.540994623655914
15386	0.528409090909091
15420	0.556149732620321
15422	0.543417366946779
15426	0.531746031746032
15429	0.539039039039039
15432	0.545756282598388
15434	0.55195681511471
15441	0.557692307692308
15442	0.546747967479675
15443	0.56833139759969
15450	0.572905131044666
15453	0.562015503875969
15464	0.551851851851852
15465	0.556843800322061
15476	0.561517113783534
15478	0.565898345153664
15481	0.570011337868481
15482	0.560544217687075
15483	0.551633986928105
15484	0.556058320764203
15497	0.535074987905177
15546	0.51525739576054
15548	0.508641975308642
15565	0.502380952380953
15597	0.496449456975773
15602	0.502319015930631
15603	0.507890122735243
15607	0.502071563088512
15608	0.496539162112933
15609	0.502027146130795
15610	0.496671786994368
15611	0.501984126984127
15614	0.507051282051282
15616	0.491686091686092
15623	0.506859641187999
15628	0.501755926251097
15629	0.506535947712418
15631	0.492063492063492
15632	0.496981891348089
15635	0.492436098069901
15637	0.497209538305429
15650	0.50178946069357
15651	0.488408408408409
15658	0.484327485380117
15660	0.480405559352928
15671	0.485181485181485
15678	0.47289840960727
15688	0.469409282700422
15694	0.482510288065844
15695	0.487001907056108
15714	0.475266921343912
15715	0.471887550200803
15721	0.46078431372549
15734	0.465572275421797
15749	0.470195134990644
15751	0.467084639498433
15755	0.471569628873
15758	0.461090303786933
15769	0.450956450956451
15776	0.455645803471891
15778	0.445846968988624
15779	0.443453061847022
15803	0.448152295632699
15814	0.452704678362573
15841	0.450243413516609
15845	0.454660214601304
15846	0.458943173228888
15848	0.44976430976431
15849	0.447458745874587
15851	0.438685044975086
15852	0.443111872580748
15860	0.447411003236246
15861	0.445238095238095
15862	0.443126684636119
15866	0.441074472462235
15870	0.43907926618207
15875	0.449371389738362
15878	0.447261606894634
15880	0.445208845208845
15884	0.449163449163449
15889	0.458912768647282
15890	0.456709620659318
15894	0.460361047546402
15954	0.46391804097951
15955	0.455987818056784
15957	0.448259210971075
15960	0.451929924512178
15961	0.455508870214753
15966	0.447979797979798
15967	0.451564828614009
15968	0.449642365276112
15974	0.453142757234024
15979	0.451225806451613
15989	0.449354497354497
15996	0.458026080073324
16038	0.466494422572179
16050	0.469597868217054
16051	0.47262969588551
16052	0.46541397533764
16080	0.463412753489089
16081	0.466469203311309
16090	0.469457225152433
