14754	0
15058	0.222222222222222
15063	0.277777777777778
15066	0.3
15067	0.311111111111111
15075	0.317460317460318
15114	0.404761904761905
15116	0.462962962962963
15211	0.437037037037037
15215	0.478787878787879
15229	0.398989898989899
15230	0.44017094017094
15235	0.52014652014652
15242	0.495238095238095
15248	0.516666666666667
15261	0.495098039215686
15276	0.514161220043573
15327	0.565302144249513
15375	0.575438596491228
15376	0.584126984126984
15393	0.591630591630592
15403	0.540184453227932
15404	0.550724637681159
15405	0.533333333333333
15406	0.543589743589744
15407	0.552706552706553
15408	0.560846560846561
15410	0.545155993431856
15413	0.553256704980843
15422	0.582078853046595
15423	0.58736559139785
15425	0.592171717171717
15438	0.596553773024361
15461	0.619607843137255
15464	0.622222222222222
15468	0.606606606606607
