49676337	0.666666666666667
49676337	0.222222222222222
49676337	0.444444444444444
49676337	0.266666666666667
49676337	0.4
49676337	0.285714285714286
49676337	0.380952380952381
49676337	0.444444444444444
49676337	0.555555555555556
49676337	0.575757575757576
49676337	0.646464646464647
49676337	0.700854700854701
49676337	0.695970695970696
49676337	0.647619047619048
49676337	0.65
49676337	0.612745098039216
49676337	0.618736383442266
49676337	0.58869395711501
49676337	0.596491228070176
49676337	0.53968253968254
49676337	0.520923520923521
49676337	0.533596837944664
49676337	0.489130434782609
49676337	0.476666666666667
49676337	0.465641025641026
49676337	0.455840455840456
49676337	0.470899470899471
49676337	0.48440065681445
49676337	0.496551724137931
49676337	0.464516129032258
49676337	0.477150537634409
49676337	0.488636363636364
49676337	0.479500891265597
49676337	0.490196078431373
49676337	0.5
49676337	0.509009009009009
49676337	0.517306780464675
49676337	0.524966261808367
49676337	0.532051282051282
49676337	0.522357723577236
49676337	0.545102593883082
49676337	0.550756736803248
49676337	0.556025369978858
49676337	0.560942760942761
49676337	0.536553945249597
49676337	0.54209065679926
49676337	0.547281323877069
49676337	0.538548752834467
49676337	0.543673469387755
49676337	0.522352941176471
49676337	0.52790346907994
49676337	0.520561199806483
49676337	0.513626834381551
49676337	0.519191919191919
49676337	0.512554112554113
49676337	0.51796157059315
49676337	0.534583585400282
49676337	0.539060977985584
49676337	0.554425612052731
49676337	0.558105646630237
49676337	0.572360303190552
49676337	0.575354155999317
49676337	0.567791005291005
49676337	0.560576923076923
49676337	0.543589743589744
49676337	0.54726368159204
49676337	0.540971612525607
49676337	0.534953111679455
49676337	0.538716356107661
49676337	0.532930918846412
49676337	0.536645800730308
49676337	0.521943176052765
49676337	0.516845612736024
49676337	0.511951951951952
