29029044	0.666666666666667
29029044	0.222222222222222
29029044	0.111111111111111
29029044	0.0666666666666667
29029044	0.155555555555556
29029044	0.111111111111111
29029044	0.166666666666667
29029044	0.203703703703704
29029044	0.22962962962963
29029044	0.187878787878788
29029044	0.212121212121212
29029044	0.230769230769231
29029044	0.245421245421245
29029044	0.257142857142857
29029044	0.266666666666667
29029044	0.274509803921569
29029044	0.355119825708061
29029044	0.387914230019493
29029044	0.349122807017544
29029044	0.315873015873016
29029044	0.317460317460318
29029044	0.289855072463768
29029044	0.293478260869565
29029044	0.323333333333333
29029044	0.34974358974359
29029044	0.373219373219373
29029044	0.37037037037037
29029044	0.390804597701149
29029044	0.364750957854406
29029044	0.362724014336918
29029044	0.34005376344086
29029044	0.359848484848485
29029044	0.358288770053476
29029044	0.33781512605042
29029044	0.337566137566138
29029044	0.337337337337337
29029044	0.337126600284495
29029044	0.371120107962213
29029044	0.369230769230769
29029044	0.383739837398374
29029044	0.365466511807975
29029044	0.363971945367294
29029044	0.362579281183932
29029044	0.376094276094276
29029044	0.374235104669887
29029044	0.358310206598828
29029044	0.34338061465721
29029044	0.34297052154195
29029044	0.329251700680272
29029044	0.329411764705882
29029044	0.316742081447964
29029044	0.31736816642477
29029044	0.342650826927557
29029044	0.342312008978676
29029044	0.353896103896104
29029044	0.353174603174603
29029044	0.375478927203065
29029044	0.38534969803234
29029044	0.38361581920904
29029044	0.381967213114754
29029044	0.369645690111052
29029044	0.379074927462024
29029044	0.388062169312169
29029044	0.396634615384615
29029044	0.394716394716395
29029044	0.402834313282075
29029044	0.390986245244366
29029044	0.398976982097187
29029044	0.406625258799172
29029044	0.395171026156942
29029044	0.384194053208138
29029044	0.382800608828006
29029044	0.390472664445267
29029044	0.388948948948949
29029044	0.387485380116959
29029044	0.377420824789246
29029044	0.384837384837385
29029044	0.391972303364708
29029044	0.398839662447257
29029044	0.405452674897119
29029044	0.395563585265482
29029044	0.386031932608483
29029044	0.392713711990821
29029044	0.383473389355742
29029044	0.374555403556772
29029044	0.36594493450949
29029044	0.357628004179728
29029044	0.349591419816139
29029044	0.34923012900541
29029044	0.348880748880749
29029044	0.34854276158624
29029044	0.348215677107683
29029044	0.340806832913902
29029044	0.333631952220978
29029044	0.347514619883041
29029044	0.354095074455899
29029044	0.346868644364963
29029044	0.339861197004054
29029044	0.33973063973064
29029044	0.333003300330033
29029044	0.326473823852974
29029044	0.339552002030586
29029044	0.33302215583769
29029044	0.333028083028083
29029044	0.339323150643905
29029044	0.345441721036854
29029044	0.35139033114111
29029044	0.363291425982558
29029044	0.374867945510147
29029044	0.368113568113568
29029044	0.361540111540112
29029044	0.355141171512853
29029044	0.348910624644206
29029044	0.348639715230104
29029044	0.342628685657171
29029044	0.336771785047647
29029044	0.336713506205032
29029044	0.342258937473294
29029044	0.353221288515406
29029044	0.352892561983471
29029044	0.36350088063948
29029044	0.368430405615532
29029044	0.378617011976571
29029044	0.37789247311828
29029044	0.387767195767196
29029044	0.381660625755114
29029044	0.386113845144357
29029044	0.385295542635659
29029044	0.379367918902803
29029044	0.373576042278332
29029044	0.378016809314519
29029044	0.387369940001519
29029044	0.391538547862193
29029044	0.39561451999263
29029044	0.39960058097313
29029044	0.393766995849435
29029044	0.402552981416834
29029044	0.406353178326904
29029044	0.410071942446043
29029044	0.418439716312057
29029044	0.426630706223155
29029044	0.425325847861059
29029044	0.424048174048174
29029044	0.427394636015326
29029044	0.42153991497402
29029044	0.424874972820178
29029044	0.423637923637924
29029044	0.422425781486184
29029044	0.42123788217748
29029044	0.42448859455482
29029044	0.418903218310677
29029044	0.417784657722738
29029044	0.416687887276123
29029044	0.415612344644603
29029044	0.410283981251723
29029044	0.417796287223039
29029044	0.42094654519068
29029044	0.419844492211342
29029044	0.422929769392034
29029044	0.425957556935818
29029044	0.433044500677351
29029044	0.427731071221187
29029044	0.422514838645319
29029044	0.421433850702143
29029044	0.416356334428624
29029044	0.411370031022293
29029044	0.414409276684726
29029044	0.417394571240725
29029044	0.416405615500638
29029044	0.419332645338837
29029044	0.418332653338773
29029044	0.421203566787651
29029044	0.416362146479747
29029044	0.415413245758073
29029044	0.41448051948052
29029044	0.413563602122924
29029044	0.416407456780719
29029044	0.4154792542841
29029044	0.410862818125388
29029044	0.413689379987723
29029044	0.416469350171008
29029044	0.4192037470726
29029044	0.421893561416013
29029044	0.420936153544849
29029044	0.427162646517485
29029044	0.426159124451345
29029044	0.425171616035196
29029044	0.424199782355811
29029044	0.430260837278381
29029044	0.432736290989253
29029044	0.428228621291449
29029044	0.423791018998273
29029044	0.419422039420971
29029044	0.418539078332893
29029044	0.417669631955346
29029044	0.416813425877965
29029044	0.412603189252935
29029044	0.411806507283894
29029044	0.411021775544389
29029044	0.410248756218906
29029044	0.416087877444461
29029044	0.411988489489343
29029044	0.41775330821984
29029044	0.413677666188427
29029044	0.412897624121872
29029044	0.40890827509654
29029044	0.404976464759074
29029044	0.407480677217519
29029044	0.409949115212273
29029044	0.406063341608365
29029044	0.405377209454827
29029044	0.407830631588272
29029044	0.41024965995349
29029044	0.412634934434543
29029044	0.408814240597186
29029044	0.411190760653126
29029044	0.407418368353556
29029044	0.409785932721713
29029044	0.409090909090909
29029044	0.408405320170026
29029044	0.410731998967293
29029044	0.407048303909291
29029044	0.409366325005338
29029044	0.405727513227513
29029044	0.410986561783022
29029044	0.40736553480696
29029044	0.409640106139063
29029044	0.406062463290687
29029044	0.408328586798304
29029044	0.4134512830165
29029044	0.412760611036473
29029044	0.409217601499679
29029044	0.408569018011078
29029044	0.407928714311693
29029044	0.412946267580238
29029044	0.41508736799447
29029044	0.411599238851659
29029044	0.408154893756666
29029044	0.407531380753138
29029044	0.404149377593361
29029044	0.400809300092589
29029044	0.397510458116519
29029044	0.399716656547258
29029044	0.404616928738709
29029044	0.409457441513191
29029044	0.406141996642639
29029044	0.402866657960037
29029044	0.399630781189273
29029044	0.396433734939759
29029044	0.395930942895086
29029044	0.398079639115496
29029044	0.397567810611289
29029044	0.402311371157657
29029044	0.404384746024394
29029044	0.401225490196078
29029044	0.405885214007782
29029044	0.40273881699997
29029044	0.399628864745144
29029044	0.404247104247104
29029044	0.406257982120051
29029044	0.403156776149669
29029044	0.400090945152333
29029044	0.397059953143603
29029044	0.394063274251954
29029044	0.391100392490661
29029044	0.393164559338421
29029044	0.392718057651816
29029044	0.397233165029869
29029044	0.396759832943228
29029044	0.396291740695185
29029044	0.400730772013603
29029044	0.397795015442074
29029044	0.397324492215003
29029044	0.394434859544349
29029044	0.396407553798858
29029044	0.395952144264811
29029044	0.393103567687366
29029044	0.395064593486501
29029044	0.392242703533026
29029044	0.391823419759363
29029044	0.389044530257523
29029044	0.391006524154408
29029044	0.390600374923273
29029044	0.390198500947204
29029044	0.392131844763424
29029044	0.391722099039172
29029044	0.395946251129178
29029044	0.40012655388953
29029044	0.39736706041443
29029044	0.394636015325671
29029044	0.394216133942161
29029044	0.391525238829928
29029044	0.393396949223375
29029044	0.395249625273838
29029044	0.394831271949916
29029044	0.398906482239816
29029044	0.400703530457445
29029044	0.400252893687385
29029044	0.399806763285024
29029044	0.401579918789221
29029044	0.405542965684657
29029044	0.405066334448014
29029044	0.404594406809102
29029044	0.404127121081392
29029044	0.408021715061252
29029044	0.409706698459333
29029044	0.413539771845961
29029044	0.415178133624736
29029044	0.416800640289522
29029044	0.416263873042216
29029044	0.413595514881689
29029044	0.415212582944212
29029044	0.416814201311871
29029044	0.420516968287669
29029044	0.41785546848838
29029044	0.415219156384352
29029044	0.414704151207931
29029044	0.412104125181549
29029044	0.413695141065831
29029044	0.417348130841121
29029044	0.4168262998007
29029044	0.414245332000077
29029044	0.415803488386908
29029044	0.413244697689142
29029044	0.414799433695139
29029044	0.418378642051744
29029044	0.415827552770941
29029044	0.413299725702424
29029044	0.416855484940591
29029044	0.418364918062803
29029044	0.415844647472064
29029044	0.419353088027787
29029044	0.420834007660355
29029044	0.418321565823577
29029044	0.419799810471452
29029044	0.419286656304461
29029044	0.418778056760253
29029044	0.418273958096967
29029044	0.417774307363063
29029044	0.415324018170318
29029044	0.418743175958796
29029044	0.41824515938372
29029044	0.419689470472575
29029044	0.421121222334569
29029044	0.420613777889475
29029044	0.422031950159085
29029044	0.42535360561794
29029044	0.422916049138754
29029044	0.422404147905581
29029044	0.421896621896622
29029044	0.421393421393421
29029044	0.422783071508284
29029044	0.420394466584508
29029044	0.418026047054455
29029044	0.417550245291977
29029044	0.415211028231517
29029044	0.414753610941583
29029044	0.414300016080256
29029044	0.415702053027958
29029044	0.417092438699087
29029044	0.418471301837029
29029044	0.419838769411848
