14462062	0.333333333333333
14462062	0.333333333333333
14462062	0.166666666666667
14462062	0.233333333333333
14462062	0.155555555555556
14462062	0.111111111111111
14462062	0.166666666666667
14462062	0.203703703703704
14462062	0.22962962962963
14462062	0.187878787878788
14462062	0.156565656565657
14462062	0.183760683760684
14462062	0.205128205128205
14462062	0.222222222222222
14462062	0.236111111111111
14462062	0.247549019607843
14462062	0.257080610021787
14462062	0.265107212475634
14462062	0.271929824561404
14462062	0.246031746031746
14462062	0.253968253968254
14462062	0.260869565217391
14462062	0.294685990338164
14462062	0.297777777777778
14462062	0.326153846153846
14462062	0.351377018043685
14462062	0.326278659611993
14462062	0.326765188834154
14462062	0.3272030651341
14462062	0.327598566308244
14462062	0.307123655913979
14462062	0.308712121212121
14462062	0.290552584670232
14462062	0.273949579831933
14462062	0.258730158730159
14462062	0.244744744744745
14462062	0.249407302038881
14462062	0.270805218173639
14462062	0.273931623931624
14462062	0.276829268292683
14462062	0.279519938056523
14462062	0.28202288667405
14462062	0.299506694855532
14462062	0.301010101010101
14462062	0.316908212560387
14462062	0.317607153869874
14462062	0.318262411347518
14462062	0.318877551020408
14462062	0.346122448979592
14462062	0.34562091503268
14462062	0.357968828557064
14462062	0.382196419932269
14462062	0.38038667598416
14462062	0.390796857463524
14462062	0.400649350649351
14462062	0.409983291562239
14462062	0.407340189554346
14462062	0.416130917592051
14462062	0.424482109227872
14462062	0.421493624772313
14462062	0.418649744403314
14462062	0.415941286909029
14462062	0.423776455026455
14462062	0.44150641025641
14462062	0.428127428127428
14462062	0.435248002412182
14462062	0.442054433713784
14462062	0.438903097470872
14462062	0.435886818495514
14462062	0.432997987927565
14462062	0.439488784559207
14462062	0.445712836123795
14462062	0.451684561273603
14462062	0.448528528528529
14462062	0.454269005847953
14462062	0.459785828206881
14462062	0.465090465090465
14462062	0.470193660067078
14462062	0.475105485232068
14462062	0.488065843621399
14462062	0.484291879955837
14462062	0.472622196101479
14462062	0.469305794607
14462062	0.481792717086835
14462062	0.48609211126311
14462062	0.482580415218747
14462062	0.486764193660745
14462062	0.483316309159006
14462062	0.47257594673325
14462062	0.46951566951567
14462062	0.466555183946488
14462062	0.456521739130435
14462062	0.446808510638298
14462062	0.45143710339679
14462062	0.448976608187135
14462062	0.453465063001146
14462062	0.451013395048741
14462062	0.441902013330585
14462062	0.446397306397306
14462062	0.457359735973597
14462062	0.448391898013331
14462062	0.446157751126341
14462062	0.443988050784167
14462062	0.454578754578755
14462062	0.452291105121294
14462062	0.450067595368248
14462062	0.454078689281182
14462062	0.457979386113943
14462062	0.449652488184598
14462062	0.453562653562654
14462062	0.457368082368082
14462062	0.461072482090181
14462062	0.458831444392693
14462062	0.450851767098907
14462062	0.448825587206397
14462062	0.446851360644464
14462062	0.444927326283259
14462062	0.443051796989982
14462062	0.446778711484594
14462062	0.444903581267218
14462062	0.448539041683602
14462062	0.446665778133191
14462062	0.45021417956115
14462062	0.453677419354839
14462062	0.462349206349206
14462062	0.465566804149481
14462062	0.463500656167979
14462062	0.461482558139535
14462062	0.45438282647585
14462062	0.457623801135252
14462062	0.465841622330172
14462062	0.458836485152275
14462062	0.461938428159952
14462062	0.455094895890916
14462062	0.453304284676834
14462062	0.451552883927294
14462062	0.449839557107091
14462062	0.448163208563584
14462062	0.441760877012676
14462062	0.444951030057413
14462062	0.443378949821863
14462062	0.441839850290554
14462062	0.440332815332815
14462062	0.434259259259259
14462062	0.432876712328767
14462062	0.431522380641755
14462062	0.425690997119569
14462062	0.424451296934518
14462062	0.418791946308725
14462062	0.413245033112583
14462062	0.412193563378645
14462062	0.406805412223369
14462062	0.405851229380641
14462062	0.400614439324117
14462062	0.395478356768679
14462062	0.390440415918123
14462062	0.389717541455024
14462062	0.384815434015339
14462062	0.380005241090147
14462062	0.375284679089027
14462062	0.370651534902743
14462062	0.370193642858946
14462062	0.373809167539528
14462062	0.369278147326928
14462062	0.368845077278812
14462062	0.364427770964096
14462062	0.364057599087539
14462062	0.363693998309383
14462062	0.363336814015547
14462062	0.362985896112831
14462062	0.358765129878961
14462062	0.362324685217547
14462062	0.361991451287844
14462062	0.365473453749316
14462062	0.365108225108225
14462062	0.364749186783085
14462062	0.364396199665672
14462062	0.36032473374762
14462062	0.363728533002276
14462062	0.363392674442398
14462062	0.366725355675632
14462062	0.366360415540743
14462062	0.362378237110953
14462062	0.362064238151195
14462062	0.361755303690788
14462062	0.357886263009603
14462062	0.354078962339288
14462062	0.353859431873616
14462062	0.35715213960828
14462062	0.356902728024249
14462062	0.353184991273997
14462062	0.359887737478411
14462062	0.356177554617809
14462062	0.355943254912327
14462062	0.35231118088261
14462062	0.352118512379571
14462062	0.351928763096276
14462062	0.348391790602846
14462062	0.348241206030151
14462062	0.344776119402985
14462062	0.347963154524408
14462062	0.347819018355037
14462062	0.347677001835217
14462062	0.34753706360593
14462062	0.347399163312022
14462062	0.344042649656833
14462062	0.347144803666543
14462062	0.347012636486321
14462062	0.34370775423407
14462062	0.346768976152862
14462062	0.349786878893559
14462062	0.349632385508017
14462062	0.349480057917599
14462062	0.349329855828443
14462062	0.346095320126328
14462062	0.34904989474882
14462062	0.351963810087515
14462062	0.351793668747295
14462062	0.351625847516259
14462062	0.351460304401481
14462062	0.351296998355822
14462062	0.348146352630658
14462062	0.350990284005979
14462062	0.34787037037037
14462062	0.350691576532285
14462062	0.353475498031266
14462062	0.359146765592395
14462062	0.358921320769172
14462062	0.361597367255237
14462062	0.361352657004831
14462062	0.35823754789272
14462062	0.358023777810666
14462062	0.354963745521685
14462062	0.354779656907317
14462062	0.360247625916577
14462062	0.36002050108465
14462062	0.359796239170774
14462062	0.35957479226
14462062	0.362133891213389
14462062	0.359128630705394
14462062	0.356160625492953
14462062	0.355972746545137
14462062	0.355787177584385
14462062	0.352882792461247
14462062	0.35272385376915
14462062	0.349867790175878
14462062	0.347046275738975
14462062	0.346936131623267
14462062	0.349493975903615
14462062	0.346709163346614
14462062	0.346603005965556
14462062	0.346498107367673
14462062	0.346394447729607
14462062	0.348906386701662
14462062	0.346180555555556
14462062	0.346080577172503
14462062	0.343397782000623
14462062	0.343320064250297
14462062	0.340679140679141
14462062	0.338068572551331
14462062	0.335487896424985
14462062	0.332936657668902
14462062	0.335464915312824
14462062	0.335448827901658
14462062	0.33543292192746
14462062	0.335417194672073
14462062	0.337889205657108
14462062	0.340333647746398
14462062	0.34275092936803
14462062	0.342681426814268
14462062	0.340161710440634
14462062	0.340111685699921
14462062	0.340062208675347
14462062	0.340013271400133
14462062	0.342380324989021
14462062	0.342315003749629
14462062	0.344648468950471
14462062	0.349346329388102
14462062	0.349231950844854
14462062	0.349118793424843
14462062	0.351370906001026
14462062	0.353599144592303
14462062	0.353456427611606
14462062	0.350976031628367
14462062	0.350852656115814
14462062	0.348407689871105
14462062	0.348303006839592
14462062	0.348199410483148
14462062	0.350395736387862
14462062	0.352569419757475
14462062	0.352437665740872
14462062	0.352307260741503
14462062	0.354445760101538
14462062	0.354302625004804
14462062	0.356413192853871
14462062	0.358502441835775
14462062	0.358333521644484
14462062	0.35816629630461
14462062	0.360222965440357
14462062	0.364473975636766
14462062	0.364267746217538
14462062	0.364063558673748
14462062	0.363861386138614
14462062	0.363661202185792
14462062	0.363462980820744
14462062	0.363266696472291
14462062	0.365236826148878
14462062	0.365030331049749
14462062	0.366976371924697
14462062	0.366760017978771
14462062	0.366545744359249
14462062	0.368463449933099
14462062	0.370362833479172
14462062	0.372244127658141
14462062	0.371997856807983
14462062	0.371753916596787
14462062	0.373608713767038
14462062	0.377535931862542
14462062	0.377259665621735
14462062	0.37906282450675
14462062	0.378778790400083
14462062	0.380561377869226
14462062	0.380269846730115
14462062	0.382032288698955
14462062	0.385823501651723
14462062	0.385502460866901
14462062	0.38518435643072
14462062	0.38284281019102
14462062	0.382542752755519
14462062	0.382245414873814
14462062	0.381950763780196
14462062	0.381658767200936
14462062	0.383365401329473
14462062	0.383066702416063
14462062	0.382770670457238
14462062	0.382477273797749
14462062	0.380214094662851
14462062	0.381904080338389
14462062	0.381618370061889
14462062	0.381335173365534
14462062	0.384953096328309
14462062	0.386595741053314
14462062	0.386286075892151
14462062	0.384046736321762
14462062	0.383753595264025
14462062	0.383462988567018
14462062	0.383174887100158
14462062	0.384799481825467
14462062	0.388314913357893
14462062	0.389900963234297
14462062	0.387685616852284
14462062	0.389266246029702
14462062	0.3908334800446
14462062	0.390509535556086
14462062	0.388315661760827
14462062	0.389875051144053
14462062	0.391421373018481
14462062	0.392954772983095
14462062	0.390771690910967
14462062	0.394146917000103
14462062	0.391969309723859
14462062	0.391646246493057
14462062	0.3913258458713
14462062	0.392834562697576
14462062	0.39433091299249
14462062	0.393998501114238
14462062	0.393668799115429
14462062	0.393341777620675
14462062	0.396621011255158
14462062	0.3944828925961
14462062	0.394154131524795
14462062	0.395615324742714
14462062	0.395282265965124
14462062	0.394951871657754
14462062	0.392851063829787
14462062	0.392535319901424
14462062	0.390458413446919
14462062	0.390156961836821
14462062	0.388103504142943
14462062	0.389565777961965
14462062	0.391016567955184
14462062	0.388974705981527
14462062	0.388684907165651
14462062	0.388397366522367
14462062	0.386384944934168
14462062	0.386110776398763
14462062	0.387556940781587
14462062	0.388991952225726
14462062	0.388706523410894
14462062	0.39012831442499
14462062	0.391539224385406
14462062	0.391243011199391
14462062	0.390949053443726
14462062	0.39065732827861
14462062	0.392051314836125
14462062	0.393434767490183
14462062	0.396482833985207
14462062	0.394495451358715
14462062	0.394189640768588
14462062	0.392223607647548
14462062	0.39524737079358
14462062	0.396594364817764
14462062	0.396281191394574
14462062	0.395970337774518
14462062	0.395661781102394
14462062	0.395355498803775
14462062	0.39831944243709
14462062	0.399631653802515
14462062	0.399308247361202
14462062	0.398987201550848
14462062	0.401904739407397
14462062	0.401572674486941
14462062	0.402853321792158
14462062	0.400911860000388
14462062	0.398984399135002
14462062	0.398669525917727
14462062	0.39835691255608
14462062	0.398046537476257
14462062	0.397738379361291
14462062	0.397432417147382
14462062	0.398708408851264
14462062	0.401551395097831
14462062	0.404374265875671
14462062	0.405608583055864
14462062	0.405269262634631
14462062	0.404932326197623
14462062	0.403040119065858
14462062	0.4027151457058
14462062	0.403942827198641
14462062	0.402068382524866
14462062	0.403293374581078
14462062	0.404509879394406
14462062	0.405717975188287
14462062	0.408450306336847
14462062	0.409634785053956
14462062	0.412336685351192
14462062	0.413498009466788
14462062	0.414651397426696
14462062	0.415796921377787
14462062	0.416934652648938
14462062	0.418064661762141
14462062	0.420691909338835
14462062	0.420298402239712
14462062	0.418409420656612
14462062	0.416533145227658
14462062	0.416160886561464
14462062	0.415791120698839
14462062	0.415423825432177
14462062	0.416540460282108
14462062	0.414693274205469
14462062	0.414333274467097
14462062	0.415447329178795
14462062	0.416554022295482
14462062	0.414723015604073
14462062	0.415828031617505
14462062	0.414008215286575
14462062	0.413655923225644
14462062	0.414758366552185
14462062	0.417302895393262
14462062	0.418384733880348
14462062	0.418016545999192
14462062	0.419090628593868
14462062	0.418720985079814
14462062	0.418353726362625
14462062	0.419419447136462
14462062	0.419050769989554
14462062	0.420108957582191
14462062	0.419738912276226
14462062	0.417952789245263
14462062	0.417593470961136
14462062	0.420061295236724
14462062	0.422513467349888
14462062	0.424950119386387
14462062	0.425967873269672
14462062	0.425578652513637
14462062	0.426589503726019
14462062	0.426199310544459
14462062	0.428595138057844
14462062	0.428198213871492
14462062	0.429189766689767
14462062	0.430175148017472
14462062	0.428393884464604
14462062	0.428001072269847
14462062	0.427610689841243
14462062	0.428594459293199
14462062	0.429572168563727
14462062	0.429177747107865
14462062	0.430149071932236
14462062	0.429753905652241
14462062	0.430718927082035
14462062	0.428968037134547
14462062	0.42858006673373
14462062	0.4308935077591
14462062	0.430499325236167
14462062	0.431451612903226
14462062	0.429715389108847
14462062	0.430667000665304
14462062	0.431612891110199
14462062	0.432553106212425
14462062	0.432157019294744
14462062	0.431763299430356
14462062	0.432697308842826
14462062	0.43362575867546
14462062	0.433228560951333
14462062	0.432833718154424
14462062	0.432441211705426
14462062	0.433363359165903
14462062	0.432970313877759
14462062	0.432579580620723
14462062	0.432191141296701
14462062	0.434409144651011
14462062	0.435314632066277
14462062	0.436214834535539
14462062	0.435815294725045
14462062	0.435418077820426
14462062	0.436312656500682
14462062	0.434628051649328
14462062	0.432953184398271
14462062	0.432570031124944
14462062	0.43218908410847
14462062	0.431810326442665
14462062	0.431433741382973
14462062	0.432331576975659
14462062	0.430684599539561
14462062	0.431581869756775
14462062	0.43247403217389
14462062	0.432098499223736
14462062	0.432985335395543
14462062	0.431351428469522
14462062	0.432237738217911
14462062	0.433119049978997
14462062	0.43274461952254
14462062	0.43362073205866
14462062	0.434491931814204
14462062	0.435358255451713
14462062	0.434978274363749
14462062	0.434600412129436
14462062	0.432987794644725
14462062	0.432618704047276
14462062	0.433483946053262
14462062	0.433114386596731
14462062	0.433974615989254
14462062	0.434830101469686
14462062	0.434457636265515
14462062	0.435308218794457
14462062	0.434935367293685
14462062	0.434564556950765
14462062	0.432981443810689
14462062	0.432619087045317
14462062	0.432258703184293
14462062	0.430692548462611
14462062	0.431545981078177
14462062	0.431191422783069
14462062	0.432039982220488
14462062	0.432883963099791
14462062	0.432526510210144
14462062	0.433365722240454
14462062	0.435393036293261
14462062	0.435028537354119
14462062	0.435854341736695
14462062	0.435489498290419
14462062	0.435126598947766
14462062	0.437129696114617
14462062	0.437942216364359
14462062	0.437572573668136
14462062	0.438380665706932
14462062	0.439184489653973
14462062	0.438812429350562
14462062	0.439611917902548
14462062	0.441574748312697
14462062	0.441196281826755
14462062	0.440819796840739
14462062	0.440445279546288
14462062	0.441232136544968
14462062	0.440857487922705
14462062	0.440484787213557
14462062	0.44126742347464
14462062	0.443197415103398
14462062	0.442818573442122
14462062	0.442441687934002
14462062	0.443212220506967
14462062	0.443978788075267
14462062	0.444741417796471
14462062	0.444360535456426
14462062	0.44511925945373
14462062	0.444738387473763
14462062	0.443225671870111
14462062	0.445116246838294
14462062	0.445867265210594
14462062	0.445486439722007
14462062	0.445107544092316
14462062	0.444730565303921
14462062	0.444355490448801
14462062	0.443982306727405
14462062	0.443611001447559
14462062	0.444358256607422
14462062	0.443986935793796
14462062	0.443617474683745
14462062	0.442138749768132
14462062	0.441776668515437
14462062	0.441416391654367
14462062	0.441057907215491
14462062	0.440701203328464
14462062	0.439244339846387
14462062	0.438894798570766
14462062	0.439645282485415
14462062	0.440392063354432
14462062	0.440040474750094
14462062	0.441876407619766
14462062	0.442612218615009
14462062	0.443344422693609
14462062	0.44298549581152
14462062	0.442628322643839
14462062	0.442272891784292
14462062	0.441919191919192
14462062	0.442647708855164
14462062	0.442293940649592
14462062	0.441941886991058
14462062	0.442666805635173
14462062	0.443388222256853
14462062	0.444106159377141
14462062	0.444820639336337
14462062	0.445531684295729
14462062	0.44517264957265
14462062	0.444815335463259
14462062	0.444459730990755
14462062	0.444105825265731
14462062	0.445873374310991
14462062	0.445516104339634
14462062	0.44516053295768
14462062	0.444806649414565
14462062	0.444454443044641
14462062	0.445155427977202
14462062	0.444803232403521
14462062	0.443404480100365
14462062	0.444105460277967
14462062	0.443758212231119
14462062	0.443412594456791
14462062	0.442026930099113
14462062	0.442727834113365
14462062	0.442387041276044
14462062	0.442047838451961
14462062	0.442745412452627
14462062	0.444473333654325
14462062	0.444129246966024
14462062	0.443786755733775
14462062	0.443445850109082
14462062	0.443106520319326
14462062	0.443794397692703
14462062	0.442430974043877
14462062	0.441073823816749
14462062	0.440743837628438
14462062	0.441434733130084
14462062	0.441104652520018
14462062	0.439759821262335
14462062	0.440450557473611
14462062	0.440124973205708
14462062	0.440812504900582
14462062	0.439476709431186
14462062	0.438146976573603
14462062	0.436823269695737
14462062	0.435505552441753
14462062	0.43720583692235
14462062	0.436893438415315
14462062	0.436582447108763
14462062	0.437272354813584
14462062	0.438957168122526
14462062	0.440634426214835
14462062	0.439319099569418
14462062	0.43900319564621
14462062	0.438688702008374
14462062	0.439366199674521
14462062	0.44004068177242
14462062	0.440712166172107
14462062	0.440394477317554
14462062	0.441062932825233
14462062	0.441728430565178
14462062	0.441409151928265
14462062	0.442071674030437
14462062	0.44273127753304
14462062	0.44241046244741
14462062	0.4430671424012
14462062	0.441771624440963
14462062	0.442428252301476
14462062	0.441138374014882
14462062	0.44082453110169
14462062	0.441481048937635
14462062	0.441167122332107
14462062	0.440854560624864
14462062	0.440543355914903
14462062	0.441196891495111
14462062	0.441847597916962
14462062	0.441534876693378
14462062	0.442182737959488
14462062	0.440912097907881
14462062	0.440603407048269
14462062	0.441251152777835
14462062	0.439988631596782
14462062	0.439683902173173
14462062	0.440331499218803
14462062	0.440026661139357
14462062	0.440671440671441
14462062	0.442260442260442
14462062	0.44100580270793
14462062	0.441645068611496
14462062	0.441338670491898
14462062	0.441975190255103
14462062	0.440728433724059
14462062	0.442303846586808
14462062	0.442934965630633
14462062	0.442627095876989
14462062	0.441385505145217
14462062	0.440149131181224
14462062	0.439850345732699
14462062	0.438621713482049
14462062	0.438328022045093
14462062	0.438035557731132
14462062	0.438671527436099
14462062	0.439304847267295
14462062	0.438086248523142
14462062	0.437796074242838
14462062	0.438429187914826
14462062	0.438138867874546
14462062	0.436930208928685
14462062	0.436644818086824
14462062	0.435443594378195
14462062	0.435163071683017
14462062	0.433969208660567
14462062	0.434606735942775
14462062	0.433417661425832
14462062	0.432233460165106
14462062	0.431054105567111
14462062	0.429879571219517
14462062	0.428709830889668
14462062	0.427544858523119
14462062	0.428193764379683
14462062	0.427033347674047
14462062	0.42587764172635
14462062	0.425627521973936
14462062	0.425378414852099
14462062	0.425130314901914
14462062	0.424883216701191
14462062	0.42463711486418
14462062	0.425286858627409
14462062	0.425933989480061
14462062	0.426578521413626
14462062	0.427220468326067
14462062	0.427859844022571
14462062	0.428496662216288
14462062	0.42735552596538
14462062	0.427105466942422
14462062	0.426856404170552
14462062	0.427492505662584
14462062	0.427243077391513
14462062	0.426112804700001
14462062	0.425867680601278
14462062	0.425623526650703
14462062	0.425380337735506
14462062	0.424260915794097
14462062	0.424021947114831
14462062	0.423783919257136
14462062	0.424420571281801
14462062	0.42418212301492
14462062	0.423944609839282
14462062	0.422837704852756
14462062	0.423473503970915
14462062	0.422370708387658
14462062	0.422139141742523
14462062	0.422774278170897
14462062	0.422542265343822
14462062	0.422311154120997
14462062	0.421218499129739
14462062	0.422714058563513
14462062	0.421623183573671
14462062	0.421395632413258
14462062	0.422026960686755
14462062	0.420942058474192
14462062	0.420717132350596
14462062	0.420493071327474
14462062	0.421977083948915
14462062	0.422602888508295
14462062	0.423226295349058
14462062	0.42384731670446
14462062	0.422767450929416
14462062	0.422539883200164
14462062	0.42316028163337
14462062	0.423778318143607
14462062	0.423549053289842
14462062	0.422476777205564
14462062	0.421408567907952
14462062	0.42118615569943
14462062	0.420964584899011
14462062	0.420743851267863
14462062	0.422201099440774
14462062	0.42365285547233
14462062	0.423426206734215
14462062	0.424035831947078
14462062	0.423808791900486
14462062	0.424415936587401
14462062	0.423356221389929
14462062	0.423962980605083
14462062	0.423737252965552
14462062	0.425170742386036
14462062	0.425770732260025
14462062	0.424714229202308
14462062	0.4253138634959
14462062	0.425086188916289
14462062	0.426507483875705
14462062	0.427100469512226
14462062	0.426869231198591
14462062	0.426638847213702
14462062	0.426409313354217
14462062	0.426180625442618
14462062	0.426770775237033
14462062	0.425724768434981
14462062	0.42468260253918
14462062	0.424459254692711
14462062	0.424236724970221
14462062	0.424015009380863
14462062	0.422982086093699
14462062	0.422763962607664
14462062	0.423356678777917
14462062	0.423138175512275
14462062	0.422920466803962
14462062	0.423510651307262
14462062	0.424098694875241
14462062	0.423879454871516
14462062	0.423661008257431
14462062	0.423443351209422
14462062	0.422424233637317
14462062	0.422210072819279
