6611089	0
6611089	0.222222222222222
6611089	0.111111111111111
6611089	0.333333333333333
6611089	0.333333333333333
6611089	0.333333333333333
6611089	0.416666666666667
6611089	0.472222222222222
6611089	0.444444444444445
6611089	0.363636363636364
6611089	0.358585858585859
6611089	0.405982905982906
6611089	0.347985347985348
6611089	0.301587301587302
6611089	0.347222222222222
6611089	0.306372549019608
6611089	0.309368191721133
6611089	0.311890838206628
6611089	0.347368421052632
6611089	0.346031746031746
6611089	0.375180375180375
6611089	0.371541501976285
6611089	0.396135265700483
6611089	0.417777777777778
6611089	0.411282051282051
6611089	0.380816714150048
6611089	0.353615520282187
6611089	0.329228243021347
6611089	0.30727969348659
6611089	0.287455197132617
6611089	0.269489247311828
6611089	0.253156565656566
6611089	0.25787284610814
6611089	0.243137254901961
6611089	0.248148148148148
6611089	0.270770770770771
6611089	0.256519677572309
6611089	0.243364822312191
6611089	0.231196581196581
6611089	0.219918699186992
6611089	0.225319396051103
6611089	0.245847176079734
6611089	0.234672304439746
6611089	0.224242424242424
6611089	0.243478260869565
6611089	0.233117483811286
6611089	0.223404255319149
6611089	0.214285714285714
6611089	0.232380952380952
6611089	0.236339869281046
6611089	0.240070387129211
6611089	0.231011127237542
6611089	0.247146517586769
6611089	0.250280583613917
6611089	0.241341991341991
6611089	0.232873851294904
6611089	0.224843718491631
6611089	0.217221897525813
6611089	0.209981167608286
6611089	0.224954462659381
6611089	0.228450555261766
6611089	0.231780167264038
6611089	0.224537037037037
6611089	0.238141025641026
6611089	0.251126651126651
6611089	0.253580581938791
6611089	0.246122329528827
6611089	0.258312020460358
6611089	0.260455486542443
6611089	0.253118712273642
6611089	0.246087636932707
6611089	0.239345509893455
6611089	0.241885721337776
6611089	0.244324324324324
6611089	0.237894736842105
6611089	0.240373661426293
6611089	0.242757242757243
6611089	0.236611489776047
6611089	0.230696202531646
6611089	0.241460905349794
6611089	0.235571614975409
6611089	0.22989519051817
6611089	0.232358003442341
6611089	0.226890756302521
6611089	0.221614227086183
6611089	0.216519647153168
6611089	0.22675026123302
6611089	0.229145386448757
6611089	0.231460674157303
6611089	0.226373626373626
6611089	0.221452460582895
6611089	0.216690042075736
6611089	0.226264012811714
6611089	0.228518103770063
6611089	0.22375730994152
6611089	0.226016609392898
6611089	0.221404025527737
6611089	0.223665223665224
6611089	0.219191919191919
6611089	0.214851485148515
6611089	0.223710606354753
6611089	0.232311694904499
6611089	0.227844162310182
6611089	0.236202686202686
6611089	0.238035339922132
6611089	0.233586081231999
6611089	0.229260413061036
6611089	0.237286215879488
6611089	0.239032527105922
6611089	0.240731640731641
6611089	0.242385242385242
6611089	0.243994943109987
6611089	0.23971433007297
6611089	0.235545385202136
6611089	0.248725637181409
6611089	0.255869928283721
6611089	0.251533149838235
6611089	0.247305701941794
6611089	0.254295051353875
6611089	0.255601469237833
6611089	0.251411281217541
6611089	0.24732329290506
6611089	0.243334207535624
6611089	0.239440860215054
6611089	0.240931216931217
6611089	0.237137024538599
6611089	0.238640091863517
6611089	0.234940245478036
6611089	0.23132578016299
6611089	0.232883147386964
6611089	0.234405119901303
6611089	0.230880230880231
6611089	0.232409381663113
6611089	0.228966279712548
6611089	0.225599128540305
6611089	0.227171890654072
6611089	0.228710462287105
6611089	0.225419664268585
6611089	0.222199383350463
6611089	0.223775751435326
6611089	0.220623980288349
6611089	0.217538330214387
6611089	0.214516964516965
6611089	0.211558109833972
6611089	0.217792473626201
6611089	0.219364458112012
6611089	0.216400073542931
6611089	0.217969647499849
6611089	0.215063385533184
6611089	0.212214863870493
6611089	0.213808527942373
6611089	0.215370943699117
6611089	0.212573918456271
6611089	0.209831029185868
6611089	0.211414392059553
6611089	0.208721215090642
6611089	0.210298583675992
6611089	0.211846190589921
6611089	0.213364779874214
6611089	0.210714285714286
6611089	0.208112874779542
6611089	0.205559342573658
6611089	0.203052521322759
6611089	0.200591278640059
6611089	0.206206644760862
6611089	0.203737104105043
6611089	0.205279916357761
6611089	0.210740114586268
6611089	0.208260819120548
6611089	0.205825020066506
6611089	0.203431705879686
6611089	0.204933458798226
6611089	0.202577901800545
6611089	0.207881773399015
6611089	0.213095238095238
6611089	0.210687382297552
6611089	0.208320108339152
6611089	0.209716904149143
6611089	0.207386716325264
6611089	0.212461632903622
6611089	0.213789893347904
6611089	0.215096379030805
6611089	0.220004751722499
6611089	0.217626321974148
6611089	0.215286253995931
6611089	0.212983727215226
6611089	0.22135624075549
6611089	0.222541183534091
6611089	0.223707416689873
6611089	0.221364930651235
6611089	0.219059045956952
6611089	0.216789004029937
6611089	0.2179904919609
6611089	0.215754692043352
6611089	0.213553113553114
6611089	0.214769156393522
6611089	0.219333777709412
6611089	0.217129418134443
6611089	0.214958123953099
6611089	0.212819237147595
6611089	0.210712115987718
6611089	0.218488351298184
6611089	0.219614282494607
6611089	0.223975769169456
6611089	0.22827373904807
6611089	0.226068195675625
6611089	0.223894463024898
6611089	0.221751932278248
6611089	0.219640009113693
6611089	0.217558113292711
6611089	0.221794986437748
6611089	0.225972185313137
6611089	0.223860295730771
6611089	0.221777874375136
6611089	0.219724375538329
6611089	0.22384365932753
6611089	0.221790047774067
6611089	0.22280870791616
6611089	0.226843780268438
6611089	0.230824077882901
6611089	0.228744581685758
6611089	0.226693060773778
6611089	0.230621396540679
6611089	0.231534391534392
6611089	0.229485414618158
6611089	0.230400374254415
6611089	0.234227271556277
6611089	0.232181618529585
6611089	0.230162647933675
6611089	0.228169897735115
6611089	0.23195004229487
6611089	0.238542745794485
6611089	0.236503918907352
6611089	0.243001757895375
6611089	0.240942420964058
6611089	0.238909151588834
6611089	0.236901511659516
6611089	0.237708472510343
6611089	0.241283124128312
6611089	0.239280774550484
6611089	0.242812889361362
6611089	0.246301397816549
6611089	0.252479255211496
6611089	0.253139288502286
6611089	0.251081245506333
6611089	0.254446309645283
6611089	0.257770667363197
6611089	0.258377596407134
6611089	0.258977242302544
6611089	0.262225763612218
6611089	0.260144606758153
6611089	0.263358219879959
6611089	0.263909205025261
6611089	0.264453707992383
6611089	0.262387663398693
6611089	0.260345736057069
6611089	0.260911531384792
6611089	0.266618778246685
6611089	0.267131967131967
6611089	0.26763925729443
6611089	0.26814073879091
6611089	0.268636499966138
6611089	0.269126627491647
6611089	0.2721269296741
6611089	0.275093393862014
6611089	0.27303276918889
6611089	0.275970335587978
6611089	0.278875141023507
6611089	0.276809399238148
6611089	0.274766525443032
6611089	0.275197163736343
6611089	0.275623069740717
6611089	0.273611222516332
6611089	0.271621322716213
6611089	0.272068511198946
6611089	0.27732433422278
6611089	0.275329195127652
6611089	0.273355509141074
6611089	0.276164874551971
6611089	0.274199288256228
6611089	0.272254612452992
6611089	0.2703305515876
6611089	0.27077423314919
6611089	0.268874063092002
6611089	0.266993824888562
6611089	0.265133240742997
6611089	0.265606852497096
6611089	0.263768742791234
6611089	0.261949648013364
6611089	0.264731208279022
6611089	0.262917980825056
6611089	0.261123318839902
6611089	0.259346969732148
6611089	0.257588685191591
6611089	0.255848221102458
6611089	0.254125337458671
6611089	0.252419798281096
6611089	0.252961025940308
6611089	0.253496841322928
6611089	0.251812476928756
6611089	0.252352350149978
6611089	0.255087098113785
6611089	0.257794858433212
6611089	0.256104400345125
6611089	0.258787813850495
6611089	0.257101899753749
6611089	0.259761411227209
6611089	0.262395102200927
6611089	0.262852768208233
6611089	0.261162396708502
6611089	0.259488278780883
6611089	0.257830206711996
6611089	0.256187976095996
6611089	0.254561385771577
6611089	0.257169647043065
6611089	0.257650175032278
6611089	0.262319041855974
6611089	0.264854136682374
6611089	0.269448798328109
6611089	0.271923676012461
6611089	0.274375495830189
6611089	0.272676576351364
6611089	0.270993387608455
6611089	0.271377018043685
6611089	0.271757118137486
6611089	0.274172467058154
6611089	0.272500683722434
6611089	0.270844144611659
6611089	0.271222866967548
6611089	0.273612255485367
6611089	0.275980053143086
6611089	0.278326519290375
6611089	0.276659893426361
6611089	0.280978341823815
6611089	0.281289978678038
6611089	0.281598841316942
6611089	0.283877349159248
6611089	0.286135693215339
6611089	0.284452542078778
6611089	0.284739232936576
6611089	0.28697272670108
6611089	0.285299416341307
6611089	0.283640698804439
6611089	0.281996404898326
6611089	0.284219932422999
6611089	0.28450300677983
6611089	0.286699349652743
6611089	0.290787032462756
6611089	0.292934916086779
6611089	0.295064441731109
6611089	0.297175818009151
6611089	0.29549210232638
6611089	0.297589133763331
6611089	0.297790509535556
6611089	0.299862847496967
6611089	0.298182943589421
6611089	0.300241511874769
6611089	0.298568857212514
6611089	0.298761993190963
6611089	0.297106802092952
6611089	0.29730694867439
6611089	0.295668893860757
6611089	0.299538844993391
6611089	0.297897536253701
6611089	0.298091174489109
6611089	0.298283229850657
6611089	0.300285313746397
6611089	0.302271120537292
6611089	0.302439024390244
6611089	0.30440251572327
6611089	0.304558057753432
6611089	0.302925038677006
6611089	0.303087649878377
6611089	0.303248960190137
6611089	0.301635933806147
6611089	0.303572436367741
6611089	0.305493569861386
6611089	0.305640481541977
6611089	0.30578623339351
6611089	0.305930837592669
6611089	0.304329105458676
6611089	0.306221207605977
6611089	0.308098527705251
6611089	0.309961219336219
6611089	0.310082318372474
6611089	0.311925131541953
6611089	0.313753696155998
6611089	0.317281954787587
6611089	0.315654867839958
6611089	0.31745032461145
6611089	0.317531360370235
6611089	0.319308130376833
6611089	0.31937932430047
6611089	0.319449977510763
6611089	0.319520095469463
6611089	0.317910422444428
6611089	0.316312882633149
6611089	0.316398198175506
6611089	0.314816207184628
6611089	0.316571072319202
6611089	0.316654466652606
6611089	0.315082980465744
6611089	0.316823493763768
6611089	0.315258933300738
6611089	0.316990005878895
6611089	0.317070317070317
6611089	0.315516050810168
6611089	0.313973185036036
6611089	0.312441608523665
6611089	0.310921211401895
6611089	0.309411885132954
6611089	0.307913522493085
6611089	0.308036323511637
6611089	0.308158236811982
6611089	0.308279270929873
6611089	0.308399434298715
6611089	0.306923838919295
6611089	0.307049898558503
6611089	0.307175057771717
6611089	0.308882856388795
6611089	0.307418956595483
6611089	0.305965439070209
6611089	0.307666859955098
6611089	0.30621901590825
6611089	0.30478136794624
6611089	0.304915100805196
6611089	0.303490263885545
6611089	0.303629392414439
6611089	0.302217162682279
6611089	0.302361553265347
6611089	0.304048151012575
6611089	0.305723063325065
6611089	0.304314201282092
6611089	0.30444762257888
6611089	0.306109177826989
6611089	0.304708220491396
6611089	0.304838928769213
6611089	0.308005949594866
6611089	0.308121074066404
6611089	0.306723699580842
6611089	0.306844105163433
6611089	0.305458804462921
6611089	0.305584365403779
6611089	0.305709079866383
6611089	0.30732772375338
6611089	0.308935504258585
6611089	0.310532518376478
6611089	0.312118862021423
6611089	0.310731667079106
6611089	0.312310092797898
6611089	0.312403115986108
6611089	0.313967193472556
6611089	0.314052506864013
6611089	0.314137257749593
6611089	0.314221451063556
6611089	0.315763880891141
6611089	0.315840603390889
6611089	0.314464391611408
6611089	0.313097155126141
6611089	0.313184947656324
6611089	0.314715171548143
6611089	0.313355710763918
6611089	0.314878602815223
6611089	0.313524286243975
6611089	0.315039918777978
6611089	0.315118263165795
6611089	0.315196105345998
6611089	0.316694913709839
6611089	0.318184155211783
6611089	0.319663911099065
6611089	0.319721832379719
6611089	0.322598272834773
6611089	0.321237098687791
6611089	0.321288030202088
6611089	0.322739200943535
6611089	0.325578868864108
6611089	0.325611314322138
6611089	0.325643556572706
6611089	0.327064486198098
6611089	0.325704550704551
6611089	0.328502457133163
6611089	0.329902723011148
6611089	0.331294309555179
6611089	0.332677288347391
6611089	0.332679988120996
6611089	0.332682671263552
6611089	0.334051458129958
6611089	0.332685194497525
6611089	0.332687839962161
6611089	0.334048242514929
6611089	0.33540034993018
6611089	0.336744229511261
6611089	0.336730420214994
6611089	0.336716694611432
6611089	0.335358966004127
6611089	0.334009432941736
6611089	0.332668029596589
6611089	0.331334690800611
6611089	0.332676018704075
6611089	0.331347970725216
6611089	0.330027859288064
6611089	0.331366383373068
6611089	0.332696940052805
6611089	0.332699460422233
6611089	0.332701965848759
6611089	0.331389532058428
6611089	0.330084848861348
6611089	0.328787855349123
6611089	0.330112870295466
6611089	0.330125474847473
6611089	0.330138005544684
6611089	0.328850917803769
6611089	0.328868359109331
6611089	0.330180197196933
6611089	0.328900428990743
6611089	0.330207068208058
6611089	0.330219138729777
6611089	0.33151566099543
6611089	0.330240600760832
6611089	0.328972882523746
6611089	0.328989589231829
6611089	0.329006200107934
6611089	0.329022715883604
6611089	0.329039137283412
6611089	0.330322892147987
6611089	0.329069294834333
6611089	0.327822820232687
6611089	0.327843653930611
6611089	0.327864369701942
6611089	0.327884968435016
6611089	0.329158583841902
6611089	0.331675812420357
6611089	0.330433580913164
6611089	0.330444421109128
6611089	0.329211419537825
6611089	0.330468236100688
6611089	0.330478887019769
6611089	0.330489478657296
6611089	0.331734579353627
6611089	0.334205061500194
6611089	0.334201844791091
6611089	0.332970898769761
6611089	0.332972231249774
6611089	0.332973556395035
6611089	0.331753873038277
6611089	0.330540878986949
6611089	0.330551070426169
6611089	0.330561206174465
6611089	0.329359165424739
6611089	0.329373590716603
6611089	0.329387937610142
6611089	0.328196661163089
6611089	0.327011835671526
6611089	0.32703461584328
6611089	0.327057273100439
6611089	0.328276696416655
6611089	0.327100077433083
6611089	0.325929773041551
6611089	0.324765738137831
6611089	0.324796282149223
6611089	0.323640423493888
6611089	0.323674856566142
6611089	0.323709106483756
6611089	0.323743174543401
6611089	0.32259920572876
6611089	0.322637068612726
6611089	0.322674731516672
6611089	0.321540549683573
6611089	0.321581927871818
6611089	0.321623088661525
6611089	0.322829534738466
6611089	0.324029664343801
6611089	0.324062081308921
6611089	0.322934908852194
6611089	0.324128421900161
6611089	0.323004926503627
6611089	0.321887262398078
6611089	0.323078210253928
6611089	0.323113572747305
6611089	0.322001305715473
6611089	0.322040247391136
6611089	0.320935478103344
6611089	0.320977936511666
6611089	0.31988057604496
6611089	0.31992648989236
6611089	0.319972169086367
6611089	0.321151402071334
6611089	0.320060904950548
6611089	0.321235839736027
6611089	0.321276778800654
6611089	0.320191384277679
6611089	0.31911148078939
6611089	0.31915936581479
6611089	0.319207009403088
6611089	0.318135844942004
6611089	0.318186757800936
6611089	0.319352242445972
6611089	0.320511889939196
6611089	0.320554628083844
6611089	0.320597152893326
6611089	0.320639465785153
6611089	0.320681568165081
6611089	0.320723461427227
6611089	0.321867075328845
6611089	0.323005027775505
6611089	0.321940760797661
6611089	0.320881745137143
6611089	0.322017327802264
6611089	0.32096153328488
6611089	0.321002030175382
6611089	0.319953003932979
6611089	0.321084206747771
6611089	0.322209882512979
6611089	0.322246056336785
6611089	0.32119980290712
6611089	0.32231963066647
6611089	0.322355273717172
6611089	0.321313738099346
6611089	0.320277242169993
6611089	0.319245753467352
6611089	0.319291051151809
6611089	0.318266039751643
6611089	0.318314332359276
