2560844	0
2560844	0
2560844	0
2560844	0
2560844	0.222222222222222
2560844	0.158730158730159
2560844	0.285714285714286
2560844	0.37037037037037
2560844	0.362962962962963
2560844	0.357575757575758
2560844	0.297979797979798
2560844	0.303418803418803
2560844	0.355311355311355
2560844	0.396825396825397
2560844	0.388888888888889
2560844	0.382352941176471
2560844	0.376906318082789
2560844	0.372319688109162
2560844	0.368421052631579
2560844	0.333333333333333
2560844	0.303030303030303
2560844	0.334650856389987
2560844	0.36231884057971
2560844	0.36
2560844	0.383589743589744
2560844	0.379867046533713
2560844	0.352733686067019
2560844	0.328407224958949
2560844	0.328735632183908
2560844	0.30752688172043
2560844	0.288306451612903
2560844	0.270833333333333
2560844	0.254901960784314
2560844	0.259383753501401
2560844	0.244973544973545
2560844	0.267767767767768
2560844	0.288762446657184
2560844	0.308142150247413
2560844	0.326068376068376
2560844	0.342682926829268
2560844	0.342237708091367
2560844	0.326319675156884
2560844	0.311486962649753
2560844	0.327272727272727
2560844	0.342028985507246
2560844	0.355843354918286
2560844	0.341016548463357
2560844	0.340702947845805
2560844	0.340408163265306
2560844	0.353202614379085
2560844	0.365258924082454
2560844	0.364054184808902
2560844	0.375262054507338
2560844	0.373737373737374
2560844	0.360389610389611
2560844	0.359440267335004
2560844	0.347045775357935
2560844	0.357880381842977
2560844	0.345951035781544
2560844	0.356466302367942
2560844	0.366472765732417
2560844	0.376002730841441
2560844	0.374669312169312
2560844	0.383653846153846
2560844	0.372027972027972
2560844	0.38082315694256
2560844	0.379426397424642
2560844	0.378090366581415
2560844	0.376811594202899
2560844	0.366197183098592
2560844	0.356025039123631
2560844	0.346270928462709
2560844	0.336912254720474
2560844	0.327927927927928
2560844	0.319298245614035
2560844	0.311004784688995
2560844	0.32012432012432
2560844	0.312019906956616
2560844	0.320886075949367
2560844	0.329423868312757
2560844	0.321389139817324
2560844	0.31364482319522
2560844	0.314113597246127
2560844	0.314565826330532
2560844	0.307250341997264
2560844	0.300187115744453
2560844	0.308516196447231
2560844	0.316564521620701
2560844	0.309529754473575
2560844	0.31005291005291
2560844	0.303312629399586
2560844	0.296789777154434
2560844	0.304659498207885
2560844	0.312280701754386
2560844	0.30577485380117
2560844	0.299470217640321
2560844	0.29335858054562
2560844	0.287432144575002
2560844	0.288350168350168
2560844	0.282640264026403
2560844	0.290170193489937
2560844	0.284535820800812
2560844	0.279063978093104
2560844	0.273748473748474
2560844	0.27487271638215
2560844	0.275965438194322
2560844	0.270854967116649
2560844	0.265885151206252
2560844	0.273172087850987
2560844	0.268250068250068
2560844	0.269412269412269
2560844	0.276443320691108
2560844	0.27744139108834
2560844	0.272616323417239
2560844	0.267916041979011
2560844	0.274732291973671
2560844	0.275725529962818
2560844	0.271091487442435
2560844	0.277684407096172
2560844	0.273094582185491
2560844	0.279546583570429
2560844	0.29126127326847
2560844	0.29193985488242
2560844	0.297935483870968
2560844	0.293206349206349
2560844	0.299087614048244
2560844	0.304831036745407
2560844	0.305272932816538
2560844	0.300576426157822
2560844	0.29598747308671
2560844	0.301603824504588
2560844	0.302080959975697
2560844	0.297572288931283
2560844	0.303040353786622
2560844	0.303485838779956
2560844	0.303921568627451
2560844	0.314009661835749
2560844	0.323880026413652
2560844	0.319253168893457
2560844	0.319452887537994
2560844	0.319648386774548
2560844	0.324501789290522
2560844	0.31999481999482
2560844	0.32477650063857
2560844	0.320327507479137
2560844	0.325039604883049
2560844	0.320647177790035
2560844	0.31634318882641
2560844	0.325458612975392
2560844	0.33439293598234
2560844	0.334378993842221
2560844	0.330008026602454
2560844	0.330051212404154
2560844	0.330093562351627
2560844	0.330135097877033
2560844	0.33017583972998
2560844	0.33021580800344
2560844	0.334447894275933
2560844	0.338600628930818
2560844	0.342675983436853
2560844	0.346675868414999
2560844	0.342422176778005
2560844	0.346376377874208
2560844	0.346218280364622
2560844	0.346063040038944
2560844	0.349902604429695
2560844	0.349705351202357
2560844	0.345566826336057
2560844	0.345422902888966
2560844	0.341382868937049
2560844	0.337413300693595
2560844	0.337366133440875
2560844	0.333488361792129
2560844	0.333486590038314
2560844	0.333484848484849
2560844	0.341016093134737
2560844	0.340929769990901
2560844	0.340844893603666
2560844	0.344465135526588
2560844	0.344342132187436
2560844	0.344221156375853
2560844	0.34774515102384
2560844	0.351211689237349
2560844	0.358225616921269
2560844	0.354373728567277
2560844	0.354148697602208
2560844	0.350381158266014
2560844	0.350200758002176
2560844	0.353531978093382
2560844	0.356810875355929
2560844	0.356566317626527
2560844	0.356325561312608
2560844	0.362961380268148
2560844	0.362657502863688
2560844	0.362358276643991
2560844	0.362063607168756
2560844	0.368507409116546
2560844	0.368153900817217
2560844	0.367805695142379
2560844	0.374096185737977
2560844	0.376992923172914
2560844	0.379846851680242
2560844	0.379390836794488
2560844	0.375689462776981
2560844	0.372041992264583
2560844	0.371667995559933
2560844	0.368094264833395
2560844	0.364571831677095
2560844	0.364274322169059
2560844	0.363981042654028
2560844	0.363691913320814
2560844	0.360276965777896
2560844	0.363140420926389
2560844	0.365963920886764
2560844	0.362575366063738
