3973347	0.666666666666667
3973347	0.666666666666667
3973347	0.333333333333333
3973347	0.6
3973347	0.4
3973347	0.380952380952381
3973347	0.452380952380953
3973347	0.425925925925926
3973347	0.407407407407407
3973347	0.454545454545455
3973347	0.378787878787879
3973347	0.474358974358974
3973347	0.406593406593407
3973347	0.441269841269841
3973347	0.427777777777778
3973347	0.377450980392157
3973347	0.372549019607843
3973347	0.368421052631579
3973347	0.398245614035088
3973347	0.36031746031746
3973347	0.357864357864358
3973347	0.38471673254282
3973347	0.380434782608696
3973347	0.376666666666667
3973347	0.398974358974359
3973347	0.369420702754036
3973347	0.390652557319224
3973347	0.386699507389163
3973347	0.360919540229885
3973347	0.359139784946237
3973347	0.35752688172043
3973347	0.335858585858586
3973347	0.31610219845514
3973347	0.298039215686275
3973347	0.3
3973347	0.301801801801802
3973347	0.285917496443812
3973347	0.305443094916779
3973347	0.29017094017094
3973347	0.308536585365854
3973347	0.32559039876113
3973347	0.325950535252861
3973347	0.356589147286822
3973347	0.340740740740741
3973347	0.354911433172303
3973347	0.368177613320999
3973347	0.366725768321513
3973347	0.365362811791383
3973347	0.377414965986395
3973347	0.375686274509804
3973347	0.361236802413273
3973347	0.347605224963716
3973347	0.347076636384813
3973347	0.358698092031425
3973347	0.36969696969697
3973347	0.35672514619883
3973347	0.367412784835652
3973347	0.377556984219755
3973347	0.398305084745763
3973347	0.396174863387978
3973347	0.394147717257183
3973347	0.402799112476532
3973347	0.411044973544974
3973347	0.398397435897436
3973347	0.396425796425796
3973347	0.38459219056234
3973347	0.392888498683055
3973347	0.38150042625746
3973347	0.380124223602485
3973347	0.369416498993964
3973347	0.368414188836724
3973347	0.35832064941654
3973347	0.357645316549426
3973347	0.365885885885886
3973347	0.365029239766082
3973347	0.355547960811119
3973347	0.346431346431347
3973347	0.354538569728443
3973347	0.354008438818565
3973347	0.353497942386831
3973347	0.361136203954632
3973347	0.368498383779019
3973347	0.359724612736661
3973347	0.359103641456583
3973347	0.358504331965344
3973347	0.357925688318631
3973347	0.364942528735632
3973347	0.371722846441948
3973347	0.370869746150645
3973347	0.362718762718763
3973347	0.369326325848065
3973347	0.361383824216924
3973347	0.360787005261954
3973347	0.367226577081
3973347	0.366520467836257
3973347	0.372709049255441
3973347	0.37870818430465
3973347	0.371057513914657
3973347	0.376969696969697
3973347	0.376105610561056
3973347	0.375266938458552
3973347	0.380925185608224
3973347	0.386420214090117
3973347	0.379059829059829
3973347	0.378197064989518
3973347	0.383589020161053
3973347	0.388831198800046
3973347	0.393929097293012
3973347	0.404948568251321
3973347	0.397652197652198
3973347	0.402456027456028
3973347	0.407132321955331
3973347	0.399989649640325
3973347	0.39303330790745
3973347	0.397751124437781
3973347	0.390951959917477
3973347	0.389975373026221
3973347	0.389023405972559
3973347	0.382539682539683
3973347	0.387235996326905
3973347	0.380887865239579
3973347	0.380114620818339
3973347	0.390112772095463
3973347	0.389204301075269
3973347	0.38831746031746
3973347	0.38220222472191
3973347	0.386646981627297
3973347	0.385820413436693
3973347	0.385012919896641
3973347	0.379134860050891
3973347	0.383491402575372
3973347	0.387749677223361
3973347	0.391912617364306
3973347	0.391044776119403
3973347	0.390196078431373
3973347	0.384499785315586
3973347	0.388589160407631
3973347	0.387794112536058
3973347	0.3965399109284
3973347	0.405099628503884
3973347	0.404088835614158
3973347	0.407761252831675
3973347	0.406727531727532
3973347	0.405715197956577
3973347	0.40928987561014
3973347	0.408256453266238
3973347	0.402739474168046
3973347	0.410756393977871
3973347	0.40972408650261
3973347	0.408712288447388
3973347	0.407720460090624
3973347	0.402390780873753
3973347	0.401493930905696
3973347	0.3963133640553
3973347	0.399779432037497
3973347	0.398932984920246
3973347	0.402322018866403
3973347	0.40145423665844
3973347	0.39643605870021
3973347	0.399792960662526
3973347	0.394857245098791
3973347	0.394102350475902
3973347	0.397426305551399
3973347	0.392609016999261
3973347	0.387878787878788
3973347	0.39121756487026
3973347	0.390528466875772
3973347	0.385906828214521
3973347	0.381366747882585
3973347	0.380804953560372
3973347	0.376376988984088
3973347	0.372025809920688
3973347	0.371581068810489
3973347	0.367334428024083
3973347	0.363160173160173
3973347	0.366589625064201
3973347	0.366215958864978
3973347	0.365848555227753
3973347	0.361783571280778
3973347	0.357785962758338
3973347	0.357517252544877
3973347	0.360895934666427
3973347	0.364219529579473
3973347	0.367489228358794
3973347	0.367121960670348
3973347	0.370325647365496
3973347	0.373478211400614
3973347	0.369526061015423
3973347	0.365636313004734
3973347	0.368788463304859
3973347	0.368419139034322
3973347	0.36460132412205
3973347	0.360842547584709
3973347	0.360560401797515
3973347	0.360282574568289
3973347	0.360008978210574
3973347	0.359739527252218
3973347	0.356124054616517
3973347	0.359229480737018
3973347	0.36228855721393
3973347	0.358701541795971
3973347	0.358451608707669
3973347	0.35820535110596
3973347	0.357962697274032
3973347	0.360959823190465
3973347	0.36069290058315
3973347	0.360429827821132
3973347	0.36336032388664
3973347	0.363074352548037
3973347	0.369111562476491
3973347	0.368774032012877
3973347	0.368441255499454
3973347	0.371228408874848
3973347	0.367775121350431
3973347	0.370542635658915
3973347	0.367127496159754
3973347	0.366817457968686
3973347	0.369555806906567
3973347	0.372256814722568
3973347	0.371904566022213
3973347	0.368554074436427
3973347	0.368238193350301
3973347	0.367926542814435
3973347	0.367619047619048
3973347	0.373215339233038
3973347	0.369927098358739
3973347	0.366682123811732
3973347	0.369302076151076
3973347	0.366090753749763
3973347	0.36292113683418
3973347	0.359792506344231
3973347	0.35956538897933
3973347	0.359341183375518
3973347	0.359119839970904
3973347	0.356076451496574
3973347	0.355884526448783
3973347	0.355695020624284
3973347	0.355507893533983
3973347	0.358100883310088
3973347	0.360661595205164
3973347	0.357680920864625
3973347	0.354737044972735
3973347	0.357293845150554
3973347	0.359819337571094
3973347	0.362314031303578
3973347	0.364778425112186
3973347	0.364524835662357
3973347	0.364274301507104
3973347	0.36669344042838
3973347	0.366427622841966
3973347	0.366164969750627
3973347	0.368540477236129
3973347	0.365638583714585
3973347	0.370613967371726
3973347	0.370322712418301
3973347	0.367440823605707
3973347	0.367176424456309
3973347	0.372063092993326
3973347	0.371765171765172
3973347	0.376579231751646
3973347	0.376249110389674
3973347	0.373387900424733
3973347	0.373084456734647
3973347	0.370268724985706
3973347	0.367484749609874
3973347	0.369725812658988
3973347	0.369454226992379
3973347	0.366707355416227
3973347	0.368929276240305
3973347	0.366206550954399
3973347	0.363513855726793
3973347	0.363292752998635
3973347	0.36794025115193
3973347	0.370112806901128
3973347	0.372261747913922
3973347	0.374387415197335
3973347	0.3740920620904
3973347	0.373799884823324
3973347	0.373510838026967
3973347	0.375597356380275
3973347	0.377661677729823
3973347	0.379704115814183
3973347	0.377030143167604
3973347	0.376723498888065
3973347	0.378751073487916
3973347	0.378434573556525
3973347	0.375806555684605
3973347	0.377819428424965
3973347	0.37751262776916
3973347	0.377208990006715
3973347	0.374625366787491
3973347	0.376618822759362
3973347	0.374056789951476
3973347	0.373780698720166
3973347	0.373507405710796
3973347	0.373236873236873
3973347	0.375206200709556
3973347	0.377155769043718
3973347	0.376863619472315
3973347	0.378789221114803
3973347	0.378488188745389
3973347	0.375989916872482
3973347	0.377902263910602
3973347	0.381981593327581
3973347	0.383842280081431
3973347	0.383513231568415
3973347	0.383187388073382
3973347	0.382864708107427
3973347	0.380394613216411
3973347	0.377948345607302
3973347	0.377662351938879
3973347	0.375249173971219
3973347	0.377105336345075
3973347	0.374711016749233
3973347	0.372339428035631
3973347	0.374196382222577
3973347	0.373939381915098
3973347	0.375774662697239
3973347	0.379676071055381
3973347	0.37938733125649
3973347	0.38117167495469
3973347	0.382939445801204
3973347	0.382633235230415
3973347	0.384381133270022
3973347	0.384067956583294
3973347	0.385796389060868
3973347	0.385476492379603
3973347	0.383133170237478
3973347	0.380811151023917
3973347	0.380524275992554
3973347	0.382248025333964
3973347	0.381954243400027
3973347	0.383659108210006
3973347	0.383358655822683
3973347	0.383060886045961
3973347	0.384744006405728
3973347	0.384439801239619
3973347	0.384138288154626
3973347	0.385800219792932
3973347	0.385492496118682
3973347	0.389086107252491
3973347	0.388761018191738
3973347	0.386500779713879
3973347	0.384260195483654
3973347	0.383965820557929
3973347	0.385595220247317
3973347	0.383379155763137
3973347	0.381182140543864
3973347	0.380908718788375
3973347	0.382536969203636
3973347	0.380363463696797
3973347	0.380097004034681
3973347	0.37794956333392
3973347	0.375820270019363
3973347	0.375581579363824
3973347	0.375344894512112
3973347	0.376972390445936
3973347	0.374872265708076
3973347	0.372789642009698
3973347	0.370724325433467
3973347	0.370517745366615
3973347	0.372149419864136
3973347	0.371936144663417
3973347	0.369898138391289
3973347	0.371519824338149
3973347	0.373128253996615
3973347	0.371100383050981
3973347	0.370895683594517
3973347	0.368890842061574
3973347	0.366902212185231
3973347	0.364929619646601
3973347	0.366547512660113
3973347	0.366369896727884
3973347	0.367971479500891
3973347	0.369560283687943
3973347	0.369368098274922
3973347	0.369177438142955
3973347	0.372506317097346
3973347	0.3740545294635
3973347	0.375590551181102
3973347	0.373624108504762
3973347	0.371673068773666
3973347	0.371473382651581
3973347	0.369543650793651
3973347	0.369356032568468
3973347	0.367447215862688
3973347	0.365553158048962
3973347	0.367101299481444
3973347	0.368637532133676
3973347	0.366751918158568
3973347	0.366581415174766
3973347	0.366412213740458
3973347	0.367936348019271
3973347	0.367761142881621
3973347	0.365903763372118
3973347	0.364060419476037
3973347	0.362230970131936
3973347	0.362086119822169
3973347	0.360275689223058
3973347	0.358478802992519
3973347	0.356695326360715
3973347	0.354925126229893
3973347	0.354818236166048
3973347	0.353066047345475
3973347	0.351326805732936
3973347	0.349600384083143
3973347	0.349520643638291
3973347	0.347811496236637
3973347	0.347740871051742
3973347	0.346048701362926
3973347	0.345986976275404
3973347	0.344311494550099
3973347	0.344258459954849
3973347	0.342599383039404
3973347	0.342554834723509
3973347	0.344109327922278
3973347	0.342462871807817
3973347	0.342419294058535
3973347	0.34078872599159
3973347	0.340753308449271
3973347	0.342297921521391
3973347	0.340679491632401
