34470266	0
34470266	0
34470266	0.5
34470266	0.3
34470266	0.311111111111111
34470266	0.222222222222222
34470266	0.25
34470266	0.416666666666667
34470266	0.333333333333333
34470266	0.333333333333333
34470266	0.388888888888889
34470266	0.482905982905983
34470266	0.461538461538462
34470266	0.4
34470266	0.391666666666667
34470266	0.384803921568627
34470266	0.342047930283224
34470266	0.341130604288499
34470266	0.340350877192982
34470266	0.371428571428572
34470266	0.337662337662338
34470266	0.337285902503294
34470266	0.392512077294686
34470266	0.361111111111111
34470266	0.333333333333333
34470266	0.358024691358025
34470266	0.403880070546737
34470266	0.42200328407225
34470266	0.393869731800766
34470266	0.411469534050179
34470266	0.406586021505376
34470266	0.381944444444444
34470266	0.398692810457516
34470266	0.414005602240896
34470266	0.428042328042328
34470266	0.440940940940941
34470266	0.417733522996681
34470266	0.396311291048133
34470266	0.376495726495727
34470266	0.358130081300813
34470266	0.356949283778552
34470266	0.355850867478774
34470266	0.369978858350951
34470266	0.368350168350168
34470266	0.36682769726248
34470266	0.379586802343509
34470266	0.363770685579196
