28447182	0
28447182	0.222222222222222
28447182	0.277777777777778
28447182	0.3
28447182	0.311111111111111
28447182	0.222222222222222
28447182	0.166666666666667
28447182	0.12962962962963
28447182	0.17037037037037
28447182	0.139393939393939
28447182	0.171717171717172
28447182	0.145299145299145
28447182	0.172161172161172
28447182	0.149206349206349
28447182	0.172222222222222
28447182	0.151960784313726
28447182	0.172113289760349
28447182	0.153996101364522
28447182	0.171929824561404
28447182	0.187301587301587
28447182	0.17027417027417
28447182	0.213438735177866
28447182	0.223429951690821
28447182	0.232222222222222
28447182	0.214358974358974
28447182	0.247863247863248
28447182	0.277777777777778
28447182	0.258620689655172
28447182	0.308045977011494
28447182	0.331182795698925
28447182	0.310483870967742
28447182	0.311868686868687
28447182	0.313131313131313
28447182	0.314285714285714
28447182	0.315343915343915
28447182	0.298298298298298
28447182	0.300142247510669
28447182	0.318938371569951
28447182	0.31965811965812
28447182	0.336585365853659
28447182	0.336430507162215
28447182	0.336286452565522
28447182	0.33615221987315
28447182	0.336026936026936
28447182	0.335909822866345
28447182	0.335800185013876
28447182	0.335697399527187
28447182	0.321995464852608
28447182	0.322448979591837
28447182	0.335947712418301
28447182	0.335847159376571
28447182	0.335752298016449
28447182	0.323317027719544
28447182	0.32368125701459
28447182	0.324025974025974
28447182	0.31265664160401
28447182	0.32486388384755
28447182	0.325150983830119
28447182	0.314312617702448
28447182	0.314936247723133
28447182	0.337035078441742
28447182	0.336917562724014
28447182	0.336805555555556
28447182	0.336698717948718
28447182	0.326495726495727
28447182	0.326699834162521
28447182	0.326894937079309
