33916040	0.333333333333333
33916040	0.555555555555556
33916040	0.444444444444444
33916040	0.4
33916040	0.488888888888889
33916040	0.444444444444444
33916040	0.416666666666667
33916040	0.398148148148148
33916040	0.451851851851852
33916040	0.36969696969697
33916040	0.363636363636364
33916040	0.307692307692308
33916040	0.263736263736264
33916040	0.273015873015873
33916040	0.238888888888889
33916040	0.21078431372549
33916040	0.224400871459695
33916040	0.235867446393762
33916040	0.212280701754386
33916040	0.192063492063492
33916040	0.204906204906205
33916040	0.274044795783926
33916040	0.251207729468599
33916040	0.284444444444445
33916040	0.262564102564103
33916040	0.267806267806268
33916040	0.296296296296296
33916040	0.298850574712644
33916040	0.301149425287356
33916040	0.324731182795699
33916040	0.325268817204301
33916040	0.325757575757576
33916040	0.32620320855615
33916040	0.326610644257703
33916040	0.308465608465609
33916040	0.30980980980981
33916040	0.293504030346136
33916040	0.278452541610436
33916040	0.264529914529915
33916040	0.267886178861789
33916040	0.286875725900116
33916040	0.273532668881506
33916040	0.306553911205074
33916040	0.292929292929293
33916040	0.280193236714976
33916040	0.268270120259019
33916040	0.25709219858156
33916040	0.246598639455782
33916040	0.263401360544218
33916040	0.253071895424837
33916040	0.268979386626445
33916040	0.258829221093372
33916040	0.249242953645469
33916040	0.252300785634119
33916040	0.243290043290043
33916040	0.234753550543024
33916040	0.238152853397862
33916040	0.241379310344828
33916040	0.244444444444445
33916040	0.269216757741348
33916040	0.260532346201304
33916040	0.26284348864994
33916040	0.265046296296296
33916040	0.277403846153846
33916040	0.279098679098679
33916040	0.270767375244987
