2948640	0.333333333333333
2948640	0.111111111111111
2948640	0.388888888888889
2948640	0.366666666666667
2948640	0.355555555555556
2948640	0.349206349206349
2948640	0.261904761904762
2948640	0.425925925925926
2948640	0.407407407407407
2948640	0.393939393939394
2948640	0.439393939393939
2948640	0.423076923076923
2948640	0.41025641025641
2948640	0.355555555555556
2948640	0.394444444444444
2948640	0.426470588235294
2948640	0.416122004357299
2948640	0.407407407407407
2948640	0.4
2948640	0.393650793650794
2948640	0.448773448773449
2948640	0.409749670619236
2948640	0.3756038647343
2948640	0.372222222222222
2948640	0.343589743589744
2948640	0.367521367521368
2948640	0.365079365079365
2948640	0.362889983579639
2948640	0.360919540229885
2948640	0.380645161290323
2948640	0.377688172043011
2948640	0.39520202020202
2948640	0.411170528817588
2948640	0.444817927170868
2948640	0.475661375661376
2948640	0.467967967967968
2948640	0.443338074917022
2948640	0.471884840305893
2948640	0.481623931623932
2948640	0.474390243902439
2948640	0.467673248161053
2948640	0.461424880029531
2948640	0.455602536997886
2948640	0.464983164983165
2948640	0.459259259259259
2948640	0.468085106382979
2948640	0.476359338061466
2948640	0.470521541950113
2948640	0.451700680272109
2948640	0.447058823529412
2948640	0.455505279034691
2948640	0.476052249637155
2948640	0.495457721872816
2948640	0.501683501683502
2948640	0.483766233766234
2948640	0.478487886382623
2948640	0.496471062714257
2948640	0.502240405221118
2948640	0.518832391713748
2948640	0.512750455373406
2948640	0.496210118103296
2948640	0.480457415941287
2948640	0.475859788359788
2948640	0.481730769230769
2948640	0.467132867132867
2948640	0.453188602442334
2948640	0.44966344746854
2948640	0.455953395851094
2948640	0.452449965493444
2948640	0.439704896042924
2948640	0.427490871152843
2948640	0.415778792491121
2948640	0.422559545847217
2948640	0.411291291291291
2948640	0.40046783625731
2948640	0.398724082934609
2948640	0.388500388500389
2948640	0.387103754192362
2948640	0.402426160337553
2948640	0.408950617283951
2948640	0.398976211984342
2948640	0.389362327358213
2948640	0.380091795754446
2948640	0.378991596638656
2948640	0.377929776561788
2948640	0.384567406219371
2948640	0.383402995471961
2948640	0.382277834525026
2948640	0.381190178942988
2948640	0.38013838013838
2948640	0.379120879120879
2948640	0.378136200716846
2948640	0.377182948219324
2948640	0.3832773422919
2948640	0.375292397660819
2948640	0.381300114547537
2948640	0.387123921733642
2948640	0.392771249914107
2948640	0.391582491582492
2948640	0.39042904290429
2948640	0.40238141461205
2948640	0.394568183260359
2948640	0.393390589992532
2948640	0.385897435897436
2948640	0.384905660377359
2948640	0.377711162052548
2948640	0.370716510903427
2948640	0.370030581039755
2948640	0.363302752293578
2948640	0.356756756756757
2948640	0.3503861003861
2948640	0.344184576485461
2948640	0.338146250582208
2948640	0.332265446224256
2948640	0.338030984507746
2948640	0.337950682778269
2948640	0.349171857646434
2948640	0.343303423064141
2948640	0.337581699346405
2948640	0.343021120293848
2948640	0.342862304114167
2948640	0.353547469900929
2948640	0.347845091354139
2948640	0.358279569892473
2948640	0.363174603174603
2948640	0.357455318085239
2948640	0.351870078740158
2948640	0.346414728682171
2948640	0.356469886702445
2948640	0.351027598355843
2948640	0.355810008481764
2948640	0.350459482038429
2948640	0.345228743500542
2948640	0.340114243596831
2948640	0.335112563543936
2948640	0.33995276942894
2948640	0.335025917698085
2948640	0.339797727035763
2948640	0.349229188078109
2948640	0.349003714961162
2948640	0.34878300536077
2948640	0.34390492136971
2948640	0.348387723387723
2948640	0.357375478927203
2948640	0.366178554558337
2948640	0.365731680800174
2948640	0.360789360789361
2948640	0.355946550577423
2948640	0.351200596569724
2948640	0.346548933038999
2948640	0.346375043569188
2948640	0.354919160646715
2948640	0.350309820898056
2948640	0.345789694176791
2948640	0.341356492969396
2948640	0.345500571615221
2948640	0.349565965223467
2948640	0.345168909057135
2948640	0.345020964360587
2948640	0.340734989648033
2948640	0.340643611175012
2948640	0.340553914514378
2948640	0.33640081799591
2948640	0.336363636363636
2948640	0.332311062431544
2948640	0.328331289228771
2948640	0.324422583404619
2948640	0.320583262890955
2948640	0.320733263719689
2948640	0.316981997477354
2948640	0.313296160297384
2948640	0.309674239369091
2948640	0.309946182977875
2948640	0.310213464696223
2948640	0.310476190476191
2948640	0.306967984934087
2948640	0.303518906451681
2948640	0.303852028539744
2948640	0.300475894889303
2948640	0.300838960507469
2948640	0.308522048853541
2948640	0.30515022318301
2948640	0.301833372931021
2948640	0.305777516647082
2948640	0.302489586360554
2948640	0.302819466007322
2948640	0.299597982326393
2948640	0.296427633307066
2948640	0.300324886289799
2948640	0.297180123082576
2948640	0.294084496800465
2948640	0.2910369890616
2948640	0.288036607731069
2948640	0.285082386113314
2948640	0.282173382173382
2948640	0.286076867295141
2948640	0.283187201968928
2948640	0.283691183188671
2948640	0.280854271356784
2948640	0.28469320066335
2948640	0.28517478613533
2948640	0.282365182331041
2948640	0.282864870085965
2948640	0.280105212816834
2948640	0.280621990685926
2948640	0.27791066710442
2948640	0.275238449151493
2948640	0.278984173721016
2948640	0.27632718159034
2948640	0.276867524260889
2948640	0.277400220572893
2948640	0.274795523666106
2948640	0.275342605999444
2948640	0.275882054625806
2948640	0.273327591157049
2948640	0.273880639472037
2948640	0.274426077030398
2948640	0.274964042841384
2948640	0.275494672754947
2948640	0.273001508295626
2948640	0.273545038250921
2948640	0.274081256144036
2948640	0.274610292547512
2948640	0.272169312169312
2948640	0.272710586692888
2948640	0.270307850246254
2948640	0.270860705361053
2948640	0.268495109681044
2948640	0.266160369596861
2948640	0.266741953698475
2948640	0.267316017316017
2948640	0.267882689556509
2948640	0.265593093919274
2948640	0.263332727162514
2948640	0.261101093881476
2948640	0.261710648644783
2948640	0.259511399496508
2948640	0.260129156265017
2948640	0.257961413296141
2948640	0.255820654679576
2948640	0.256461255329607
2948640	0.257093947329638
2948640	0.254986619892509
2948640	0.25562618490019
2948640	0.256257950334605
2948640	0.254182987174001
2948640	0.252133124374211
2948640	0.250107958716587
2948640	0.250773761713521
2948640	0.251431606905711
2948640	0.252081620607517
2948640	0.25272392663697
2948640	0.253358646374737
2948640	0.251371519736504
2948640	0.249407679738562
2948640	0.247466763942931
2948640	0.245548416935622
2948640	0.246226292737921
2948640	0.246896346896347
2948640	0.247558699282837
2948640	0.248213467481696
2948640	0.248860766841784
2948640	0.246975458002074
2948640	0.245111492281304
2948640	0.243268548730316
2948640	0.241446312410239
2948640	0.239644474257924
2948640	0.237862730954891
2948640	0.238569920602139
2948640	0.236809256981459
2948640	0.237518992836987
2948640	0.2382209293974
2948640	0.236482090496689
2948640	0.234762220747622
2948640	0.233061045234958
2948640	0.233785032874658
2948640	0.232103126163329
2948640	0.232828790730856
2948640	0.233546680320874
2948640	0.231884426368412
2948640	0.23260392216249
2948640	0.23096007818961
2948640	0.231681016606115
2948640	0.232394366197183
2948640	0.233100233100233
2948640	0.231475841231939
2948640	0.229868370112273
2948640	0.230584390618993
2948640	0.231293004017023
2948640	0.234285262866848
2948640	0.237246779331231
2948640	0.235627347390403
2948640	0.236292013961444
2948640	0.236949921211422
2948640	0.239853412734769
2948640	0.238238238238238
2948640	0.236639323887646
2948640	0.235056452155956
2948640	0.233489409141583
2948640	0.234152823920266
2948640	0.232602142967151
2948640	0.231066815290801
2948640	0.229546638874414
2948640	0.230227207362669
2948640	0.228722454373371
2948640	0.227232405810678
2948640	0.232250377201517
2948640	0.237219630423514
2948640	0.235689181194975
2948640	0.236317117864675
2948640	0.239075768818534
2948640	0.243937904481036
2948640	0.248753586618099
2948640	0.247174198766556
2948640	0.247719509744826
2948640	0.25036270947304
2948640	0.25088453729606
2948640	0.249311593488562
2948640	0.249836729362591
2948640	0.250356957424714
2948640	0.252942732016279
2948640	0.253440506637438
2948640	0.25599128540305
2948640	0.254415954415954
2948640	0.252855120339783
2948640	0.255386077809672
2948640	0.255861365953109
2948640	0.258358662613982
2948640	0.256792852537533
2948640	0.255241234093198
2948640	0.257719700554484
2948640	0.25817383648709
2948640	0.2566278853704
2948640	0.25509577859207
2948640	0.253577351338545
2948640	0.256028919975508
2948640	0.258458729127526
2948640	0.256933898867187
2948640	0.255422522991498
2948640	0.253924443677764
2948640	0.256338140888226
2948640	0.254843457850977
2948640	0.253361809840215
2948640	0.251893045725199
2948640	0.250437016559158
2948640	0.248993575541526
2948640	0.247562577980942
2948640	0.246143881258989
2948640	0.244737344794651
2948640	0.243342830009497
2948640	0.241960200293534
2948640	0.240589320971757
2948640	0.239230059271352
2948640	0.237882284289541
2948640	0.238418526138102
2948640	0.237082848120522
2948640	0.235758362935491
2948640	0.234444945871783
2948640	0.233142473950273
2948640	0.233697547963476
2948640	0.232406401289645
2948640	0.231125925249481
2948640	0.229856002583275
2948640	0.230423001655878
2948640	0.232806846819872
2948640	0.231538144657366
2948640	0.235714567784228
2948640	0.23443698205098
2948640	0.236773358724578
2948640	0.235496952478085
2948640	0.234230839830353
2948640	0.234762220492567
2948640	0.238854401131645
2948640	0.239358288770053
2948640	0.238085106382979
2948640	0.238590402016668
2948640	0.239091687367549
2948640	0.239589004760509
2948640	0.240082395963524
2948640	0.240571902196436
2948640	0.242802764837641
2948640	0.243275509320648
2948640	0.245480671598491
2948640	0.247668650793651
2948640	0.248112509252406
2948640	0.248552926947914
2948640	0.247271726293544
2948640	0.246000406364014
2948640	0.249867070946763
2948640	0.250294008350274
2948640	0.249016998103589
2948640	0.247749736026726
2948640	0.249876217908147
2948640	0.250298785581186
2948640	0.249034650300473
2948640	0.251138589929522
2948640	0.249876586965052
2948640	0.25196576029689
2948640	0.252372598162072
2948640	0.252776392352452
2948640	0.251518798360649
2948640	0.25027056611072
2948640	0.249031602912152
2948640	0.247801817218759
2948640	0.24658111861177
2948640	0.245369417783211
2948640	0.244166626519568
2948640	0.242972657685731
2948640	0.241787425209215
2948640	0.243854964097086
2948640	0.245907448090142
2948640	0.244716612990432
2948640	0.245144713088707
2948640	0.243963292784665
2948640	0.245995520543713
2948640	0.248013127959171
2948640	0.246826462275156
2948640	0.247239382900732
2948640	0.246062052505967
2948640	0.244893111638955
2948640	0.243732480778107
2948640	0.242580081341804
2948640	0.241435835675097
2948640	0.240299667036626
2948640	0.23917149958575
2948640	0.238051258369892
2948640	0.236938869312088
2948640	0.235834259198745
2948640	0.234737355667588
2948640	0.233648087195813
2948640	0.232566383088425
2948640	0.231492173466769
2948640	0.230425389257245
2948640	0.2293659621802
2948640	0.228313824739007
2948640	0.227268910209309
2948640	0.226231152628444
2948640	0.225200486785035
2948640	0.224176848208739
2948640	0.224671888957603
2948640	0.223655274075442
2948640	0.222645543718442
2948640	0.221642635863855
2948640	0.220646489185815
2948640	0.22115181135688
2948640	0.220162317793762
2948640	0.219179450303611
2948640	0.218203149856825
2948640	0.217233358079683
2948640	0.216270017245627
2948640	0.215313070266664
2948640	0.214362460684913
2948640	0.213418132664274
2948640	0.212480030982234
2948640	0.211548101021785
2948640	0.210622288763484
2948640	0.209702540777618
2948640	0.208788804216495
2948640	0.207881026806858
2948640	0.206979156842403
2948640	0.20752614461942
2948640	0.206629703389963
2948640	0.20573905811673
2948640	0.204854158942034
2948640	0.205405571707662
2948640	0.20595344220713
2948640	0.205073299291715
2948640	0.204198786288339
2948640	0.203329855282856
