38771883	0.666666666666667
38771883	0.222222222222222
38771883	0.111111111111111
38771883	0.333333333333333
38771883	0.222222222222222
38771883	0.349206349206349
38771883	0.261904761904762
38771883	0.203703703703704
38771883	0.362962962962963
38771883	0.478787878787879
38771883	0.398989898989899
38771883	0.337606837606838
38771883	0.384615384615385
38771883	0.422222222222222
38771883	0.369444444444444
38771883	0.365196078431373
38771883	0.361655773420479
38771883	0.393762183235868
38771883	0.387719298245614
38771883	0.350793650793651
38771883	0.318903318903319
38771883	0.320158102766798
38771883	0.321256038647343
38771883	0.322222222222222
38771883	0.348717948717949
38771883	0.347578347578348
38771883	0.346560846560847
38771883	0.345648604269294
38771883	0.367049808429119
38771883	0.34336917562724
38771883	0.342741935483871
38771883	0.342171717171717
38771883	0.341651812240048
38771883	0.360224089635854
38771883	0.377248677248677
38771883	0.374874874874875
38771883	0.372688477951636
38771883	0.370670265407108
38771883	0.368803418803419
38771883	0.367073170731707
38771883	0.365466511807975
38771883	0.348468069398302
38771883	0.332628611698379
38771883	0.332659932659933
38771883	0.318196457326892
38771883	0.333024976873266
38771883	0.319148936170213
38771883	0.306122448979592
38771883	0.293877551020408
38771883	0.308496732026144
38771883	0.322272498743087
38771883	0.322689888727625
38771883	0.323084090379688
38771883	0.311335578002245
38771883	0.324025974025974
38771883	0.324352548036759
38771883	0.324662230288365
38771883	0.313656730956556
38771883	0.325423728813559
38771883	0.336612021857924
38771883	0.347258945884012
38771883	0.357398873527906
38771883	0.367063492063492
38771883	0.376282051282051
38771883	0.374980574980575
38771883	0.383687622493593
38771883	0.392010535557507
38771883	0.390309747087241
38771883	0.379158040027605
38771883	0.377867203219316
38771883	0.385889410537298
38771883	0.375317097919838
38771883	0.383191410588671
38771883	0.372972972972973
38771883	0.380701754385965
38771883	0.388129414445204
38771883	0.395271395271395
38771883	0.402142161635833
38771883	0.408755274261603
38771883	0.415123456790124
38771883	0.413128575730202
38771883	0.419237927319032
38771883	0.42512908777969
38771883	0.430812324929972
38771883	0.436297309621523
38771883	0.441593156909917
38771883	0.446708463949843
38771883	0.451651344909772
38771883	0.456429463171036
38771883	0.461050061050061
38771883	0.472766364070712
38771883	0.469767804269908
38771883	0.466864943186151
38771883	0.471071295259425
38771883	0.468201754385965
38771883	0.47229381443299
38771883	0.476260607335718
38771883	0.486841201126916
38771883	0.490437710437711
38771883	0.493927392739274
38771883	0.490778489613667
38771883	0.487721302113078
38771883	0.478342046303211
38771883	0.475579975579976
38771883	0.479185384845762
38771883	0.482689707870452
38771883	0.473751009576555
38771883	0.471174538452826
38771883	0.468668334723381
38771883	0.472235872235872
38771883	0.475707850707851
38771883	0.467288242730721
38771883	0.459090203384568
38771883	0.451106025934401
38771883	0.454822588705647
38771883	0.447047843599568
38771883	0.445120479018784
38771883	0.443241703461046
