36136523	0
36136523	0.222222222222222
36136523	0.444444444444444
36136523	0.4
36136523	0.488888888888889
36136523	0.349206349206349
36136523	0.428571428571429
36136523	0.333333333333333
36136523	0.4
36136523	0.509090909090909
36136523	0.535353535353535
36136523	0.555555555555556
36136523	0.571428571428572
36136523	0.584126984126984
36136523	0.594444444444445
36136523	0.524509803921569
36136523	0.540305010893246
36136523	0.553606237816764
36136523	0.531578947368421
36136523	0.480952380952381
36136523	0.467532467532468
36136523	0.455862977602108
36136523	0.473429951690821
36136523	0.435555555555556
36136523	0.453333333333333
36136523	0.419753086419753
36136523	0.389770723104057
36136523	0.362889983579639
36136523	0.40536398467433
36136523	0.422222222222222
36136523	0.458333333333333
36136523	0.430555555555556
36136523	0.444444444444444
36136523	0.419047619047619
36136523	0.395767195767196
36136523	0.374374374374374
36136523	0.354670459933618
36136523	0.35357624831309
36136523	0.369230769230769
36136523	0.367479674796748
36136523	0.34998064266357
36136523	0.364710225175342
36136523	0.378435517970402
36136523	0.391245791245791
36136523	0.388727858293076
36136523	0.386370644465002
36136523	0.384160756501182
36136523	0.395691609977324
36136523	0.379863945578231
36136523	0.378039215686275
36136523	0.363499245852187
36136523	0.362360909530721
36136523	0.373631493128349
36136523	0.372166105499439
36136523	0.394588744588745
36136523	0.392439431913116
36136523	0.390401290582779
36136523	0.388466783557374
36136523	0.386629001883239
36136523	0.395810564663024
36136523	0.393795170104001
36136523	0.402457757296467
36136523	0.389880952380952
36136523	0.377884615384615
36136523	0.366433566433567
36136523	0.355495251017639
36136523	0.34503950834065
36136523	0.335038363171356
36136523	0.344513457556936
36136523	0.334808853118712
36136523	0.344027125717267
36136523	0.334601725012684
36136523	0.325558435147476
36136523	0.325765765765766
36136523	0.31719298245614
36136523	0.317612212349054
36136523	0.30946830946831
36136523	0.310072487287677
36136523	0.310654008438819
36136523	0.311213991769547
36136523	0.31175348790525
36136523	0.312273484180625
36136523	0.320711417096959
36136523	0.321008403361345
36136523	0.313543091655267
36136523	0.306335204490778
36136523	0.299373040752351
36136523	0.30013619339462
36136523	0.308281315022888
36136523	0.316157916157916
36136523	0.316531294792164
36136523	0.31689262895434
36136523	0.31724243117517
36136523	0.317581187010078
36136523	0.324853801169591
36136523	0.325028636884307
36136523	0.318395399396872
36136523	0.32543118257404
36136523	0.318922558922559
36136523	0.319207920792079
36136523	0.312948941953019
36136523	0.32628973919665
36136523	0.332835449340304
36136523	0.332844932844933
36136523	0.339143456124588
36136523	0.345265385293599
36136523	0.338871581862236
36136523	0.338769962623174
36136523	0.332610508757298
36136523	0.338629538629539
36136523	0.338534963534964
36136523	0.338442899283607
36136523	0.350049164208456
36136523	0.34975845410628
36136523	0.343728135932034
36136523	0.343550446998723
36136523	0.34902699309479
36136523	0.354365475003561
36136523	0.354014939309057
36136523	0.353673094582186
36136523	0.358804136747505
36136523	0.358389977342396
36136523	0.357985837922895
36136523	0.357591397849462
36136523	0.351915343915344
36136523	0.346373369995417
36136523	0.351377952755906
36136523	0.356266149870801
36136523	0.366169747565096
36136523	0.370757486788021
36136523	0.38029146426093
36136523	0.384597858282069
36136523	0.388807840496764
36136523	0.392924267551133
36136523	0.387145969498911
36136523	0.391226563618148
36136523	0.39038753129518
36136523	0.394362770653043
36136523	0.393490921548476
36136523	0.397365754812563
36136523	0.396463889721307
36136523	0.400242949538724
36136523	0.39468401968402
36136523	0.393837803320562
36136523	0.397575185010235
36136523	0.392165998819619
36136523	0.395875467304039
36136523	0.395035975572888
36136523	0.389768829231917
36136523	0.393436350257542
36136523	0.392645521087487
36136523	0.396227496846692
36136523	0.399739693857341
36136523	0.403183912861332
36136523	0.406561896884478
36136523	0.409875333442213
36136523	0.404687038082184
36136523	0.40378950720484
36136523	0.39874213836478
36136523	0.397929606625259
36136523	0.401247348107252
36136523	0.404504026862582
36136523	0.407701132226046
36136523	0.402759300320276
36136523	0.405938907143726
36136523	0.41305341124979
36136523	0.416072616671419
36136523	0.422982999906077
36136523	0.425849866573849
36136523	0.428666437335168
36136523	0.431433881862278
36136523	0.430299771474661
36136523	0.436848049963458
36136523	0.439474548440066
36136523	0.442056277056277
36136523	0.4408277692176
36136523	0.439619966567215
36136523	0.434708011633503
36136523	0.429877922615353
36136523	0.425127890321261
36136523	0.420456155262785
36136523	0.415861006024941
36136523	0.411340777698582
36136523	0.406893850372111
36136523	0.406102877070619
36136523	0.401759530791789
36136523	0.401031592520954
36136523	0.396787871965177
36136523	0.399628701383087
36136523	0.398934509047488
36136523	0.401723385689354
36136523	0.401014680483593
36136523	0.403753360753521
36136523	0.399612300643229
36136523	0.39893598465027
36136523	0.394885873130978
36136523	0.394264130304739
36136523	0.400351927990119
36136523	0.399681742043551
36136523	0.399021558872305
36136523	0.398371180401622
36136523	0.394446341185843
36136523	0.390579220193825
36136523	0.390020723736649
36136523	0.386234114768332
36136523	0.385722996107124
36136523	0.388424377554812
36136523	0.391086983192246
36136523	0.396886154780892
36136523	0.399443316030994
36136523	0.39567498286089
36136523	0.395089615259692
36136523	0.394512453746362
36136523	0.393943345649497
36136523	0.396468561584841
36136523	0.395886670080219
36136523	0.395312786256853
36136523	0.394746763855725
36136523	0.394188459941885
36136523	0.396654326066091
36136523	0.396083866672102
36136523	0.401500154863384
36136523	0.406843903480675
36136523	0.412116402116402
36136523	0.408469354310062
36136523	0.413681078060634
36136523	0.418824226498699
36136523	0.41516637299216
36136523	0.414454781342953
36136523	0.419524436915741
36136523	0.418781410160721
36136523	0.420909180602832
36136523	0.423009671936711
36136523	0.42224646905498
36136523	0.424317826661858
36136523	0.423550025030394
36136523	0.422791901570755
36136523	0.42204329430517
36136523	0.424081822408182
36136523	0.423328722913785
36136523	0.425339780300173
36136523	0.427326009817592
36136523	0.426555578043131
36136523	0.428515668562507
36136523	0.427741828438693
36136523	0.426977387182779
36136523	0.426222193200122
36136523	0.430830850282852
36136523	0.427384203480589
36136523	0.429290836653387
36136523	0.425883766521217
36136523	0.427787188656754
36136523	0.427043457512475
36136523	0.423694097061397
36136523	0.425592320261438
36136523	0.427468385214008
36136523	0.424154676801496
36136523	0.426027356259915
36136523	0.43044253044253
36136523	0.427144120247569
36136523	0.423883478108274
36136523	0.425729738097311
36136523	0.425029765333948
36136523	0.426853440060987
36136523	0.426150281363787
36136523	0.427951902227479
36136523	0.427245793504388
36136523	0.429025874345744
36136523	0.425847904906145
36136523	0.422705115940048
36136523	0.422047970479705
36136523	0.421398046398046
36136523	0.423188328297817
36136523	0.422534837425348
36136523	0.424303908651735
36136523	0.421240342524285
36136523	0.423005999532504
36136523	0.42236318472104
36136523	0.421727257211128
36136523	0.418725639722081
36136523	0.415755954333981
36136523	0.415173462312775
36136523	0.416944541216676
36136523	0.416357795898196
36136523	0.418108207581892
36136523	0.417517441907686
36136523	0.414618015227771
36136523	0.411748686402666
36136523	0.411207890864256
36136523	0.412963621282142
36136523	0.410135103328155
36136523	0.414161484875403
36136523	0.411344059808224
36136523	0.410815173527038
36136523	0.408039395327531
36136523	0.405291655291655
36136523	0.404808713533546
36136523	0.404330617344916
36136523	0.40163507989595
36136523	0.401181247692876
36136523	0.402939429275483
36136523	0.402479983097648
36136523	0.404218053384286
36136523	0.403753235547886
36136523	0.403292974749098
36136523	0.402837211612839
36136523	0.406714892056912
36136523	0.408397427814904
36136523	0.412214218603195
36136523	0.413850568751513
36136523	0.413334432627037
36136523	0.41282324349417
36136523	0.41231693833391
36136523	0.409699053011155
36136523	0.409215725671422
36136523	0.410840021829121
36136523	0.412448994438162
36136523	0.409863107325697
36136523	0.411468129571578
36136523	0.410981308411215
36136523	0.410499022851725
36136523	0.407957233236544
36136523	0.409554205047841
36136523	0.409085153529598
36136523	0.406575428661318
36136523	0.40612746477552
36136523	0.405683598120385
36136523	0.409296463785307
36136523	0.410856283196709
36136523	0.408373767890384
36136523	0.4079217170798
36136523	0.405471736797038
36136523	0.405039770309231
36136523	0.402621622426788
36136523	0.404193319118692
36136523	0.405751024445387
36136523	0.405322517397386
36136523	0.404897802447156
36136523	0.40447683498178
36136523	0.404059571042493
36136523	0.4036459673132
36136523	0.405179615705932
36136523	0.404761904761905
36136523	0.406280193236715
36136523	0.403931752813381
36136523	0.405446075083429
36136523	0.405031634038888
36136523	0.406530975200079
36136523	0.408017464865602
36136523	0.407591914258581
36136523	0.410957869291203
36136523	0.414295218473689
36136523	0.41572104586461
36136523	0.417134824009973
36136523	0.414791369942502
36136523	0.418069849662712
36136523	0.419458658696253
36136523	0.418978851869719
36136523	0.422206747137109
36136523	0.425407817790089
36136523	0.424899118980936
36136523	0.424394624294172
36136523	0.423894287530651
36136523	0.423398063124091
36136523	0.422905906130698
36136523	0.424234302645881
36136523	0.423740275638748
36136523	0.421443580377833
36136523	0.420967308772187
36136523	0.420494888419417
36136523	0.423610507298882
36136523	0.423126447384858
36136523	0.424428801498664
36136523	0.423942959001783
36136523	0.427007092198582
36136523	0.426510149180729
36136523	0.427780818585416
36136523	0.42728241496931
36136523	0.428542332083507
36136523	0.429792328590505
36136523	0.429287307672928
36136523	0.430526886571068
36136523	0.431756781259066
36136523	0.432977092352092
36136523	0.435915034878765
36136523	0.43883020265717
36136523	0.441722830478525
36136523	0.441165557999629
36136523	0.438903170522708
36136523	0.438363171355499
36136523	0.439527985107086
36136523	0.442380259992038
36136523	0.440134674915936
36136523	0.441281672342522
36136523	0.440736478711162
36136523	0.438516143805816
36136523	0.439662628845318
36136523	0.440800493696553
36136523	0.440263157894737
36136523	0.441392352452203
36136523	0.44085474539191
36136523	0.438666880650511
36136523	0.441445757478974
36136523	0.439265778429695
36136523	0.438743943724787
36136523	0.439863957105336
36136523	0.437707761237173
36136523	0.435567380986624
36136523	0.435068678315145
36136523	0.43295155579293
36136523	0.432467972188757
36136523	0.430373696294381
36136523	0.428294596312282
36136523	0.426230525968609
36136523	0.427386468952734
36136523	0.426935374777101
36136523	0.426487518119476
36136523	0.426042868072764
36136523	0.427188695685116
36136523	0.428326358255099
36136523	0.429455933176481
36136523	0.430577496928208
36136523	0.430118798043326
36136523	0.431231964483907
36136523	0.432337291724202
36136523	0.433434853199342
36136523	0.432967089087818
36136523	0.430948594499996
36136523	0.430494570029454
36136523	0.428496915412148
36136523	0.428056343272894
36136523	0.426079177715052
36136523	0.425651777510527
36136523	0.425227324893621
36136523	0.426334844810011
36136523	0.42590920860188
36136523	0.423964417695022
36136523	0.425070122701726
36136523	0.423137985780355
36136523	0.424242424242424
36136523	0.423831070889895
36136523	0.423422503225982
36136523	0.423016696154394
36136523	0.422613624860816
36136523	0.422213264809123
36136523	0.420324167427427
36136523	0.422912005965697
36136523	0.423997772828508
36136523	0.425076301245566
36136523	0.4246694588158
36136523	0.425740242921335
36136523	0.423860595049718
36136523	0.426398654102362
36136523	0.428919978699715
36136523	0.427038750722961
36136523	0.426628661368959
36136523	0.426221258189764
36136523	0.425816517776446
36136523	0.4239651416122
36136523	0.423571945046999
36136523	0.421738300263246
36136523	0.422796306165637
36136523	0.423847471512624
36136523	0.423458163391423
36136523	0.42307136154568
36136523	0.422687044508368
36136523	0.420880689617306
36136523	0.420507353343174
36136523	0.420136400066537
36136523	0.419767809549623
36136523	0.420813991147576
36136523	0.420444094074366
36136523	0.418670068360972
36136523	0.416907247020505
36136523	0.419357216570839
36136523	0.421791777507649
