45438088	0
45438088	0.666666666666667
45438088	0.666666666666667
45438088	0.8
45438088	0.755555555555556
45438088	0.53968253968254
45438088	0.404761904761905
45438088	0.462962962962963
45438088	0.37037037037037
45438088	0.363636363636364
45438088	0.46969696969697
45438088	0.397435897435897
45438088	0.435897435897436
45438088	0.511111111111111
45438088	0.488888888888889
45438088	0.470588235294118
45438088	0.455337690631808
45438088	0.442495126705653
45438088	0.398245614035088
45438088	0.36031746031746
45438088	0.388167388167388
45438088	0.354413702239789
45438088	0.352657004830918
45438088	0.404444444444445
45438088	0.45025641025641
45438088	0.466286799620133
45438088	0.480599647266314
45438088	0.470443349753695
45438088	0.461302681992337
45438088	0.453046594982079
45438088	0.424731182795699
45438088	0.419191919191919
45438088	0.394533571004159
45438088	0.371988795518207
45438088	0.351322751322751
45438088	0.35035035035035
45438088	0.366998577524893
45438088	0.365272154745839
45438088	0.38034188034188
45438088	0.394308943089431
45438088	0.407278358497871
45438088	0.388335179032854
45438088	0.385835095137421
45438088	0.413131313131313
45438088	0.395169082125604
45438088	0.392537773666358
45438088	0.390070921985816
45438088	0.374149659863946
45438088	0.359183673469388
45438088	0.345098039215686
45438088	0.331825037707391
45438088	0.319303338171263
45438088	0.31982296762171
45438088	0.308193041526375
45438088	0.309090909090909
45438088	0.321637426900585
45438088	0.333534986892519
45438088	0.344827586206897
45438088	0.355555555555556
45438088	0.343897996357013
45438088	0.343557200775604
45438088	0.343232633555214
45438088	0.332506613756614
45438088	0.322275641025641
45438088	0.322610722610723
45438088	0.322930800542741
45438088	0.313432835820896
45438088	0.304347826086957
45438088	0.305175983436853
45438088	0.296579476861167
45438088	0.306859676577986
45438088	0.325849822425165
45438088	0.326052079476737
45438088	0.344024024024024
45438088	0.334970760233918
45438088	0.326270221007063
45438088	0.317904317904318
45438088	0.326733744455264
45438088	0.326898734177215
45438088	0.327057613168724
45438088	0.327210679514203
45438088	0.32735821334117
45438088	0.31956397016638
45438088	0.327731092436975
45438088	0.335613315093479
45438088	0.335560901719683
45438088	0.32793451758969
45438088	0.328055839291794
45438088	0.320765709529754
45438088	0.328367928367928
45438088	0.321229495142539
45438088	0.32148979273804
45438088	0.328833981545032
45438088	0.342963792459873
45438088	0.349707602339181
45438088	0.342497136311569
45438088	0.335507398835823
45438088	0.348931491788635
45438088	0.355286195286195
45438088	0.348250825082508
45438088	0.354494272956708
45438088	0.367028364743956
45438088	0.359970126960418
45438088	0.372161172161172
45438088	0.384007187780773
45438088	0.383060012931288
45438088	0.375966308988116
45438088	0.375184052554083
45438088	0.374423130386433
45438088	0.373682773682774
45438088	0.378914628914629
45438088	0.389907290349768
45438088	0.388914764788076
