4526305	0
4526305	0
4526305	0.166666666666667
4526305	0.233333333333333
4526305	0.377777777777778
4526305	0.365079365079365
4526305	0.440476190476191
4526305	0.342592592592593
4526305	0.340740740740741
4526305	0.339393939393939
4526305	0.282828282828283
4526305	0.341880341880342
4526305	0.293040293040293
4526305	0.298412698412698
4526305	0.261111111111111
4526305	0.230392156862745
4526305	0.20479302832244
4526305	0.218323586744639
4526305	0.196491228070175
4526305	0.241269841269841
4526305	0.219336219336219
4526305	0.258234519104084
4526305	0.236714975845411
4526305	0.244444444444444
4526305	0.225641025641026
4526305	0.208926875593542
4526305	0.194003527336861
4526305	0.203612479474548
4526305	0.190038314176245
4526305	0.199283154121864
4526305	0.186827956989247
4526305	0.195707070707071
4526305	0.203802733214498
4526305	0.192156862745098
4526305	0.218518518518519
4526305	0.206706706706707
4526305	0.195827406353722
4526305	0.202878992352677
4526305	0.192735042735043
4526305	0.199593495934959
4526305	0.221835075493612
4526305	0.242524916943522
4526305	0.231501057082452
4526305	0.250841750841751
4526305	0.268921095008052
4526305	0.271662041319766
4526305	0.288120567375887
4526305	0.317176870748299
4526305	0.331156462585034
4526305	0.344313725490196
4526305	0.343891402714932
4526305	0.35607160135462
4526305	0.342883764267412
4526305	0.354657687991021
4526305	0.365800865800866
4526305	0.364661654135338
4526305	0.386569872958258
4526305	0.373465809468147
4526305	0.372128060263654
4526305	0.370856102003643
4526305	0.369645690111052
4526305	0.357910906298003
4526305	0.357142857142857
4526305	0.356410256410256
4526305	0.355710955710956
4526305	0.355042966983266
4526305	0.354404448346503
4526305	0.353793691389599
4526305	0.343685300207039
4526305	0.343393695506372
4526305	0.352373500260824
4526305	0.360984271943176
4526305	0.378254967296063
4526305	0.377057057057057
4526305	0.375906432748538
4526305	0.374800637958533
4526305	0.382284382284382
4526305	0.37260629665693
4526305	0.37162447257384
4526305	0.378909465020576
4526305	0.377797852052595
4526305	0.368694289352532
4526305	0.367852361828265
4526305	0.359197012138189
4526305	0.350843593251254
4526305	0.350441058540497
4526305	0.357628004179728
4526305	0.357082056520259
4526305	0.356554307116105
4526305	0.363369963369963
4526305	0.377209746774964
4526305	0.383434626772635
4526305	0.389460840387402
4526305	0.388279208659948
4526305	0.387134502923977
4526305	0.38602520045819
4526305	0.378147135142717
4526305	0.390709819281248
4526305	0.38956228956229
4526305	0.388448844884488
4526305	0.380832200867146
4526305	0.373437400850308
4526305	0.37907642519293
4526305	0.384554334554335
4526305	0.389877208745133
4526305	0.382589784282608
4526305	0.375504788277374
4526305	0.380847208064334
4526305	0.379983319432861
4526305	0.379142779142779
4526305	0.384277134277134
4526305	0.389275179098188
4526305	0.388293743207577
4526305	0.381540808543097
4526305	0.386456771614193
4526305	0.385548678652127
4526305	0.379013955285142
4526305	0.383848454636092
4526305	0.383006535947712
4526305	0.376675849403122
4526305	0.370500835478481
4526305	0.375316540050646
4526305	0.374639391555206
4526305	0.368645161290323
4526305	0.373375661375661
4526305	0.372745073532475
4526305	0.377337598425197
4526305	0.376655361757106
4526305	0.37086066388392
4526305	0.370287727539636
4526305	0.369727812475904
4526305	0.364167995746943
4526305	0.363707776904949
4526305	0.363257785148332
4526305	0.357915758896151
4526305	0.362423071418348
4526305	0.357170563136923
4526305	0.35682758141313
4526305	0.3517300445358
4526305	0.351469098277609
4526305	0.351213664968535
4526305	0.355625595062215
4526305	0.350686350686351
4526305	0.345849297573436
4526305	0.345677846008503
4526305	0.345509893455099
4526305	0.345345345345345
4526305	0.345184110284781
4526305	0.345026099925429
4526305	0.349286239882266
4526305	0.35346229812943
4526305	0.353199174406605
4526305	0.348612172141584
4526305	0.348415025834381
4526305	0.348221670802316
4526305	0.343785725951331
4526305	0.343653417184015
4526305	0.343523604808534
4526305	0.343396226415094
4526305	0.339130434782609
4526305	0.339058865628914
4526305	0.334898634148805
4526305	0.33487954511447
4526305	0.334860803153486
4526305	0.334842399902641
4526305	0.33881634321718
4526305	0.338751069289992
4526305	0.33868695407157
4526305	0.334702401670728
4526305	0.334686389175553
4526305	0.334670655968086
4526305	0.334655195590805
4526305	0.338471419396275
4526305	0.338412698412698
4526305	0.342142857142857
4526305	0.342043314500942
4526305	0.338200131191942
4526305	0.338145753562237
4526305	0.341795985930064
4526305	0.345385717208922
4526305	0.345253273430069
4526305	0.34876598811025
4526305	0.344975053456878
4526305	0.348452800626714
4526305	0.348290225709581
4526305	0.344565196557606
4526305	0.344445708650965
4526305	0.347855454238433
4526305	0.347702589807853
4526305	0.344061724993111
4526305	0.3404777486911
4526305	0.343857944732297
4526305	0.340313017467016
4526305	0.336822627544277
4526305	0.340188383045526
4526305	0.336734693877551
4526305	0.333333333333333
4526305	0.333333333333333
4526305	0.333333333333333
4526305	0.330016583747927
4526305	0.330049422852733
4526305	0.330081776650572
4526305	0.330113654657265
4526305	0.330145066156544
4526305	0.330176020206804
4526305	0.333427137563904
4526305	0.330221107395021
4526305	0.33663047478837
4526305	0.336599073441179
4526305	0.339727676220567
4526305	0.336522698143015
4526305	0.333362860601766
4526305	0.333362584645986
4526305	0.333362312540752
4526305	0.336448463967844
4526305	0.333347556465836
4526305	0.333347425978382
4526305	0.336391437308869
4526305	0.336363636363636
4526305	0.336336212806801
4526305	0.333306156835569
4526305	0.333306400570975
4526305	0.330330450565877
4526305	0.333320105820106
4526305	0.33037037037037
4526305	0.333333333333333
4526305	0.333333333333333
4526305	0.333333333333333
4526305	0.333333333333333
4526305	0.330447330447331
4526305	0.330472209782555
4526305	0.333357999112032
4526305	0.333357788293411
4526305	0.333357580166091
4526305	0.330532515927395
4526305	0.327743211995518
4526305	0.324989067356901
4526305	0.325058893850427
4526305	0.327905625290563
4526305	0.327950668510835
4526305	0.330749974280717
4526305	0.330771236495142
4526305	0.330792237288898
4526305	0.330812980930077
4526305	0.328123444499751
4526305	0.325466574503802
4526305	0.322841844064255
4526305	0.322926113054368
4526305	0.3230093708166
4526305	0.323091633466136
4526305	0.325818419443918
4526305	0.325877825877826
4526305	0.328561202576951
4526305	0.331213010138439
4526305	0.333833741830065
4526305	0.336423881322957
4526305	0.338983902914769
4526305	0.336366266598825
4526305	0.333778833778834
4526305	0.336329698398664
4526305	0.333762296120812
4526305	0.336293888292263
4526305	0.336271459845604
4526305	0.336249285305889
4526305	0.336227360854968
4526305	0.341199440548938
4526305	0.338653176067229
4526305	0.336135308587176
4526305	0.333645417412456
4526305	0.331183089608674
4526305	0.32874791983214
4526305	0.331223515047045
4526305	0.333672005204852
4526305	0.336093784560938
4526305	0.336073781291173
4526305	0.333647255794485
4526305	0.333644997359513
4526305	0.333642763208788
4526305	0.333640552995392
4526305	0.336010845619387
4526305	0.335991856170549
4526305	0.333617355420227
4526305	0.333615355264686
4526305	0.333613376163413
4526305	0.333611417821944
4526305	0.331286599579283
4526305	0.328985998193315
4526305	0.331322888632577
4526305	0.333635604343157
4526305	0.331342576134613
4526305	0.329073106435061
4526305	0.326826873626631
4526305	0.329138708953434
4526305	0.326907260079173
4526305	0.329202931745305
4526305	0.326986076986077
4526305	0.327028676021965
4526305	0.327070847642776
4526305	0.331557041991825
4526305	0.335998523440384
4526305	0.333773367656011
4526305	0.331570243117027
4526305	0.333774824850906
4526305	0.333771929824561
4526305	0.335947712418301
4526305	0.335930680632731
4526305	0.338078316905679
4526305	0.340205102341025
4526305	0.342311305981835
4526305	0.344397192545725
4526305	0.344326270371286
4526305	0.342126102509489
4526305	0.342070097610278
4526305	0.342014626091059
4526305	0.344069385841538
4526305	0.344001650494483
4526305	0.346030990218836
4526305	0.343861516925928
4526305	0.345879049111808
4526305	0.347877725856698
4526305	0.345716994640197
4526305	0.347704299110949
4526305	0.347615589445655
4526305	0.349578980690092
4526305	0.349479314141891
4526305	0.347341825982002
4526305	0.349288928669103
4526305	0.349191934168582
4526305	0.347075619416045
4526305	0.349006683145656
4526305	0.350920297504216
4526305	0.354818674095783
4526305	0.35668602734471
4526305	0.358536658027229
4526305	0.360370765221512
4526305	0.362188545052047
4526305	0.363990190742074
4526305	0.365775892664933
4526305	0.365585054080629
4526305	0.367350928641251
4526305	0.367151995335357
4526305	0.36889843656761
4526305	0.366753678215472
4526305	0.368492304235479
4526305	0.366362290916199
4526305	0.368093151871533
4526305	0.365977673987214
4526305	0.363880380726542
4526305	0.36370582617001
4526305	0.365432098765432
4526305	0.369037598204265
4526305	0.370723881878273
4526305	0.370512635841296
4526305	0.372181109254397
4526305	0.371962863322256
4526305	0.373613865021664
4526305	0.377113228904225
4526305	0.37872633997811
4526305	0.37662230475601
4526305	0.378229198727814
4526305	0.381664396524898
4526305	0.379561562384265
4526305	0.381139062957245
4526305	0.379050629735561
4526305	0.380622302068518
4526305	0.378548066089943
4526305	0.376490739643802
4526305	0.374450139428931
