30300851	0.333333333333333
30300851	0.111111111111111
30300851	0.222222222222222
30300851	0.266666666666667
30300851	0.177777777777778
30300851	0.126984126984127
30300851	0.0952380952380953
30300851	0.148148148148148
30300851	0.185185185185185
30300851	0.212121212121212
30300851	0.176767676767677
30300851	0.14957264957265
30300851	0.175824175824176
30300851	0.152380952380952
30300851	0.175
30300851	0.193627450980392
30300851	0.172113289760349
30300851	0.224171539961014
30300851	0.268421052631579
30300851	0.242857142857143
30300851	0.251082251082251
30300851	0.258234519104084
30300851	0.292270531400966
30300851	0.322222222222222
30300851	0.323076923076923
30300851	0.323836657169991
30300851	0.300705467372134
30300851	0.325944170771757
30300851	0.304214559386973
30300851	0.306093189964158
30300851	0.307795698924731
30300851	0.289141414141414
30300851	0.291740938799762
30300851	0.294117647058824
30300851	0.314814814814815
30300851	0.297797797797798
30300851	0.299668089141773
30300851	0.335582546108862
30300851	0.318803418803419
30300851	0.303252032520325
30300851	0.320557491289199
30300851	0.336655592469546
30300851	0.321353065539112
30300851	0.307070707070707
30300851	0.33719806763285
30300851	0.337033610854147
30300851	0.350768321513002
30300851	0.336451247165533
30300851	0.322993197278912
30300851	0.310326797385621
30300851	0.298391151332328
30300851	0.299709724238026
30300851	0.300955043093408
30300851	0.290011223344557
30300851	0.27965367965368
30300851	0.26984126984127
30300851	0.283524904214559
30300851	0.296512760568868
30300851	0.308851224105461
30300851	0.320582877959927
30300851	0.320994182971973
30300851	0.310803891449053
30300851	0.311507936507937
30300851	0.322435897435897
30300851	0.312665112665113
30300851	0.303331825719885
30300851	0.314018144571261
30300851	0.304916169366297
30300851	0.296204278812975
30300851	0.306639839034205
30300851	0.2981220657277
30300851	0.308219178082192
30300851	0.317906948043934
30300851	0.30942942942943
30300851	0.301286549707602
30300851	0.293460925039872
30300851	0.294483294483295
30300851	0.295466839770637
30300851	0.288080168776371
30300851	0.2809670781893
30300851	0.282244303924521
30300851	0.275443236360075
30300851	0.292694587875311
30300851	0.293650793650794
30300851	0.294573643410853
30300851	0.295464670765393
30300851	0.296325322187391
30300851	0.2971569628873
30300851	0.297960882230545
30300851	0.298738298738299
30300851	0.299490364707756
30300851	0.314555088047374
30300851	0.322046823762678
30300851	0.33631952220978
30300851	0.336257309941521
30300851	0.343069873997709
30300851	0.336068447997756
30300851	0.33601319315605
30300851	0.342626262626263
30300851	0.335841584158416
30300851	0.342328350482107
30300851	0.348626181864332
30300851	0.354742345033607
30300851	0.360683760683761
30300851	0.360167714884696
30300851	0.365896667254452
30300851	0.371466482058382
30300851	0.376882999207158
30300851	0.382151793160968
30300851	0.393284193284193
30300851	0.404118404118404
30300851	0.402865571007164
30300851	0.395797753971951
30300851	0.388914314772438
30300851	0.393703148425787
30300851	0.39836919147264
30300851	0.408566323820561
30300851	0.412904144708731
30300851	0.417133520074697
30300851	0.421258034894399
30300851	0.425281127218534
30300851	0.434626149540184
30300851	0.443745082612116
30300851	0.441978494623656
30300851	0.434962962962963
30300851	0.428113152522601
30300851	0.437048884514436
30300851	0.435440891472868
30300851	0.428741800834824
30300851	0.43746330005872
30300851	0.445986583391164
30300851	0.444292549555708
30300851	0.437661317472787
30300851	0.431177446102819
30300851	0.429738562091503
30300851	0.428331186489194
30300851	0.422123488134278
30300851	0.416049768880548
30300851	0.424391915039397
30300851	0.418372171563661
30300851	0.41247960576699
30300851	0.406710660231787
30300851	0.405691530691531
30300851	0.400095785440613
30300851	0.394615021256495
30300851	0.393781256794955
30300851	0.392964392964393
30300851	0.392163976056594
30300851	0.400268456375839
30300851	0.408211920529801
30300851	0.402840711049146
30300851	0.410646714826281
30300851	0.418300653594771
30300851	0.425806451612903
30300851	0.433167907361456
30300851	0.440388698350482
30300851	0.439033567147733
30300851	0.446089748693045
30300851	0.453013626834382
30300851	0.451526915113872
30300851	0.458298187766787
30300851	0.464944835769648
30300851	0.463339817447254
30300851	0.461763981276176
30300851	0.456200559815018
30300851	0.454729096024818
30300851	0.453283908373729
30300851	0.447919601765756
30300851	0.446571528019492
30300851	0.445247104689829
30300851	0.443945781767079
30300851	0.442667025137787
30300851	0.437578898412066
30300851	0.432577996715928
30300851	0.431450216450217
30300851	0.437874507789762
30300851	0.436699887852049
30300851	0.431820559496161
30300851	0.438133664390648
30300851	0.444342132187436
30300851	0.450448262602959
30300851	0.456454292519866
30300851	0.462362398035955
30300851	0.468174696435566
30300851	0.473893248086797
30300851	0.475954995879095
30300851	0.477983843440665
30300851	0.479980487072686
30300851	0.474928060892973
30300851	0.476935794984844
30300851	0.47891215823153
30300851	0.484312032239494
30300851	0.489628403041148
30300851	0.484606573266367
30300851	0.479661608233037
30300851	0.474791947235747
30300851	0.469996068980841
30300851	0.465272490398119
30300851	0.463953098827471
30300851	0.469286898839138
30300851	0.474541483999146
30300851	0.479718415191273
30300851	0.484819215042339
30300851	0.483341304001275
30300851	0.488357407845923
30300851	0.493300814533402
30300851	0.488557537470581
30300851	0.493451723714882
30300851	0.498275993012835
30300851	0.496712555480328
30300851	0.495171242063847
30300851	0.490521746833201
30300851	0.489052696239744
30300851	0.484503368832862
30300851	0.489276485788114
30300851	0.493983614951357
30300851	0.492509759156696
30300851	0.491056093167442
30300851	0.489622249896223
30300851	0.488207870560812
30300851	0.48380960145666
30300851	0.48246003851385
30300851	0.481128550074739
30300851	0.476851851851852
30300851	0.475581776466732
30300851	0.474328486218861
30300851	0.473091686632146
30300851	0.471871089660104
30300851	0.470666413518132
30300851	0.469477382520861
30300851	0.474050853361198
30300851	0.475704207981846
30300851	0.47448736289938
30300851	0.478959810874705
30300851	0.4833754056978
30300851	0.479296288350139
30300851	0.480870829344396
30300851	0.482425606225754
30300851	0.483960948396095
30300851	0.488243430152144
30300851	0.489718002354743
30300851	0.491174369962249
30300851	0.495345071847804
30300851	0.499464703914353
30300851	0.500824069465184
30300851	0.502166924503253
30300851	0.506181707370162
30300851	0.507470743187805
30300851	0.508744310575636
30300851	0.507346613545817
30300851	0.505965555766353
30300851	0.501965828052785
30300851	0.498013341217723
30300851	0.496721733312748
30300851	0.492841094771242
30300851	0.489005755512322
30300851	0.490382971877859
30300851	0.486596230782277
30300851	0.482853182853183
30300851	0.479153158463503
30300851	0.480584559289482
30300851	0.481999632349384
30300851	0.483398625033606
30300851	0.487297503335239
30300851	0.48864614366104
30300851	0.492476509626125
30300851	0.493776436171204
30300851	0.492583550648246
30300851	0.496342191013814
30300851	0.50005922281445
30300851	0.498833297156501
30300851	0.502504848093083
30300851	0.503703109542526
30300851	0.507312541473126
30300851	0.50846728151076
30300851	0.5096095153386
30300851	0.513137504436884
30300851	0.509459099387157
30300851	0.505820105820106
30300851	0.50459244195899
30300851	0.503377838351716
30300851	0.499820397797994
30300851	0.49630053584167
30300851	0.492817725063833
30300851	0.489371447266184
30300851	0.485961193278267
30300851	0.484901277584204
30300851	0.481545559400231
30300851	0.480523406117011
30300851	0.477220839751945
30300851	0.473952203863234
30300851	0.472992348091698
30300851	0.469774713070666
30300851	0.466589799761713
30300851	0.463437165979539
30300851	0.462561045894379
30300851	0.459456609344753
30300851	0.456383320987932
30300851	0.453340765514679
30300851	0.450328534514581
30300851	0.447346226338988
30300851	0.446593665989116
30300851	0.445848532221643
30300851	0.447296519988496
30300851	0.444373013321904
30300851	0.44364962778452
30300851	0.440768786045659
30300851	0.437915913644069
30300851	0.435090649685075
30300851	0.432292639076168
30300851	0.429521532415423
30300851	0.426776985882417
30300851	0.424058661131574
30300851	0.423482627304283
30300851	0.427131471435269
30300851	0.424436635653343
30300851	0.421767222850492
30300851	0.419122914243279
30300851	0.416503396029258
30300851	0.415985202492212
30300851	0.415471836845262
30300851	0.414963239300297
