11241102	0.333333333333333
11241102	0.111111111111111
11241102	0.222222222222222
11241102	0.266666666666667
11241102	0.288888888888889
11241102	0.206349206349206
11241102	0.238095238095238
11241102	0.259259259259259
11241102	0.207407407407407
11241102	0.16969696969697
11241102	0.196969696969697
11241102	0.166666666666667
11241102	0.190476190476191
11241102	0.20952380952381
11241102	0.225
11241102	0.237745098039216
11241102	0.248366013071896
11241102	0.257309941520468
11241102	0.231578947368421
11241102	0.241269841269841
11241102	0.219336219336219
11241102	0.200263504611331
11241102	0.211352657004831
11241102	0.247777777777778
11241102	0.228717948717949
11241102	0.211775878442545
11241102	0.196649029982363
11241102	0.206075533661741
11241102	0.192337164750958
11241102	0.179928315412186
11241102	0.168682795698925
11241102	0.178661616161616
11241102	0.16815210932858
11241102	0.177591036414566
11241102	0.186243386243386
11241102	0.194194194194194
11241102	0.201517306780465
11241102	0.208277103013945
11241102	0.197863247863248
11241102	0.188211382113821
11241102	0.195121951219512
11241102	0.186046511627907
11241102	0.192741367159972
11241102	0.184175084175084
11241102	0.190660225442834
11241102	0.196731421523281
11241102	0.188534278959811
11241102	0.194444444444444
11241102	0.2
11241102	0.205228758169935
11241102	0.197335344394168
11241102	0.189888727624577
11241102	0.182855811786629
11241102	0.176206509539843
11241102	0.16991341991342
11241102	0.175647451963241
11241102	0.181084896148417
11241102	0.186245860120787
11241102	0.191148775894539
11241102	0.18488160291439
11241102	0.178917680239732
11241102	0.183819764464926
11241102	0.178075396825397
11241102	0.182852564102564
11241102	0.177311577311577
11241102	0.172018694406754
11241102	0.16695932104185
11241102	0.171781756180733
11241102	0.17639751552795
11241102	0.171428571428571
11241102	0.166666666666667
11241102	0.162100456621005
11241102	0.157719363198815
11241102	0.162402402402402
11241102	0.15812865497076
11241102	0.162679425837321
11241102	0.167055167055167
11241102	0.179703559450395
11241102	0.175210970464135
11241102	0.179115226337449
11241102	0.182876643581251
11241102	0.186502105984915
11241102	0.182061579651941
11241102	0.18562091503268
11241102	0.204559963520292
11241102	0.199857435623274
11241102	0.19531522117729
11241102	0.190926115083418
11241102	0.194090719933417
11241102	0.18982498982499
11241102	0.200191113234592
11241102	0.210222845566464
11241102	0.21284221764661
11241102	0.20836132885405
11241102	0.204020467836257
11241102	0.206686712485682
11241102	0.20927133740094
11241102	0.211777640349069
11241102	0.220875420875421
11241102	0.216501650165017
11241102	0.212256519769624
11241102	0.208135033948855
11241102	0.204132437142146
11241102	0.212942612942613
11241102	0.215214135968853
11241102	0.211191441838594
11241102	0.213453328718126
11241102	0.209536753879262
11241102	0.211787600778426
11241102	0.207971607971608
11241102	0.21021021021021
11241102	0.212389380530973
11241102	0.214511204264348
11241102	0.216577676074244
11241102	0.224337831084458
11241102	0.226201002063071
11241102	0.222367086773866
11241102	0.21862982481128
11241102	0.220541549953315
11241102	0.222405876951332
11241102	0.22422435984284
11241102	0.231418543693634
11241102	0.227685986537285
11241102	0.224043010752688
11241102	0.225777777777778
11241102	0.232720909886264
11241102	0.234292979002625
11241102	0.235828488372093
11241102	0.237328562909958
11241102	0.233705226071638
11241102	0.230164237797826
11241102	0.226703121439964
11241102	0.223319492761755
11241102	0.22494932743689
11241102	0.22164124909223
11241102	0.21840561041935
11241102	0.220071229592017
11241102	0.216904737079901
11241102	0.21380609797876
11241102	0.215501519756839
11241102	0.212466287084207
11241102	0.214156735283496
11241102	0.215811965811966
11241102	0.217432950191571
11241102	0.214454416627303
11241102	0.211536669462306
11241102	0.208678065820923
11241102	0.210351290888204
11241102	0.207546607009694
11241102	0.204797645327447
11241102	0.206488904380156
11241102	0.203789703015709
11241102	0.205472087825029
11241102	0.207121910347717
11241102	0.208740005514199
11241102	0.2060808971637
11241102	0.20347227821226
11241102	0.20091287848632
11241102	0.198401467505241
11241102	0.19593685300207
11241102	0.193517879508218
11241102	0.191143426998914
11241102	0.188812409596489
11241102	0.186523774328652
11241102	0.188292564196179
11241102	0.190029579395426
11241102	0.187767322497861
11241102	0.185545224006763
11241102	0.183362339018448
11241102	0.181217750257998
11241102	0.182986536107711
11241102	0.184724649370435
11241102	0.186432795163112
11241102	0.188111658456486
11241102	0.189761904761905
11241102	0.187617702448211
11241102	0.185509638375759
11241102	0.183436904986086
11241102	0.185102420856611
11241102	0.183057090239411
11241102	0.184708477526157
11241102	0.182689805640625
11241102	0.184327235289459
11241102	0.185938112025069
11241102	0.187523006877846
11241102	0.192647537998582
11241102	0.19414419539576
11241102	0.195617096326316
11241102	0.19706674092639
11241102	0.198493616239552
11241102	0.199898196625945
11241102	0.197826712723086
11241102	0.195787262076456
11241102	0.200616794431227
11241102	0.19856968428397
11241102	0.199937843157568
11241102	0.197918268984259
11241102	0.195929140652759
11241102	0.197303182579565
11241102	0.195339966832504
11241102	0.196706237787958
11241102	0.201336389796615
11241102	0.202630477478348
11241102	0.200653594771242
11241102	0.198705501618123
11241102	0.200006253615371
11241102	0.201288244766506
11241102	0.199362041467305
11241102	0.203812561707299
11241102	0.208199804408335
11241102	0.209380309398194
11241102	0.207414297103375
11241102	0.208591110526085
11241102	0.209751503296385
11241102	0.207809359747344
11241102	0.20589406610912
11241102	0.204005129722798
11241102	0.205186209207825
11241102	0.203320880033209
11241102	0.201480872069107
11241102	0.199665729077494
11241102	0.197875005049893
11241102	0.199084454409567
11241102	0.197314814814815
11241102	0.195568666011144
11241102	0.193845594063909
11241102	0.195069170724167
11241102	0.19336550984448
11241102	0.191684070628441
11241102	0.190024468285338
11241102	0.191259889535752
11241102	0.192479404074787
11241102	0.190834280963036
11241102	0.189210159422925
11241102	0.193256401009737
11241102	0.197251424348614
11241102	0.201196090250446
11241102	0.199512440959647
11241102	0.203405392840539
11241102	0.204483633010604
11241102	0.20554850656699
11241102	0.206600233536261
11241102	0.207639029436237
11241102	0.205944016951043
11241102	0.206979702450086
11241102	0.208002808773027
11241102	0.211701710852814
11241102	0.212678671675951
11241102	0.21364390896921
11241102	0.211941567065073
11241102	0.210259491135985
11241102	0.211232406884581
11241102	0.212193831502288
11241102	0.213143945242139
11241102	0.214082924836601
11241102	0.212416909857328
11241102	0.213354246473421
11241102	0.21170672333463
11241102	0.21007821007821
11241102	0.208468415364967
11241102	0.206877053415616
11241102	0.207838698129819
11241102	0.206264162537927
11241102	0.207223175147703
11241102	0.208171371825791
11241102	0.209108914608619
11241102	0.21003596250955
11241102	0.208474356840334
11241102	0.209399238147689
11241102	0.207853856316341
11241102	0.206325519137544
11241102	0.207255979314803
11241102	0.208176251971872
11241102	0.209086485290865
11241102	0.207571365832235
11241102	0.20607265560962
11241102	0.206988200053675
11241102	0.207893899933816
11241102	0.206408943505718
11241102	0.207312319945772
11241102	0.205842019804313
11241102	0.206743018486496
11241102	0.205287081736592
11241102	0.203846470636686
11241102	0.202420970842024
11241102	0.201010371742079
11241102	0.199614466382759
11241102	0.200539856465462
11241102	0.203754524122022
11241102	0.204645100130347
11241102	0.203243421362331
11241102	0.204131407109574
11241102	0.202742758081617
11241102	0.203628117913832
11241102	0.204504504504505
11241102	0.205372038705372
11241102	0.206230839340459
11241102	0.204851368843198
11241102	0.207930137495355
11241102	0.208763381321521
11241102	0.211795853409899
11241102	0.212598081000153
11241102	0.213392391870766
11241102	0.21417888984757
11241102	0.214957677059895
11241102	0.215728853973729
11241102	0.214328017259613
11241102	0.215098278205074
11241102	0.215861085012353
11241102	0.21447291083221
11241102	0.213098084480721
11241102	0.213866360831217
11241102	0.214627296961804
11241102	0.213264583965221
11241102	0.21191480811734
11241102	0.210577806173382
11241102	0.20925341745531
11241102	0.210031347962383
11241102	0.210801985370951
11241102	0.209488577362409
11241102	0.208187406074444
11241102	0.208962303456852
11241102	0.207672412694773
11241102	0.206394428616651
11241102	0.205128205128205
11241102	0.205912334352701
11241102	0.204656771338356
11241102	0.205438999678751
11241102	0.206214116852415
11241102	0.204968110104062
11241102	0.203733362452833
11241102	0.202509738654317
11241102	0.201297105488722
11241102	0.202085381475854
11241102	0.20286661928453
11241102	0.201662663086995
11241102	0.200469392891214
11241102	0.19928668260867
11241102	0.19811440800509
11241102	0.198907480880915
11241102	0.199693596977128
11241102	0.198529202825658
11241102	0.197374963274346
11241102	0.198163127738456
11241102	0.198944458406635
11241102	0.197797804467692
11241102	0.198576744288759
11241102	0.197438768676789
11241102	0.198215309046255
11241102	0.197085877085877
11241102	0.19786001036001
11241102	0.19862756459782
11241102	0.197505374967323
11241102	0.19827060290178
11241102	0.199029382286227
11241102	0.199781785373325
11241102	0.200527883406622
11241102	0.201267746637411
11241102	0.202001444341277
11241102	0.200882322765979
11241102	0.199772475678874
11241102	0.198671800881746
11241102	0.197580197580198
11241102	0.198324050378845
11241102	0.199061806023405
11241102	0.197977000540989
11241102	0.196901038581527
11241102	0.197640509013786
11241102	0.198373983739837
11241102	0.199101527403414
11241102	0.198031089084041
11241102	0.196969260188148
11241102	0.19591594863634
11241102	0.198426619132502
11241102	0.199144208037825
11241102	0.199856086686608
11241102	0.200562315504844
11241102	0.201262954121353
11241102	0.201958061380364
11241102	0.20264769535387
11241102	0.205077114051843
11241102	0.205746859322242
11241102	0.206411372207717
11241102	0.205339105339105
11241102	0.20427517215082
11241102	0.204942139392073
11241102	0.203885736611702
11241102	0.202837480896474
11241102	0.203506690396151
11241102	0.204170765296085
11241102	0.203129077718044
11241102	0.203791694794966
11241102	0.20275721918687
11241102	0.203418364068624
11241102	0.204074500277032
11241102	0.204725678277316
11241102	0.205371947900713
11241102	0.204342514577902
11241102	0.204987468671679
11241102	0.203965087281796
11241102	0.20460871039648
11241102	0.205247542272097
11241102	0.204231465330156
11241102	0.20486900541906
11241102	0.203859798495814
11241102	0.202858030444237
11241102	0.203497615262321
11241102	0.205762500599262
11241102	0.206384797344306
11241102	0.207002551777343
11241102	0.207615807998488
11241102	0.209838814577995
11241102	0.208825100497908
11241102	0.209425140174224
11241102	0.20841828853877
11241102	0.207418680440263
11241102	0.206426246562559
11241102	0.205440918416675
11241102	0.206049929916278
11241102	0.208238132941221
11241102	0.208831001189525
11241102	0.209419664698479
11241102	0.210004163135436
11241102	0.210584535701073
11241102	0.209595875909049
11241102	0.210175442454362
11241102	0.212308579016102
11241102	0.211318795430945
11241102	0.210335917312662
11241102	0.210906670983291
11241102	0.20993025121022
11241102	0.208960596470219
11241102	0.209533742723045
11241102	0.210102936243092
11241102	0.210668213293965
11241102	0.209704056711384
11241102	0.208746503941012
11241102	0.209314097696786
11241102	0.208362669979982
11241102	0.207417714560572
11241102	0.20798746849167
11241102	0.207048473148593
11241102	0.207617323870146
11241102	0.20668421230219
11241102	0.207252145580356
11241102	0.206324842915567
11241102	0.205403749866837
11241102	0.20597359210945
11241102	0.206539635403778
11241102	0.208580110043525
11241102	0.209132115456311
11241102	0.211152135549955
11241102	0.210221949930793
11241102	0.210763098868826
11241102	0.209838699312384
11241102	0.210379157229324
11241102	0.212371679104596
11241102	0.211446312311112
11241102	0.211976255880774
11241102	0.212502750793801
11241102	0.211582825465689
