4848122	0
4848122	0
4848122	0.166666666666667
4848122	0.366666666666667
4848122	0.355555555555556
4848122	0.53968253968254
4848122	0.571428571428571
4848122	0.518518518518519
4848122	0.481481481481482
4848122	0.393939393939394
4848122	0.383838383838384
4848122	0.324786324786325
4848122	0.278388278388278
4848122	0.285714285714286
4848122	0.25
4848122	0.220588235294118
4848122	0.233115468409586
4848122	0.243664717348928
4848122	0.219298245614035
4848122	0.261904761904762
4848122	0.238095238095238
4848122	0.217391304347826
4848122	0.227053140096618
4848122	0.208888888888889
4848122	0.192820512820513
4848122	0.178537511870845
4848122	0.165784832451499
4848122	0.154351395730706
4848122	0.166283524904215
4848122	0.155555555555556
4848122	0.166666666666667
4848122	0.176767676767677
4848122	0.166369578134284
4848122	0.175910364145658
4848122	0.166137566137566
4848122	0.193193193193193
4848122	0.183025130393551
4848122	0.207827260458839
4848122	0.214102564102564
4848122	0.203658536585366
4848122	0.225706542779714
4848122	0.215208564045773
4848122	0.220577871740662
4848122	0.225589225589226
4848122	0.215780998389694
4848122	0.206598828245452
4848122	0.197990543735225
4848122	0.203514739229025
4848122	0.208707482993197
4848122	0.226666666666667
4848122	0.217948717948718
4848122	0.247460087082729
4848122	0.250640577684603
4848122	0.25364758698092
4848122	0.244588744588745
4848122	0.247702589807853
4848122	0.239161121193789
4848122	0.231053964543152
4848122	0.223352165725047
4848122	0.22695810564663
4848122	0.241142252776309
4848122	0.244068953746373
4848122	0.246858465608466
4848122	0.249519230769231
4848122	0.252059052059052
4848122	0.254485150007538
4848122	0.247000292654375
4848122	0.259164535379369
4848122	0.270807453416149
4848122	0.281958417169685
4848122	0.29264475743349
4848122	0.302891933028919
4848122	0.303714673577687
4848122	0.304504504504505
4848122	0.305263157894737
4848122	0.297334244702666
4848122	0.28971028971029
4848122	0.282375851996105
4848122	0.275316455696203
4848122	0.268518518518519
4848122	0.278229448961156
4848122	0.271525124889803
4848122	0.272996748900363
4848122	0.266573295985061
4848122	0.275877792977656
4848122	0.269535774748285
4848122	0.270985719261581
4848122	0.264896152536602
4848122	0.259009571369122
4848122	0.253317053317053
4848122	0.255056537665233
4848122	0.249571450833723
4848122	0.24426141996492
4848122	0.246136618141097
4848122	0.247953216374269
4848122	0.24971363115693
4848122	0.244617434602707
4848122	0.239675668247097
4848122	0.241548821548822
4848122	0.236765676567657
4848122	0.23865916003365
4848122	0.24049749349578
4848122	0.235872541697784
4848122	0.237728937728938
4848122	0.239532794249775
4848122	0.235055545759125
4848122	0.236875504788277
4848122	0.232529165250878
4848122	0.234361968306922
4848122	0.248157248157248
4848122	0.24967824967825
4848122	0.257058575642646
4848122	0.264244682502717
4848122	0.265446224256293
4848122	0.272363818090955
4848122	0.273406032026722
4848122	0.27442174899802
4848122	0.275411859659118
4848122	0.276377217553688
4848122	0.282828282828283
4848122	0.289120715350224
4848122	0.295259673908215
4848122	0.290497421103243
4848122	0.296516129032258
4848122	0.291809523809524
4848122	0.28721409823772
4848122	0.282726377952756
4848122	0.278343023255814
4848122	0.274060822898032
4848122	0.269876688197299
4848122	0.265787647467037
4848122	0.26680337206653
4848122	0.272771480941159
4848122	0.273668693569191
4848122	0.274546114742193
4848122	0.280270502361529
4848122	0.276208611022956
4848122	0.281826712543009
4848122	0.282562521411442
4848122	0.27855454238433
4848122	0.279326074651217
4848122	0.280081420926491
4848122	0.280821030821031
4848122	0.28154533844189
4848122	0.286820973075106
4848122	0.2919889416954
4848122	0.292547649690507
4848122	0.288620835600701
4848122	0.289217002237137
4848122	0.289801324503311
4848122	0.294760079005461
4848122	0.290907006077285
4848122	0.295787001669355
4848122	0.296271470465019
4848122	0.301020126826578
4848122	0.297185475529425
4848122	0.293423634067027
4848122	0.29811851498023
4848122	0.30272536687631
4848122	0.298964803312629
4848122	0.299389106152391
4848122	0.295715620187331
4848122	0.304304454087486
4848122	0.30869672333087
4848122	0.304977485700377
4848122	0.309309092658057
4848122	0.305626841554985
4848122	0.30200995585611
4848122	0.306300034806822
4848122	0.31051484921454
4848122	0.310780180425223
4848122	0.314894475063853
4848122	0.315106415963502
4848122	0.311505199781062
4848122	0.315541125541126
4848122	0.311975689094333
4848122	0.315960980977168
4848122	0.312430690686921
4848122	0.308959238568177
4848122	0.305545324329855
4848122	0.302187683403153
4848122	0.306171060269421
4848122	0.302843113962145
4848122	0.30677634155895
4848122	0.303477671219607
4848122	0.300231920725279
4848122	0.297037964121819
4848122	0.293894705242223
4848122	0.294309848695814
4848122	0.291228070175439
4848122	0.291666666666667
4848122	0.288644214162349
4848122	0.285668500614283
4848122	0.286157370693453
4848122	0.283237397523112
4848122	0.283745985703926
4848122	0.287613871370217
4848122	0.284723279698154
4848122	0.288542713567839
4848122	0.285671641791045
4848122	0.282843209694104
4848122	0.28005657708628
4848122	0.277310924369748
4848122	0.274605451936872
4848122	0.271939379587971
4848122	0.275753169801291
4848122	0.273101697014741
4848122	0.276867868973132
4848122	0.274231032125769
4848122	0.271631685849695
4848122	0.275358430951742
4848122	0.272772905778486
4848122	0.273338891082737
4848122	0.276997754111425
4848122	0.277519379844961
4848122	0.278033794162826
4848122	0.278541129384574
4848122	0.279041514808764
4848122	0.279535076795351
4848122	0.277005347593583
4848122	0.280515809927575
4848122	0.277999973067238
