41251962	0.666666666666667
41251962	0.888888888888889
41251962	0.611111111111111
41251962	0.633333333333333
41251962	0.533333333333333
41251962	0.476190476190476
41251962	0.440476190476191
41251962	0.416666666666667
41251962	0.466666666666667
41251962	0.563636363636364
41251962	0.525252525252525
41251962	0.495726495726496
41251962	0.424908424908425
41251962	0.412698412698413
41251962	0.402777777777778
41251962	0.394607843137255
41251962	0.350762527233116
41251962	0.348927875243665
41251962	0.414035087719298
41251962	0.438095238095238
41251962	0.398268398268398
41251962	0.392621870882741
41251962	0.443236714975845
41251962	0.461111111111111
41251962	0.451282051282051
41251962	0.467236467236467
41251962	0.481481481481482
41251962	0.471264367816092
41251962	0.439846743295019
41251962	0.411469534050179
41251962	0.406586021505376
41251962	0.402146464646465
41251962	0.417706476530006
41251962	0.431932773109244
41251962	0.426455026455027
41251962	0.403403403403403
41251962	0.399715504978663
41251962	0.41340530814215
41251962	0.392735042735043
41251962	0.422357723577236
41251962	0.402245451025939
41251962	0.414544112218531
41251962	0.42600422832981
41251962	0.436700336700337
41251962	0.446698872785829
41251962	0.470243601603454
41251962	0.478427895981088
41251962	0.486111111111111
41251962	0.466666666666667
41251962	0.448366013071896
41251962	0.45676219205631
41251962	0.464683115626512
41251962	0.472163987887258
41251962	0.467115600448934
41251962	0.462337662337662
41251962	0.469507101086049
41251962	0.464811453922162
41251962	0.460354568478473
41251962	0.47834274952919
41251962	0.495446265938069
41251962	0.50096950467125
41251962	0.506229732036184
41251962	0.521660052910053
41251962	0.505608974358975
41251962	0.510489510489511
41251962	0.505201266395296
41251962	0.509950248756219
41251962	0.514492753623188
41251962	0.509316770186335
41251962	0.513749161636486
41251962	0.508737610850287
41251962	0.503932014205987
41251962	0.508330248056276
41251962	0.521441441441441
41251962	0.507719298245614
41251962	0.511847801321486
41251962	0.498723498723499
41251962	0.48609758736341
41251962	0.490611814345992
41251962	0.486728395061729
41251962	0.491117133393556
41251962	0.47928298560094
41251962	0.475807993880283
41251962	0.472455648926237
41251962	0.46922024623803
41251962	0.481422079657846
41251962	0.485632183908046
41251962	0.482209737827715
41251962	0.478901373283396
41251962	0.49035409035409
41251962	0.486940595636248
41251962	0.490805672432601
41251962	0.494547395714177
41251962	0.491153415453527
41251962	0.487865497076023
41251962	0.498424971363116
41251962	0.495055754260467
41251962	0.498522641379784
41251962	0.508552188552189
41251962	0.505082508250825
41251962	0.508250825082508
41251962	0.498381877022654
41251962	0.501618122977346
41251962	0.498412698412698
41251962	0.4890086852351
41251962	0.498559924763416
41251962	0.501673012576439
41251962	0.492468003171367
41251962	0.489574645537948
41251962	0.486759486759487
41251962	0.484019734019734
41251962	0.49315212810788
41251962	0.48450033638669
41251962	0.487668446478515
41251962	0.485007496251874
41251962	0.48811278121623
41251962	0.485489400743638
41251962	0.488534396809571
41251962	0.497058823529412
41251962	0.499862258953168
41251962	0.497132276565958
41251962	0.489048824914479
41251962	0.486537284727686
41251962	0.484086021505376
41251962	0.481693121693122
41251962	0.484606090905304
41251962	0.487450787401575
41251962	0.485061369509044
41251962	0.492983502285828
41251962	0.500724212174594
41251962	0.4931374816871
41251962	0.490734411787043
41251962	0.493360266337486
41251962	0.490989496959646
41251962	0.483769063180828
41251962	0.481572921139259
41251962	0.489086357064777
41251962	0.491641469433149
41251962	0.484618019869819
41251962	0.482472137791287
41251962	0.485066426930377
41251962	0.482944285761187
41251962	0.480866355866356
41251962	0.478831417624521
41251962	0.4859707132735
41251962	0.488429161618986
41251962	0.486333272047558
41251962	0.484279581595018
41251962	0.482266964951529
41251962	0.475879323031641
41251962	0.474003717904032
41251962	0.472164889347552
41251962	0.479019890784597
41251962	0.481441139505656
41251962	0.488089330024814
41251962	0.490364200555283
41251962	0.484157058776103
41251962	0.486452777114349
41251962	0.488705450733753
41251962	0.490916149068323
41251962	0.493085908544846
41251962	0.491125754247772
41251962	0.489201456431742
41251962	0.491352549889135
41251962	0.489448703906535
41251962	0.495563090686098
41251962	0.489663530082692
41251962	0.483868695407157
41251962	0.478176122520014
41251962	0.484279325765394
41251962	0.482524139806882
41251962	0.480799390599095
41251962	0.475272960822094
41251962	0.473650793650794
41251962	0.472056277056277
41251962	0.474255264509502
41251962	0.468926553672316
41251962	0.467411545623836
41251962	0.465921787709497
41251962	0.464456721915286
41251962	0.466678809220246
41251962	0.46157849436538
41251962	0.45656133681793
41251962	0.458832745789268
41251962	0.461067519132035
41251962	0.456136315718858
41251962	0.45482990101263
41251962	0.453544223047769
41251962	0.455787617191126
41251962	0.457995774777257
41251962	0.453224985456661
41251962	0.448528353483017
41251962	0.443904349838862
41251962	0.446189091549916
41251962	0.448438862724577
41251962	0.450654373424497
41251962	0.449469312413475
41251962	0.444952032891731
41251962	0.440502512562814
41251962	0.436119402985075
41251962	0.435101719127137
41251962	0.437383147181713
41251962	0.433095077111304
41251962	0.432121791806153
41251962	0.43763517246823
41251962	0.433406813313947
41251962	0.432444568314134
41251962	0.431496135443504
41251962	0.430561251613883
41251962	0.432799217633341
41251962	0.438150168410385
41251962	0.437165972775859
41251962	0.433080309478888
41251962	0.435253205824821
41251962	0.434309503301751
41251962	0.430306650736758
41251962	0.435533195225412
41251962	0.43764400318378
41251962	0.433665421336654
41251962	0.435774029891677
41251962	0.434851140733494
41251962	0.436930203746347
41251962	0.436005231689088
41251962	0.438055555555556
41251962	0.437128810226155
41251962	0.436214312632386
41251962	0.43823582450988
41251962	0.437319645547639
41251962	0.439313967470413
41251962	0.444168391994479
41251962	0.446086480569239
41251962	0.447979872724582
41251962	0.44699998777252
41251962	0.443195732557435
41251962	0.445089554032937
41251962	0.446959403084698
41251962	0.451606803058776
41251962	0.453406467189386
41251962	0.455183635518364
41251962	0.456938681420009
41251962	0.45591714961764
41251962	0.452164745094038
41251962	0.451190717128786
41251962	0.455670792907327
41251962	0.460096233615397
41251962	0.461768868700833
41251962	0.463421270297331
41251962	0.459699011098156
41251962	0.458688085676038
41251962	0.460345285524569
41251962	0.459337254157971
41251962	0.45834117573248
41251962	0.457356862012802
41251962	0.458998507539499
41251962	0.458016748366013
41251962	0.459640483138781
41251962	0.461245337274656
41251962	0.460257599792484
41251962	0.459281259281259
41251962	0.455761862658414
41251962	0.457371822994355
41251962	0.461498273009607
41251962	0.460527326496908
41251962	0.459567371831523
41251962	0.461124509386674
41251962	0.460167272112867
41251962	0.459220750181676
41251962	0.458284784257153
41251962	0.462297489558952
41251962	0.463805749168603
41251962	0.465297373561971
41251962	0.469214608920491
41251962	0.47308895484078
41251962	0.469648307896483
41251962	0.468660518225736
41251962	0.467683426638065
