5277976	0.666666666666667
5277976	0.666666666666667
5277976	0.333333333333333
5277976	0.466666666666667
5277976	0.422222222222222
5277976	0.492063492063492
5277976	0.452380952380953
5277976	0.351851851851852
5277976	0.281481481481482
5277976	0.351515151515152
5277976	0.292929292929293
5277976	0.247863247863248
5277976	0.355311355311355
5277976	0.352380952380952
5277976	0.433333333333333
5277976	0.42156862745098
5277976	0.374727668845316
5277976	0.37037037037037
5277976	0.4
5277976	0.393650793650794
5277976	0.418470418470419
5277976	0.411067193675889
5277976	0.432367149758454
5277976	0.451111111111111
5277976	0.416410256410256
