47599847	0.333333333333333
47599847	0.111111111111111
47599847	0.222222222222222
47599847	0.133333333333333
47599847	0.2
47599847	0.333333333333333
47599847	0.333333333333333
47599847	0.481481481481482
47599847	0.385185185185185
47599847	0.375757575757576
47599847	0.313131313131313
47599847	0.316239316239316
47599847	0.318681318681319
47599847	0.276190476190476
47599847	0.283333333333333
47599847	0.32843137254902
47599847	0.328976034858388
47599847	0.294346978557505
47599847	0.264912280701754
47599847	0.303174603174603
47599847	0.275613275613276
47599847	0.309617918313571
47599847	0.283816425120773
47599847	0.261111111111111
47599847	0.292307692307692
47599847	0.320037986704653
