48051054	0.666666666666667
48051054	0.666666666666667
48051054	0.5
48051054	0.566666666666667
48051054	0.488888888888889
48051054	0.444444444444444
48051054	0.5
48051054	0.537037037037037
48051054	0.496296296296296
48051054	0.466666666666667
48051054	0.444444444444444
48051054	0.478632478632479
48051054	0.457875457875458
48051054	0.441269841269841
48051054	0.469444444444445
48051054	0.41421568627451
48051054	0.442265795206972
48051054	0.46588693957115
48051054	0.419298245614035
48051054	0.379365079365079
48051054	0.344877344877345
