46939025	0.666666666666667
46939025	0.444444444444444
46939025	0.388888888888889
46939025	0.233333333333333
46939025	0.155555555555556
46939025	0.301587301587302
46939025	0.392857142857143
46939025	0.453703703703704
46939025	0.362962962962963
46939025	0.296969696969697
46939025	0.358585858585859
46939025	0.405982905982906
46939025	0.443223443223443
46939025	0.473015873015873
46939025	0.497222222222222
46939025	0.438725490196078
46939025	0.464052287581699
46939025	0.415204678362573
46939025	0.373684210526316
46939025	0.401587301587302
46939025	0.365079365079365
46939025	0.36231884057971
46939025	0.332125603864734
46939025	0.385555555555556
46939025	0.381538461538462
46939025	0.402659069325736
46939025	0.373897707231041
46939025	0.394088669950739
46939025	0.390038314176245
46939025	0.407885304659498
46939025	0.38239247311828
46939025	0.359217171717172
46939025	0.357694592988711
46939025	0.337254901960784
46939025	0.337037037037037
46939025	0.372872872872873
46939025	0.388335704125178
46939025	0.385515069725596
46939025	0.39957264957265
46939025	0.41260162601626
46939025	0.392953929539295
46939025	0.374677002583979
46939025	0.372797744890768
46939025	0.356228956228956
46939025	0.369726247987118
46939025	0.368177613320999
46939025	0.366725768321513
46939025	0.351757369614512
46939025	0.351020408163265
46939025	0.350326797385621
46939025	0.336852689793866
46939025	0.324141267537494
46939025	0.324481714418821
46939025	0.312682379349046
46939025	0.313419913419914
46939025	0.314118629908104
46939025	0.326275458761847
46939025	0.326514708747321
46939025	0.326741996233522
46939025	0.316029143897996
46939025	0.305834655385158
46939025	0.296125618706264
46939025	0.286871693121693
46939025	0.278044871794872
46939025	0.26961926961927
46939025	0.261570933212724
