23340294	0.666666666666667
23340294	0.444444444444444
23340294	0.222222222222222
23340294	0.266666666666667
23340294	0.177777777777778
23340294	0.126984126984127
23340294	0.178571428571429
23340294	0.212962962962963
23340294	0.17037037037037
23340294	0.139393939393939
23340294	0.116161616161616
23340294	0.14957264957265
23340294	0.175824175824176
23340294	0.196825396825397
23340294	0.172222222222222
23340294	0.191176470588235
23340294	0.206971677559913
23340294	0.220272904483431
23340294	0.231578947368421
23340294	0.273015873015873
