45325773	0
45325773	0.444444444444444
45325773	0.222222222222222
45325773	0.133333333333333
45325773	0.0888888888888889
45325773	0.0634920634920635
45325773	0.0476190476190476
45325773	0.037037037037037
45325773	0.0296296296296296
45325773	0.0242424242424243
45325773	0.0202020202020202
45325773	0.0170940170940171
45325773	0.0622710622710623
45325773	0.0984126984126984
45325773	0.0861111111111111
45325773	0.0759803921568628
45325773	0.0675381263616558
45325773	0.0604288499025341
45325773	0.0543859649122807
45325773	0.0492063492063492
45325773	0.0447330447330447
45325773	0.0408432147562582
45325773	0.03743961352657
45325773	0.0344444444444444
45325773	0.0317948717948718
45325773	0.0294396961063628
45325773	0.027336860670194
45325773	0.0254515599343186
45325773	0.0237547892720307
45325773	0.0222222222222222
45325773	0.0625
45325773	0.0587121212121212
45325773	0.0552584670231729
45325773	0.0521008403361345
45325773	0.0862433862433863
45325773	0.117617617617618
45325773	0.111427216690375
45325773	0.105713000449843
45325773	0.10042735042735
45325773	0.0955284552845528
45325773	0.1068524970964
45325773	0.101882613510521
45325773	0.0972515856236787
45325773	0.122558922558923
45325773	0.14621578099839
45325773	0.16836262719704
45325773	0.189125295508274
45325773	0.222222222222222
45325773	0.24
45325773	0.256732026143791
45325773	0.272498743086978
45325773	0.287373004354137
45325773	0.301420917773119
45325773	0.314702581369248
45325773	0.327272727272727
45325773	0.339181286549708
45325773	0.350473885864086
45325773	0.361192285213326
45325773	0.382485875706215
45325773	0.369945355191257
45325773	0.368764322228098
