9321799	0.666666666666667
9321799	0.222222222222222
9321799	0.111111111111111
9321799	0.2
9321799	0.355555555555556
9321799	0.253968253968254
9321799	0.273809523809524
9321799	0.212962962962963
9321799	0.303703703703704
9321799	0.36969696969697
9321799	0.363636363636364
9321799	0.307692307692308
9321799	0.263736263736264
9321799	0.317460317460318
9321799	0.361111111111111
9321799	0.357843137254902
9321799	0.318082788671024
9321799	0.284600389863548
9321799	0.32280701754386
9321799	0.387301587301587
9321799	0.352092352092352
9321799	0.350461133069829
9321799	0.349033816425121
9321799	0.347777777777778
9321799	0.346666666666667
9321799	0.320987654320988
9321799	0.298059964726631
9321799	0.277504105090312
9321799	0.259003831417625
9321799	0.242293906810036
9321799	0.247983870967742
9321799	0.273358585858586
9321799	0.296494355317885
9321799	0.279551820728291
9321799	0.282539682539683
9321799	0.285285285285285
9321799	0.287814129919393
9321799	0.290148448043185
9321799	0.308974358974359
9321799	0.310162601626016
9321799	0.295392953929539
9321799	0.281653746770026
9321799	0.268851303735025
9321799	0.256902356902357
9321799	0.260225442834139
9321799	0.249152019734813
9321799	0.252659574468085
9321799	0.255952380952381
9321799	0.272380952380952
9321799	0.274771241830065
9321799	0.264203117144294
9321799	0.279390420899855
9321799	0.293733985557885
9321799	0.283052749719416
9321799	0.296753246753247
9321799	0.298036758563074
9321799	0.299253881831014
9321799	0.300409117475161
9321799	0.3015065913371
9321799	0.302550091074681
9321799	0.303543098889477
9321799	0.293906810035842
9321799	0.305555555555556
9321799	0.306410256410256
9321799	0.297125097125097
9321799	0.298205939996985
9321799	0.309043020193152
9321799	0.309747087240693
9321799	0.319944789510007
9321799	0.320321931589537
9321799	0.311424100156495
9321799	0.302891933028919
9321799	0.294705664568678
9321799	0.295735735735736
9321799	0.305497076023392
9321799	0.314878104351789
9321799	0.315351315351315
9321799	0.307367737747485
9321799	0.299683544303798
9321799	0.316975308641975
9321799	0.325504366154773
9321799	0.325693015966304
9321799	0.333811436221075
9321799	0.333800186741363
9321799	0.341541267669859
9321799	0.341352579524191
9321799	0.333594566353187
9321799	0.326098059244127
9321799	0.326258843112776
9321799	0.326414326414326
9321799	0.326564739608218
9321799	0.326710300763597
9321799	0.326851216350187
9321799	0.319970138111236
9321799	0.313304093567252
9321799	0.313717067583047
9321799	0.32092012062557
9321799	0.321170892599464
9321799	0.321414141414142
9321799	0.321650165016502
9321799	0.315343299035786
9321799	0.309220128180722
9321799	0.309683843664426
9321799	0.316483516483517
9321799	0.323090745732255
9321799	0.323282195967789
9321799	0.317295488635053
9321799	0.317589761014838
9321799	0.323936613844871
9321799	0.324105924105924
9321799	0.324270699270699
9321799	0.318531394858829
9321799	0.312943124773586
9321799	0.324891939994915
9321799	0.330784607696152
9321799	0.330828175655762
9321799	0.325220918441258
9321799	0.319755020652329
9321799	0.319981325863679
9321799	0.32020202020202
9321799	0.325881768504719
9321799	0.326002932160469
9321799	0.331497508523472
9321799	0.336860215053763
9321799	0.336804232804233
9321799	0.331500229138024
9321799	0.33673720472441
9321799	0.331516472868217
9321799	0.33154442456768
9321799	0.331571736151889
9321799	0.326547921967769
9321799	0.326649958228906
9321799	0.326749710096136
9321799	0.336723788465082
9321799	0.331771968046478
9321799	0.341527121797624
9321799	0.346239289114567
9321799	0.346053591909081
9321799	0.355395683453237
9321799	0.359810874704492
9321799	0.364132787267339
9321799	0.363702025673857
9321799	0.363280238280238
9321799	0.367464878671775
9321799	0.376129743347504
9321799	0.371012331873389
9321799	0.375007660721947
9321799	0.374448273777133
9321799	0.369455630126771
9321799	0.364562178072112
9321799	0.359765307308005
9321799	0.355062492833391
9321799	0.350451291627762
9321799	0.354531490015361
9321799	0.358533223049352
9321799	0.353965920844902
9321799	0.362143567416485
9321799	0.370166918769737
9321799	0.369706498951782
9321799	0.373395445134576
9321799	0.377016077499169
9321799	0.376480092908178
9321799	0.371888872262956
9321799	0.371421532397142
9321799	0.374978702689546
9321799	0.374479955751148
9321799	0.373990115008079
9321799	0.373508969662816
9321799	0.373036315117763
9321799	0.372571952757711
9321799	0.375991658733397
9321799	0.379352063449388
9321799	0.382654530153035
9321799	0.389709906951286
9321799	0.392857142857143
9321799	0.395951035781544
9321799	0.398992784443175
9321799	0.394534764505262
9321799	0.393854748603352
9321799	0.389502762430939
9321799	0.385222512294336
9321799	0.388298404691847
9321799	0.394947335075632
9321799	0.397884841363102
9321799	0.397190739126223
9321799	0.396507772219347
9321799	0.39583570372056
9321799	0.398701639836392
9321799	0.398013552399517
9321799	0.40082667401488
9321799	0.403595840605003
9321799	0.406321963154865
9321799	0.40900592917045
9321799	0.404810996563574
9321799	0.410884353741497
9321799	0.413481128492006
9321799	0.412671554803535
9321799	0.408524101991439
9321799	0.404438860971524
9321799	0.403731343283582
9321799	0.406334663317078
9321799	0.408899510640719
9321799	0.404890691908948
9321799	0.400940538817153
9321799	0.397047912226695
9321799	0.39321170051436
9321799	0.392635946983773
9321799	0.388878665194455
9321799	0.394698868383079
9321799	0.397276762205672
9321799	0.3998181763987
9321799	0.40232379602563
9321799	0.40479429014377
9321799	0.40723031225096
9321799	0.409632500717772
9321799	0.405857085964613
9321799	0.40213362646035
9321799	0.401505313281108
9321799	0.397855264978553
9321799	0.394254764843
9321799	0.393705923117688
9321799	0.39017492829152
9321799	0.389667414050822
9321799	0.386203703703704
9321799	0.382785971812521
9321799	0.379413408184216
9321799	0.376085220393127
9321799	0.372800633315458
9321799	0.369558888677932
9321799	0.369245247506117
9321799	0.36606209882072
9321799	0.365781165211386
9321799	0.368352836163995
9321799	0.370891677274656
9321799	0.367748527467244
9321799	0.367458103888055
9321799	0.369972461558463
9321799	0.369665857974989
9321799	0.372140864714087
9321799	0.374585062240664
9321799	0.376998959797904
9321799	0.379383056150733
9321799	0.381737839843487
9321799	0.381342701014832
9321799	0.383662408052652
9321799	0.380555829849797
9321799	0.382863175307997
9321799	0.379787969080624
9321799	0.379416331994645
9321799	0.379049136786189
9321799	0.381331815594764
9321799	0.383587427065688
9321799	0.388441069372257
9321799	0.393237610004632
9321799	0.395373774509804
9321799	0.397485003242542
9321799	0.396987703475804
9321799	0.40164416908603
9321799	0.398554598554599
9321799	0.400609097160821
9321799	0.402640070973843
9321799	0.402113023539315
9321799	0.401591965280178
9321799	0.398561082523347
9321799	0.39556438265475
9321799	0.392601353571194
9321799	0.397134179290812
9321799	0.396659823558786
9321799	0.398659874248474
9321799	0.398177759555373
9321799	0.397700962303741
9321799	0.397229404582346
9321799	0.394329919877365
9321799	0.393886308338863
9321799	0.391032059727712
9321799	0.390615462425225
9321799	0.390203360777082
9321799	0.387406204069003
9321799	0.387019969278034
9321799	0.386637857990171
9321799	0.383895745522156
9321799	0.383538413987252
9321799	0.383184857081239
9321799	0.385174203113417
9321799	0.384811679548522
9321799	0.382130065056894
9321799	0.379476384049555
9321799	0.376850249903883
9321799	0.374251282663167
9321799	0.371679108899159
9321799	0.369133361577932
9321799	0.366613679928935
9321799	0.370922430405609
9321799	0.368407702063876
9321799	0.365918460833715
9321799	0.363454363454364
9321799	0.361015072424468
9321799	0.36082991029008
9321799	0.358424377554812
9321799	0.358257659653009
9321799	0.358092597889302
9321799	0.355728950378482
9321799	0.353388628336518
9321799	0.35325711820535
9321799	0.353126897389193
9321799	0.357341054409458
9321799	0.357185160116756
9321799	0.359188276664005
9321799	0.363322545846818
9321799	0.367416934619507
9321799	0.36933520213263
9321799	0.373365009147757
9321799	0.375233172571444
9321799	0.377083543962525
9321799	0.378916348536602
9321799	0.378628758535319
9321799	0.376247445588556
9321799	0.375978391593226
9321799	0.375711859979101
9321799	0.375447819314642
9321799	0.377256632031114
9321799	0.374920677653212
9321799	0.374663965651238
9321799	0.37235834124723
9321799	0.370073934245713
9321799	0.369849221090286
9321799	0.36962656323811
9321799	0.36737959324882
9321799	0.367173252279635
9321799	0.368982880161128
9321799	0.368768123854936
9321799	0.36655330028824
9321799	0.366354378330426
9321799	0.364167188012036
9321799	0.363983653162758
9321799	0.363801752154868
9321799	0.363621465652965
9321799	0.361476206268582
9321799	0.361310659957198
9321799	0.361146570064976
9321799	0.359034601818982
9321799	0.358884740195159
9321799	0.358736185504102
9321799	0.358588922592967
9321799	0.356516154254279
9321799	0.356382535689894
9321799	0.358165777821944
9321799	0.35611325187454
9321799	0.354078319006686
9321799	0.353960113960114
9321799	0.353842916342916
9321799	0.355615288865997
9321799	0.355489402111575
9321799	0.353486644916581
9321799	0.351500764888959
9321799	0.351398986560917
9321799	0.351298061123891
9321799	0.349340968861362
9321799	0.351103889404725
9321799	0.351005437570535
9321799	0.349066181009371
9321799	0.34897949865303
9321799	0.348893530711713
9321799	0.348808269356215
9321799	0.348723706864286
9321799	0.348639835618886
9321799	0.348556648106465
9321799	0.348474136915282
9321799	0.348392294733758
9321799	0.346514169155679
9321799	0.344651189751616
9321799	0.344590504194413
9321799	0.342747774225459
9321799	0.340919786096257
9321799	0.339106382978724
9321799	0.339075756720658
9321799	0.337281705097797
9321799	0.337260869362892
9321799	0.335485812155719
9321799	0.33897407560897
9321799	0.338944542926899
9321799	0.340655885609613
9321799	0.340617747316507
9321799	0.340579906204906
9321799	0.340542359195209
9321799	0.340505103247602
9321799	0.340468135361446
9321799	0.340431452574669
9321799	0.340395051963175
9321799	0.342063960478283
9321799	0.342019416462237
9321799	0.341975212476848
9321799	0.341931345070028
9321799	0.343575574546467
9321799	0.345207347738993
9321799	0.345147529026622
9321799	0.345088161209068
9321799	0.346700083542189
9321799	0.344966583124478
9321799	0.343246051537822
9321799	0.34319673453183
9321799	0.341493524931175
9321799	0.343103292959569
9321799	0.346347227315324
9321799	0.349567191712786
9321799	0.352763421728939
9321799	0.355936150053797
9321799	0.357455614682711
9321799	0.358963961277755
9321799	0.362083358059858
9321799	0.365180040787723
9321799	0.366640024448154
9321799	0.368089428516842
9321799	0.366315503560134
9321799	0.366156935434044
9321799	0.365999508085839
9321799	0.364248314267247
9321799	0.364100748725796
9321799	0.362366935636625
9321799	0.360645477510086
9321799	0.36051603606849
9321799	0.360387512651302
9321799	0.360259898597915
9321799	0.361701812800592
9321799	0.360003682224063
9321799	0.358317482307323
9321799	0.356643101548878
9321799	0.354980429746785
9321799	0.35487974557742
9321799	0.354779762225939
9321799	0.353137263326745
9321799	0.353045790208993
9321799	0.351418851083606
9321799	0.351335699277857
9321799	0.351253119617561
9321799	0.351171106865688
9321799	0.349567585829772
9321799	0.349493625681725
9321799	0.349420169807414
9321799	0.350858929430358
9321799	0.350779628090552
9321799	0.350700863780136
9321799	0.352124133162508
9321799	0.353537807470392
9321799	0.354941972758267
9321799	0.35484528980782
9321799	0.354749254287845
9321799	0.353169079435783
9321799	0.354562402045698
9321799	0.352990063233966
9321799	0.352903086552989
9321799	0.352816685876523
9321799	0.351262427348433
9321799	0.351183618143971
9321799	0.351105327421117
9321799	0.351027550641739
9321799	0.350950283317248
9321799	0.349421088182968
9321799	0.349351141422753
9321799	0.349281649847528
9321799	0.347769608073296
9321799	0.346267363545981
9321799	0.344774831806559
9321799	0.344725621060438
9321799	0.343246111957174
9321799	0.343203658943796
9321799	0.343161478065118
9321799	0.343119567000164
9321799	0.341659483736334
9321799	0.343039556699944
9321799	0.3415859992563
9321799	0.342960547532877
9321799	0.341513456615017
9321799	0.340075505218743
9321799	0.338646616541353
9321799	0.337226714585205
9321799	0.33999982456602
9321799	0.339971989529558
9321799	0.338555439573185
9321799	0.338533726033726
9321799	0.339895273505232
9321799	0.339868101910317
9321799	0.341218509202699
9321799	0.342560563460282
9321799	0.342522591319842
9321799	0.343853778487591
9321799	0.345176782127669
9321799	0.346491669180998
9321799	0.346437961687743
9321799	0.347742355598044
9321799	0.349038795886941
9321799	0.350327347086858
9321799	0.350258545411743
9321799	0.350190160716477
9321799	0.350122189638319
9321799	0.348713247225287
9321799	0.34865148050283
9321799	0.348590085123393
9321799	0.347195724782899
9321799	0.347140385894877
9321799	0.345757356469001
9321799	0.347033337821676
9321799	0.349624475370002
9321799	0.350880088008801
9321799	0.353445779360545
9321799	0.35468136471481
9321799	0.355909653305171
9321799	0.354511187083933
9321799	0.354428136677068
9321799	0.355650205287595
9321799	0.35816719667319
9321799	0.359369923651722
9321799	0.359268613961767
9321799	0.357873396043469
9321799	0.357778279521337
9321799	0.358973205583794
9321799	0.35887420993804
9321799	0.357491265005716
9321799	0.356116298601848
9321799	0.356028840001969
9321799	0.357219023245895
9321799	0.357127682175483
9321799	0.358309128681175
9321799	0.360753665333818
9321799	0.361916832639266
9321799	0.363073378498953
9321799	0.365485979337972
9321799	0.36662465868515
9321799	0.367756892677533
9321799	0.367627237086783
9321799	0.367498312636582
9321799	0.367370113839947
9321799	0.369739514162644
9321799	0.369603416290385
9321799	0.369468080159948
9321799	0.369333500097279
9321799	0.369199670481056
9321799	0.367829727362388
9321799	0.368936530841293
9321799	0.368804910887474
9321799	0.368674019457385
9321799	0.368543851184368
9321799	0.369639890947171
9321799	0.370729897463573
9321799	0.37059291371218
9321799	0.371675450286054
9321799	0.372752060564815
9321799	0.372608458644117
9321799	0.372465640006624
9321799	0.373533520321179
9321799	0.374595596938373
9321799	0.373240820819247
9321799	0.375503489336145
9321799	0.374150323608807
9321799	0.372804459135394
9321799	0.37385961966513
9321799	0.373714364158564
9321799	0.372377282354777
9321799	0.373428315870176
9321799	0.373285374755963
9321799	0.374329436293012
9321799	0.372999669201385
9321799	0.372859008435895
9321799	0.371539153538777
9321799	0.371404150640525
9321799	0.370094083089764
9321799	0.368790934909871
9321799	0.369837949784236
9321799	0.369709863410724
9321799	0.368414907671982
9321799	0.368292244824644
9321799	0.36933369132322
9321799	0.370369694721629
9321799	0.371400292884916
9321799	0.372425523349436
9321799	0.374600824828295
9321799	0.375611433277562
9321799	0.375465394935786
9321799	0.377618962539456
9321799	0.377466516311552
9321799	0.377314855888946
9321799	0.376020465302706
9321799	0.375874276494592
9321799	0.375728837372673
9321799	0.374446486391879
9321799	0.374306407505819
9321799	0.374167043307954
9321799	0.372896527031865
9321799	0.372762414510853
9321799	0.37262898276406
9321799	0.372496227191659
9321799	0.371239916138736
9321799	0.371112284546798
9321799	0.369864848296221
9321799	0.370860827552498
9321799	0.370735107303857
9321799	0.370610017758805
9321799	0.369372588651096
9321799	0.370363568911148
9321799	0.370240340173785
9321799	0.370117725533119
9321799	0.36999572091554
9321799	0.369874322281162
9321799	0.369753525623484
9321799	0.369633326969061
9321799	0.36841542473852
9321799	0.368300023122056
9321799	0.36818518998646
9321799	0.366978025429128
9321799	0.366867895504101
9321799	0.365668980812911
9321799	0.364475933567192
9321799	0.363288715542543
9321799	0.362107288825331
9321799	0.360931615809665
9321799	0.360842156223031
9321799	0.360753130906236
9321799	0.360664537053012
9321799	0.360576371879723
9321799	0.359415095319724
9321799	0.358259419772072
9321799	0.357109309275211
9321799	0.355964728155739
9321799	0.354825641025641
9321799	0.353692012779553
9321799	0.353627072813217
9321799	0.353562443069651
9321799	0.353498121576053
9321799	0.353434106375283
9321799	0.353370395525705
9321799	0.353306987101045
9321799	0.352190693302938
9321799	0.35107968165214
9321799	0.349973918875283
9321799	0.34887337196058
9321799	0.348824580630511
9321799	0.348776018726758
9321799	0.348727684813163
9321799	0.347637910798122
9321799	0.347593278731149
9321799	0.346510433626068
9321799	0.346469447311005
9321799	0.346428651925981
9321799	0.346388046286934
9321799	0.346347629218966
9321799	0.34630739955626
9321799	0.346267356141991
9321799	0.345200276462047
9321799	0.34413812176524
9321799	0.344104927330734
9321799	0.344071885631355
9321799	0.343018066686083
9321799	0.34196908177267
9321799	0.341942713075145
9321799	0.341916464966176
9321799	0.341890336711586
9321799	0.342877498808714
9321799	0.342848533207879
9321799	0.342819699268865
9321799	0.343799569064319
9321799	0.344774998362212
9321799	0.344740483535579
9321799	0.345710140713684
9321799	0.345672917232841
9321799	0.347637863427337
9321799	0.348594471533002
9321799	0.350544787486496
9321799	0.35248635762854
9321799	0.35342420929731
9321799	0.355351409865724
9321799	0.355285879876044
9321799	0.355220641996274
9321799	0.355155694492823
9321799	0.35607868996593
9321799	0.355025202717511
9321799	0.35397638380254
9321799	0.354898774017478
9321799	0.353853416803878
9321799	0.3537930636172
9321799	0.354711928824393
9321799	0.355626752102523
9321799	0.35556147122765
9321799	0.355496476672403
9321799	0.355431766764844
9321799	0.354395522546871
9321799	0.354334206129946
9321799	0.354273157081119
9321799	0.354212373848179
9321799	0.353185671315286
9321799	0.352163426246356
9321799	0.351145612875702
9321799	0.351094206585536
9321799	0.351043022512763
9321799	0.350032826764525
9321799	0.349984839714435
9321799	0.34993705920832
9321799	0.349889484062547
9321799	0.348888369658934
9321799	0.347891545745623
9321799	0.3468989878405
9321799	0.346860339252161
9321799	0.346821855593785
9321799	0.345836566231303
9321799	0.344855469589512
9321799	0.344822828976888
9321799	0.345733278305572
9321799	0.346639869798118
9321799	0.347542625219468
9321799	0.34656363190899
9321799	0.347464062386508
9321799	0.346488039739355
9321799	0.346451140142144
9321799	0.346414395585256
9321799	0.346377805201335
9321799	0.345410269432616
9321799	0.345376582023692
9321799	0.34441453026318
9321799	0.344383706349606
9321799	0.343427084943079
9321799	0.342474443930755
9321799	0.342449122294751
9321799	0.342423905727776
9321799	0.343319603962414
9321799	0.342372515399759
9321799	0.342347614071752
9321799	0.341405804954636
9321799	0.341383627834797
9321799	0.340447047237171
9321799	0.340427557610037
9321799	0.339496155263635
9321799	0.338568570139964
9321799	0.338554285728486
9321799	0.338540059700161
9321799	0.338525891737258
9321799	0.338511781524204
9321799	0.337593160678819
9321799	0.336678274064514
9321799	0.336669221450897
9321799	0.335759304636165
9321799	0.335752756805388
9321799	0.335746235448321
9321799	0.336637003769232
9321799	0.337524180282397
9321799	0.33840778427269
9321799	0.33928783489573
9321799	0.340164351178919
9321799	0.340146086425321
9321799	0.34012789482828
9321799	0.340109775997627
9321799	0.340091729545791
9321799	0.340073755087779
9321799	0.340055852241154
9321799	0.340038020626014
9321799	0.340903262072479
9321799	0.340883235805973
9321799	0.3408632889038
9321799	0.340843420947149
9321799	0.340823631519972
9321799	0.339926727226498
9321799	0.339909398990248
9321799	0.339017248336731
9321799	0.339002349476958
9321799	0.338987509120561
9321799	0.338101267266651
9321799	0.33721849633384
9321799	0.337208365530709
9321799	0.337198274301029
9321799	0.338055149183644
9321799	0.33804288472689
9321799	0.338895345899237
9321799	0.338880936540258
9321799	0.33972902381096
9321799	0.339712497478977
9321799	0.340556250173655
9321799	0.341396740937812
9321799	0.341375985705883
9321799	0.340498412477847
9321799	0.339624218864297
9321799	0.339608088388576
9321799	0.338738413386301
9321799	0.33872458965215
9321799	0.338710818882498
9321799	0.337846760671063
9321799	0.33698600459292
9321799	0.33612853384332
9321799	0.335274331724277
9321799	0.335269405332422
9321799	0.335264497672095
9321799	0.336103490504992
9321799	0.336096486314925
9321799	0.336931259497631
9321799	0.3386035640134
9321799	0.338590288873148
9321799	0.339415638251245
9321799	0.339400356078084
9321799	0.339385131428788
9321799	0.339369964015015
9321799	0.338520477246516
9321799	0.3376741760534
9321799	0.336831044527674
9321799	0.335991066860522
9321799	0.335154227341567
9321799	0.33432051035813
9321799	0.333489900394508
9321799	0.333489511890634
9321799	0.333489124831012
9321799	0.333488739208493
9321799	0.334312417644731
9321799	0.334310000152604
9321799	0.334307591603112
9321799	0.333484173889803
9321799	0.333483802818324
9321799	0.333483433114429
9321799	0.332665068861388
9321799	0.331849713300453
9321799	0.331853345173239
9321799	0.331041967801177
9321799	0.331047563321402
9321799	0.331053138370212
9321799	0.331058693047345
9321799	0.331064227451933
9321799	0.330259697130058
9321799	0.329458095923431
9321799	0.330275571246445
9321799	0.330282975028738
9321799	0.331096478515166
9321799	0.331101881546127
9321799	0.331911446769579
9321799	0.332718085853668
9321799	0.334324059172913
