20935112	0
20935112	0.444444444444444
20935112	0.222222222222222
20935112	0.533333333333333
20935112	0.577777777777778
20935112	0.412698412698413
20935112	0.30952380952381
20935112	0.314814814814815
20935112	0.385185185185185
20935112	0.375757575757576
20935112	0.368686868686869
20935112	0.311965811965812
20935112	0.267399267399267
20935112	0.231746031746032
20935112	0.202777777777778
20935112	0.218137254901961
20935112	0.193899782135076
20935112	0.208576998050682
20935112	0.221052631578947
20935112	0.2
20935112	0.212121212121212
20935112	0.22266139657444
20935112	0.231884057971015
20935112	0.213333333333333
20935112	0.222564102564103
20935112	0.206077872744539
20935112	0.215167548500882
20935112	0.246305418719212
20935112	0.229885057471264
20935112	0.236559139784946
20935112	0.24260752688172
20935112	0.268308080808081
20935112	0.311348781937017
20935112	0.331652661064426
20935112	0.313227513227513
20935112	0.296296296296296
20935112	0.280701754385965
20935112	0.283400809716599
20935112	0.302564102564103
20935112	0.287804878048781
20935112	0.305845915602013
20935112	0.307124400147656
20935112	0.323467230443975
20935112	0.338720538720539
20935112	0.338486312399356
20935112	0.352451433857539
20935112	0.379432624113475
20935112	0.377551020408163
20935112	0.389115646258503
20935112	0.4
20935112	0.41025641025641
20935112	0.39477503628447
20935112	0.404845096668996
20935112	0.390123456790124
20935112	0.376190476190476
20935112	0.37468671679198
20935112	0.38475499092559
20935112	0.383011883888564
20935112	0.38135593220339
20935112	0.368852459016394
20935112	0.367706680768553
20935112	0.366615463389657
20935112	0.375992063492064
20935112	0.384935897435897
20935112	0.403574203574204
20935112	0.391527212422735
20935112	0.380011706175007
20935112	0.378658709860756
20935112	0.37736369910283
20935112	0.376123407109323
20935112	0.384194053208138
20935112	0.373668188736682
20935112	0.372578057509564
20935112	0.371531531531532
20935112	0.379298245614035
20935112	0.378104351788562
20935112	0.376956376956377
20935112	0.375851996105161
20935112	0.374789029535865
20935112	0.365534979423868
20935112	0.356619492120847
20935112	0.348026251346851
20935112	0.355612927902085
20935112	0.355088702147526
20935112	0.346830825353397
20935112	0.346520538180522
20935112	0.34622082897945
20935112	0.345931222335717
20935112	0.338243861839368
20935112	0.338135938135938
20935112	0.338031533683708
20935112	0.337930497117033
20935112	0.330740486540075
20935112	0.323777528928705
20935112	0.337865497076023
20935112	0.337772050400916
20935112	0.351286906515183
20935112	0.350924208067065
20935112	0.350572390572391
20935112	0.356831683168317
20935112	0.34983498349835
20935112	0.355987055016181
20935112	0.349141150112024
20935112	0.348840048840049
20935112	0.342258161126086
20935112	0.335860812319991
20935112	0.348159686165917
20935112	0.341771435043606
20935112	0.34161801501251
20935112	0.347474747474748
20935112	0.341269841269841
20935112	0.335229667088074
20935112	0.335196398074833
20935112	0.335163996948894
20935112	0.34087956021989
20935112	0.346448570586502
20935112	0.351875995943793
20935112	0.351564354555382
20935112	0.351260504201681
20935112	0.345454545454546
20935112	0.345255837059116
20935112	0.350482029410458
20935112	0.350205437538246
20935112	0.349935483870968
20935112	0.344380952380952
20935112	0.344206974128234
20935112	0.33882874015748
20935112	0.33874354005168
20935112	0.338660306102167
20935112	0.343668036797808
20935112	0.35361246048269
20935112	0.348294979873927
20935112	0.348071671716605
20935112	0.352791597567717
20935112	0.362309368191721
20935112	0.366752540432231
20935112	0.371099121971861
20935112	0.380148055468669
20935112	0.379479273723878
20935112	0.374096588990206
20935112	0.36882762294809
20935112	0.37299320397912
20935112	0.377072002072002
20935112	0.38566411238825
20935112	0.389513462446859
20935112	0.397819401733296
20935112	0.401452472881044
20935112	0.405012394945281
20935112	0.404056674123788
20935112	0.403119941133186
20935112	0.397815731381434
20935112	0.396972824217406
20935112	0.400475341651812
20935112	0.39960899315738
20935112	0.403032809484422
20935112	0.402144918068485
20935112	0.405493294633019
20935112	0.404585622163841
20935112	0.403694968553459
20935112	0.406961697722567
20935112	0.410167931907062
20935112	0.413315155646444
20935112	0.420469848870268
20935112	0.423454052722345
20935112	0.41835219666545
20935112	0.417334006685424
20935112	0.412365744701074
20935112	0.411430449891988
20935112	0.418354797540318
20935112	0.413461758972595
20935112	0.412530033093069
20935112	0.411614464309719
20935112	0.410714681195048
20935112	0.409830322933771
20935112	0.412748917748918
20935112	0.419384523198083
20935112	0.418417655896231
20935112	0.4174669930743
20935112	0.41282847092903
20935112	0.415633312870882
20935112	0.414728917491349
20935112	0.417482335515122
20935112	0.412944484042132
20935112	0.412083822953388
20935112	0.411237043495108
20935112	0.406838786345428
20935112	0.406056813441044
20935112	0.408814589665654
20935112	0.408020050125313
20935112	0.410728391659778
20935112	0.406449970913322
20935112	0.405692285549799
20935112	0.401509890853409
20935112	0.400810644109613
20935112	0.403523460666318
20935112	0.409579060050416
20935112	0.405441897827685
20935112	0.404717188636787
20935112	0.404003350083752
20935112	0.406616915422886
20935112	0.412491995468204
20935112	0.408428034921719
20935112	0.404423838500918
20935112	0.406982305117169
20935112	0.403031020601468
20935112	0.399137001078749
20935112	0.401709401709402
20935112	0.407434670592565
20935112	0.409903546745652
20935112	0.406018205070338
20935112	0.405332498733196
20935112	0.401526559777955
20935112	0.400889239904641
20935112	0.400260812866768
20935112	0.396554694229113
20935112	0.392899812254651
20935112	0.389295226821122
20935112	0.388784159300686
20935112	0.385249757852498
20935112	0.381763334704511
20935112	0.381327028385852
20935112	0.3779070550371
20935112	0.380485265855221
20935112	0.377103174603175
20935112	0.379665683382498
20935112	0.37925746884462
20935112	0.381778602158848
20935112	0.381355499374346
20935112	0.383836466046453
20935112	0.386285212372169
20935112	0.385828730656317
20935112	0.388239356716492
20935112	0.387770074465354
20935112	0.387306783051464
20935112	0.386849380935209
20935112	0.386397768719159
20935112	0.388752969542247
20935112	0.388289206896148
20935112	0.390609019060902
20935112	0.390133702166897
20935112	0.392419098567722
20935112	0.394676280198166
20935112	0.39417346915829
20935112	0.390955726552916
20935112	0.393197278911565
20935112	0.392712550607288
20935112	0.389545513908842
20935112	0.389094010450404
20935112	0.391314591700134
20935112	0.390852589641434
20935112	0.393041590252746
20935112	0.395204634335069
20935112	0.39209278682062
20935112	0.389017549276929
20935112	0.388582516339869
20935112	0.390746595330739
20935112	0.390301531284248
20935112	0.392435624993765
20935112	0.397109197109197
20935112	0.396620493172217
20935112	0.393592855819758
20935112	0.390599754254588
20935112	0.387640665207205
20935112	0.384715075281113
20935112	0.384328746394288
20935112	0.383946758281472
20935112	0.386056608344048
20935112	0.388142928480275
20935112	0.387736931479187
20935112	0.384875404309599
20935112	0.38204543810144
20935112	0.381688572865043
20935112	0.381335614912257
20935112	0.383410749834108
20935112	0.383047870004392
20935112	0.382688920281135
20935112	0.379935762581271
20935112	0.38199118124855
20935112	0.37926267281106
20935112	0.376563294356889
20935112	0.373892632694783
20935112	0.371250281933689
20935112	0.368635843328522
20935112	0.368388106416275
20935112	0.368142968142968
20935112	0.367900392290636
20935112	0.369975158084914
20935112	0.367414776368064
20935112	0.367179731933341
20935112	0.364656159892562
20935112	0.364441619984622
20935112	0.361953963875512
20935112	0.361759265708559
20935112	0.361566547522964
20935112	0.359123530309971
20935112	0.358949858949859
20935112	0.358777935959144
20935112	0.358607737948269
20935112	0.356217019695281
20935112	0.353850129198966
20935112	0.351506750859901
20935112	0.355787234352574
20935112	0.360025476231834
20935112	0.359850445786598
20935112	0.359677131326119
20935112	0.35950551049229
20935112	0.357171059125457
20935112	0.354859272335001
20935112	0.359021470578001
20935112	0.356712650831518
20935112	0.356562783411658
20935112	0.354284426968133
20935112	0.354150980511861
20935112	0.351902402857817
20935112	0.349675172459983
20935112	0.34957206937401
20935112	0.34737350289996
20935112	0.345195612599646
20935112	0.347204806687565
20935112	0.347118380062305
20935112	0.349103152028792
20935112	0.349005506092597
20935112	0.348908764285441
20935112	0.3467616334283
20935112	0.350769230769231
20935112	0.348623853211009
20935112	0.35056313865891
20935112	0.352484740652878
20935112	0.352368671517608
20935112	0.350239555677622
20935112	0.348129678836191
20935112	0.352044815900238
20935112	0.35392877907848
20935112	0.355795870944678
20935112	0.353678038379531
20935112	0.355535537657199
20935112	0.353431777079346
20935112	0.357246338866489
20935112	0.355144889814333
20935112	0.35306192858375
20935112	0.354895874420492
20935112	0.352826510721248
20935112	0.35077519379845
20935112	0.348741714414111
20935112	0.348652648627517
20935112	0.350485582449068
20935112	0.352302715116985
20935112	0.354104227733316
20935112	0.352080775003411
20935112	0.350074616741283
20935112	0.34808555641889
20935112	0.34989054854494
20935112	0.351680244127548
20935112	0.351576881249834
20935112	0.349601730231577
20935112	0.347643177121036
20935112	0.345701036466728
