39898200	0.333333333333333
39898200	0.777777777777778
39898200	0.388888888888889
39898200	0.233333333333333
39898200	0.266666666666667
39898200	0.285714285714286
39898200	0.380952380952381
39898200	0.37037037037037
39898200	0.362962962962963
39898200	0.418181818181818
39898200	0.348484848484849
39898200	0.294871794871795
39898200	0.3003663003663
39898200	0.349206349206349
39898200	0.347222222222222
39898200	0.345588235294118
39898200	0.30718954248366
39898200	0.274853801169591
39898200	0.280701754385965
39898200	0.285714285714286
39898200	0.25974025974026
39898200	0.295125164690382
39898200	0.298309178743961
39898200	0.354444444444444
39898200	0.327179487179487
39898200	0.352326685660019
39898200	0.327160493827161
39898200	0.350574712643678
39898200	0.371647509578544
39898200	0.347670250896057
39898200	0.36760752688172
39898200	0.365530303030303
39898200	0.402852049910874
39898200	0.417927170868347
39898200	0.413227513227513
39898200	0.408908908908909
39898200	0.422475106685633
39898200	0.434997750787225
39898200	0.446581196581197
39898200	0.441056910569106
39898200	0.467673248161053
39898200	0.461424880029531
39898200	0.455602536997886
39898200	0.464983164983165
39898200	0.488244766505636
39898200	0.481652790625964
39898200	0.48936170212766
39898200	0.496598639455782
39898200	0.503401360544218
39898200	0.483660130718954
39898200	0.503519356460533
39898200	0.509675858732463
39898200	0.50314465408805
39898200	0.509090909090909
39898200	0.514718614718615
39898200	0.508354218880535
39898200	0.502319015930631
39898200	0.496590687706994
39898200	0.480037664783428
39898200	0.464298724954463
39898200	0.481579411246254
39898200	0.487455197132617
39898200	0.493055555555556
39898200	0.488141025641026
39898200	0.483449883449883
39898200	0.478968792401628
39898200	0.464881474978051
39898200	0.451406649616368
39898200	0.448033126293996
39898200	0.454191817572099
39898200	0.450834637454356
39898200	0.447615423642821
39898200	0.45353572750833
39898200	0.459219219219219
39898200	0.4646783625731
39898200	0.461266803372067
39898200	0.457986457986458
39898200	0.454830682678784
39898200	0.451793248945148
39898200	0.457098765432099
39898200	0.462210177657332
39898200	0.467136840043099
39898200	0.479824058137311
39898200	0.492063492063492
39898200	0.496124031007752
39898200	0.484718880869643
39898200	0.47370254266806
39898200	0.470548178413347
39898200	0.467498959633791
39898200	0.464550264550265
39898200	0.468944099378882
39898200	0.473196197600125
39898200	0.463128193395867
39898200	0.45337812616648
39898200	0.443932748538012
39898200	0.434779495990836
39898200	0.446314608317554
39898200	0.450766165051879
39898200	0.448417508417509
39898200	0.43953795379538
39898200	0.437455510256908
39898200	0.428961228504347
39898200	0.420711974110032
39898200	0.412698412698413
39898200	0.404911650194669
39898200	0.409804267324987
39898200	0.402215299411561
39898200	0.400951410125722
39898200	0.399721990547679
39898200	0.404531804531805
39898200	0.409212784212784
39898200	0.413769490096924
39898200	0.412358329451949
39898200	0.405186880244089
39898200	0.409695152423788
39898200	0.414087827880931
39898200	0.407069390120238
39898200	0.405830128661634
39898200	0.410177404295051
39898200	0.403397612488522
39898200	0.396784536873956
39898200	0.395752809987116
39898200	0.394746044234636
39898200	0.399096774193548
39898200	0.403343915343915
39898200	0.402241386493355
39898200	0.406373031496063
39898200	0.405240633074935
39898200	0.404134366925065
39898200	0.403053435114504
39898200	0.407047574986506
39898200	0.410951621477937
39898200	0.409793139565331
39898200	0.408660401695228
39898200	0.412454611474219
39898200	0.421031916416202
39898200	0.419760922458479
39898200	0.413721196955479
39898200	0.422096608427544
39898200	0.430293819655522
39898200	0.438317850364599
39898200	0.441511540103089
39898200	0.435379435379435
39898200	0.43397190293742
39898200	0.428027082349236
39898200	0.43127387941478
39898200	0.425445854017283
39898200	0.43315799020497
39898200	0.427382550335571
39898200	0.430551876379691
39898200	0.438044614848379
39898200	0.441033138401559
39898200	0.443963443963444
39898200	0.442535958664991
39898200	0.441135925006893
39898200	0.444008928085361
39898200	0.446827380472466
39898200	0.449592654512645
39898200	0.443972746331237
39898200	0.450879917184265
39898200	0.457659177465941
39898200	0.456133706985786
39898200	0.458701182103846
39898200	0.457181571815718
39898200	0.455689424364123
39898200	0.454224081956569
39898200	0.448816652409467
39898200	0.443505212735982
39898200	0.446130641605755
39898200	0.444811374842335
39898200	0.443515118545718
39898200	0.446094905229198
39898200	0.448630212831927
39898200	0.443503010399562
39898200	0.438463203463204
39898200	0.437275295326143
39898200	0.4398527264648
39898200	0.438662565647689
39898200	0.433788537140492
39898200	0.428995293636178
39898200	0.424281059640176
39898200	0.423287095418243
39898200	0.418686148728914
39898200	0.417763415589503
39898200	0.413271335851981
39898200	0.408851321564794
39898200	0.411594038002048
39898200	0.410765882397088
39898200	0.406442031003435
39898200	0.405676494902177
39898200	0.404922920302502
39898200	0.407635290731146
39898200	0.410305717287182
39898200	0.412935060357741
39898200	0.412122797837084
39898200	0.41470699955109
39898200	0.417252046693671
39898200	0.41975872629139
39898200	0.422227805695142
39898200	0.424660033167496
39898200	0.430356468482669
39898200	0.426116503275943
39898200	0.425206864354937
39898200	0.427562569743345
39898200	0.4298839687426
39898200	0.435392336194362
39898200	0.434410999628391
39898200	0.430253956569746
39898200	0.429330903015114
39898200	0.42842097344467
39898200	0.430668574324123
39898200	0.432884518853161
39898200	0.435069398739268
39898200	0.431022241541694
39898200	0.427031294860752
39898200	0.426167719178472
39898200	0.425316027565214
39898200	0.430564283021239
39898200	0.429680365296804
39898200	0.431825037707391
39898200	0.436943731061378
39898200	0.433024953204325
39898200	0.432134849455477
39898200	0.428293650793651
39898200	0.430403146509341
39898200	0.435421620989435
39898200	0.440374062910581
39898200	0.436528001225772
39898200	0.432732105562939
39898200	0.43187151013238
39898200	0.428148479872618
39898200	0.430195846282867
39898200	0.429367961556803
39898200	0.431387525004546
39898200	0.433381416035581
39898200	0.438163007461441
39898200	0.442884326726471
39898200	0.439178181732944
39898200	0.435518363551836
39898200	0.431904103273398
39898200	0.428334647874444
39898200	0.424809259826095
39898200	0.429523938024242
39898200	0.434180885468942
39898200	0.43065095957082
39898200	0.427163907266603
39898200	0.431783553175743
39898200	0.436347540700436
39898200	0.438190093708166
39898200	0.440010624169987
39898200	0.439163979004617
39898200	0.438327373109982
39898200	0.434875976471321
39898200	0.436693942668931
