5963805	0
5963805	0
5963805	0.166666666666667
5963805	0.366666666666667
5963805	0.244444444444444
5963805	0.174603174603175
5963805	0.380952380952381
5963805	0.296296296296296
5963805	0.237037037037037
5963805	0.193939393939394
5963805	0.272727272727273
5963805	0.230769230769231
5963805	0.245421245421245
5963805	0.257142857142857
5963805	0.225
5963805	0.198529411764706
5963805	0.176470588235294
5963805	0.228070175438597
5963805	0.205263157894737
5963805	0.217460317460317
5963805	0.258297258297258
5963805	0.293807641633729
5963805	0.269323671497585
5963805	0.247777777777778
5963805	0.28
5963805	0.259259259259259
5963805	0.264550264550265
5963805	0.246305418719212
5963805	0.252107279693487
5963805	0.23584229390681
5963805	0.262768817204301
5963805	0.307449494949495
5963805	0.348187759952466
5963805	0.34733893557423
5963805	0.328042328042328
5963805	0.328328328328328
5963805	0.311047889995258
5963805	0.329284750337382
5963805	0.362820512820513
