46538201	0
46538201	0.222222222222222
46538201	0.111111111111111
46538201	0.466666666666667
46538201	0.311111111111111
46538201	0.317460317460318
46538201	0.321428571428571
46538201	0.25
46538201	0.266666666666667
46538201	0.218181818181818
46538201	0.181818181818182
46538201	0.153846153846154
46538201	0.227106227106227
46538201	0.285714285714286
46538201	0.291666666666667
46538201	0.29656862745098
46538201	0.337690631808279
46538201	0.302144249512671
46538201	0.33859649122807
46538201	0.338095238095238
46538201	0.337662337662338
46538201	0.308300395256917
46538201	0.310386473429952
46538201	0.285555555555556
46538201	0.289230769230769
46538201	0.317188983855651
46538201	0.342151675485009
46538201	0.364532019704434
46538201	0.340229885057471
46538201	0.361290322580645
46538201	0.380376344086022
46538201	0.377525252525253
46538201	0.374925727866904
46538201	0.391596638655462
46538201	0.388359788359788
46538201	0.385385385385385
46538201	0.400189663347558
46538201	0.413855150697256
46538201	0.40982905982906
46538201	0.422357723577236
46538201	0.433991482771971
46538201	0.444813584348468
46538201	0.454897815362932
46538201	0.44949494949495
46538201	0.444444444444444
46538201	0.453900709219858
46538201	0.44887706855792
46538201	0.457766439909297
46538201	0.439455782312925
