48501340	0.333333333333333
48501340	0.111111111111111
48501340	0.0555555555555556
48501340	0.0333333333333333
48501340	0.133333333333333
48501340	0.0952380952380953
48501340	0.238095238095238
48501340	0.333333333333333
48501340	0.266666666666667
48501340	0.339393939393939
48501340	0.282828282828283
48501340	0.341880341880342
48501340	0.340659340659341
48501340	0.33968253968254
48501340	0.338888888888889
48501340	0.299019607843137
48501340	0.302832244008715
48501340	0.270955165692008
48501340	0.310526315789474
48501340	0.376190476190476
48501340	0.402597402597403
48501340	0.396574440052701
48501340	0.391304347826087
48501340	0.386666666666667
48501340	0.382564102564103
48501340	0.378917378917379
48501340	0.423280423280423
48501340	0.394088669950739
48501340	0.412260536398467
48501340	0.385663082437276
48501340	0.403225806451613
48501340	0.398989898989899
48501340	0.41473559120618
48501340	0.391036414565826
48501340	0.369312169312169
48501340	0.385385385385385
48501340	0.382645803698435
48501340	0.397210976158345
48501340	0.377350427350427
48501340	0.391463414634146
