7720943	0.666666666666667
7720943	0.444444444444444
7720943	0.555555555555556
7720943	0.6
7720943	0.4
7720943	0.285714285714286
7720943	0.297619047619048
7720943	0.37962962962963
7720943	0.303703703703704
7720943	0.36969696969697
7720943	0.363636363636364
7720943	0.307692307692308
7720943	0.406593406593407
7720943	0.441269841269841
7720943	0.469444444444445
7720943	0.45343137254902
7720943	0.477124183006536
7720943	0.461988304093567
7720943	0.482456140350877
7720943	0.468253968253968
7720943	0.455988455988456
7720943	0.474308300395257
7720943	0.434782608695652
7720943	0.426666666666667
7720943	0.41948717948718
7720943	0.413105413105413
7720943	0.431216931216931
7720943	0.424466338259442
7720943	0.462835249042146
7720943	0.432974910394265
7720943	0.468413978494624
7720943	0.440025252525253
7720943	0.433749257278669
7720943	0.447058823529412
7720943	0.440740740740741
7720943	0.452952952952953
7720943	0.446657183499289
7720943	0.440845704003599
7720943	0.435470085470086
7720943	0.446747967479675
7720943	0.457220286488579
7720943	0.435954226651901
7720943	0.416138125440451
7720943	0.412457912457913
7720943	0.40901771336554
7720943	0.405797101449275
7720943	0.416666666666667
7720943	0.413265306122449
7720943	0.423401360544218
7720943	0.406797385620915
7720943	0.391151332327803
7720943	0.414126753749395
7720943	0.411134404845097
7720943	0.408305274971942
7720943	0.417532467532468
7720943	0.414578111946533
7720943	0.423270820729986
7720943	0.431521527371907
7720943	0.439359698681733
7720943	0.424954462659381
7720943	0.421998942358541
7720943	0.408602150537635
7720943	0.40625
7720943	0.414262820512821
7720943	0.401709401709402
7720943	0.409618573797678
7720943	0.397570968685982
7720943	0.40537084398977
7720943	0.403312629399586
7720943	0.410731052984574
7720943	0.417840375586854
7720943	0.424657534246575
7720943	0.431198321609281
7720943	0.4196996996997
7720943	0.417426900584795
7720943	0.415242652084757
7720943	0.421689421689422
7720943	0.411013740127664
7720943	0.409071729957806
7720943	0.407201646090535
7720943	0.413530061226538
7720943	0.427661866980116
7720943	0.425415949512335
7720943	0.43109243697479
7720943	0.436570907432741
7720943	0.426534794618195
7720943	0.424416579588993
7720943	0.429860401770514
7720943	0.435122763212651
7720943	0.432885632885633
7720943	0.423475075648989
7720943	0.421536543556179
7720943	0.419659879508884
7720943	0.431877566256066
7720943	0.429824561403509
7720943	0.441580756013746
7720943	0.446174346027071
7720943	0.450628736343022
7720943	0.441616161616162
7720943	0.432871287128713
7720943	0.424383614832071
7720943	0.429088140110413
7720943	0.42083644510829
7720943	0.412820512820513
7720943	0.405031446540881
7720943	0.397460765297126
7720943	0.396273220260759
7720943	0.389002151999094
7720943	0.38192938559911
7720943	0.375047775047775
7720943	0.368350493350493
7720943	0.379530130636325
7720943	0.372871707291828
7720943	0.366386981947623
7720943	0.371564217891055
7720943	0.3652126927989
7720943	0.375971799700613
7720943	0.369652945924132
7720943	0.363492063492064
7720943	0.368503213957759
7720943	0.36246217766337
7720943	0.356568483717624
7720943	0.350817379141533
7720943	0.355870967741936
7720943	0.360804232804233
7720943	0.36037162021414
7720943	0.354740813648294
7720943	0.354408914728682
7720943	0.359212880143113
7720943	0.363906831082404
7720943	0.363443596268024
7720943	0.357978279030911
7720943	0.362585568398609
7720943	0.367090473558135
7720943	0.371496005809731
7720943	0.366072706454845
7720943	0.360767304912021
7720943	0.365168734577555
7720943	0.369475847893114
7720943	0.368963188112124
7720943	0.363766523490827
7720943	0.35867887980564
7720943	0.362956487956488
7720943	0.362547892720307
7720943	0.362147693276649
7720943	0.361755661168577
7720943	0.365876080161795
7720943	0.374387810629421
7720943	0.378284862043251
7720943	0.3732744665195
7720943	0.381520855117927
7720943	0.385248251347323
7720943	0.38890303596186
7720943	0.392487082809664
7720943	0.400275709953129
7720943	0.403669225325276
7720943	0.402778897578543
7720943	0.39771249635114
7720943	0.396907756813417
7720943	0.39611801242236
7720943	0.399458119264883
7720943	0.40273675174834
7720943	0.401890368596938
7720943	0.397018970189702
7720943	0.396251673360107
7720943	0.39150614433783
7720943	0.386845356905237
7720943	0.386212078519771
7720943	0.381668407007774
7720943	0.388900355463823
7720943	0.384378258307267
7720943	0.383788143567684
7720943	0.387039620844684
7720943	0.382616310892173
7720943	0.378268398268398
7720943	0.381527135764424
7720943	0.377240314014262
7720943	0.384198522796225
7720943	0.387337057728119
7720943	0.383057090239411
7720943	0.386173678991359
7720943	0.385596188874878
7720943	0.385028114358122
7720943	0.38807285546416
7720943	0.383900029061319
7720943	0.379794146397562
7720943	0.379299882428794
7720943	0.378813463919847
7720943	0.381843497632971
7720943	0.377845136401213
7720943	0.3739092495637
7720943	0.370034542314335
7720943	0.376529031568827
7720943	0.372667195347608
7720943	0.368864468864469
7720943	0.365119651921682
7720943	0.361431574629544
7720943	0.364499263996752
7720943	0.367520938023451
7720943	0.373814262023217
7720943	0.37341346074906
7720943	0.373018582646442
7720943	0.372629511574745
7720943	0.375498166746373
7720943	0.375088799431684
7720943	0.374685364976627
7720943	0.374287749287749
7720943	0.373895841001104
7720943	0.370334928229665
7720943	0.373143759873618
7720943	0.375912843899967
7720943	0.378642926742847
7720943	0.375104207801325
7720943	0.371614866333406
7720943	0.371260407694516
7720943	0.367838652784889
7720943	0.364463986245579
7720943	0.361135548015025
7720943	0.363913103639131
7720943	0.363636363636364
7720943	0.36036036036036
7720943	0.360117965499131
7720943	0.356902626521461
7720943	0.356693121693122
7720943	0.356486397902327
7720943	0.359219263706418
7720943	0.358992194141742
7720943	0.355856891136137
7720943	0.355661034111765
7720943	0.361239726457118
7720943	0.363872717320993
7720943	0.369333037343989
7720943	0.36902534756612
7720943	0.371558465175487
7720943	0.374059382137276
7720943	0.373715702400534
7720943	0.373376354761314
7720943	0.375830666994831
7720943	0.372698744769875
7720943	0.377904564315353
7720943	0.37753620703451
7720943	0.379915881599383
7720943	0.379534057433268
7720943	0.384599085535854
7720943	0.389602345003042
7720943	0.391845780805986
7720943	0.394062078272605
7720943	0.393574297188755
7720943	0.395759036144578
7720943	0.400573705179283
7720943	0.400040051434474
7720943	0.404782817826296
7720943	0.40422022346021
7720943	0.403664247851372
7720943	0.405718954248366
7720943	0.405155642023346
7720943	0.404598879940478
7720943	0.401474564265262
7720943	0.398386298386298
7720943	0.397887808232636
7720943	0.39485049671941
7720943	0.396917539836879
7720943	0.398961093828014
7720943	0.400981513245664
7720943	0.400472880313993
7720943	0.402466841260455
7720943	0.401950919559506
7720943	0.401440751632174
7720943	0.405874523842306
7720943	0.407799189103002
7720943	0.407251646045872
7720943	0.409152122387417
7720943	0.413464880618165
7720943	0.412882105728821
7720943	0.41713658322354
7720943	0.418938244475837
7720943	0.420720463340519
7720943	0.420094032301041
7720943	0.4194743130227
7720943	0.42123368920522
7720943	0.420610282425986
7720943	0.419993484199183
7720943	0.417035783606231
7720943	0.418787579276831
7720943	0.415858994806363
7720943	0.417606783460442
7720943	0.421651180797522
7720943	0.421039984621299
7720943	0.420435111164141
7720943	0.422127424260378
7720943	0.42380235057823
7720943	0.425460127479857
7720943	0.422565840898362
7720943	0.424220761751028
7720943	0.42135440525271
7720943	0.420761670761671
7720943	0.417937766931056
7720943	0.419601505390826
7720943	0.416804162021553
7720943	0.41624953857512
7720943	0.415700424633121
7720943	0.41955718750683
7720943	0.421182907764461
7720943	0.418421052631579
7720943	0.417864923747277
7720943	0.42165733466749
7720943	0.423248304355796
7720943	0.424823827736449
7720943	0.422083028847827
7720943	0.419368668533693
7720943	0.423090664248221
7720943	0.424647060429808
7720943	0.424065444333652
7720943	0.42137296532201
7720943	0.422925457102672
7720943	0.420257157688775
7720943	0.421806903028259
7720943	0.419162345642502
7720943	0.420709247648903
7720943	0.422241692627207
7720943	0.425830253542566
7720943	0.427321500682653
7720943	0.426741326810126
7720943	0.430269072491295
7720943	0.42967437470505
7720943	0.427046396878107
7720943	0.424442455433729
7720943	0.425914943040008
7720943	0.423333640354917
7720943	0.42077573316244
7720943	0.422257003846201
7720943	0.421722927747024
