29716896	0.666666666666667
29716896	0.444444444444444
29716896	0.388888888888889
29716896	0.366666666666667
29716896	0.466666666666667
29716896	0.428571428571429
29716896	0.404761904761905
29716896	0.388888888888889
29716896	0.311111111111111
29716896	0.254545454545455
29716896	0.212121212121212
29716896	0.17948717948718
29716896	0.153846153846154
29716896	0.133333333333333
29716896	0.116666666666667
29716896	0.142156862745098
29716896	0.200435729847495
29716896	0.214424951267057
29716896	0.226315789473684
29716896	0.268253968253968
29716896	0.274170274170274
29716896	0.27931488801054
29716896	0.283816425120773
29716896	0.314444444444445
29716896	0.341538461538462
29716896	0.365622032288699
29716896	0.36331569664903
29716896	0.338259441707718
29716896	0.360153256704981
29716896	0.3584229390681
29716896	0.356854838709678
29716896	0.355429292929293
29716896	0.354129530600119
29716896	0.371988795518207
29716896	0.36984126984127
29716896	0.367867867867868
29716896	0.34850640113798
29716896	0.330634278002699
29716896	0.347435897435898
29716896	0.346747967479675
29716896	0.361982191250484
29716896	0.360649686231082
29716896	0.344256518675123
29716896	0.343771043771044
29716896	0.328824476650564
29716896	0.329016342892384
29716896	0.32919621749409
29716896	0.315759637188209
29716896	0.316462585034014
29716896	0.304052287581699
29716896	0.292357968828557
29716896	0.293904208998549
29716896	0.295364546936874
29716896	0.308866442199776
29716896	0.321645021645022
29716896	0.310359231411863
29716896	0.311151441822948
29716896	0.300603935320475
29716896	0.301694915254237
29716896	0.302732240437159
29716896	0.303719372466067
29716896	0.304659498207885
29716896	0.305555555555556
29716896	0.316666666666667
29716896	0.337373737373737
29716896	0.337253128297904
29716896	0.346941761779339
29716896	0.356209150326797
29716896	0.355555555555556
29716896	0.354929577464789
29716896	0.354329681794471
29716896	0.353754439370878
29716896	0.34419350857707
29716896	0.335015015015015
29716896	0.334970760233918
29716896	0.352244246981089
29716896	0.36030636030636
29716896	0.351184680298604
29716896	0.342405063291139
29716896	0.342181069958848
29716896	0.333835190203754
29716896	0.333823097267117
29716896	0.333811436221075
29716896	0.341643323996265
