48770619	1
48770619	0.777777777777778
48770619	0.555555555555556
48770619	0.466666666666667
48770619	0.533333333333333
48770619	0.380952380952381
48770619	0.535714285714286
48770619	0.564814814814815
48770619	0.518518518518519
48770619	0.424242424242424
48770619	0.464646464646465
48770619	0.495726495726496
48770619	0.472527472527473
48770619	0.498412698412698
48770619	0.477777777777778
48770619	0.46078431372549
48770619	0.483660130718954
48770619	0.502923976608187
48770619	0.485964912280702
48770619	0.471428571428571
48770619	0.489177489177489
48770619	0.504611330698287
48770619	0.545893719806763
48770619	0.528888888888889
48770619	0.53948717948718
48770619	0.524216524216524
48770619	0.534391534391534
48770619	0.520525451559934
48770619	0.530268199233717
48770619	0.517562724014337
48770619	0.526881720430108
48770619	0.494949494949495
48770619	0.505050505050505
48770619	0.514285714285714
48770619	0.541269841269841
48770619	0.53003003003003
48770619	0.554765291607397
48770619	0.526315789473684
48770619	0.516666666666667
48770619	0.507723577235772
48770619	0.483546264034069
48770619	0.461055740125508
48770619	0.455250176180409
48770619	0.464646464646465
48770619	0.473429951690821
48770619	0.467468393462843
48770619	0.475768321513002
48770619	0.469954648526077
48770619	0.477823129251701
48770619	0.459084967320262
48770619	0.467068878833585
48770619	0.474600870827286
48770619	0.457023060796646
48770619	0.464646464646465
48770619	0.448051948051948
48770619	0.444026733500418
48770619	0.463198225448679
48770619	0.458796025715956
48770619	0.443502824858757
48770619	0.439890710382514
