45431516	0
45431516	0
45431516	0
45431516	0.266666666666667
45431516	0.288888888888889
45431516	0.396825396825397
45431516	0.380952380952381
45431516	0.296296296296296
45431516	0.237037037037037
45431516	0.193939393939394
45431516	0.272727272727273
45431516	0.282051282051282
45431516	0.384615384615385
45431516	0.422222222222222
45431516	0.411111111111111
45431516	0.401960784313726
45431516	0.431372549019608
45431516	0.456140350877193
45431516	0.443859649122807
45431516	0.433333333333333
45431516	0.484848484848485
45431516	0.442687747035573
45431516	0.405797101449275
45431516	0.426666666666667
45431516	0.445128205128205
45431516	0.461538461538462
45431516	0.428571428571429
45431516	0.444991789819376
45431516	0.437547892720307
45431516	0.430824372759857
45431516	0.403897849462366
45431516	0.379419191919192
45431516	0.396316102198455
45431516	0.392717086834734
45431516	0.407936507936508
45431516	0.403903903903904
45431516	0.417733522996681
45431516	0.41340530814215
45431516	0.442735042735043
45431516	0.43739837398374
45431516	0.43244289585753
45431516	0.427833148763381
45431516	0.42353770260747
45431516	0.404713804713805
45431516	0.430595813204509
45431516	0.426456984273821
45431516	0.408687943262411
45431516	0.41921768707483
45431516	0.41578231292517
45431516	0.412549019607843
45431516	0.422322775263952
45431516	0.418964683115627
45431516	0.415793151642208
45431516	0.412794612794613
45431516	0.398051948051948
45431516	0.39578111946533
45431516	0.382133494656181
45431516	0.391778686927723
45431516	0.389830508474576
45431516	0.398907103825137
45431516	0.407544509078089
45431516	0.405188598736986
45431516	0.392526455026455
45431516	0.380448717948718
45431516	0.379020979020979
45431516	0.367706919945726
45431516	0.366695932104185
45431516	0.375390736004547
45431516	0.383712905452036
45431516	0.37290409121395
45431516	0.362545644235785
45431516	0.352612886859462
45431516	0.370109835863261
45431516	0.369129129129129
45431516	0.359415204678363
45431516	0.358737753474596
45431516	0.358086358086358
45431516	0.357459699231851
45431516	0.356856540084388
45431516	0.364506172839506
45431516	0.363745859680819
45431516	0.363013027720639
45431516	0.362306368330465
45431516	0.361624649859944
45431516	0.360966712266302
45431516	0.352668626926847
45431516	0.359804946011843
45431516	0.366700715015322
45431516	0.365959217644611
45431516	0.365242165242165
45431516	0.364548494983278
45431516	0.363877201184354
45431516	0.370319530237169
45431516	0.376558417319896
45431516	0.368713450292398
45431516	0.374856815578465
45431516	0.380812118661898
45431516	0.38658695801553
45431516	0.385521885521886
45431516	0.377887788778878
45431516	0.383550119717854
45431516	0.395520020305857
45431516	0.400734378889719
45431516	0.399450549450549
45431516	0.398203054806828
45431516	0.396990536648445
45431516	0.40198453905619
45431516	0.412957299807453
45431516	0.405448985265499
45431516	0.398143598143598
45431516	0.396986271986272
45431516	0.3899599662874
45431516	0.388966516586451
45431516	0.393796084413933
45431516	0.387006496751624
45431516	0.386089006778662
45431516	0.390844560336086
45431516	0.389877985092342
45431516	0.388935574229692
45431516	0.38801652892562
45431516	0.392584563970555
45431516	0.386201075125505
45431516	0.379972025526707
45431516	0.37389247311828
45431516	0.373248677248677
45431516	0.377869432987543
45431516	0.38238188976378
45431516	0.391957364341085
45431516	0.401311866428146
45431516	0.395184967704052
45431516	0.394247821728738
45431516	0.398344345712767
45431516	0.392398907717054
45431516	0.396462133775567
45431516	0.390631808278867
45431516	0.389795334192071
45431516	0.388977044324553
45431516	0.392972578458972
45431516	0.396882494004796
45431516	0.400709219858156
45431516	0.395065428029168
45431516	0.403526051413375
45431516	0.407180782180782
45431516	0.406162196679438
45431516	0.414296961108487
45431516	0.413195415152362
45431516	0.416620702334988
45431516	0.411028478142572
45431516	0.405548098434004
45431516	0.404591611479029
45431516	0.41242593238062
45431516	0.40703474372205
45431516	0.406077582548171
45431516	0.405138947074431
45431516	0.404218362282878
45431516	0.407561652784583
45431516	0.406622053804187
45431516	0.409893055223841
45431516	0.417269392033543
45431516	0.416226708074534
45431516	0.415203333077729
45431516	0.414198793203565
45431516	0.417277669709213
45431516	0.416260162601626
45431516	0.411244979919679
45431516	0.418295938243994
45431516	0.421252732629978
45431516	0.41626749319057
45431516	0.423134934447152
45431516	0.418185987845431
45431516	0.417199329072034
45431516	0.41622977998835
45431516	0.411445529643656
45431516	0.406743295019157
45431516	0.40969696969697
45431516	0.412600582092108
45431516	0.411709938847627
45431516	0.40710982779905
