32174726	1
32174726	0.555555555555556
32174726	0.277777777777778
32174726	0.3
32174726	0.422222222222222
32174726	0.396825396825397
32174726	0.380952380952381
32174726	0.37037037037037
32174726	0.42962962962963
32174726	0.412121212121212
32174726	0.398989898989899
32174726	0.337606837606838
32174726	0.289377289377289
32174726	0.250793650793651
32174726	0.302777777777778
32174726	0.306372549019608
32174726	0.34640522875817
32174726	0.345029239766082
32174726	0.310526315789474
32174726	0.312698412698413
32174726	0.314574314574315
32174726	0.287220026350461
32174726	0.291062801932367
32174726	0.294444444444444
32174726	0.297435897435897
32174726	0.300094966761633
32174726	0.302469135802469
32174726	0.304597701149425
32174726	0.306513409961686
32174726	0.308243727598566
32174726	0.309811827956989
32174726	0.291035353535354
32174726	0.293523469994058
32174726	0.31484593837535
32174726	0.315873015873016
32174726	0.334834834834835
32174726	0.334755808440019
32174726	0.351776878092668
32174726	0.367521367521368
32174726	0.349593495934959
32174726	0.332946186604723
32174726	0.33296419342931
32174726	0.332980972515856
32174726	0.332996632996633
32174726	0.347504025764895
32174726	0.361085414739439
32174726	0.346040189125296
32174726	0.331916099773243
32174726	0.318639455782313
32174726	0.306143790849673
32174726	0.30718954248366
32174726	0.29559748427673
32174726	0.296995108315863
32174726	0.298316498316498
32174726	0.287662337662338
32174726	0.277568922305764
32174726	0.290986085904416
32174726	0.30372102084551
32174726	0.304708097928437
32174726	0.305646630236794
32174726	0.295787061519478
32174726	0.296979006656426
32174726	0.298115079365079
32174726	0.288942307692308
32174726	0.29028749028749
32174726	0.301522689582391
32174726	0.312262218320164
32174726	0.32253481102586
32174726	0.322843340234645
32174726	0.33252850435949
32174726	0.332550860719875
32174726	0.332572298325723
32174726	0.323583857830433
32174726	0.323843843843844
32174726	0.315321637426901
32174726	0.315789473684211
32174726	0.324786324786325
32174726	0.333441523314941
32174726	0.325105485232068
32174726	0.317078189300412
32174726	0.309344574927231
32174726	0.317954745812518
32174726	0.318320902658252
32174726	0.326517273576097
32174726	0.326675786593707
32174726	0.326828833645193
32174726	0.32697666318356
32174726	0.31962887299966
32174726	0.312526009155223
32174726	0.305657305657306
32174726	0.306258958432872
32174726	0.306841203054387
32174726	0.307404865400747
32174726	0.314968271743188
32174726	0.315350877192983
32174726	0.315721649484536
32174726	0.316081071603899
32174726	0.323163608877895
32174726	0.33003367003367
32174726	0.343300330033003
32174726	0.356176794150003
32174726	0.355733231804049
32174726	0.355302464525766
32174726	0.348534798534799
32174726	0.341958670260557
32174726	0.341797449009581
32174726	0.341640706126687
32174726	0.347604485219164
32174726	0.347345009730331
32174726	0.347092547092547
32174726	0.346846846846847
32174726	0.346607669616519
32174726	0.340526833307457
32174726	0.334604627510806
32174726	0.34607696151924
32174726	0.357255133117202
32174726	0.351199961369453
32174726	0.35650192280302
32174726	0.361671335200747
32174726	0.361202938475666
32174726	0.355281578828524
32174726	0.34950464258741
32174726	0.349243815018795
32174726	0.343655913978495
32174726	0.348783068783069
32174726	0.34329042203058
32174726	0.337926509186352
32174726	0.337855297157623
32174726	0.332657523355198
32174726	0.337756899588961
32174726	0.33263937080731
32174726	0.337662337662338
32174726	0.337597725657427
32174726	0.337534549474848
32174726	0.332570806100218
32174726	0.327715757835981
32174726	0.322966254099228
32174726	0.327911583776457
32174726	0.327989037341555
32174726	0.323336710570753
32174726	0.323477508074451
32174726	0.323615351784366
32174726	0.323750323750324
32174726	0.333077905491699
32174726	0.333081404503228
32174726	0.328549684714068
32174726	0.324109824109824
32174726	0.324233629602757
32174726	0.328799403430276
32174726	0.328859455481972
32174726	0.333304287208086
32174726	0.333304666895998
32174726	0.337634043516397
32174726	0.333277475212959
32174726	0.333278191342708
32174726	0.329032609287386
32174726	0.324867639549571
32174726	0.324974126263833
32174726	0.329245283018868
32174726	0.329296066252588
32174726	0.329345909056054
32174726	0.333484814057411
32174726	0.337548007381914
32174726	0.33749692042375
32174726	0.341462820980893
32174726	0.34136546184739
32174726	0.341269841269841
32174726	0.337231144923453
32174726	0.33718528831651
32174726	0.341038871689027
32174726	0.340949272405821
32174726	0.337007662320204
32174726	0.34079684627821
32174726	0.336902025177887
32174726	0.336861471861472
32174726	0.333055127546653
32174726	0.336803571806428
32174726	0.333040403406357
32174726	0.333043658183323
32174726	0.336730100266012
32174726	0.336692773156862
32174726	0.333013070717989
32174726	0.333016551833373
32174726	0.329416372894634
32174726	0.329458490748813
