45240945	0.666666666666667
45240945	0.888888888888889
45240945	0.611111111111111
45240945	0.633333333333333
45240945	0.644444444444445
45240945	0.650793650793651
45240945	0.738095238095238
45240945	0.796296296296296
45240945	0.770370370370371
45240945	0.63030303030303
45240945	0.525252525252525
45240945	0.547008547008547
45240945	0.564102564102564
45240945	0.488888888888889
45240945	0.427777777777778
45240945	0.377450980392157
45240945	0.335511982570806
45240945	0.37037037037037
45240945	0.4
45240945	0.361904761904762
45240945	0.359307359307359
45240945	0.357048748353096
45240945	0.327294685990338
45240945	0.327777777777778
45240945	0.328205128205128
45240945	0.328584995251662
45240945	0.352733686067019
45240945	0.351395730706076
45240945	0.372413793103448
45240945	0.36989247311828
45240945	0.409274193548387
45240945	0.384469696969697
45240945	0.361853832442068
45240945	0.341176470588235
45240945	0.359259259259259
45240945	0.375875875875876
45240945	0.391180654338549
45240945	0.371120107962213
45240945	0.385897435897436
45240945	0.383333333333333
45240945	0.396825396825397
45240945	0.4093761535622
45240945	0.3907681465821
45240945	0.388215488215488
45240945	0.414814814814815
45240945	0.397163120567376
45240945	0.40839243498818
45240945	0.39172335600907
45240945	0.376054421768708
45240945	0.361307189542484
45240945	0.360231271995978
45240945	0.346637639090469
45240945	0.34614488702539
45240945	0.333557800224467
45240945	0.357359307359307
45240945	0.344820384294069
45240945	0.332930026214963
45240945	0.321644262614456
45240945	0.322033898305085
45240945	0.3224043715847
45240945	0.322756918737881
45240945	0.312510667349377
45240945	0.302744708994709
45240945	0.293429487179487
45240945	0.284537684537685
45240945	0.276044022312679
45240945	0.267925080479953
45240945	0.260159136118215
45240945	0.252726017943409
45240945	0.24560697518444
45240945	0.238784559207094
45240945	0.232242516489092
45240945	0.225965691719116
45240945	0.228828828828829
45240945	0.22280701754386
45240945	0.21701982228298
45240945	0.211455211455211
45240945	0.214540733528075
45240945	0.217510548523207
45240945	0.22037037037037
45240945	0.223125564588979
45240945	0.225781173474385
45240945	0.228341939185313
45240945	0.230812324929972
45240945	0.233196534427725
45240945	0.235498529804865
45240945	0.237722048066876
45240945	0.232379979570991
45240945	0.227215980024969
45240945	0.236874236874237
45240945	0.246217550565377
45240945	0.255259467040673
45240945	0.264012811713567
45240945	0.258454647256439
45240945	0.253070175438597
45240945	0.247852233676976
45240945	0.242794024826425
45240945	0.258091115233972
45240945	0.25959595959596
45240945	0.261056105610561
45240945	0.262473306154145
45240945	0.270321720921378
45240945	0.271533482698531
45240945	0.272710622710623
45240945	0.273854447439353
45240945	0.274966202315876
45240945	0.282219914618669
45240945	0.277041567561445
45240945	0.272004448151237
45240945	0.267103467103467
45240945	0.262333762333762
45240945	0.263590391908976
45240945	0.258965999068468
45240945	0.26605644546148
45240945	0.27296351824088
45240945	0.268297475194027
45240945	0.26375006036023
45240945	0.264919527132887
45240945	0.260504201680672
45240945	0.267217630853995
45240945	0.273765975703383
45240945	0.280154604824737
45240945	0.286388670338316
45240945	0.29247311827957
45240945	0.298412698412698
45240945	0.304211973503312
45240945	0.30987532808399
45240945	0.315406976744186
45240945	0.310554561717352
45240945	0.305813270698767
45240945	0.30117973629424
45240945	0.30166324903167
45240945	0.297160812478959
45240945	0.292758430071863
45240945	0.293355119825708
45240945	0.289072563331902
45240945	0.284883105892309
45240945	0.280784068397456
45240945	0.281534772182254
45240945	0.291725768321513
45240945	0.301701461725435
45240945	0.306805870186152
