4979489	0.666666666666667
4979489	0.444444444444444
4979489	0.222222222222222
4979489	0.266666666666667
4979489	0.288888888888889
4979489	0.301587301587302
4979489	0.226190476190476
4979489	0.25
4979489	0.266666666666667
4979489	0.339393939393939
4979489	0.338383838383838
4979489	0.388888888888889
4979489	0.428571428571429
4979489	0.46031746031746
4979489	0.402777777777778
4979489	0.433823529411765
4979489	0.422657952069717
4979489	0.413255360623782
4979489	0.405263157894737
4979489	0.398412698412698
4979489	0.392496392496393
4979489	0.387351778656127
4979489	0.382850241545894
4979489	0.405555555555556
4979489	0.4
4979489	0.419753086419753
4979489	0.389770723104057
4979489	0.362889983579639
4979489	0.383141762452107
4979489	0.379928315412186
4979489	0.397849462365591
4979489	0.373737373737374
4979489	0.371360665478313
4979489	0.369187675070028
4979489	0.367195767195767
4979489	0.365365365365365
4979489	0.38122332859175
4979489	0.37876743139901
4979489	0.376495726495727
4979489	0.390650406504065
4979489	0.387921022067364
4979489	0.385382059800665
4979489	0.383016208597604
4979489	0.380808080808081
4979489	0.378743961352657
4979489	0.390995991366019
4979489	0.388593380614657
4979489	0.399943310657596
4979489	0.410612244897959
4979489	0.407581699346405
4979489	0.391905480140774
4979489	0.377116594097726
4979489	0.375494991847193
4979489	0.373961840628507
4979489	0.360606060606061
4979489	0.347953216374269
4979489	0.347449082476306
4979489	0.346970582505358
4979489	0.357627118644068
4979489	0.36775956284153
4979489	0.355896351136965
4979489	0.344598054275474
4979489	0.344246031746032
4979489	0.333653846153846
4979489	0.333644133644134
4979489	0.323684607266697
4979489	0.32396839332748
4979489	0.333901676612674
4979489	0.343409247757074
4979489	0.333735747820255
4979489	0.333724569640063
4979489	0.324581430745814
4979489	0.324817968653585
4979489	0.325045045045045
4979489	0.316491228070176
4979489	0.308270676691729
4979489	0.308913308913309
4979489	0.301092718814238
4979489	0.293565400843882
4979489	0.294547325102881
4979489	0.28736324400281
4979489	0.28043882848467
4979489	0.27376171352075
4979489	0.27516339869281
4979489	0.268764249886001
4979489	0.270248596631917
4979489	0.279258098223616
4979489	0.272982635342186
4979489	0.266916354556804
4979489	0.268376068376068
4979489	0.269788182831661
4979489	0.263986286426679
4979489	0.27255395409136
4979489	0.280851063829787
4979489	0.288888888888889
4979489	0.282932416953036
4979489	0.27715828599481
4979489	0.271559128701986
4979489	0.272794612794613
4979489	0.273993399339934
4979489	0.275156927457452
4979489	0.276286566406498
4979489	0.283793876026886
4979489	0.284737484737485
4979489	0.28565438754118
4979489	0.292776112384647
4979489	0.299700011538018
4979489	0.306433344659644
4979489	0.300861829302196
4979489	0.295440895440895
4979489	0.290165165165165
4979489	0.296828908554572
4979489	0.303317290275837
4979489	0.298042206966692
4979489	0.30439780109945
4979489	0.310590431280087
4979489	0.316625621710368
4979489	0.322508664482742
4979489	0.322689075630252
4979489	0.317355371900827
4979489	0.323081786569119
4979489	0.323248478386423
4979489	0.32341113733718
4979489	0.323569892473118
4979489	0.323724867724868
4979489	0.318626838311878
4979489	0.318856627296588
4979489	0.319081072351421
4979489	0.319300337904989
4979489	0.314425523585829
4979489	0.3147120055517
4979489	0.314992025518341
4979489	0.310290652003142
4979489	0.305693753454948
4979489	0.30119825708061
4979489	0.296801202232718
4979489	0.302161571282485
4979489	0.312202411983457
4979489	0.312504282288455
4979489	0.3080715974333
4979489	0.303732560849732
4979489	0.29948455300568
4979489	0.299954674954675
4979489	0.305012771392082
4979489	0.305400724295387
4979489	0.301245612400211
4979489	0.297174725746154
4979489	0.293185803252917
4979489	0.29372110365399
4979489	0.289830757910228
4979489	0.290403160218427
4979489	0.290964338951955
4979489	0.287185581303228
4979489	0.287781036168133
4979489	0.288365039977943
4979489	0.293184168980347
4979489	0.293692386250638
4979489	0.29838388663323
4979489	0.302987421383648
4979489	0.303364389233955
4979489	0.303734376198144
4979489	0.300007574036204
4979489	0.296348945084543
4979489	0.300837644740084
4979489	0.305245223317513
4979489	0.3055816078686
4979489	0.30194373158445
4979489	0.298370432985818
4979489	0.2987817612252
4979489	0.295287237702099
4979489	0.291853665170679
4979489	0.288479634359457
4979489	0.292826611742298
4979489	0.297099069512863
4979489	0.297510822510823
4979489	0.29791559664441
4979489	0.294568230389979
4979489	0.291276965245957
4979489	0.288040554521001
4979489	0.284857785962758
4979489	0.281727480622508
4979489	0.278648491763246
4979489	0.279242892215095
4979489	0.279827653740697
4979489	0.283987213019471
4979489	0.288080041400725
4979489	0.288561459400008
4979489	0.289035235843747
4979489	0.28599275967697
4979489	0.289978873886286
4979489	0.29043048283886
4979489	0.294329303396661
4979489	0.29473140679807
4979489	0.295127323993303
4979489	0.295517181231467
4979489	0.299285196312027
4979489	0.296262113520997
4979489	0.296634688594488
4979489	0.300335008375209
4979489	0.300663349917081
4979489	0.297686485066417
4979489	0.294753613292364
4979489	0.291863871985576
4979489	0.28901641957596
4979489	0.286210434919883
4979489	0.286665728624361
4979489	0.287114455592717
4979489	0.284366948840633
4979489	0.288007898534214
4979489	0.291597081170541
4979489	0.288846165310442
4979489	0.28926388519798
4979489	0.286560484401738
4979489	0.286995580670869
4979489	0.284338214183175
4979489	0.28478978210161
4979489	0.285235135782635
4979489	0.288718528758745
4979489	0.286093814860938
4979489	0.28652132181544
4979489	0.283940048645931
4979489	0.284383037746266
4979489	0.287796284433056
4979489	0.285238095238095
4979489	0.288613569321534
4979489	0.286070718490507
4979489	0.289409279439421
4979489	0.289792895630634
4979489	0.290171508132397
4979489	0.287659200702679
4979489	0.285179380006966
4979489	0.282731488333087
4979489	0.286012985583801
4979489	0.289252591380251
4979489	0.292451015747085
4979489	0.289983074685928
4979489	0.293148483021901
4979489	0.296274158198844
4979489	0.293805206880521
4979489	0.291366989396035
4979489	0.288958997748134
4979489	0.292067702842114
4979489	0.289673705277834
4979489	0.292751198840192
4979489	0.290371107792711
4979489	0.28801992473366
4979489	0.285697183405163
4979489	0.286079803083301
4979489	0.283791164658635
4979489	0.284185922974768
4979489	0.281930479141635
4979489	0.282336825815087
4979489	0.28273837311838
4979489	0.280520817250785
4979489	0.283537581699346
4979489	0.283925097276265
4979489	0.284308106858102
4979489	0.284686680035517
4979489	0.285060885060885
4979489	0.282876510462717
4979489	0.28071714778743
4979489	0.278582416625548
4979489	0.276471943772324
4979489	0.274385363064608
4979489	0.277334846550338
4979489	0.280251189772183
4979489	0.280647325171893
4979489	0.281039042704692
4979489	0.278957272017991
4979489	0.279358571363491
4979489	0.27975544461327
4979489	0.280147956618545
4979489	0.28053617104712
4979489	0.278495907984959
4979489	0.278893280632411
4979489	0.279286349604981
4979489	0.28207325836082
4979489	0.280051227834936
4979489	0.27805086192183
4979489	0.276071852228436
4979489	0.276477962023506
4979489	0.279235479370808
4979489	0.277269032332985
4979489	0.277662466024216
4979489	0.275720770457613
4979489	0.273799371360347
4979489	0.271897986837011
4979489	0.270016339869281
4979489	0.26815415821501
4979489	0.268602125054311
4979489	0.266762384471748
4979489	0.267216793678994
4979489	0.26539899236145
4979489	0.268119451170299
4979489	0.27081233776149
4979489	0.273478023478024
4979489	0.27611687343231
4979489	0.278729246631202
4979489	0.281315496098105
4979489	0.28609080841639
4979489	0.286403672819813
4979489	0.288913659577878
4979489	0.289205894273638
4979489	0.291681046879494
4979489	0.294131933283332
4979489	0.298730422317316
4979489	0.301119618709195
4979489	0.3034856190196
4979489	0.301527647283989
4979489	0.299588562735539
4979489	0.297668123230824
4979489	0.295766090494525
4979489	0.300251656797108
4979489	0.298345297071412
4979489	0.298566740338892
4979489	0.296683038507101
4979489	0.296913543506008
4979489	0.295052016587475
4979489	0.29737460815047
4979489	0.295521806853583
4979489	0.29575666105532
4979489	0.295989333948683
4979489	0.296219852463403
4979489	0.298499525166192
4979489	0.302803209060878
4979489	0.30502867363339
4979489	0.305201263021805
4979489	0.305372278646799
4979489	0.305541739584293
4979489	0.305709664622051
4979489	0.30587607226489
4979489	0.306040980739776
4979489	0.306204408000815
4979489	0.306366371734144
4979489	0.30652688936271
4979489	0.306685978050963
4979489	0.306843654709439
4979489	0.305033367661006
4979489	0.303239053733588
4979489	0.301460525559197
4979489	0.303596233986726
4979489	0.301825993555317
4979489	0.300071191267205
4979489	0.298331648129424
4979489	0.296607187735612
4979489	0.294897636221286
4979489	0.293202822220014
4979489	0.291522576820472
4979489	0.289856733524355
4979489	0.290104463437797
4979489	0.290350082016749
4979489	0.290593613185681
4979489	0.290835080531148
4979489	0.291074507307499
4979489	0.291311916442475
4979489	0.291547330542704
4979489	0.291780771899076
4979489	0.290155252278469
4979489	0.290395130506551
4979489	0.290633015286755
4979489	0.290868928646128
4979489	0.291102892308317
4979489	0.291334927698564
4979489	0.291565055948618
4979489	0.29179329790154
4979489	0.292019674116427
4979489	0.290432610670142
4979489	0.290665134912219
4979489	0.290895773822603
4979489	0.291124547728321
4979489	0.293143591378527
4979489	0.293359085973459
4979489	0.293572852002122
4979489	0.293784907902555
4979489	0.292222222222222
4979489	0.290671971706455
4979489	0.289134024766209
4979489	0.287608251548445
4979489	0.287848909873629
4979489	0.28983745452871
4979489	0.28831998094479
4979489	0.286814393576932
4979489	0.285320568610386
4979489	0.283838383838384
4979489	0.284094834353902
4979489	0.282626643995484
4979489	0.282888018682792
4979489	0.283147377627011
4979489	0.281695339793026
4979489	0.281959472752312
4979489	0.28052090401378
4979489	0.279093316715999
4979489	0.277676599372263
4979489	0.279646169333248
4979489	0.278233814942676
4979489	0.276832133255307
4979489	0.275441017007793
4979489	0.274060360280937
4979489	0.272690058479532
4979489	0.272992518703242
4979489	0.2716343469684
4979489	0.271940545411898
4979489	0.270594305088077
4979489	0.269258036914803
4979489	0.269573678769081
4979489	0.268248992386924
4979489	0.268568033273916
4979489	0.270514725857743
4979489	0.274073190609657
4979489	0.277605681166301
4979489	0.277876203749636
4979489	0.276530556273851
4979489	0.278415271782995
4979489	0.278679937139864
4979489	0.277340129749768
4979489	0.27600996126176
4979489	0.274689339437541
4979489	0.27337817313951
4979489	0.272076372315036
4979489	0.270783847980998
4979489	0.269500512208576
4979489	0.268226278108299
4979489	0.266961059815335
4979489	0.265704772475028
4979489	0.266022277455583
4979489	0.26633755172199
4979489	0.265092983723289
4979489	0.265411120551308
4979489	0.264176650223162
4979489	0.262950772495908
4979489	0.26327661768497
4979489	0.26206055940467
4979489	0.260852907057183
4979489	0.259653583346576
4979489	0.259991563851102
4979489	0.258801671110365
4979489	0.259141998335127
4979489	0.259479999861315
4979489	0.259815696831642
4979489	0.25863739435168
4979489	0.258975385025805
4979489	0.259311086824033
4979489	0.258143018865367
4979489	0.256982825522151
4979489	0.257325204480946
4979489	0.257665285594379
4979489	0.256514994140833
4979489	0.256857169371089
4979489	0.257197063433144
4979489	0.259012893159235
4979489	0.257866818410742
4979489	0.25820000390709
4979489	0.258530987737161
4979489	0.258859789256265
4979489	0.257724439303387
4979489	0.256596542413656
4979489	0.255476033494819
4979489	0.255815280988669
4979489	0.254703040636545
4979489	0.255044169889025
4979489	0.25538308401649
4979489	0.255719802156087
4979489	0.254617561629552
4979489	0.253522432332221
4979489	0.255295583552541
4979489	0.254202240582294
4979489	0.254540407645333
4979489	0.25487641159283
4979489	0.256628710550591
4979489	0.258369848368493
4979489	0.257275060875406
4979489	0.256187217066208
4979489	0.25651272810531
4979489	0.256836183285217
4979489	0.257157599882058
4979489	0.256079370951735
4979489	0.25500790914859
4979489	0.253943157962166
4979489	0.252885061470657
4979489	0.251833564333564
4979489	0.250788611784462
4979489	0.249750149623864
4979489	0.248718124212195
4979489	0.247692482462867
4979489	0.246673171835448
4979489	0.247029065722503
4979489	0.247382771737301
4979489	0.247734307776549
4979489	0.246723147336644
4979489	0.247075938318301
4979489	0.247426578135435
4979489	0.247775084241715
4979489	0.24812147391415
4979489	0.248465764255238
4979489	0.248807972195069
4979489	0.249148114493412
4979489	0.249486207741765
4979489	0.249822268365379
4979489	0.250156312625251
4979489	0.251819028609448
4979489	0.252143786795599
4979489	0.252466608054198
4979489	0.252787507757687
4979489	0.253106501126303
4979489	0.253423603229888
4979489	0.252423904597818
4979489	0.251430109697826
4979489	0.250442172135163
4979489	0.250767235512411
4979489	0.251090390494097
4979489	0.251411651989563
4979489	0.250431489603639
4979489	0.24945704800985
4979489	0.248488282774861
4979489	0.247525149895888
4979489	0.246567605795711
4979489	0.245615607317735
4979489	0.244669111721135
4979489	0.243728076676054
4979489	0.242792460258871
4979489	0.241862220947534
4979489	0.240937317616951
4979489	0.240017709534444
4979489	0.241643038894947
4979489	0.240724244070252
4979489	0.239810679576626
4979489	0.238902305790351
4979489	0.240519562353211
4979489	0.239611941363199
4979489	0.241220433737223
4979489	0.240313590001369
4979489	0.239411850451645
4979489	0.238515176854448
4979489	0.2388696372525
4979489	0.237978332635886
4979489	0.238333472303288
4979489	0.237447474264986
4979489	0.236566407570125
4979489	0.235690235690236
4979489	0.234818922434449
4979489	0.233952431945761
4979489	0.233090728697342
4979489	0.232233777488896
4979489	0.231381543443065
4979489	0.231754993222883
4979489	0.230907625788796
4979489	0.230064897227523
4979489	0.229226773740355
4979489	0.228393221835845
4979489	0.227564208326459
4979489	0.229155159262474
4979489	0.228326388342899
4979489	0.229908844221324
4979489	0.229080343881788
4979489	0.230654395402597
4979489	0.231023080996603
4979489	0.230195041279769
4979489	0.230564051269228
4979489	0.232121560609933
4979489	0.232482386894152
4979489	0.232841287059416
4979489	0.235566540036114
4979489	0.235913230792487
4979489	0.237438021715936
4979489	0.240132587010226
4979489	0.242812895345286
4979489	0.243131629281864
4979489	0.244620328886029
4979489	0.244931602585844
4979489	0.245241240872175
4979489	0.245549255181479
4979489	0.248182591114528
4979489	0.249640723781957
4979489	0.249931828510832
4979489	0.250221417069243
4979489	0.251664901469928
4979489	0.253100893737044
4979489	0.25452944562972
4979489	0.253651757886169
4979489	0.252778602093102
4979489	0.25420089784765
4979489	0.254472364178647
4979489	0.253600883479405
4979489	0.253873473051555
4979489	0.255282323541709
4979489	0.256683973773822
4979489	0.258078472729239
4979489	0.257202145147816
4979489	0.258590160474998
4979489	0.258843098454214
4979489	0.257968628527004
4979489	0.257098582562326
4979489	0.258477599680523
4979489	0.257608767412689
4979489	0.260100013159626
4979489	0.259228656331621
4979489	0.25836167085894
4979489	0.257499027550563
4979489	0.257751808569839
4979489	0.256894065446478
4979489	0.25604059679051
4979489	0.255191374247258
4979489	0.25434636969677
4979489	0.253505555251492
4979489	0.253769013264963
4979489	0.254031169179521
4979489	0.253195540333536
4979489	0.25345871863567
4979489	0.252627706443422
4979489	0.252891881981523
4979489	0.254244087160232
4979489	0.253414579534914
4979489	0.2547606775386
4979489	0.255016198370453
4979489	0.257434976947172
4979489	0.256600503764199
4979489	0.257927578725049
4979489	0.257094210134661
4979489	0.256264873972936
4979489	0.257586618876942
4979489	0.257830177444325
4979489	0.257002472219785
4979489	0.257247122415662
4979489	0.256423931623932
4979489	0.257734611288605
4979489	0.25903901975871
4979489	0.258214054727632
4979489	0.25739302434694
4979489	0.256575903634727
4979489	0.257875715878885
4979489	0.257059653486864
4979489	0.256247458689117
4979489	0.257542156506081
4979489	0.259880606406849
4979489	0.260111589824857
4979489	0.261388057884015
4979489	0.262658523742268
4979489	0.263923024972078
4979489	0.26309826551904
4979489	0.263317407696308
4979489	0.264573947443879
4979489	0.265824624642084
4979489	0.267069475704272
4979489	0.266241353298987
4979489	0.267481060151519
4979489	0.26768462204698
4979489	0.268916048110621
4979489	0.270141781912027
4979489	0.270336217454862
4979489	0.271553822521565
4979489	0.270720835335916
4979489	0.271933533134785
4979489	0.273140668099714
4979489	0.273324462497374
4979489	0.272491156209272
4979489	0.272676368316195
4979489	0.273873907216956
4979489	0.274054360710481
4979489	0.273223892950752
4979489	0.273405767203044
4979489	0.273586817251776
4979489	0.273767048069518
4979489	0.273946464591397
4979489	0.274125071715433
4979489	0.274302874302874
4979489	0.274479877178528
4979489	0.274656085131087
4979489	0.274831502913456
4979489	0.275006135243067
4979489	0.275179986802204
4979489	0.275353062238308
4979489	0.275525366164296
4979489	0.275696903158863
4979489	0.275867677766788
4979489	0.277023887793119
4979489	0.278174974289052
4979489	0.279320967481907
4979489	0.27948006134303
4979489	0.279638453319472
4979489	0.278817195013101
4979489	0.279954583493023
4979489	0.280110890227548
4979489	0.281241170275616
4979489	0.282366500192086
4979489	0.281543274244004
4979489	0.282664448603313
4979489	0.281842749624815
4979489	0.281024628435774
4979489	0.28021006429538
4979489	0.279399036612904
4979489	0.278591524946393
4979489	0.277787509001382
4979489	0.27698696862962
4979489	0.276189883827808
4979489	0.277311943548609
4979489	0.277472693591033
4979489	0.276677642893065
4979489	0.275886004429851
4979489	0.275097758702909
4979489	0.274312886352829
4979489	0.27543070339076
4979489	0.27464711675238
4979489	0.274813838958576
4979489	0.274979851708575
4979489	0.274200871958692
4979489	0.27436814907715
4979489	0.274534717394258
4979489	0.274700580908895
4979489	0.273926776455631
4979489	0.273156237000059
4979489	0.274261603375527
4979489	0.273492286115007
4979489	0.272726201279951
4979489	0.272895731719261
4979489	0.273995650531963
4979489	0.274161167080921
4979489	0.274325992056555
4979489	0.274490129306281
4979489	0.274653582650801
4979489	0.275740997585658
4979489	0.275900533141746
4979489	0.276981490634207
4979489	0.278057969021037
4979489	0.278210452784657
4979489	0.278362306450081
4979489	0.278513533484148
4979489	0.278664137329887
4979489	0.278814121406714
4979489	0.279876731119755
4979489	0.280934979917421
4979489	0.281988891629851
4979489	0.283038489924631
4979489	0.284083798308124
4979489	0.28331078116987
4979489	0.283446712018141
4979489	0.284486657620986
4979489	0.285522375802682
4979489	0.284749649481159
4979489	0.284880956734813
4979489	0.285911417490365
4979489	0.286039239365952
4979489	0.287063808483855
4979489	0.286292131579328
4979489	0.285523562098578
4979489	0.284758083379815
4979489	0.284888137596558
4979489	0.284126404608332
4979489	0.283367722620059
4979489	0.282612075359739
4979489	0.281859446663708
4979489	0.281109820475772
4979489	0.281248528345248
4979489	0.281386684326649
4979489	0.280641289136379
4979489	0.280780686078699
4979489	0.280038861280605
4979489	0.279299972464561
4979489	0.278564004157672
4979489	0.278708133971292
4979489	0.27885169559905
4979489	0.27811980138488
4979489	0.277390784867488
4979489	0.2766646309804
4979489	0.276812784450604
4979489	0.276960357685285
4979489	0.277107353710443
4979489	0.276385719976822
4979489	0.278267681693397
4979489	0.277544908494193
4979489	0.276824947642068
4979489	0.276107784565275
4979489	0.275393404786323
4979489	0.274681793921242
4979489	0.273972937678864
4979489	0.274125928389314
4979489	0.273420327544039
4979489	0.272717447524646
4979489	0.272873072391934
4979489	0.272173397847339
4979489	0.273183623887849
4979489	0.272484944542868
4979489	0.271788942130242
4979489	0.271095602992155
4979489	0.27040491355778
4979489	0.271413213184011
4979489	0.270723471854446
4979489	0.270036356443648
4979489	0.269351853638974
4979489	0.26866995021204
4979489	0.269676263022292
4979489	0.268995262358094
4979489	0.269998216719528
4979489	0.269318120455751
4979489	0.268640590592969
4979489	0.267965614234696
4979489	0.267293178565349
4979489	0.2674586927377
4979489	0.266789209151372
4979489	0.266122236128494
4979489	0.265457761131918
4979489	0.264795771702662
4979489	0.264136255459318
4979489	0.26430838749383
4979489	0.2644798780425
4979489	0.265477860148267
4979489	0.264819922452732
4979489	0.264164427595176
4979489	0.263511363497289
4979489	0.262860718155321
4979489	0.262212479639525
4979489	0.262387654156012
4979489	0.262562182272069
4979489	0.264374068802113
4979489	0.264543293991147
4979489	0.265528890492802
4979489	0.265694874441004
4979489	0.26586024964612
4979489	0.267653020709255
4979489	0.268626224723786
4979489	0.269595872572611
4979489	0.271373011568785
4979489	0.272333627984576
4979489	0.27248168552183
4979489	0.27262920466804
4979489	0.273583290532443
4979489	0.273727788822167
4979489	0.275482069525495
4979489	0.274817456571272
4979489	0.274958458683952
4979489	0.274296705474123
4979489	0.274438620444938
4979489	0.273779704189368
4979489	0.274721879159338
4979489	0.274862265875922
4979489	0.275799596978292
4979489	0.275140577630674
4979489	0.274483917540863
4979489	0.275418798945216
4979489	0.276350341487409
4979489	0.275693146858426
4979489	0.276621825052745
4979489	0.275965545515253
4979489	0.276101488140415
4979489	0.277025902764146
4979489	0.276370995192599
4979489	0.276505498942636
4979489	0.27821185389796
4979489	0.279912179330474
4979489	0.280037876163422
4979489	0.2801631298818
4979489	0.2795054699525
4979489	0.279631678307437
4979489	0.279757443307498
4979489	0.279882767026857
4979489	0.280007651527573
4979489	0.279354191430659
4979489	0.278703016159259
4979489	0.278830211309839
4979489	0.278956962756405
4979489	0.2790832725603
4979489	0.279209142770911
4979489	0.279334575425748
4979489	0.278687967612263
4979489	0.27881431527867
4979489	0.278940225251082
4979489	0.27906569954885
4979489	0.27919074017969
4979489	0.27854818381564
4979489	0.278674126688094
4979489	0.279565039523866
4979489	0.278923835304775
4979489	0.279048484784794
4979489	0.279172706406187
4979489	0.280058406886782
4979489	0.280941074146554
4979489	0.280300387546447
4979489	0.281180492965856
4979489	0.282057594612501
4979489	0.282174130382322
4979489	0.281533553468854
4979489	0.280895155388426
4979489	0.280258926270898
4979489	0.280379004114931
4979489	0.281251970583975
4979489	0.281369535736908
4979489	0.281486703262492
4979489	0.280852724201089
4979489	0.280970790813311
4979489	0.281088459448187
4979489	0.281953954862819
4979489	0.282069155262977
4979489	0.282183968651712
4979489	0.28229839676062
4979489	0.281667562354451
4979489	0.2817828877361
4979489	0.281154609279609
4979489	0.281270820246321
4979489	0.281386643412255
4979489	0.281502080500968
4979489	0.283096970444362
4979489	0.283208359275602
4979489	0.283319378044279
4979489	0.283430028387839
4979489	0.28354031193468
4979489	0.283650230304213
4979489	0.283759785106923
4979489	0.283868977944426
4979489	0.283977810409529
4979489	0.283353683353683
4979489	0.283463408161542
4979489	0.283572772032533
4979489	0.284411970049256
4979489	0.285248413586712
4979489	0.28608211468634
4979489	0.285457481248161
4979489	0.286288908042967
4979489	0.286391401344253
4979489	0.287218986252463
4979489	0.286594597151914
4979489	0.287419943665518
4979489	0.288242604669859
4979489	0.287618026978267
4979489	0.288438478579324
4979489	0.289256269256269
4979489	0.290071410503376
4979489	0.290883913752919
4979489	0.29097539957098
4979489	0.290348972445962
4979489	0.289724566053605
4979489	0.289818247615968
4979489	0.289196320045976
4979489	0.289290933150558
4979489	0.290812794107409
4979489	0.29161675961021
4979489	0.290993646876
4979489	0.290372529166553
4979489	0.290464130028316
4979489	0.291265413386438
4979489	0.291354919599091
4979489	0.290735674286446
4979489	0.291533829259653
4979489	0.292329445033581
4979489	0.293122532367549
4979489	0.293913101963949
4979489	0.293291721198698
4979489	0.29267230890472
4979489	0.292054856776229
4979489	0.292141850404379
4979489	0.291526814929843
4979489	0.291614736104193
4979489	0.292402660328064
4979489	0.293188104202856
4979489	0.292573454089224
4979489	0.293356895372108
4979489	0.294137878157243
4979489	0.295613034106758
4979489	0.295691782121845
4979489	0.295075115214396
4979489	0.295154819835477
4979489	0.294540553821251
4979489	0.293928203397506
4979489	0.294010041673593
4979489	0.294783188198475
4979489	0.294172238585628
4979489	0.294253317456742
4979489	0.293644727348248
4979489	0.293038023366123
4979489	0.292433197724501
4979489	0.292517527901014
4979489	0.291915020119549
4979489	0.292000242986245
4979489	0.291400036936941
4979489	0.29148614226835
4979489	0.291571982660278
4979489	0.292340619307832
4979489	0.291742173823067
4979489	0.291145564060648
4979489	0.291231749493278
4979489	0.291317671092952
4979489	0.29140332993544
4979489	0.291488727091037
4979489	0.291573863624592
4979489	0.291658740595544
4979489	0.291743359057956
4979489	0.292503852582517
4979489	0.292586587092651
4979489	0.292669070384636
4979489	0.292751303474522
4979489	0.294180088720028
4979489	0.294259106368087
4979489	0.294337885051485
4979489	0.294416425732818
4979489	0.294494729369841
4979489	0.293902780165078
4979489	0.293981957982685
4979489	0.293392224867373
4979489	0.292804264496898
4979489	0.292885403773847
4979489	0.292966299632966
4979489	0.292380952380952
4979489	0.292462693660299
4979489	0.292544190449278
4979489	0.292625443721955
4979489	0.29270645444755
4979489	0.292787223590464
4979489	0.292867752110311
4979489	0.292286665300568
4979489	0.292368026386857
4979489	0.292449145806553
4979489	0.292530024515805
4979489	0.29195190193771
4979489	0.291375491469916
4979489	0.290800786358536
4979489	0.290227779882952
4979489	0.290312633334626
4979489	0.29105275926055
4979489	0.2911358252214
4979489	0.291872882810105
4979489	0.291300583039889
4979489	0.291382919475332
4979489	0.292769645660312
4979489	0.292848949057522
4979489	0.29292802012056
4979489	0.294307672764228
4979489	0.294383746176643
4979489	0.294459597368769
4979489	0.295183735635886
4979489	0.29525788451382
4979489	0.29533181742415
4979489	0.296698778011106
4979489	0.297415770043384
4979489	0.29748531034017
4979489	0.29755464887594
4979489	0.297623786430447
4979489	0.298336224423181
4979489	0.29904660136097
4979489	0.299754925186222
4979489	0.299177918592985
4979489	0.299243602082871
4979489	0.29930909628316
4979489	0.298734606654977
4979489	0.298800951289068
4979489	0.298867105277658
4979489	0.298933069350492
4979489	0.298361495604124
4979489	0.298428299496635
4979489	0.298494912156628
4979489	0.298561334313305
4979489	0.29862756669239
4979489	0.299327926540105
4979489	0.29875886204098
4979489	0.298191418808233
4979489	0.299523123895884
4979489	0.300219130612037
4979489	0.301544473167696
4979489	0.300973906520264
4979489	0.301665197182167
4979489	0.302984054222427
4979489	0.303670247830812
4979489	0.304982839258087
4979489	0.305036230019057
4979489	0.305089470100552
4979489	0.305142560069034
4979489	0.306447456669844
4979489	0.307123290084472
4979489	0.306547613814398
4979489	0.305973554612498
4979489	0.307272013818088
4979489	0.306697673605344
4979489	0.306124942188714
4979489	0.306175704112491
4979489	0.3056050131449
4979489	0.305035916286157
4979489	0.304468407604695
4979489	0.303902481196507
4979489	0.303338131185
4979489	0.304630639290409
4979489	0.304065985649463
4979489	0.303502900490852
4979489	0.302941378010758
4979489	0.303613698322507
4979489	0.30428415625112
4979489	0.303722746368738
4979489	0.303162888771745
4979489	0.302604577742699
4979489	0.302047807590459
4979489	0.301492572650035
4979489	0.30093886728245
4979489	0.301609927464807
4979489	0.301668082196005
4979489	0.301726077161458
4979489	0.301783912945853
4979489	0.301232205609571
4979489	0.301899665812415
4979489	0.30195702651957
4979489	0.302621948379456
4979489	0.302677888971357
4979489	0.302733676859186
4979489	0.30278931259823
4979489	0.302844796741255
4979489	0.302900129838518
4979489	0.302955312437783
4979489	0.303010345084333
4979489	0.303065228320983
4979489	0.303722735442765
4979489	0.303776232457924
4979489	0.30382958462557
4979489	0.303281650298021
4979489	0.302735196874061
4979489	0.303390339033903
4979489	0.302844672956504
4979489	0.302300477677158
4979489	0.302954636005684
4979489	0.30241121961823
4979489	0.301869264027517
4979489	0.301925600767545
4979489	0.302578089257525
4979489	0.302037288383071
4979489	0.301497936082387
4979489	0.300960027186611
