32473987	1
32473987	0.777777777777778
32473987	0.722222222222222
32473987	0.7
32473987	0.577777777777778
32473987	0.412698412698413
32473987	0.30952380952381
32473987	0.240740740740741
32473987	0.259259259259259
32473987	0.272727272727273
32473987	0.227272727272727
32473987	0.243589743589744
32473987	0.256410256410256
32473987	0.266666666666667
32473987	0.275
32473987	0.281862745098039
32473987	0.287581699346405
32473987	0.292397660818714
32473987	0.329824561403509
32473987	0.33015873015873
32473987	0.391053391053391
32473987	0.444005270092227
32473987	0.434782608695652
32473987	0.426666666666667
32473987	0.445128205128205
32473987	0.461538461538462
32473987	0.476190476190476
32473987	0.466338259441708
32473987	0.457471264367816
32473987	0.449462365591398
32473987	0.442204301075269
32473987	0.435606060606061
32473987	0.429590017825312
32473987	0.405042016806723
32473987	0.438095238095238
32473987	0.414414414414414
32473987	0.392603129445235
32473987	0.406657669815565
32473987	0.41965811965812
32473987	0.399186991869919
32473987	0.380178087495161
32473987	0.3624953857512
32473987	0.346018322762509
32473987	0.330639730639731
32473987	0.316264090177134
32473987	0.316990440949738
32473987	0.303782505910166
32473987	0.291383219954649
