38354399	0.666666666666667
38354399	0.444444444444444
38354399	0.722222222222222
38354399	0.833333333333333
38354399	0.888888888888889
38354399	0.920634920634921
38354399	0.940476190476191
38354399	0.805555555555556
38354399	0.644444444444445
38354399	0.648484848484849
38354399	0.707070707070707
38354399	0.64957264957265
38354399	0.652014652014652
38354399	0.653968253968254
38354399	0.572222222222222
38354399	0.504901960784314
38354399	0.522875816993464
38354399	0.573099415204678
38354399	0.515789473684211
38354399	0.498412698412698
38354399	0.483405483405483
38354399	0.52832674571805
38354399	0.567632850241546
38354399	0.602222222222222
38354399	0.581538461538462
38354399	0.56315289648623
38354399	0.570546737213404
38354399	0.5311986863711
38354399	0.540229885057471
38354399	0.548387096774194
38354399	0.555779569892473
38354399	0.5625
38354399	0.568627450980392
38354399	0.536134453781513
38354399	0.506349206349206
38354399	0.515015015015015
38354399	0.505452821242295
38354399	0.513720197930724
38354399	0.538034188034188
38354399	0.544308943089431
38354399	0.56600851722803
38354399	0.586194167589517
38354399	0.559548978153629
38354399	0.534680134680135
38354399	0.511433172302738
38354399	0.532223250077089
38354399	0.537825059101655
38354399	0.556689342403628
38354399	0.574421768707483
38354399	0.591111111111111
38354399	0.581196581196581
38354399	0.597000483792937
38354399	0.574889354763569
38354399	0.578226711560045
38354399	0.56948051948052
38354399	0.572890559732665
38354399	0.587618471466021
38354399	0.590298071303332
38354399	0.592843691148776
38354399	0.573406193078324
38354399	0.576414595452142
38354399	0.568697729988053
38354399	0.571759259259259
38354399	0.584935897435897
38354399	0.567210567210567
38354399	0.560229157244083
38354399	0.553555750658472
38354399	0.54717249218528
38354399	0.560110420979986
38354399	0.572501676727029
38354399	0.584376630151278
38354399	0.577498731608321
38354399	0.579908675799087
38354399	0.573333333333333
38354399	0.575789473684211
38354399	0.586807928913192
38354399	0.571761571761572
38354399	0.574164232392081
38354399	0.568143459915612
38354399	0.57880658436214
38354399	0.580949513198836
38354399	0.59104711529043
38354399	0.576974564926372
38354399	0.579084967320262
38354399	0.581121751025992
38354399	0.575425465561793
38354399	0.577499129223267
38354399	0.564521620701396
38354399	0.551976695796921
38354399	0.561823361823362
38354399	0.564102564102564
38354399	0.551971326164875
38354399	0.54731945397697
38354399	0.542814483016051
38354399	0.531505847953216
38354399	0.534292668957618
38354399	0.54379690020338
38354399	0.532811104239676
38354399	0.522154882154882
38354399	0.525016501650165
38354399	0.527793955866175
38354399	0.530490513357447
38354399	0.526699029126214
38354399	0.516666666666667
38354399	0.525786163522013
38354399	0.515958384764592
38354399	0.518749278873889
38354399	0.521463359383849
38354399	0.518042813455658
38354399	0.526726726726727
38354399	0.517320892320892
38354399	0.52586388537716
38354399	0.528334109610309
38354399	0.524942791762014
38354399	0.515892053973014
38354399	0.512771392081737
38354399	0.504080351537979
38354399	0.495608412856668
38354399	0.498459383753502
38354399	0.490220385674931
38354399	0.487648466784085
38354399	0.479719223421743
38354399	0.477358160678381
38354399	0.480387096774194
38354399	0.488634920634921
38354399	0.480939882514686
38354399	0.473425196850394
38354399	0.46608527131783
38354399	0.474299344066786
38354399	0.467058132706988
38354399	0.47008250443365
38354399	0.468026125920863
38354399	0.466015785732989
38354399	0.468988391376451
38354399	0.466993464052288
38354399	0.465042221268069
38354399	0.458302478930851
38354399	0.451708198658465
38354399	0.454779033915725
38354399	0.462512664640324
38354399	0.47008290880032
38354399	0.468170327325257
38354399	0.470927220927221
38354399	0.469029374201788
38354399	0.476302944418202
38354399	0.474357779641537
38354399	0.472452043880615
38354399	0.466110405707721
38354399	0.464340044742729
38354399	0.471434878587196
38354399	0.474003717904032
38354399	0.467807590872606
38354399	0.474719180601534
38354399	0.477195922357213
38354399	0.483898538737248
38354399	0.481980510642931
38354399	0.475879491520869
38354399	0.482472202319348
38354399	0.476441299790356
38354399	0.482945134575569
38354399	0.489328527975871
38354399	0.487414476507864
38354399	0.489600478826874
38354399	0.487706331608771
38354399	0.493878544480954
38354399	0.487963831373398
38354399	0.482154738142762
38354399	0.480393538085846
38354399	0.482584986657385
38354399	0.476940717807591
38354399	0.479146833491999
38354399	0.481314692835059
38354399	0.479613757668372
38354399	0.477941981390257
38354399	0.472510822510823
38354399	0.470938195514467
38354399	0.476882710171608
38354399	0.479003201305631
38354399	0.481088350920753
38354399	0.479455698792715
38354399	0.477849958512942
38354399	0.479913529093857
38354399	0.481943454502257
38354399	0.476733254994125
38354399	0.475191320352611
38354399	0.477239185019071
38354399	0.482800470284826
38354399	0.484746144320612
38354399	0.479643553327764
38354399	0.478111509139341
38354399	0.473131180919139
38354399	0.475136729994243
38354399	0.477111265423856
38354399	0.472217816547714
38354399	0.474201988487703
38354399	0.476155944611347
38354399	0.474713291972175
38354399	0.47999255536944
38354399	0.478525963149079
38354399	0.477081260364843
38354399	0.472357683529547
38354399	0.474272057747647
38354399	0.476158279403716
38354399	0.474764865295712
38354399	0.470155497671482
38354399	0.472054156309116
38354399	0.470720302242041
38354399	0.466215801742118
38354399	0.468124857598542
38354399	0.470006770480704
38354399	0.475006706608245
38354399	0.476806330646352
38354399	0.478580726310093
38354399	0.474128812576976
38354399	0.475911570485214
38354399	0.47152528872959
38354399	0.473315576600572
38354399	0.475081339980171
38354399	0.47682302476823
38354399	0.47250788427259
38354399	0.468251056486351
38354399	0.470030568685277
38354399	0.47178624813154
38354399	0.470555555555556
38354399	0.469341199606686
38354399	0.465206034852443
38354399	0.461125280160754
38354399	0.462920401440282
38354399	0.458895006645149
38354399	0.457807892590501
38354399	0.459608399263572
38354399	0.458524493118248
38354399	0.454605480356553
38354399	0.450736497545008
38354399	0.45256641423248
38354399	0.448747288373978
38354399	0.453379664101928
38354399	0.457953892854213
38354399	0.456915388191539
38354399	0.453123559243891
38354399	0.449378736440223
38354399	0.451167114466778
38354399	0.455665744676067
38354399	0.460109289617486
38354399	0.459078590785908
38354399	0.460759465894254
38354399	0.465108179878978
38354399	0.461372371205251
38354399	0.460348058902276
38354399	0.46464807436919
38354399	0.460960391239276
38354399	0.459951481690612
38354399	0.461579160312471
38354399	0.46580206885904
38354399	0.467371323529412
38354399	0.471516293774319
