39311634	0
39311634	0.222222222222222
39311634	0.111111111111111
39311634	0.0666666666666667
39311634	0.0444444444444444
39311634	0.0317460317460318
39311634	0.0238095238095238
39311634	0.0925925925925926
39311634	0.0740740740740741
39311634	0.121212121212121
39311634	0.212121212121212
39311634	0.17948717948718
39311634	0.201465201465202
39311634	0.174603174603175
39311634	0.236111111111111
39311634	0.247549019607843
39311634	0.22004357298475
39311634	0.231968810916179
39311634	0.208771929824561
39311634	0.188888888888889
39311634	0.202020202020202
39311634	0.213438735177866
39311634	0.195652173913044
39311634	0.206666666666667
39311634	0.190769230769231
39311634	0.201329534662868
39311634	0.18694885361552
39311634	0.197044334975369
39311634	0.206130268199234
39311634	0.192831541218638
39311634	0.22244623655914
39311634	0.208964646464647
39311634	0.235888294711824
39311634	0.260504201680672
39311634	0.246031746031746
39311634	0.268768768768769
39311634	0.272166903745851
39311634	0.275303643724696
39311634	0.278205128205128
39311634	0.297154471544715
39311634	0.314750290360047
39311634	0.315614617940199
39311634	0.316420014094433
39311634	0.302356902356902
39311634	0.289210950080515
39311634	0.276904101140919
39311634	0.279255319148936
39311634	0.295068027210884
39311634	0.309931972789116
39311634	0.336993464052288
39311634	0.349673202614379
39311634	0.349056603773585
39311634	0.348474260423946
39311634	0.347923681257015
39311634	0.335497835497836
39311634	0.347117794486216
39311634	0.335148215366001
39311634	0.323787258912916
39311634	0.335216572504708
39311634	0.34608378870674
39311634	0.356425171866737
39311634	0.355692097627582
39311634	0.34457671957672
39311634	0.344230769230769
39311634	0.343900543900544
39311634	0.333634856022916
39311634	0.333625987708516
39311634	0.333617504973004
39311634	0.333609385783299
39311634	0.34299128101945
39311634	0.342723004694836
39311634	0.342465753424658
39311634	0.351227940269036
39311634	0.350750750750751
39311634	0.341520467836257
39311634	0.349965823650034
39311634	0.34953934953935
39311634	0.357567889213459
39311634	0.356962025316456
39311634	0.348148148148148
39311634	0.355916892502258
39311634	0.347340581839553
39311634	0.347007075922739
39311634	0.338842203548086
39311634	0.338714090287278
39311634	0.34625322997416
39311634	0.353535353535354
39311634	0.360572012257406
39311634	0.352559300873908
39311634	0.352136752136752
39311634	0.344481605351171
39311634	0.344241857565841
39311634	0.336917562724014
39311634	0.350877192982456
39311634	0.343567251461988
39311634	0.336483390607102
39311634	0.336419103723964
39311634	0.329622758194187
39311634	0.336363636363636
39311634	0.32970297029703
39311634	0.329774153885977
39311634	0.329843264166508
39311634	0.342730893701768
39311634	0.342551892551893
39311634	0.354956573824498
39311634	0.360782930700053
39311634	0.366447444329064
39311634	0.36583984596217
39311634	0.371309424520434
39311634	0.382637182637183
39311634	0.381756756756757
39311634	0.392699115044248
39311634	0.397505563318325
39311634	0.402186625985253
39311634	0.400999500249875
39311634	0.399842813635917
39311634	0.404365251822879
39311634	0.403171438066752
39311634	0.407563025210084
39311634	0.40633608815427
39311634	0.410603802556113
39311634	0.414767426362788
39311634	0.41345397324941
