46146246	0
46146246	0.222222222222222
46146246	0.111111111111111
46146246	0.0666666666666667
46146246	0.266666666666667
46146246	0.190476190476191
46146246	0.226190476190476
46146246	0.175925925925926
46146246	0.140740740740741
46146246	0.115151515151515
46146246	0.207070707070707
46146246	0.277777777777778
46146246	0.238095238095238
46146246	0.206349206349206
46146246	0.222222222222222
46146246	0.274509803921569
46146246	0.281045751633987
46146246	0.251461988304094
46146246	0.226315789473684
46146246	0.204761904761905
46146246	0.246753246753247
46146246	0.254281949934124
46146246	0.260869565217391
46146246	0.24
46146246	0.221538461538462
46146246	0.254510921177588
46146246	0.236331569664903
46146246	0.220032840722496
46146246	0.227586206896552
46146246	0.255913978494624
46146246	0.281586021505376
46146246	0.284722222222222
46146246	0.326797385620915
46146246	0.327170868347339
46146246	0.308994708994709
46146246	0.328328328328328
46146246	0.328591749644381
