9321010	0.333333333333333
9321010	0.333333333333333
9321010	0.166666666666667
9321010	0.366666666666667
9321010	0.244444444444444
9321010	0.26984126984127
9321010	0.285714285714286
9321010	0.222222222222222
9321010	0.244444444444445
9321010	0.260606060606061
9321010	0.272727272727273
9321010	0.282051282051282
9321010	0.289377289377289
9321010	0.295238095238095
9321010	0.3
9321010	0.264705882352941
9321010	0.235294117647059
9321010	0.245614035087719
9321010	0.221052631578947
9321010	0.2
9321010	0.181818181818182
9321010	0.16600790513834
9321010	0.179951690821256
9321010	0.192222222222222
9321010	0.203076923076923
9321010	0.237416904083571
9321010	0.291887125220459
9321010	0.27175697865353
9321010	0.253639846743295
9321010	0.237275985663082
9321010	0.243279569892473
9321010	0.228535353535354
9321010	0.234699940582294
9321010	0.259383753501401
9321010	0.263492063492064
9321010	0.285285285285285
9321010	0.305357989568516
9321010	0.306792622582096
9321010	0.308119658119658
9321010	0.325609756097561
9321010	0.325977545489741
9321010	0.326319675156884
9321010	0.311486962649753
9321010	0.312457912457913
9321010	0.313365539452496
9321010	0.342584027135369
9321010	0.342198581560284
9321010	0.341836734693878
9321010	0.341496598639456
9321010	0.341176470588235
9321010	0.340874811463047
9321010	0.353168843734882
9321010	0.352434195201491
9321010	0.351739618406285
9321010	0.351082251082251
9321010	0.362155388471178
9321010	0.361161524500908
9321010	0.360218195986752
