7752871	0.333333333333333
7752871	0.333333333333333
7752871	0.333333333333333
7752871	0.2
7752871	0.244444444444444
7752871	0.174603174603175
7752871	0.130952380952381
7752871	0.175925925925926
7752871	0.207407407407407
7752871	0.23030303030303
7752871	0.247474747474748
7752871	0.311965811965812
7752871	0.267399267399267
7752871	0.276190476190476
7752871	0.283333333333333
7752871	0.25
7752871	0.222222222222222
7752871	0.233918128654971
7752871	0.27719298245614
7752871	0.282539682539683
7752871	0.287157287157287
7752871	0.291172595520422
7752871	0.294685990338164
7752871	0.297777777777778
7752871	0.300512820512821
7752871	0.302943969610636
7752871	0.281305114638448
7752871	0.284893267651888
7752871	0.288122605363985
7752871	0.291039426523298
7752871	0.272849462365591
7752871	0.316919191919192
7752871	0.317884729649436
7752871	0.299719887955182
7752871	0.301587301587302
7752871	0.303303303303303
7752871	0.287339971550498
7752871	0.289698605488079
7752871	0.325213675213675
7752871	0.309349593495935
7752871	0.294618660472319
7752871	0.296419342930971
7752871	0.298097251585624
7752871	0.2996632996633
7752871	0.286634460547504
7752871	0.288621646623497
7752871	0.276595744680851
7752871	0.26530612244898
7752871	0.25469387755102
7752871	0.257777777777778
7752871	0.273504273504274
7752871	0.26318335752298
7752871	0.25343582576287
7752871	0.244219977553311
7752871	0.247402597402597
7752871	0.250417710944027
7752871	0.264771123210325
7752871	0.267095265926359
7752871	0.25819209039548
7752871	0.249726775956284
7752871	0.241671073506081
7752871	0.24458098651647
7752871	0.236937830687831
7752871	0.239903846153846
7752871	0.242735042735043
7752871	0.245439469320066
7752871	0.238220661398888
7752871	0.240977550440466
7752871	0.243616287094548
7752871	0.246143527833669
7752871	0.248565466875326
7752871	0.241755454084221
7752871	0.235221522892756
7752871	0.228948948948949
7752871	0.222923976608187
7752871	0.225791752107542
7752871	0.22000222000222
7752871	0.231310180677269
7752871	0.233860759493671
7752871	0.228086419753087
7752871	0.230653417645288
7752871	0.2411597609952
7752871	0.243354369860394
7752871	0.24547152194211
7752871	0.247514819881441
7752871	0.24948765927114
7752871	0.243817485196796
7752871	0.253319713993871
7752871	0.262505201831045
7752871	0.256735856735857
7752871	0.25115464245899
7752871	0.260090384915069
7752871	0.261648745519713
7752871	0.256140350877193
7752871	0.257748538011696
7752871	0.252434135166094
7752871	0.247282418121888
7752871	0.242286813715385
7752871	0.244107744107744
7752871	0.245874587458746
7752871	0.247589464828836
7752871	0.24925439431436
7752871	0.250871296987802
7752871	0.246092796092796
7752871	0.241449535789158
7752871	0.243166989948863
7752871	0.244836737048575
7752871	0.240344319855023
7752871	0.242035029190993
7752871	0.237674037674038
7752871	0.24533462033462
7752871	0.24689211967973
7752871	0.248408632199969
7752871	0.244088482074752
7752871	0.239880059970015
7752871	0.235779546124374
7752871	0.23178328263074
7752871	0.239092247068319
7752871	0.240662931839402
7752871	0.236685032139578
7752871	0.232804949645486
7752871	0.229019503309787
7752871	0.230701984439199
7752871	0.232344086021505
7752871	0.228656084656085
7752871	0.225055201433154
7752871	0.231955380577428
7752871	0.228359173126615
7752871	0.229974160206718
7752871	0.236641221374046
7752871	0.238106253373429
7752871	0.23953823953824
7752871	0.235963041933191
7752871	0.247282107978625
7752871	0.248547567175018
7752871	0.249785315586088
7752871	0.250996156423005
7752871	0.247384700934904
7752871	0.243850633778691
7752871	0.245119891928403
7752871	0.251057170445843
7752871	0.247545881348698
7752871	0.244107744107744
7752871	0.240740740740741
7752871	0.237442922374429
7752871	0.234212406423757
7752871	0.235551878409021
7752871	0.236864381159683
7752871	0.233706189410887
7752871	0.235025754231052
7752871	0.231933310096433
7752871	0.233258800596262
7752871	0.230229465523583
7752871	0.231559838011451
7752871	0.232864626413014
7752871	0.234144482552126
7752871	0.235400037625306
7752871	0.236631902980124
7752871	0.233674004192872
7752871	0.230771221532091
7752871	0.232037420443218
7752871	0.233280315079906
7752871	0.230435433188688
7752871	0.227642276422764
7752871	0.228915662650602
7752871	0.230166173676743
7752871	0.227426100180591
7752871	0.228679440217902
7752871	0.225989093862397
7752871	0.227244582043344
7752871	0.224602203182375
7752871	0.222005645920151
7752871	0.227116692135628
7752871	0.224521072796935
7752871	0.225757575757576
7752871	0.223206642698168
7752871	0.220698702892571
7752871	0.218232795597682
7752871	0.219511690461411
7752871	0.224452629425005
7752871	0.225649120676745
7752871	0.223183010068256
7752871	0.220757107784905
7752871	0.221974148061105
7752871	0.219587329264749
7752871	0.217238801679029
7752871	0.214927750597338
7752871	0.212653382866149
7752871	0.2104149262044
7752871	0.208211628547809
7752871	0.209514979639325
7752871	0.21079807138745
7752871	0.212061321510603
7752871	0.213305137016477
7752871	0.214529914529915
7752871	0.212351945854484
7752871	0.213573980071442
7752871	0.214777591662014
7752871	0.215963149078727
7752871	0.213814262023217
7752871	0.214997619164902
7752871	0.216163488270009
7752871	0.214044238385009
7752871	0.215208034433286
7752871	0.213118636040729
7752871	0.211059518784297
7752871	0.212235228539576
7752871	0.210204269414796
7752871	0.208202323991798
7752871	0.209388399909727
7752871	0.210557691734478
7752871	0.211710514660289
7752871	0.212847176517046
7752871	0.213967977975802
7752871	0.215073212747631
7752871	0.213090971155487
7752871	0.211136008117364
7752871	0.212251965425272
7752871	0.213352705133527
7752871	0.214438502673797
7752871	0.218512630277336
7752871	0.216552875745701
7752871	0.217595558402733
7752871	0.215661375661376
7752871	0.216702720419535
7752871	0.214793445349759
7752871	0.212909292320375
7752871	0.216872238821216
7752871	0.214986393266249
7752871	0.216011042097999
7752871	0.214148877941981
7752871	0.212310690148488
7752871	0.21334507171417
7752871	0.211529368976178
7752871	0.209736747205193
7752871	0.210779756370831
7752871	0.209008497913934
7752871	0.207259472826788
7752871	0.205532310553231
7752871	0.203826648224988
7752871	0.204896951407702
7752871	0.20321055674591
7752871	0.204277136881873
7752871	0.205330656852905
7752871	0.206371329019413
7752871	0.207399361443007
7752871	0.205726785947499
7752871	0.204074361963985
7752871	0.20510843373494
7752871	0.208786188579017
7752871	0.209774657981829
7752871	0.208116360290273
7752871	0.206477648791925
7752871	0.20485821625238
7752871	0.203257761437909
7752871	0.201675988975357
7752871	0.202696588544023
7752871	0.203705366496064
7752871	0.204702504702505
7752871	0.208242459966598
7752871	0.209197352129703
7752871	0.210141351986765
7752871	0.211074624572723
