47739904	0
47739904	0.444444444444444
47739904	0.388888888888889
47739904	0.5
47739904	0.333333333333333
47739904	0.333333333333333
47739904	0.416666666666667
47739904	0.398148148148148
47739904	0.451851851851852
47739904	0.490909090909091
47739904	0.52020202020202
47739904	0.491452991452992
47739904	0.516483516483517
47739904	0.536507936507937
47739904	0.469444444444445
47739904	0.45343137254902
47739904	0.440087145969499
47739904	0.393762183235868
47739904	0.387719298245614
47739904	0.350793650793651
47739904	0.318903318903319
47739904	0.349143610013175
47739904	0.347826086956522
47739904	0.32
47739904	0.346666666666667
47739904	0.320987654320988
47739904	0.321869488536155
47739904	0.299671592775041
47739904	0.346360153256705
47739904	0.324014336917563
47739904	0.324596774193548
47739904	0.304924242424242
47739904	0.32620320855615
47739904	0.364705882352941
47739904	0.381481481481482
47739904	0.378878878878879
47739904	0.39402560455192
47739904	0.408007197480882
47739904	0.420940170940171
47739904	0.400406504065041
47739904	0.381339527680991
47739904	0.363602805463271
47739904	0.37737843551797
47739904	0.360606060606061
47739904	0.359420289855073
47739904	0.358310206598828
47739904	0.385047281323877
47739904	0.369331065759637
47739904	0.354557823129252
47739904	0.353725490196078
47739904	0.378582202111614
47739904	0.402031930333817
47739904	0.399487537852318
47739904	0.421324354657688
47739904	0.43008658008658
47739904	0.41499582289056
47739904	0.423674127848357
47739904	0.431911163062536
47739904	0.439736346516008
47739904	0.447176684881603
47739904	0.443504318702627
47739904	0.450588837685612
47739904	0.446924603174603
47739904	0.433173076923077
47739904	0.42004662004662
47739904	0.407507914970602
47739904	0.395522388059702
47739904	0.384057971014493
47739904	0.373084886128364
47739904	0.390744466800805
47739904	0.379890453834116
47739904	0.396879756468798
47739904	0.386153276564236
47739904	0.375855855855856
47739904	0.365964912280702
47739904	0.356459330143541
47739904	0.364413364413364
47739904	0.380504165314292
47739904	0.370991561181435
47739904	0.370061728395062
47739904	0.377295995182174
47739904	0.384268782446861
47739904	0.398929049531459
47739904	0.389542483660131
47739904	0.403739170086639
47739904	0.417446315601889
47739904	0.415534656913967
47739904	0.428668709567586
47739904	0.426550145651269
47739904	0.431827431827432
47739904	0.436932632584807
47739904	0.43470469066542
47739904	0.432547853275376
47739904	0.430459126539754
47739904	0.442324561403509
47739904	0.446950171821306
47739904	0.43782873974332
47739904	0.428983714698
47739904	0.433737373737374
47739904	0.425148514851485
47739904	0.429884164887077
47739904	0.421536899549464
47739904	0.413430420711974
47739904	0.405555555555556
47739904	0.416771488469602
47739904	0.421442426379827
47739904	0.425983616014769
47739904	0.430399818779024
47739904	0.428634973589102
47739904	0.426917826917827
47739904	0.431199056199056
47739904	0.441266329540666
47739904	0.445220721420069
47739904	0.449071955250445
47739904	0.441329335332334
47739904	0.445181255526083
47739904	0.437635810517167
47739904	0.441485068603713
47739904	0.434126984126984
47739904	0.443480257116621
47739904	0.436210088967168
47739904	0.445377404593718
47739904	0.438193898068013
47739904	0.447182795698925
47739904	0.440084656084656
47739904	0.438403532891722
47739904	0.436761811023622
47739904	0.440326227390181
47739904	0.438680182866229
47739904	0.442160892542572
47739904	0.445562495180816
47739904	0.448887369940002
47739904	0.44218755844836
47739904	0.445513174866409
47739904	0.448765432098765
47739904	0.451946472019465
47739904	0.45505835889841
47739904	0.462899245820735
47739904	0.456286399451867
47739904	0.463998649105032
47739904	0.457463456864116
47739904	0.460389375882334
47739904	0.453995078995079
47739904	0.456928480204342
47739904	0.450669185954968
47739904	0.44453763240456
47739904	0.438530367101796
47739904	0.432644053449423
47739904	0.426875466070097
47739904	0.421221486387049
47739904	0.415679098408272
47739904	0.410245384703589
47739904	0.404917522564582
47739904	0.399692780337942
