38784295	1
38784295	0.333333333333333
38784295	0.5
38784295	0.433333333333333
38784295	0.288888888888889
38784295	0.301587301587302
38784295	0.392857142857143
38784295	0.453703703703704
38784295	0.42962962962963
38784295	0.351515151515152
38784295	0.292929292929293
38784295	0.299145299145299
38784295	0.304029304029304
38784295	0.352380952380952
38784295	0.433333333333333
38784295	0.46078431372549
38784295	0.483660130718954
38784295	0.502923976608187
38784295	0.452631578947368
38784295	0.40952380952381
38784295	0.402597402597403
38784295	0.425559947299078
38784295	0.417874396135266
38784295	0.411111111111111
38784295	0.430769230769231
38784295	0.42355175688509
38784295	0.440917107583774
38784295	0.410509031198686
38784295	0.383141762452107
38784295	0.379928315412186
38784295	0.356182795698925
38784295	0.375
38784295	0.411764705882353
38784295	0.426330532212885
38784295	0.43968253968254
38784295	0.415915915915916
38784295	0.411569464201043
38784295	0.424651372019793
38784295	0.403418803418803
38784295	0.432520325203252
38784295	0.427797135114208
38784295	0.407899593946106
38784295	0.434813248766737
38784295	0.445117845117845
38784295	0.45475040257649
38784295	0.449583718778908
38784295	0.458628841607565
38784295	0.453514739229025
38784295	0.435374149659864
38784295	0.431372549019608
38784295	0.427601809954751
38784295	0.424044508950169
38784295	0.420684835779175
38784295	0.405387205387205
38784295	0.390909090909091
38784295	0.388888888888889
38784295	0.398467432950192
38784295	0.396259497369959
38784295	0.383050847457627
38784295	0.381420765027322
38784295	0.390622245725366
38784295	0.388803550093873
38784295	0.376653439153439
38784295	0.365064102564103
38784295	0.374203574203574
38784295	0.382933815769637
38784295	0.401082821188177
38784295	0.399119067917022
38784295	0.406763285024155
38784295	0.395305164319249
38784295	0.384324465310381
38784295	0.373795027904617
38784295	0.363692459582871
38784295	0.353993993993994
38784295	0.344678362573099
38784295	0.335725677830941
38784295	0.352758352758353
38784295	0.352266580114681
38784295	0.351793248945148
38784295	0.343106995884774
38784295	0.342868613871324
38784295	0.334606719561172
38784295	0.326639892904953
38784295	0.326797385620915
38784295	0.326949384404925
38784295	0.327096141851555
38784295	0.327237896203414
38784295	0.327374872318693
38784295	0.33491468997087
38784295	0.34953194953195
38784295	0.356426182513139
38784295	0.363098020882032
38784295	0.376649126820712
38784295	0.382754759238522
38784295	0.395614035087719
38784295	0.394329896907217
38784295	0.399887790167613
38784295	0.391809248952106
38784295	0.403973063973064
38784295	0.409174917491749
38784295	0.40768782760629
38784295	0.412716542927851
38784295	0.411189942743341
38784295	0.416056166056166
38784295	0.414495357891584
38784295	0.406747781108564
38784295	0.405388254297912
38784295	0.40406614565636
38784295	0.40884070058382
38784295	0.407480207480208
38784295	0.400203775203775
38784295	0.399020227560051
38784295	0.403715779123325
38784295	0.396694635138571
38784295	0.407096451774113
38784295	0.400137538068573
38784295	0.404654980926167
38784295	0.414660779566064
38784295	0.413305322128852
38784295	0.417493112947659
38784295	0.421577925303708
38784295	0.425563108090097
38784295	0.41869918699187
38784295	0.428
38784295	0.43178835978836
38784295	0.4302378869308
38784295	0.439140419947507
38784295	0.4375
38784295	0.441025641025641
38784295	0.439381483656293
38784295	0.442825198550389
38784295	0.44619123566492
38784295	0.444506789361463
38784295	0.437921503593145
38784295	0.436383442265795
38784295	0.434879061113497
38784295	0.428576466024895
38784295	0.422409898168422
38784295	0.41637547105173
38784295	0.419925700776765
38784295	0.423400925648453
38784295	0.426803243704652
38784295	0.43013468013468
38784295	0.424201787994892
38784295	0.432089434734688
38784295	0.430745814307458
38784295	0.424924924924925
38784295	0.419221234657476
38784295	0.422520507084266
38784295	0.425754231052244
38784295	0.420152201696294
38784295	0.414660016053205
38784295	0.417932829697536
38784295	0.421142298561654
38784295	0.415743038323684
38784295	0.410446948663509
38784295	0.409470826950469
38784295	0.408513122628241
38784295	0.411740041928721
38784295	0.410766045548654
38784295	0.413925312476037
38784295	0.412936453836249
38784295	0.411965684074019
38784295	0.411012564671101
38784295	0.410076670317634
38784295	0.409157588437583
38784295	0.408254918733961
38784295	0.411313045928431
38784295	0.410395637544959
38784295	0.405595688567825
38784295	0.408631397615486
38784295	0.403907335215307
38784295	0.406927557415897
38784295	0.402276956759715
38784295	0.401493506493507
38784295	0.396956856702619
38784295	0.399987304005586
38784295	0.40296696168895
38784295	0.398489551003518
38784295	0.394086351544915
38784295	0.397081739623176
38784295	0.400028022978843
38784295	0.39567989229429
38784295	0.395005875440658
38784295	0.39075850043592
38784295	0.390144327525732
38784295	0.389539955247089
38784295	0.392472513039889
38784295	0.388341223428943
38784295	0.384274823183614
38784295	0.387216404886562
38784295	0.386658031088083
38784295	0.389544718052811
38784295	0.395805797867654
38784295	0.395168323739752
38784295	0.394540557339687
38784295	0.397289305918748
38784295	0.393296448572831
38784295	0.389363484087102
38784295	0.395439469320066
38784295	0.398124887115577
38784295	0.400770618933815
38784295	0.403377442931196
38784295	0.402694085764387
38784295	0.405256926355671
38784295	0.411003236245955
38784295	0.416666666666667
38784295	0.419059011164274
38784295	0.418242576137313
38784295	0.417437749191304
38784295	0.416644311305851
38784295	0.418991939055718
38784295	0.418191391338686
38784295	0.417402014054916
38784295	0.419710020097617
38784295	0.418913921602094
38784295	0.421186882565989
38784295	0.423428707078324
38784295	0.422609658226097
38784295	0.418785136432195
38784295	0.418015300368242
38784295	0.420245357465088
38784295	0.419469357249626
38784295	0.421666666666667
38784295	0.423834808259587
38784295	0.423037438436448
38784295	0.422250560321509
38784295	0.42147399065349
38784295	0.423606100879691
38784295	0.428596524248698
38784295	0.424901726625865
38784295	0.421254501504613
38784295	0.426201044226795
38784295	0.428247560162454
38784295	0.424618343550908
38784295	0.42103506639014
38784295	0.423099197484901
38784295	0.41955861842645
38784295	0.418840074384007
38784295	0.418130474873214
38784295	0.420184492987209
38784295	0.416726184402952
38784295	0.416042636443365
38784295	0.415367458458793
38784295	0.417410541452353
38784295	0.414030699011444
38784295	0.418756257890384
38784295	0.423424882324999
38784295	0.428037483266399
38784295	0.429938911022576
38784295	0.429172200088535
38784295	0.433684672815108
38784295	0.435519176703703
38784295	0.432103340023674
38784295	0.433935866013072
38784295	0.430558933203632
38784295	0.429805246382932
38784295	0.429060289525406
38784295	0.433452133452133
38784295	0.437793496414186
38784295	0.436996090589141
38784295	0.438742634893914
38784295	0.440469332104313
38784295	0.442176481799123
38784295	0.438851846597626
38784295	0.443055203551951
38784295	0.439748821435892
38784295	0.443914257707744
38784295	0.443095139749415
38784295	0.444745114117808
38784295	0.443925909847334
38784295	0.44311570782159
38784295	0.442314376620946
38784295	0.441521787215218
38784295	0.440737812911726
38784295	0.442369068173494
38784295	0.441584638426443
38784295	0.4384191571474
38784295	0.442430448882062
38784295	0.439281477715641
38784295	0.440894138630188
38784295	0.440133991596288
38784295	0.437034456444201
38784295	0.433967547977926
38784295	0.430932809880178
38784295	0.432575554526774
38784295	0.434201187249968
38784295	0.43580994489299
38784295	0.437402060215567
38784295	0.434395860489
38784295	0.435986756421723
38784295	0.439836676173111
38784295	0.443647311029076
38784295	0.445159306660517
38784295	0.44665597801191
38784295	0.443648193648194
38784295	0.445144961923485
38784295	0.444397058053317
