33957191	0.333333333333333
33957191	0.111111111111111
33957191	0.222222222222222
33957191	0.4
33957191	0.377777777777778
33957191	0.555555555555556
33957191	0.5
33957191	0.462962962962963
33957191	0.503703703703704
33957191	0.472727272727273
33957191	0.44949494949495
33957191	0.482905982905983
33957191	0.413919413919414
33957191	0.403174603174603
33957191	0.394444444444444
33957191	0.426470588235294
33957191	0.416122004357299
33957191	0.407407407407407
33957191	0.366666666666667
33957191	0.363492063492064
33957191	0.360750360750361
33957191	0.387351778656127
33957191	0.438405797101449
33957191	0.43
33957191	0.448205128205128
33957191	0.439696106362773
33957191	0.432098765432099
33957191	0.448275862068966
33957191	0.440613026819923
33957191	0.476702508960574
33957191	0.467741935483871
33957191	0.47979797979798
33957191	0.471182412358883
33957191	0.463305322128852
33957191	0.474603174603175
33957191	0.448948948948949
33957191	0.442863916548127
33957191	0.471434997750787
33957191	0.481196581196581
33957191	0.490243902439025
33957191	0.482771970576849
33957191	0.46031746031746
33957191	0.484848484848485
33957191	0.463299663299663
33957191	0.443156199677939
33957191	0.452667283379587
33957191	0.461583924349882
33957191	0.483560090702948
33957191	0.46421768707483
33957191	0.459084967320262
33957191	0.454248366013072
33957191	0.462264150943396
33957191	0.445143256464011
33957191	0.428956228956229
33957191	0.425541125541126
33957191	0.422305764411028
33957191	0.41923774954628
33957191	0.427625170465615
33957191	0.413370998116761
33957191	0.432604735883425
33957191	0.418649744403314
33957191	0.415941286909029
33957191	0.413359788359788
33957191	0.421153846153846
33957191	0.418492618492619
33957191	0.425900799035127
33957191	0.423178226514486
33957191	0.420574026712134
33957191	0.40855762594893
33957191	0.415828303152247
33957191	0.413536776212833
33957191	0.411339421613394
33957191	0.409231148957176
33957191	0.407207207207207
33957191	0.405263157894737
33957191	0.403394850763272
33957191	0.41014541014541
33957191	0.408200800605864
33957191	0.397995780590717
33957191	0.388168724279835
33957191	0.378701194419352
33957191	0.369575864433343
33957191	0.3687129470262
33957191	0.367880485527544
33957191	0.367077063383493
33957191	0.373964180700348
33957191	0.373040752351097
33957191	0.372148450800136
33957191	0.378693300041615
33957191	0.385022385022385
33957191	0.391145086797261
33957191	0.389901823281908
33957191	0.381606039807824
33957191	0.380589772303098
33957191	0.386549707602339
33957191	0.392325315005727
33957191	0.391121397012413
33957191	0.389953961382533
33957191	0.388821548821549
33957191	0.381122112211221
33957191	0.386721025043681
33957191	0.398629354654483
33957191	0.410194174757282
33957191	0.402380952380952
33957191	0.407367475292004
33957191	0.405983659554458
33957191	0.410811122649129
33957191	0.409389511835995
33957191	0.40194606616625
33957191	0.406715806715807
33957191	0.411357786357786
33957191	0.404077117572693
33957191	0.408683951767324
33957191	0.413170607678617
33957191	0.411794102948526
33957191	0.41615089890952
33957191	0.420396928871505
33957191	0.418933675164981
33957191	0.411951447245565
33957191	0.410651974288338
33957191	0.403919974709841
33957191	0.408192278644098
33957191	0.412361220386397
33957191	0.411096774193548
33957191	0.415153439153439
33957191	0.413864933549973
33957191	0.407398293963255
33957191	0.401082041343669
33957191	0.400039753528126
33957191	0.393932276375025
33957191	0.393014110571363
33957191	0.387104123946229
33957191	0.391276699210713
33957191	0.395356550580431
33957191	0.389542483660131
33957191	0.388721912122513
33957191	0.383088261222187
33957191	0.382372362979182
33957191	0.376909900650908
33957191	0.37629179331307
33957191	0.37099190890021
33957191	0.365803210873633
33957191	0.36535224035224
33957191	0.374106002554278
33957191	0.373547472838923
33957191	0.368465194296897
33957191	0.363485934914506
33957191	0.363081202007377
33957191	0.362684563758389
33957191	0.366710816777042
33957191	0.361885674451028
33957191	0.357155142758858
33957191	0.361174772939479
33957191	0.356514453288647
33957191	0.356217259443066
33957191	0.351679459959715
33957191	0.351447230508748
33957191	0.351219382745535
33957191	0.355162473794549
33957191	0.354891304347826
33957191	0.354625156557524
33957191	0.35436390719281
33957191	0.354107436779889
33957191	0.353855629465386
33957191	0.361640501399538
33957191	0.361301493398745
33957191	0.357000285143998
33957191	0.356720202874049
33957191	0.356445063232394
33957191	0.356174750601995
33957191	0.35203318373453
33957191	0.351817000492898
33957191	0.347773126924014
33957191	0.351417624521073
33957191	0.347424242424242
33957191	0.347265023112481
33957191	0.347108487272266
33957191	0.343230180151905
33957191	0.346823918890958
33957191	0.342991610394925
33957191	0.342885475482161
33957191	0.339138093236454
33957191	0.339074998020116
33957191	0.335409322365844
33957191	0.335386999903129
33957191	0.331799973166197
33957191	0.328270186217621
33957191	0.328323764493977
33957191	0.331885268727374
33957191	0.338881234499862
33957191	0.342295666084933
33957191	0.345657023603915
33957191	0.34552997525061
33957191	0.345404881487356
33957191	0.341880341880342
33957191	0.345177664974619
33957191	0.345058025261071
33957191	0.344940189161295
33957191	0.344824120603015
33957191	0.341393034825871
33957191	0.344613565834195
33957191	0.34450243053862
33957191	0.350928877298046
33957191	0.354009245974813
33957191	0.360281000868261
33957191	0.36324124884699
33957191	0.359748544531153
33957191	0.359495767390504
33957191	0.356071998177261
33957191	0.355856465809072
33957191	0.361933291603327
33957191	0.364794637848053
33957191	0.36138534216723
33957191	0.358023618054046
33957191	0.360881424059719
33957191	0.366771917847187
33957191	0.363407037866937
33957191	0.366176532193875
33957191	0.371938563719386
33957191	0.368572603866722
33957191	0.374261138967021
33957191	0.370904536823819
33957191	0.373545270125988
33957191	0.373187830687831
33957191	0.378734841035726
33957191	0.384208542876821
33957191	0.38961022232527
33957191	0.386207512959984
33957191	0.388646288209607
33957191	0.388167388167388
33957191	0.393441807234911
33957191	0.39006462434019
33957191	0.392428744360075
33957191	0.394762684124386
33957191	0.391417237648756
33957191	0.390927078118668
33957191	0.39604533796641
33957191	0.398309951595701
33957191	0.400546257554626
33957191	0.397222222222222
33957191	0.396694214876033
33957191	0.401659694588988
33957191	0.406564123321865
33957191	0.405966320954611
33957191	0.4080858359604
33957191	0.410179607868953
33957191	0.412248051891515
33957191	0.41696895107311
33957191	0.416299866131191
33957191	0.418294820717132
33957191	0.41497502055271
33957191	0.411694585607629
33957191	0.411077567873186
33957191	0.41308218825588
33957191	0.415063316993464
33957191	0.414427285992218
