46568235	1
46568235	0.333333333333333
46568235	0.5
46568235	0.433333333333333
46568235	0.288888888888889
46568235	0.301587301587302
46568235	0.226190476190476
46568235	0.25
46568235	0.2
46568235	0.284848484848485
46568235	0.292929292929293
46568235	0.247863247863248
46568235	0.212454212454213
46568235	0.273015873015873
46568235	0.280555555555556
46568235	0.286764705882353
46568235	0.291938997821351
46568235	0.331384015594542
46568235	0.331578947368421
46568235	0.3
46568235	0.272727272727273
46568235	0.306982872200264
46568235	0.33695652173913
46568235	0.363333333333333
46568235	0.361025641025641
46568235	0.358974358974359
46568235	0.357142857142857
46568235	0.355500821018062
46568235	0.354022988505747
46568235	0.374193548387097
46568235	0.371639784946237
46568235	0.389520202020202
46568235	0.4058229352347
46568235	0.401680672268908
46568235	0.397883597883598
46568235	0.43043043043043
46568235	0.425320056899004
46568235	0.420602789023842
46568235	0.432905982905983
46568235	0.411788617886179
46568235	0.408052651955091
46568235	0.435585086747878
46568235	0.430937279774489
46568235	0.441414141414142
46568235	0.451207729468599
46568235	0.446191797718162
46568235	0.455378250591017
46568235	0.450396825396826
46568235	0.445714285714286
46568235	0.441307189542484
46568235	0.449974861739568
46568235	0.445573294629899
46568235	0.429070580013976
46568235	0.425589225589226
46568235	0.410389610389611
46568235	0.395989974937343
46568235	0.382335148215366
46568235	0.36937463471654
46568235	0.357062146892655
46568235	0.367213114754098
46568235	0.355367530407192
46568235	0.365250042669398
46568235	0.374669312169312
46568235	0.373397435897436
46568235	0.392385392385392
46568235	0.380672395597769
46568235	0.389083991805678
46568235	0.397129866439329
46568235	0.385783298826777
46568235	0.374916163648558
46568235	0.38302034428795
46568235	0.390791476407915
46568235	0.389238553622115
