16225683	0
16225683	0.222222222222222
16225683	0.277777777777778
16225683	0.433333333333333
16225683	0.511111111111111
16225683	0.365079365079365
16225683	0.273809523809524
16225683	0.212962962962963
16225683	0.17037037037037
16225683	0.2
16225683	0.277777777777778
16225683	0.286324786324786
16225683	0.245421245421245
16225683	0.301587301587302
16225683	0.263888888888889
16225683	0.272058823529412
16225683	0.278867102396514
16225683	0.319688109161793
16225683	0.321052631578947
16225683	0.290476190476191
16225683	0.294372294372294
16225683	0.326745718050066
16225683	0.355072463768116
16225683	0.353333333333333
16225683	0.351794871794872
16225683	0.375118708452042
16225683	0.395943562610229
16225683	0.36863711001642
16225683	0.366283524904215
16225683	0.385663082437276
16225683	0.361559139784946
16225683	0.359848484848485
16225683	0.338680926916221
16225683	0.357422969187675
16225683	0.356084656084656
16225683	0.354854854854855
16225683	0.37126600284495
16225683	0.36932073774179
16225683	0.367521367521368
16225683	0.365853658536585
16225683	0.348432055749129
16225683	0.347729789590255
16225683	0.34707540521494
16225683	0.346464646464647
16225683	0.360386473429952
16225683	0.373419673142152
16225683	0.357860520094563
16225683	0.37046485260771
16225683	0.382312925170068
16225683	0.380392156862745
16225683	0.391402714932127
16225683	0.389211417513304
16225683	0.374796179827626
16225683	0.385409652076319
16225683	0.383549783549784
16225683	0.381787802840434
16225683	0.368622706190764
16225683	0.356127021235145
16225683	0.355367231638418
16225683	0.343715846994536
16225683	0.354133615371056
16225683	0.35347328895716
16225683	0.352843915343915
16225683	0.3625
16225683	0.361616161616162
16225683	0.37072214684155
16225683	0.379426397424642
16225683	0.368428530832623
16225683	0.376949620427881
16225683	0.375720992622401
16225683	0.36528429838289
16225683	0.364408929477423
16225683	0.354560039491546
16225683	0.353993993993994
16225683	0.353450292397661
16225683	0.344269765322397
16225683	0.361083361083361
16225683	0.36881964730066
16225683	0.367932489451477
16225683	0.358847736625514
16225683	0.35009535280538
16225683	0.349691448721716
16225683	0.357238477720405
16225683	0.364519140989729
16225683	0.363793889648883
16225683	0.363093646974962
16225683	0.369993033786137
16225683	0.376659856996936
16225683	0.375697045359967
16225683	0.382091982091982
16225683	0.388278388278388
16225683	0.39426523297491
16225683	0.385876610996721
16225683	0.377752892870474
16225683	0.369883040935673
16225683	0.369129438717068
16225683	0.368398905954134
16225683	0.367690510547653
16225683	0.373670033670034
16225683	0.372871287128713
16225683	0.378631980845143
16225683	0.371279903547179
16225683	0.370550161812298
16225683	0.363492063492064
16225683	0.362923030847559
16225683	0.362369952389349
16225683	0.368005076727818
16225683	0.367368897949938
16225683	0.372810675562969
16225683	0.384111384111384
16225683	0.389157014157014
16225683	0.382269279393173
16225683	0.387258707240077
16225683	0.392117976099669
16225683	0.396851574212894
16225683	0.395765792317517
16225683	0.394707615046598
16225683	0.399278355409961
16225683	0.403734827264239
16225683	0.408080808080808
16225683	0.412319920516642
16225683	0.416455639966236
16225683	0.425867645773232
16225683	0.429720430107527
16225683	0.428190476190476
16225683	0.431946006749156
16225683	0.435613517060368
16225683	0.434027777777778
16225683	0.437606837606838
16225683	0.436014875709532
16225683	0.434459094764438
16225683	0.432938406622617
16225683	0.426476639359593
16225683	0.425096738529574
16225683	0.423747276688453
16225683	0.422427365106627
16225683	0.42113614725484
16225683	0.424668960483787
16225683	0.423364165810209
16225683	0.426815265113138
16225683	0.425498618186661
16225683	0.433533602547687
16225683	0.441401191401191
16225683	0.449106002554279
16225683	0.456652495669973
16225683	0.459509831329792
16225683	0.453300239014525
16225683	0.451689944978536
16225683	0.450111856823266
16225683	0.452980132450331
16225683	0.460177762286511
16225683	0.458519665176012
16225683	0.461222872987579
16225683	0.463873760647954
16225683	0.457926661152468
16225683	0.452093200500844
16225683	0.450589911043027
16225683	0.457500729772046
16225683	0.464281970649895
16225683	0.466796066252588
16225683	0.473378830866754
16225683	0.471660481203767
16225683	0.469973564766323
16225683	0.472357723577236
16225683	0.474698795180723
16225683	0.480989827573768
16225683	0.479232012166144
16225683	0.481450173757866
16225683	0.483629191321499
16225683	0.485769980506823
16225683	0.483997461353643
16225683	0.482255679526818
16225683	0.480543928421146
16225683	0.482671045429666
16225683	0.480974025974026
16225683	0.475539291217257
16225683	0.473941471465753
16225683	0.468646036030381
16225683	0.470846265259673
16225683	0.469326785348885
16225683	0.464169348147249
16225683	0.470025420845093
16225683	0.47216282569098
16225683	0.467058362710537
16225683	0.462036229778165
16225683	0.46065972821191
16225683	0.455759092805401
16225683	0.450936245262486
16225683	0.453207091803583
16225683	0.455442270597961
16225683	0.457642524723677
16225683	0.452900115141048
16225683	0.448231041789078
16225683	0.447052603753635
16225683	0.44589220303506
16225683	0.444749473393418
16225683	0.443624057837256
16225683	0.445865692096848
16225683	0.448073701842546
16225683	0.453565505804312
16225683	0.455675418288098
16225683	0.454470077549627
16225683	0.453282462410252
16225683	0.458616292045273
16225683	0.457399952640303
16225683	0.456201241342651
16225683	0.455019819150254
16225683	0.453855355171145
16225683	0.449532923217134
16225683	0.451591062965471
16225683	0.450475424006677
16225683	0.446245607818821
16225683	0.442075088119579
16225683	0.441063536912266
16225683	0.440066035027275
16225683	0.445226716732093
16225683	0.447258275905805
16225683	0.449262005501794
16225683	0.451238411512384
16225683	0.450171397230221
16225683	0.446115799056976
16225683	0.448093833744058
16225683	0.447069186418962
16225683	0.451984126984127
16225683	0.450934119960669
16225683	0.446961132119606
16225683	0.44888837365072
16225683	0.450790367476187
16225683	0.449769001961901
16225683	0.45453290670682
16225683	0.453488082798428
16225683	0.455317941887425
16225683	0.457124341244513
16225683	0.453233921319028
16225683	0.455042673398245
16225683	0.459641469403323
16225683	0.461381176943351
16225683	0.457520246592361
16225683	0.459263133426313
16225683	0.458218072844629
16225683	0.457185967559412
16225683	0.453423120089787
16225683	0.45243877757539
16225683	0.454187576670012
16225683	0.453205021846137
16225683	0.452234400886519
16225683	0.453963693352488
16225683	0.452994774798117
16225683	0.452037483266399
16225683	0.451091633466136
16225683	0.450157043782542
16225683	0.449233536190058
16225683	0.450945608083575
16225683	0.44740877978488
16225683	0.446517565359477
16225683	0.443042720492866
16225683	0.444776239455454
16225683	0.441341673899814
16225683	0.443074943074943
16225683	0.439679732783181
16225683	0.443956986731401
16225683	0.440580887972987
16225683	0.44481891154895
16225683	0.446493234229083
16225683	0.448148673570719
16225683	0.447288633568941
16225683	0.446438220880616
16225683	0.445597292348666
16225683	0.44723484326954
16225683	0.448854266320441
16225683	0.450455828087693
16225683	0.449597787833082
16225683	0.446316052155468
16225683	0.443070117230701
16225683	0.444690382081686
16225683	0.446293098937896
16225683	0.447878520288462
16225683	0.449446894097625
16225683	0.446236559139785
16225683	0.443060498220641
16225683	0.442282291377468
16225683	0.439156621473741
16225683	0.443106222730968
16225683	0.442335886665019
16225683	0.439242628716313
16225683	0.436181704474387
16225683	0.435467479674797
16225683	0.432453863898501
16225683	0.431770274032534
16225683	0.428802780740214
16225683	0.425865775392678
16225683	0.427509467483286
16225683	0.429136387205622
16225683	0.426226987970329
16225683	0.427851580393953
16225683	0.429459762793096
16225683	0.428814618971219
16225683	0.430405602567844
16225683	0.431980676328502
16225683	0.433540051679587
16225683	0.430668925509523
16225683	0.432226666375247
16225683	0.433769034798217
16225683	0.430924647684786
16225683	0.432465445194471
16225683	0.431819633390816
16225683	0.429015609797369
16225683	0.432711301643341
16225683	0.432070153460695
16225683	0.429291567264807
16225683	0.428676450380631
16225683	0.42806722918544
16225683	0.425340686324386
16225683	0.428989316887406
16225683	0.432603308552676
16225683	0.431976999560756
16225683	0.433453035202931
16225683	0.437005053791
16225683	0.440523772204807
16225683	0.444009605399792
16225683	0.441251781763769
16225683	0.442647539565025
16225683	0.439915147345488
16225683	0.441310541310541
16225683	0.444738084001888
16225683	0.448134181347442
16225683	0.447434176176624
16225683	0.444714211579806
16225683	0.44403917595407
16225683	0.441356159785163
16225683	0.442713451995292
16225683	0.442056514345671
16225683	0.439409469349589
16225683	0.438776178985313
16225683	0.442116796967543
16225683	0.439492958409872
16225683	0.438864794947881
16225683	0.43824219045458
16225683	0.437625079530337
16225683	0.438968431947559
16225683	0.438350682832856
16225683	0.437738336771634
16225683	0.437131330937691
16225683	0.434597236265588
16225683	0.434011895786211
16225683	0.435352845474283
16225683	0.438597944063511
16225683	0.437994708471934
16225683	0.439301405375904
16225683	0.438697598697599
16225683	0.439992877492878
16225683	0.443165722379603
16225683	0.440661961236216
16225683	0.440057292910003
16225683	0.437585060927362
16225683	0.437001017635519
16225683	0.436421868561205
16225683	0.439561579599861
16225683	0.44082327452801
16225683	0.440227762388427
16225683	0.439637185432322
16225683	0.437214941986414
16225683	0.436644163916891
16225683	0.437904561192233
16225683	0.440976120967138
16225683	0.442206042197109
16225683	0.439802748489516
16225683	0.441032363222183
16225683	0.442252008105667
16225683	0.44166484543843
16225683	0.441082417953994
16225683	0.442291984971221
16225683	0.441709318384922
16225683	0.441131313131313
16225683	0.440557919621749
16225683	0.439989088925259
16225683	0.439424772758106
16225683	0.438864923473543
16225683	0.438309494051752
16225683	0.437758438089976
16225683	0.438956910490901
16225683	0.436664707302959
16225683	0.437862634174645
16225683	0.440782828282828
16225683	0.441953210865128
16225683	0.441391867828788
16225683	0.440834865073657
16225683	0.441995954027863
16225683	0.439729308109771
16225683	0.439185083174853
16225683	0.438645023226682
16225683	0.439805438714926
16225683	0.437572923797592
16225683	0.438732892115916
16225683	0.438200571111964
16225683	0.435993011559762
16225683	0.433802091903683
16225683	0.431627645327725
16225683	0.431136173767753
16225683	0.430648379052369
16225683	0.430164224596056
16225683	0.429683674267208
16225683	0.427556527364895
16225683	0.428737318176262
16225683	0.428267347807578
16225683	0.429438843231947
16225683	0.430601724719372
16225683	0.431756076513735
16225683	0.431275965571392
16225683	0.430799359088481
16225683	0.431944346018473
16225683	0.43308101585212
16225683	0.434209448947842
16225683	0.433723298993074
16225683	0.433240654927402
16225683	0.432761483121195
16225683	0.433880646678829
16225683	0.434991797132232
16225683	0.43450770920938
16225683	0.434027070844173
16225683	0.435129628170346
16225683	0.433072277682543
16225683	0.431029483919889
16225683	0.432138364779874
16225683	0.430109546165884
16225683	0.43121754204645
16225683	0.43231777160075
16225683	0.433410307242083
16225683	0.434495220541732
16225683	0.435572582240688
16225683	0.436642462261178
16225683	0.437704929718017
16225683	0.43722395461947
16225683	0.438278863640376
16225683	0.436268410137439
16225683	0.437322864400731
16225683	0.435325956344106
16225683	0.434861297469342
16225683	0.435914958238421
