39711117	0
39711117	0
39711117	0
39711117	0
39711117	0
39711117	0
39711117	0
39711117	0
39711117	0
39711117	0
39711117	0
39711117	0
39711117	0
39711117	0
39711117	0
39711117	0
39711117	0
39711117	0.0701754385964912
39711117	0.0964912280701754
39711117	0.150793650793651
39711117	0.167388167388167
39711117	0.152832674571805
39711117	0.140096618357488
39711117	0.155555555555556
39711117	0.143589743589744
39711117	0.157644824311491
39711117	0.146384479717813
39711117	0.136288998357964
39711117	0.1272030651341
39711117	0.118996415770609
39711117	0.111559139784946
39711117	0.10479797979798
39711117	0.0986333927510398
39711117	0.0929971988795518
39711117	0.0878306878306879
39711117	0.0830830830830831
39711117	0.078710289236605
39711117	0.0746738641475484
39711117	0.070940170940171
39711117	0.067479674796748
39711117	0.0642663569492838
39711117	0.0612772240679218
39711117	0.058491895701198
39711117	0.0558922558922559
39711117	0.0534621578099839
39711117	0.0511871723712612
39711117	0.0490543735224586
39711117	0.0470521541950113
39711117	0.0451700680272109
39711117	0.0433986928104575
39711117	0.0417295123177476
39711117	0.0401548137397194
39711117	0.0386675984160261
39711117	0.0372615039281706
39711117	0.0359307359307359
39711117	0.0346700083542189
39711117	0.0334744908247631
39711117	0.0323397623222287
39711117	0.0423728813559322
39711117	0.0409836065573771
39711117	0.0504142429049885
39711117	0.0488137907492746
39711117	0.0472883597883598
39711117	0.0560897435897436
39711117	0.0543900543900544
39711117	0.0627167194331374
39711117	0.0608721100380451
39711117	0.0591077010514351
39711117	0.0574189095928226
39711117	0.0558014755197854
39711117	0.0542514345331247
39711117	0.0527650938609843
39711117	0.0513390102431198
39711117	0.04996996996997
39711117	0.0486549707602339
39711117	0.0473912052859421
39711117	0.0461760461760462
39711117	0.0450070323488045
39711117	0.0438818565400844
39711117	0.042798353909465
39711117	0.0417544916189903
39711117	0.0407483592908218
39711117	0.039778160260088
39711117	0.0388422035480859
39711117	0.0456908344733242
39711117	0.0446404704624432
39711117	0.0512016718913271
39711117	0.0500510725229827
39711117	0.0489388264669164
39711117	0.0478632478632479
39711117	0.0468227424749164
39711117	0.0458158017765311
39711117	0.0448409974834134
39711117	0.0509145203434117
39711117	0.0567982456140351
39711117	0.069372852233677
39711117	0.0679570797391122
39711117	0.073318216175359
39711117	0.0785185185185185
39711117	0.076963696369637
39711117	0.0754546042839578
39711117	0.0739894663366965
39711117	0.0725665919840677
39711117	0.0711843711843712
39711117	0.0698412698412698
39711117	0.0685358255451714
39711117	0.0672666435906311
39711117	0.0660323932495186
39711117	0.0648318042813456
39711117	0.0696696696696697
39711117	0.0743779493779494
39711117	0.0789612305099031
39711117	0.0834238989804896
39711117	0.0819730485634376
39711117	0.0863068465767117
39711117	0.0848315158659986
39711117	0.0833936935631851
39711117	0.0875943597778094
39711117	0.0916900093370682
39711117	0.0956841138659321
39711117	0.094115521835343
39711117	0.0925851881469634
39711117	0.0910918786607221
39711117	0.0896344086021506
39711117	0.0882116402116402
39711117	0.0868224805232679
39711117	0.0854658792650919
39711117	0.084140826873385
39711117	0.0828463526137945
39711117	0.0866705813270699
39711117	0.0853573907009022
39711117	0.089086352244247
39711117	0.0927318295739348
39711117	0.091358024691358
39711117	0.0998184458968773
39711117	0.0983612423071419
39711117	0.10176663493071
39711117	0.10030236680221
39711117	0.0988694758478931
39711117	0.106923336710571
39711117	0.10541737422169
39711117	0.108605010013461
39711117	0.107096607096607
39711117	0.11021711366539
39711117	0.108707290190521
39711117	0.11176342683192
39711117	0.11025311025311
39711117	0.113247475663583
39711117	0.120626398210291
39711117	0.119028697571744
39711117	0.126234460322993
39711117	0.12458433665864
39711117	0.122966358260476
39711117	0.129981846110878
39711117	0.12831541218638
39711117	0.13517338995046
39711117	0.133462334381467
39711117	0.131783562879813
39711117	0.130136268343816
39711117	0.12851966873706
39711117	0.131048232497508
39711117	0.133530258274635
39711117	0.135966881141204
39711117	0.134318797733432
39711117	0.136716563222587
39711117	0.135079239112137
39711117	0.137439406900485
39711117	0.139757678219217
39711117	0.138113470240167
39711117	0.140396743492719
39711117	0.138764223219548
39711117	0.141013577093695
39711117	0.139392731379975
39711117	0.137799671592775
39711117	0.136233766233766
39711117	0.134694401643554
39711117	0.136926299752428
39711117	0.135396396961898
39711117	0.137595696254914
39711117	0.136075301821158
39711117	0.134579968834113
39711117	0.133109149502592
39711117	0.135285499326839
39711117	0.133822953388171
39711117	0.135968226290807
39711117	0.134514020662028
39711117	0.133083020442219
39711117	0.131674734511614
39711117	0.13028868467465
39711117	0.128924405253973
39711117	0.127581442699244
39711117	0.129713586643638
39711117	0.128376333173086
39711117	0.130478456251652
39711117	0.129147043432758
39711117	0.127835905935979
39711117	0.126544634158847
39711117	0.125272828790417
39711117	0.124020100502513
39711117	0.122786069651741
39711117	0.121570365991823
39711117	0.120372628395845
39711117	0.119192504588042
39711117	0.118029650884744
39711117	0.116883731944116
39711117	0.115754420524366
39711117	0.114641397250093
39711117	0.113544350386456
39711117	0.11246297562087
39711117	0.111396975851952
39711117	0.110346060985424
39711117	0.109309947736735
39711117	0.10828835944013
39711117	0.107281025863943
39711117	0.106287683031869
39711117	0.105308073050009
39711117	0.104341943939458
39711117	0.103389049474257
39711117	0.102449149024492
39711117	0.10152200740436
39711117	0.100607394725042
39711117	0.0997050862521715
39711117	0.0988148622677771
39711117	0.097936507936508
39711117	0.0970698131760079
39711117	0.0962145725312853
39711117	0.0953705850529408
39711117	0.0945376541791159
39711117	0.0937155876210367
39711117	0.0929041972520234
39711117	0.0921032989998507
39711117	0.0913127127423413
39711117	0.090532262206082
39711117	0.0897617748681579
39711117	0.0890010818608006
39711117	0.0882500178788529
39711117	0.087508421089955
39711117	0.0867761330473612
39711117	0.0860529986052999
39711117	0.0853388658367912
39711117	0.0846335859538425
39711117	0.0839370132299425
39711117	0.0832490049247791
39711117	0.0825694212111074
39711117	0.0818981251037
