32239198	0.333333333333333
32239198	0.111111111111111
32239198	0.0555555555555556
32239198	0.166666666666667
32239198	0.333333333333333
32239198	0.428571428571429
32239198	0.404761904761905
32239198	0.388888888888889
32239198	0.444444444444445
32239198	0.545454545454546
32239198	0.454545454545455
32239198	0.435897435897436
32239198	0.421245421245421
32239198	0.40952380952381
32239198	0.358333333333333
32239198	0.316176470588235
32239198	0.318082788671024
32239198	0.354775828460039
32239198	0.319298245614035
32239198	0.288888888888889
32239198	0.262626262626263
32239198	0.239789196310935
32239198	0.219806763285024
32239198	0.202222222222222
32239198	0.186666666666667
32239198	0.197530864197531
32239198	0.254850088183422
32239198	0.260262725779967
32239198	0.265134099616858
32239198	0.248028673835126
32239198	0.23252688172043
32239198	0.258838383838384
32239198	0.282828282828283
32239198	0.266666666666667
32239198	0.288888888888889
32239198	0.309309309309309
32239198	0.29302987197724
32239198	0.295096716149348
32239198	0.297008547008547
32239198	0.315040650406504
32239198	0.347657762291909
32239198	0.346991509782208
32239198	0.361522198731501
32239198	0.36026936026936
32239198	0.359098228663446
32239198	0.35800185013876
32239198	0.356973995271868
32239198	0.369614512471655
32239198	0.381496598639456
32239198	0.379607843137255
32239198	0.403469079939668
32239198	0.388243831640058
32239198	0.373864430468204
32239198	0.36026936026936
32239198	0.371212121212121
32239198	0.381578947368421
32239198	0.379915305505142
32239198	0.378336255601013
32239198	0.376836158192091
32239198	0.375409836065574
32239198	0.384805217697867
32239198	0.383171189622803
32239198	0.392030423280423
32239198	0.400480769230769
32239198	0.398445998445999
32239198	0.386552088044625
32239198	0.384986830553117
32239198	0.383489627735152
32239198	0.391580400276053
32239198	0.408718980549966
32239198	0.415884194053208
32239198	0.413622526636225
32239198	0.420461557447859
32239198	0.427027027027027
32239198	0.433333333333333
32239198	0.430735930735931
32239198	0.41969141969142
32239198	0.434382776154928
32239198	0.431856540084388
32239198	0.445884773662552
32239198	0.443139616581351
32239198	0.440493682045254
32239198	0.453815261044177
32239198	0.443137254901961
32239198	0.448335613315093
32239198	0.461017553238884
32239198	0.458115639150122
32239198	0.447820905686074
32239198	0.437869330004162
32239198	0.435571835571836
32239198	0.433349259436216
32239198	0.424029920523609
32239198	0.4291924044841
32239198	0.427174318775663
32239198	0.432163742690059
32239198	0.443871706758305
32239198	0.455221263763237
32239198	0.446024874596303
32239198	0.437104377104377
32239198	0.435049504950495
32239198	0.433055070212904
32239198	0.42464623389809
32239198	0.422890216579537
32239198	0.421184371184371
32239198	0.413237496256364
32239198	0.411743960500794
32239198	0.410291911849544
32239198	0.402763619889002
32239198	0.395440644981929
32239198	0.406333606333606
32239198	0.410982410982411
32239198	0.421407501053519
32239198	0.425710293432697
32239198	0.435697940503433
32239198	0.433933033483258
32239198	0.432213380489243
32239198	0.436187165000724
32239198	0.434458529174382
32239198	0.427217553688142
32239198	0.425665748393021
32239198	0.424152102244502
32239198	0.417255320094185
32239198	0.415901739662558
32239198	0.409247311827957
32239198	0.408042328042328
32239198	0.417364496104654
32239198	0.416051509186352
32239198	0.419937015503876
32239198	0.413476446034586
32239198	0.412252887062047
32239198	0.411057136247976
32239198	0.414900888585099
32239198	0.418658586765421
32239198	0.422332780541736
32239198	0.416122004357299
32239198	0.419779590668384
32239198	0.423357664233577
32239198	0.422062350119904
32239198	0.420794792737239
32239198	0.419554204660588
32239198	0.427729497552692
32239198	0.435733280803703
32239198	0.434311059311059
32239198	0.432918263090677
32239198	0.431554085970713
32239198	0.434752896592427
32239198	0.437886866458295
32239198	0.432009190398452
32239198	0.435137956748695
32239198	0.433789551140545
32239198	0.432467758800976
32239198	0.435529182433207
32239198	0.434201963613728
32239198	0.432900432900433
32239198	0.431623931623932
32239198	0.438864391093691
32239198	0.437528554919509
32239198	0.436217923201444
32239198	0.434931865828092
32239198	0.437810559006211
32239198	0.436520716713953
32239198	0.435254613850388
32239198	0.438076712055464
32239198	0.440847499384085
32239198	0.439552147985883
32239198	0.438280066373278
32239198	0.440998954472008
32239198	0.435780031933878
32239198	0.442417913911127
32239198	0.441142070863433
32239198	0.439888480892153
32239198	0.4463637585697
32239198	0.448895975904148
32239198	0.447575259989053
32239198	0.450064935064935
32239198	0.448745933915425
32239198	0.443703844770308
32239198	0.442470654698387
32239198	0.444961721498034
32239198	0.440045017393084
32239198	0.438872361524295
32239198	0.437718929522208
32239198	0.436584303476677
32239198	0.431864473168821
32239198	0.434389227937615
32239198	0.440438541007801
32239198	0.446391322486441
32239198	0.445194941648842
32239198	0.447526222964819
32239198	0.442840084504455
32239198	0.438227166957534
32239198	0.437140184225676
32239198	0.439506436621975
32239198	0.438417481716451
32239198	0.440746555032269
32239198	0.44642425498118
32239198	0.445281922439283
32239198	0.444156810990982
32239198	0.446381909547739
32239198	0.445257048092869
32239198	0.444148892501191
32239198	0.439773041343543
32239198	0.441997488650633
32239198	0.440937350549976
32239198	0.443128897308391
32239198	0.442068070603318
32239198	0.441022544283414
32239198	0.439992025518341
32239198	0.438976228449913
32239198	0.434815316331904
32239198	0.440147247309905
32239198	0.442274190214663
32239198	0.438140786567797
32239198	0.440266608708252
32239198	0.4423629055412
32239198	0.441358024691358
32239198	0.440366972477064
32239198	0.436345356290059
32239198	0.435408883354089
32239198	0.437501713972302
32239198	0.436563260092672
32239198	0.441616504396773
32239198	0.443625880845612
32239198	0.445608465608466
32239198	0.447564732874467
32239198	0.446558288825647
32239198	0.448489064069866
32239198	0.44748333716387
32239198	0.449389279159547
32239198	0.44838446577577
32239198	0.450266208886899
32239198	0.449262493216911
32239198	0.448271645696538
32239198	0.450130326726072
32239198	0.449140521697319
32239198	0.445350306324346
32239198	0.447210107671761
32239198	0.449046564232388
32239198	0.445304509530451
32239198	0.444375288151222
32239198	0.446212406981928
32239198	0.442539876883311
32239198	0.444376981717601
32239198	0.443470502955281
32239198	0.447995133012555
32239198	0.444367642056987
32239198	0.44347220408341
32239198	0.442587554519152
32239198	0.441713520749665
32239198	0.443505976095618
32239198	0.439986087396446
32239198	0.441778028734551
32239198	0.443548805411181
32239198	0.442684370336061
32239198	0.441830065359477
32239198	0.438391699092088
32239198	0.434993313827809
32239198	0.436782297247414
32239198	0.433422433422433
32239198	0.435209745554573
32239198	0.431887533756447
32239198	0.431138072156271
32239198	0.435447632215693
32239198	0.432161234991424
32239198	0.436430699389985
32239198	0.438155313377076
32239198	0.43737305979466
32239198	0.436599530229891
32239198	0.435834595438065
32239198	0.437538153159309
32239198	0.436771941248824
32239198	0.438456151691446
32239198	0.440121921873747
32239198	0.439345277593453
32239198	0.436161616161616
32239198	0.435419173686322
32239198	0.43948090624973
32239198	0.441109478008991
32239198	0.442720600785117
32239198	0.44431452296221
32239198	0.445891488520397
32239198	0.449807449732267
32239198	0.446639791635561
32239198	0.445844658594844
32239198	0.442726863779495
32239198	0.441964539525515
32239198	0.441210156149181
32239198	0.440463603742151
32239198	0.442023624865768
32239198	0.44127661255283
32239198	0.442820380046761
32239198	0.444348341047579
32239198	0.441325563217323
32239198	0.445113186517545
32239198	0.446610169491525
32239198	0.445847362514029
32239198	0.445092234801407
32239198	0.448803992428154
32239198	0.448034188034188
32239198	0.445057216685124
32239198	0.444317323417893
32239198	0.445784975848578
32239198	0.445045162410978
32239198	0.444312625826862
32239198	0.445765920211436
32239198	0.447205013022219
32239198	0.448630088695235
32239198	0.452198825985234
32239198	0.449281414204684
32239198	0.450679390104761
32239198	0.449927171792124
32239198	0.45131208869228
32239198	0.448437489401247
32239198	0.449823071479123
32239198	0.446976090014065
32239198	0.446259101012925
32239198	0.449741748176365
32239198	0.449011914854465
32239198	0.448288923719958
32239198	0.449649532710281
32239198	0.446856678469844
32239198	0.45028171451647
32239198	0.447502197760196
32239198	0.446799620132954
32239198	0.446103507943999
32239198	0.445413782105401
32239198	0.44473036473484
32239198	0.444053179133615
32239198	0.441361947744926
32239198	0.440709206872349
32239198	0.444078428517696
32239198	0.445415294812885
32239198	0.442748137358916
32239198	0.442094914648315
32239198	0.443431651267472
32239198	0.442778248787151
32239198	0.442130645737128
32239198	0.443455342025798
32239198	0.442807565504078
32239198	0.442165487896038
32239198	0.44347836028651
32239198	0.440892480634693
32239198	0.442205121251158
32239198	0.439641613301876
32239198	0.437100332300131
32239198	0.440344710788315
32239198	0.443561120496428
32239198	0.442929442633029
32239198	0.442303179151317
32239198	0.441682268348935
32239198	0.439172710006043
32239198	0.44046162760752
32239198	0.439856383007101
32239198	0.439256253149784
32239198	0.436788521390515
32239198	0.436208940505041
32239198	0.435634216442629
32239198	0.436921305301816
32239198	0.43819766842051
32239198	0.43946342464348
32239198	0.442560311800146
32239198	0.441958510265894
32239198	0.441361668634396
32239198	0.442596216568819
32239198	0.440177658008334
32239198	0.437778869681313
32239198	0.437211230896813
32239198	0.438454891795295
32239198	0.439688468956762
32239198	0.439115125907579
32239198	0.442130635983344
32239198	0.439759962331959
32239198	0.44275589836227
32239198	0.44395008912656
32239198	0.44513475177305
32239198	0.446309987395827
32239198	0.445712227321423
32239198	0.446878213808733
32239198	0.449789381104476
32239198	0.452677625823088
32239198	0.455543187991554
32239198	0.453164372388464
32239198	0.450804141282274
32239198	0.453657106782107
32239198	0.454760783258193
32239198	0.452410598331794
32239198	0.45179679799675
32239198	0.449473935282114
32239198	0.448878342451607
32239198	0.449992349225086
32239198	0.452798510708631
32239198	0.45558325111215
32239198	0.456654740531208
32239198	0.456030328342865
32239198	0.455410646549887
32239198	0.454795647490862
32239198	0.454185284103135
32239198	0.45525035368992
32239198	0.456307435254804
32239198	0.454031587697423
32239198	0.451772724077038
32239198	0.452839195256143
32239198	0.453897747094809
32239198	0.454948457808744
32239198	0.452707332400819
32239198	0.452120727982797
32239198	0.451538436832555
32239198	0.449330424916503
32239198	0.450390601705528
32239198	0.451443039977845
32239198	0.452487814864684
32239198	0.453525000587696
32239198	0.451334058555871
32239198	0.452371806064839
32239198	0.453402069817733
32239198	0.456023642624362
32239198	0.457031503983416
32239198	0.458032149151355
32239198	0.460612948441111
32239198	0.461591825962372
32239198	0.460983965807732
32239198	0.46353250497649
32239198	0.466063012028488
32239198	0.465438401775805
32239198	0.464818190186873
32239198	0.464202336056411
32239198	0.465148431059263
32239198	0.462979906905141
32239198	0.462376899586202
32239198	0.463324879943884
32239198	0.465809486981181
32239198	0.463657942006672
32239198	0.463057367773154
32239198	0.462460935430902
32239198	0.460339554993146
32239198	0.461283843833757
32239198	0.462221664942583
32239198	0.461634474365775
32239198	0.461051287361082
32239198	0.461983783412355
32239198	0.459893359053023
32239198	0.457817091066328
32239198	0.457256353418882
32239198	0.456699396025239
32239198	0.456146184981777
32239198	0.454105262453895
32239198	0.453566102056035
32239198	0.454515325060982
32239198	0.453976738431082
32239198	0.451963537817196
32239198	0.451438625407976
32239198	0.449445518894033
32239198	0.447465582687452
32239198	0.445498701005309
32239198	0.443544759334233
32239198	0.443062433618693
32239198	0.442583267241901
32239198	0.443559665496475
32239198	0.443080420574027
32239198	0.444050425980069
32239198	0.443571131206706
32239198	0.444534826824244
32239198	0.445492291651151
32239198	0.445009887529354
32239198	0.445961204178012
32239198	0.444051306087314
32239198	0.443578152357596
32239198	0.443108025197578
32239198	0.442640898849219
32239198	0.443592175994941
32239198	0.444537406887617
32239198	0.445476642658353
32239198	0.445003464137995
32239198	0.444533274113554
32239198	0.44406604747162
32239198	0.443601759362026
32239198	0.444535085334012
32239198	0.44546256584062
32239198	0.446384249594062
32239198	0.447300184800185
32239198	0.445444167435869
32239198	0.444979940379544
32239198	0.44451859076365
32239198	0.442685524409986
32239198	0.440863773280726
32239198	0.439053244437684
32239198	0.438619966113486
32239198	0.438189345938516
32239198	0.43640081799591
