6261389	0.666666666666667
6261389	0.444444444444444
6261389	0.388888888888889
6261389	0.5
6261389	0.555555555555556
6261389	0.396825396825397
6261389	0.380952380952381
6261389	0.37037037037037
6261389	0.362962962962963
6261389	0.296969696969697
6261389	0.303030303030303
6261389	0.307692307692308
6261389	0.311355311355311
6261389	0.314285714285714
6261389	0.316666666666667
6261389	0.357843137254902
6261389	0.392156862745098
6261389	0.350877192982456
6261389	0.315789473684211
6261389	0.349206349206349
6261389	0.347763347763348
6261389	0.404479578392622
6261389	0.454106280193237
6261389	0.497777777777778
6261389	0.45948717948718
6261389	0.474833808167142
6261389	0.440917107583774
6261389	0.456486042692939
6261389	0.426053639846743
6261389	0.398566308243728
6261389	0.373655913978495
6261389	0.411616161616162
6261389	0.426619132501486
6261389	0.459383753501401
6261389	0.452380952380952
6261389	0.445945945945946
6261389	0.422475106685633
6261389	0.40080971659919
6261389	0.414102564102564
6261389	0.426422764227642
6261389	0.40611691831204
6261389	0.433739387227759
6261389	0.444326990838619
6261389	0.424579124579125
6261389	0.42061191626409
6261389	0.431082331174838
6261389	0.427009456264775
6261389	0.450396825396826
6261389	0.432380952380952
6261389	0.454640522875817
6261389	0.475615887380593
6261389	0.457668118045477
6261389	0.440717447006755
6261389	0.424691358024691
6261389	0.40952380952381
6261389	0.39515455304929
6261389	0.381528533978625
6261389	0.368595363335282
6261389	0.356308851224106
6261389	0.344626593806922
6261389	0.333509606909924
6261389	0.322922000341355
6261389	0.312830687830688
6261389	0.303205128205128
6261389	0.314219114219114
6261389	0.324739936680235
6261389	0.315188762071993
6261389	0.335038363171356
6261389	0.354037267080745
6261389	0.344064386317907
6261389	0.362284820031299
6261389	0.370624048706241
6261389	0.378625200543009
6261389	0.377417417417417
6261389	0.367485380116959
6261389	0.357940305308726
6261389	0.357309357309357
6261389	0.356702369360597
6261389	0.347784810126582
6261389	0.339197530864198
6261389	0.330924420355315
6261389	0.322950337937114
6261389	0.339070567986231
6261389	0.354621848739496
6261389	0.346374829001368
6261389	0.33841218925421
6261389	0.353448275862069
6261389	0.367977528089888
6261389	0.35980024968789
6261389	0.351892551892552
6261389	0.35873546743112
6261389	0.365357643758766
6261389	0.357584076870281
6261389	0.350055991041433
6261389	0.342763157894737
6261389	0.33569587628866
6261389	0.349253103303177
6261389	0.362399505256648
6261389	0.355151515151515
6261389	0.348118811881188
6261389	0.360900795961949
6261389	0.373310489244241
6261389	0.36613144137416
6261389	0.378205128205128
6261389	0.371069182389937
6261389	0.364133309821901
6261389	0.375908618899273
6261389	0.36901121304791
6261389	0.368362524325827
6261389	0.367731367731368
6261389	0.361164736164736
6261389	0.36657184997893
6261389	0.36014076489158
6261389	0.365471650139842
6261389	0.359170414792604
6261389	0.370124766676491
6261389	0.380800618088754
6261389	0.391207330389783
6261389	0.390242763772176
6261389	0.389302112029385
6261389	0.399313552815788
6261389	0.392820649517971
6261389	0.386484832590261
6261389	0.380301075268817
6261389	0.37426455026455
6261389	0.368370620339124
6261389	0.373031496062992
6261389	0.377583979328165
6261389	0.371774995030809
6261389	0.38136621648072
6261389	0.390739455624952
6261389	0.394888736994
6261389	0.403920248382149
6261389	0.402874516307352
6261389	0.406753812636166
6261389	0.410548160870188
6261389	0.414260023273035
6261389	0.408299447398603
6261389	0.402466598150051
6261389	0.401485984464708
6261389	0.405220923650651
6261389	0.408877507469057
6261389	0.417087542087542
6261389	0.415932311621967
6261389	0.414800818768698
6261389	0.418227564998602
6261389	0.421584850156279
6261389	0.42040026603785
6261389	0.41923937360179
6261389	0.422516556291391
6261389	0.421343092831416
6261389	0.420192638458892
6261389	0.423393599864188
6261389	0.426532607177769
6261389	0.429611248966088
6261389	0.42838477870325
6261389	0.427181595850466
6261389	0.430193986678343
6261389	0.433149895178197
6261389	0.436050724637681
6261389	0.438897835033101
6261389	0.433512585523492
6261389	0.432290887326051
6261389	0.431091401823109
6261389	0.425897529511987
6261389	0.420796960296275
6261389	0.4157874726737
6261389	0.410866910866911
6261389	0.406033182503771
6261389	0.405182891870198
6261389	0.404347431887212
6261389	0.411233588744007
6261389	0.414169601133923
6261389	0.40943623426382
6261389	0.40478354978355
6261389	0.403976202705016
6261389	0.406927780951776
6261389	0.413554286192539
6261389	0.420070349679288
6261389	0.419111929609167
6261389	0.421832311335074
6261389	0.4208651093897
6261389	0.416290488635464
6261389	0.411790050920486
6261389	0.41453065969195
6261389	0.413662239089184
6261389	0.412807676261994
6261389	0.415494014784795
6261389	0.411120393576534
6261389	0.410305869385506
6261389	0.409504072134962
6261389	0.40526050662061
6261389	0.401082563253387
6261389	0.400387699356772
6261389	0.396302110587825
6261389	0.395662833661383
6261389	0.391666239381975
6261389	0.391079979019678
6261389	0.390502512562814
6261389	0.396567164179105
6261389	0.402541746711985
6261389	0.39857581817295
6261389	0.394668212112431
6261389	0.390817790530847
6261389	0.39349593495935
6261389	0.396135265700483
6261389	0.392326272761055
6261389	0.391761747024905
6261389	0.394379889116731
6261389	0.39696080643948
