39531594	0.666666666666667
39531594	0.444444444444444
39531594	0.555555555555556
39531594	0.733333333333333
39531594	0.6
39531594	0.714285714285714
39531594	0.535714285714286
39531594	0.416666666666667
39531594	0.333333333333333
39531594	0.272727272727273
39531594	0.227272727272727
39531594	0.243589743589744
39531594	0.208791208791209
39531594	0.314285714285714
39531594	0.316666666666667
39531594	0.279411764705882
39531594	0.359477124183007
39531594	0.391812865497076
39531594	0.385964912280702
39531594	0.349206349206349
39531594	0.347763347763348
39531594	0.346508563899868
39531594	0.373188405797102
39531594	0.396666666666667
