48365873	0.333333333333333
48365873	0.111111111111111
48365873	0.222222222222222
48365873	0.266666666666667
48365873	0.288888888888889
48365873	0.301587301587302
48365873	0.30952380952381
48365873	0.240740740740741
48365873	0.259259259259259
48365873	0.272727272727273
48365873	0.338383838383838
48365873	0.337606837606838
48365873	0.336996336996337
48365873	0.292063492063492
48365873	0.255555555555556
48365873	0.303921568627451
48365873	0.30718954248366
48365873	0.274853801169591
48365873	0.280701754385965
48365873	0.253968253968254
48365873	0.261183261183261
48365873	0.296442687747036
48365873	0.29951690821256
48365873	0.302222222222222
48365873	0.33025641025641
48365873	0.305792972459639
48365873	0.307760141093474
48365873	0.30952380952381
48365873	0.288888888888889
48365873	0.291756272401434
48365873	0.294354838709677
48365873	0.296717171717172
48365873	0.298871063576946
48365873	0.281792717086835
48365873	0.266137566137566
48365873	0.251751751751752
48365873	0.238501659554291
48365873	0.226270805218174
48365873	0.214957264957265
48365873	0.220731707317073
48365873	0.226093689508324
48365873	0.215577703949797
48365873	0.205778717406624
48365873	0.196632996632997
48365873	0.188083735909823
48365873	0.208448967005859
48365873	0.227541371158392
48365873	0.231859410430839
48365873	0.235918367346939
48365873	0.226666666666667
48365873	0.256410256410256
48365873	0.284470246734398
48365873	0.273934311670161
48365873	0.263973063973064
48365873	0.254545454545455
48365873	0.245614035087719
48365873	0.237144585601936
48365873	0.229105786090006
48365873	0.221468926553672
48365873	0.225136612021858
48365873	0.2393795170104
48365873	0.242362177846049
48365873	0.245205026455026
48365873	0.247916666666667
48365873	0.250505050505051
48365873	0.252977536559626
48365873	0.274948785484343
48365873	0.286302926967889
48365873	0.287646652864044
48365873	0.279543930248156
48365873	0.290297339593114
48365873	0.309741248097413
48365873	0.301369863013699
48365873	0.302222222222222
48365873	0.294269005847953
48365873	0.295283663704716
48365873	0.287712287712288
48365873	0.297306069457968
48365873	0.298206751054852
48365873	0.299074074074074
48365873	0.299909665763324
48365873	0.300715055343325
48365873	0.301491681009753
48365873	0.302240896358543
48365873	0.295212038303694
48365873	0.29608838991357
48365873	0.289359108324626
48365873	0.290347293156282
48365873	0.29130253849355
48365873	0.292226292226292
48365873	0.285873546743112
48365873	0.279725728533583
48365873	0.273774117288187
48365873	0.275027995520717
48365873	0.27624269005848
48365873	0.270546964490264
48365873	0.271828318956449
48365873	0.266336837765409
48365873	0.261010101010101
48365873	0.255841584158416
48365873	0.250825082508251
48365873	0.245954692556634
48365873	0.241224794622853
48365873	0.242979242979243
48365873	0.244684037136867
48365873	0.246341033327456
48365873	0.247952001846083
48365873	0.255634839732699
48365873	0.257047539616347
48365873	0.258422058422058
48365873	0.265712140712141
48365873	0.266908975979773
48365873	0.268074315582467
48365873	0.263412153572337
48365873	0.258870564717641
48365873	0.25444542685922
48365873	0.250132792505674
48365873	0.251531120922945
48365873	0.258450046685341
48365873	0.265197428833793
48365873	0.271778891749086
48365873	0.272779776978098
48365873	0.273756447241892
48365873	0.280043010752688
48365873	0.286179894179894
48365873	0.292171811856851
48365873	0.287606627296588
48365873	0.288315568475452
48365873	0.283879944345061
48365873	0.289724016441574
48365873	0.290384763667206
48365873	0.296043138148401
48365873	0.301574832603898
48365873	0.302045328911001
48365873	0.307407407407407
48365873	0.312652068126521
48365873	0.312951796607779
48365873	0.318041219198554
48365873	0.323021582733813
48365873	0.323167848699764
48365873	0.323311024539673
48365873	0.323451196690633
48365873	0.323588448588449
48365873	0.319125159642401
48365873	0.319319792158715
48365873	0.31951045258286
48365873	0.319697248268677
48365873	0.315406010036883
48365873	0.320089485458613
48365873	0.329094922737307
48365873	0.329150691297781
48365873	0.329205366357069
48365873	0.3292589763178
48365873	0.333612623935205
48365873	0.329335539012958
48365873	0.329386466329142
48365873	0.333655835953667
48365873	0.333651779316933
48365873	0.333647798742138
48365873	0.337784679089027
48365873	0.341844950540603
48365873	0.349920472619859
48365873	0.349718190433438
48365873	0.353559990145356
48365873	0.361348423999026
48365873	0.365004929899238
48365873	0.368596141051231
48365873	0.376068376068376
48365873	0.37948717948718
48365873	0.378947368421053
48365873	0.374541003671971
48365873	0.370211049872295
48365873	0.365955750448475
48365873	0.365582922824302
48365873	0.36521645021645
48365873	0.361089710665982
48365873	0.36077784125775
48365873	0.356746803925261
48365873	0.352782950548314
48365873	0.348884796398609
48365873	0.352376904863093
48365873	0.355811765647831
48365873	0.359190623267601
48365873	0.366118292205249
48365873	0.369349995156447
48365873	0.372529852605754
48365873	0.379205066939735
48365873	0.382246988629967
48365873	0.385240879977722
48365873	0.384697345457886
48365873	0.384162303664922
48365873	0.387089810017271
48365873	0.386535619535993
48365873	0.389408758480923
48365873	0.385435199720914
48365873	0.384906246762665
48365873	0.384385308243176
48365873	0.380522139316109
48365873	0.380050251256281
48365873	0.376268656716418
48365873	0.375843554504704
48365873	0.372140662342096
48365873	0.371760198332207
48365873	0.36813326956799
48365873	0.364559160154708
48365873	0.361036849428576
48365873	0.36397559767125
48365873	0.363682370261318
48365873	0.363393331814384
48365873	0.36310840291883
48365873	0.362827506035947
48365873	0.365680455901025
48365873	0.362262881546809
48365873	0.361993769470405
48365873	0.361728395061728
48365873	0.361466689423679
48365873	0.361208585239364
48365873	0.357909876698365
48365873	0.360716756607168
48365873	0.357452351569999
48365873	0.357235063117416
48365873	0.357020697827873
48365873	0.359785393978219
48365873	0.356587301587302
48365873	0.359331366764995
48365873	0.362039166764129
48365873	0.364711337815906
48365873	0.361526085957251
48365873	0.361280931586609
48365873	0.361038961038961
48365873	0.357926556202418
48365873	0.354854225247891
48365873	0.351821283151755
48365873	0.348827059465357
48365873	0.345870897944465
48365873	0.342952156189659
48365873	0.342871325745488
48365873	0.340002109630463
48365873	0.339946536494654
48365873	0.337125403411711
48365873	0.339848884926214
48365873	0.337051774762212
48365873	0.339753536171265
48365873	0.336980037916806
48365873	0.334240362811791
48365873	0.336932073774179
48365873	0.334214879630839
48365873	0.334207798937686
48365873	0.334200803212851
48365873	0.339505976095618
48365873	0.336811484221843
48365873	0.336783988957902
48365873	0.334132146525163
48365873	0.336740260408625
48365873	0.33671364379085
48365873	0.334093304150454
48365873	0.331503433575644
48365873	0.328943561501701
48365873	0.326413226413226
48365873	0.323911975636114
48365873	0.323983894397161
48365873	0.321520138546232
48365873	0.319084379920882
48365873	0.319191919191919
48365873	0.319298245614035
48365873	0.316906498455878
48365873	0.317029086775859
48365873	0.314671993193882
48365873	0.314810225343063
48365873	0.31494692724705
48365873	0.315082121409449
48365873	0.315215829921712
48365873	0.312914984447831
48365873	0.310639239106392
48365873	0.310803689064559
48365873	0.308559619107414
48365873	0.30633976573254
48365873	0.306533268009249
48365873	0.304343744666325
48365873	0.304550076258261
48365873	0.304754212833262
48365873	0.304956185416301
48365873	0.30515602448614
48365873	0.307692941273371
48365873	0.30787224471435
48365873	0.308049673903333
48365873	0.310540069686411
48365873	0.308391003460208
48365873	0.306264168953586
48365873	0.304159260575898
48365873	0.306642188014876
48365873	0.304549067277573
48365873	0.304744878611285
48365873	0.307198585648949
48365873	0.309627424034204
48365873	0.307542390875724
48365873	0.312189757379914
48365873	0.312331185981609
48365873	0.31469342251951
48365873	0.312602436323367
48365873	0.312739727032042
48365873	0.31287565842677
48365873	0.31081726593712
48365873	0.310964912280702
48365873	0.313289760348584
48365873	0.313420337371286
