28532628	1
28532628	0.777777777777778
28532628	0.555555555555556
28532628	0.466666666666667
28532628	0.644444444444445
28532628	0.555555555555556
28532628	0.5
28532628	0.388888888888889
28532628	0.311111111111111
28532628	0.375757575757576
28532628	0.424242424242424
28532628	0.41025641025641
28532628	0.399267399267399
28532628	0.39047619047619
28532628	0.383333333333333
28532628	0.377450980392157
28532628	0.335511982570806
28532628	0.335282651072125
28532628	0.301754385964912
28532628	0.304761904761905
28532628	0.337662337662338
28532628	0.366271409749671
28532628	0.335748792270531
28532628	0.335555555555556
28532628	0.30974358974359
28532628	0.286799620132953
28532628	0.290123456790123
28532628	0.270114942528736
28532628	0.274329501915709
28532628	0.278136200716846
28532628	0.260752688172043
28532628	0.265151515151515
28532628	0.249554367201426
28532628	0.254341736694678
28532628	0.24021164021164
28532628	0.227227227227227
28532628	0.215267899478426
28532628	0.204228520017994
28532628	0.194017094017094
28532628	0.184552845528455
28532628	0.175764614789005
28532628	0.167589516426726
28532628	0.175123326286117
28532628	0.182154882154882
28532628	0.203220611916264
28532628	0.194572926302806
28532628	0.200354609929078
28532628	0.219387755102041
28532628	0.223945578231293
28532628	0.228235294117647
28532628	0.245098039215686
28532628	0.248427672955975
28532628	0.251572327044025
28532628	0.254545454545455
28532628	0.281168831168831
28532628	0.271303258145363
28532628	0.26194797338173
28532628	0.253068381063706
28532628	0.244632768361582
28532628	0.236612021857924
28532628	0.228979375991539
28532628	0.221710189452125
28532628	0.214781746031746
28532628	0.218429487179487
28532628	0.221911421911422
28532628	0.215287200361827
28532628	0.218759145449225
28532628	0.212418300653595
28532628	0.215873015873016
28532628	0.219181757209926
28532628	0.231611893583725
28532628	0.243531202435312
28532628	0.245958287054178
28532628	0.248288288288288
28532628	0.241754385964912
28532628	0.235475051264525
28532628	0.229437229437229
28532628	0.223628691983122
28532628	0.218037974683544
28532628	0.220884773662551
28532628	0.215497340158587
