48580921	0.333333333333333
48580921	0.111111111111111
48580921	0.222222222222222
48580921	0.266666666666667
48580921	0.177777777777778
48580921	0.126984126984127
48580921	0.0952380952380953
48580921	0.0740740740740741
48580921	0.0592592592592593
48580921	0.109090909090909
48580921	0.146464646464647
48580921	0.123931623931624
48580921	0.106227106227106
48580921	0.0920634920634921
48580921	0.0805555555555556
48580921	0.071078431372549
48580921	0.0631808278867102
48580921	0.0565302144249513
48580921	0.0508771929824562
48580921	0.046031746031746
48580921	0.0418470418470419
48580921	0.0671936758893281
48580921	0.0893719806763285
48580921	0.0822222222222222
48580921	0.0758974358974359
48580921	0.070275403608737
48580921	0.0652557319223986
48580921	0.0607553366174056
48580921	0.0567049808429119
48580921	0.0530465949820789
48580921	0.0497311827956989
48580921	0.0871212121212122
48580921	0.121212121212121
48580921	0.114285714285714
48580921	0.107936507936508
48580921	0.102102102102102
48580921	0.0967283072546231
48580921	0.0917678812415655
48580921	0.0871794871794872
48580921	0.0829268292682927
48580921	0.0789779326364692
48580921	0.0753045404208195
48580921	0.0718816067653277
48580921	0.0686868686868687
48580921	0.0657004830917875
48580921	0.0629047178538391
48580921	0.0602836879432624
48580921	0.0578231292517007
48580921	0.0555102040816327
48580921	0.0664052287581699
48580921	0.0766716943187532
48580921	0.0737784228350266
48580921	0.0710458886559516
48580921	0.0684624017957351
48580921	0.066017316017316
48580921	0.0637009189640769
48580921	0.0615043355515225
48580921	0.0594194428209624
48580921	0.0574387947269303
48580921	0.0555555555555556
48580921	0.0537634408602151
48580921	0.0520566649598908
48580921	0.0504298941798942
48580921	0.0488782051282051
48580921	0.0473970473970474
48580921	0.0658827076737525
48580921	0.0835528241147205
48580921	0.0811310031258881
48580921	0.0978605935127674
48580921	0.113883299798793
48580921	0.110719874804382
48580921	0.107686453576865
48580921	0.104776008885598
48580921	0.101981981981982
48580921	0.0992982456140351
48580921	0.114035087719298
48580921	0.128205128205128
48580921	0.124959428756897
48580921	0.121835443037975
48580921	0.118827160493827
48580921	0.115928937067148
48580921	0.113135468704085
48580921	0.110441767068273
48580921	0.107843137254902
48580921	0.105335157318741
48580921	0.102913659449345
48580921	0.108150470219436
48580921	0.113210759278175
48580921	0.110694964627549
48580921	0.115588115588116
48580921	0.120321707278229
48580921	0.117734143680848
48580921	0.122321360481965
48580921	0.119746173945502
48580921	0.117251461988304
48580921	0.114833906071019
48580921	0.112490356967529
48580921	0.123685837971552
48580921	0.141212121212121
48580921	0.145016501650165
48580921	0.142173040833495
48580921	0.139412399263913
48580921	0.143141647996017
48580921	0.14041514041514
48580921	0.137765798143157
48580921	0.135190736495621
48580921	0.132687204338295
48580921	0.130252576735757
48580921	0.127884348067834
48580921	0.125580125580126
48580921	0.123337623337623
48580921	0.121154656552887
48580921	0.119029136262485
48580921	0.116959064327485
48580921	0.120689655172414
48580921	0.124324589841831
48580921	0.122217393403834
48580921	0.120163319565114
48580921	0.123716153127918
48580921	0.127180899908173
48580921	0.125095967122793
48580921	0.123061886356569
48580921	0.121077017221785
48580921	0.119139784946237
48580921	0.117248677248677
48580921	0.125900929050535
48580921	0.134350393700787
48580921	0.137435400516796
48580921	0.14044921486782
48580921	0.148483069093756
48580921	0.156334335723649
48580921	0.158995974785448
48580921	0.161598024913029
48580921	0.164142251704441
48580921	0.161728395061728
48580921	0.159367396593674
48580921	0.157057724179273
48580921	0.159594063879331
48580921	0.166837958204865
48580921	0.16919959473151
48580921	0.171511337528718
48580921	0.169112577563282
48580921	0.166763791763792
48580921	0.164463601532567
48580921	0.162210675484176
48580921	0.160003727518405
48580921	0.162346019488877
48580921	0.164641151218332
48580921	0.162445935868755
48580921	0.160294334069169
48580921	0.158185198094574
48580921	0.156117417727325
48580921	0.154089918795801
48580921	0.156402737047898
48580921	0.158671078025917
48580921	0.156649790407752
48580921	0.158886290951114
48580921	0.161080593371016
48580921	0.163233752620545
48580921	0.161206004140787
48580921	0.16333103289625
48580921	0.161326971142922
48580921	0.159359569055813
48580921	0.165508745996551
48580921	0.17154679323354
48580921	0.169492340619965
48580921	0.167474574660203
48580921	0.169437400206631
48580921	0.17136558765518
48580921	0.169361311776172
48580921	0.16739199419738
48580921	0.165456826634404
48580921	0.167386441653932
48580921	0.16928297755884
48580921	0.167359307359307
48580921	0.165468241739428
48580921	0.167354366364079
48580921	0.169208879961501
48580921	0.167328781295262
48580921	0.165479844485369
48580921	0.16366138465586
48580921	0.161872735643227
48580921	0.160113249386236
48580921	0.158382295338817
48580921	0.156679259905066
48580921	0.16213367067257
48580921	0.16750104297038
48580921	0.165728545161169
48580921	0.163984034159473
48580921	0.162266923854138
48580921	0.167521087841768
48580921	0.172693580886586
48580921	0.170913234691879
48580921	0.169160278438629
48580921	0.174236874236874
48580921	0.179236161469664
48580921	0.177425695192193
48580921	0.175642522376191
48580921	0.173886097152429
48580921	0.17547263681592
48580921	0.177035614009162
48580921	0.175291420767693
48580921	0.180108825139251
48580921	0.1783516658696
48580921	0.17662009629805
48580921	0.174913621937683
48580921	0.173231760188282
48580921	0.177953625322046
48580921	0.179433432065011
48580921	0.184051756563605
48580921	0.188604727413634
48580921	0.193093571913662
48580921	0.200634753484563
48580921	0.198768383684706
48580921	0.196927935687626
48580921	0.195112931672071
48580921	0.193322904775997
48580921	0.194601538826749
48580921	0.192832433928324
48580921	0.191087344028521
48580921	0.192368839427663
48580921	0.190643558356563
48580921	0.188941383728379
48580921	0.187261904761905
48580921	0.185604719764012
48580921	0.186906293451847
48580921	0.185266764561919
48580921	0.186559922367783
48580921	0.18493766217328
48580921	0.186222473178995
48580921	0.190364233467682
48580921	0.191591436041636
48580921	0.189953902400254
48580921	0.188337273443656
48580921	0.189566053612213
48580921	0.190779279601421
48580921	0.191977212826059
48580921	0.193160109231977
48580921	0.199883774988378
48580921	0.203757491931766
48580921	0.204828366654093
48580921	0.208629504925801
48580921	0.209651667453732
48580921	0.207940225270436
48580921	0.208959681433549
48580921	0.209966755538001
48580921	0.210961647294415
48580921	0.214621928574513
48580921	0.215571619812584
48580921	0.221822045152722
48580921	0.220061552730875
48580921	0.226227074053161
48580921	0.232319774257467
48580921	0.230497658380938
48580921	0.23390522875817
48580921	0.237273022049287
48580921	0.238017675625132
48580921	0.23617970129598
48580921	0.236927036927037
48580921	0.235111504077021
48580921	0.235861289033176
48580921	0.236602521309223
48580921	0.239860583016477
48580921	0.243081761006289
48580921	0.246266609921029
48580921	0.244421916213755
48580921	0.245085434251961
48580921	0.243263237714772
48580921	0.243930423608243
48580921	0.242130199079769
48580921	0.240349829968888
48580921	0.238589025353731
48580921	0.244146769694215
48580921	0.249643884096439
48580921	0.247834870443566
48580921	0.24604544899632
48580921	0.246673419387234
48580921	0.249684123668807
48580921	0.252662570404506
48580921	0.257981698017285
48580921	0.258516106778392
48580921	0.256689137825894
48580921	0.257228885681581
48580921	0.255423770694342
48580921	0.255968592810698
48580921	0.254184839550693
48580921	0.252419667053813
48580921	0.250672818146867
48580921	0.248944040090681
48580921	0.249524035233243
48580921	0.250098071521599
48580921	0.24839091744978
48580921	0.248968757013613
48580921	0.24728083323725
48580921	0.245610016796458
48580921	0.246200746200746
48580921	0.246785528664723
48580921	0.245134789342551
48580921	0.243500557413601
48580921	0.241882613510521
48580921	0.240280741897868
48580921	0.238694730400192
48580921	0.23931735278791
48580921	0.239933851020995
48580921	0.238365655916283
48580921	0.236812785193701
48580921	0.239604044164305
48580921	0.242368203533252
48580921	0.240804537704005
48580921	0.239255955467967
48580921	0.237722263445736
48580921	0.236203271347041
48580921	0.23469879191171
48580921	0.233208640851953
48580921	0.231732636795928
48580921	0.230270601232547
48580921	0.228822358457499
48580921	0.227387735520462
48580921	0.225966562173459
48580921	0.224558670820353
48580921	0.223163896467432
48580921	0.221782076675064
48580921	0.220413051510403
48580921	0.223159227603672
48580921	0.225880132137801
48580921	0.224498602277631
48580921	0.223129708361304
48580921	0.221773296760323
