40987283	0.333333333333333
40987283	0.333333333333333
40987283	0.333333333333333
40987283	0.333333333333333
40987283	0.222222222222222
40987283	0.444444444444444
40987283	0.416666666666667
40987283	0.324074074074074
40987283	0.325925925925926
40987283	0.266666666666667
40987283	0.222222222222222
40987283	0.239316239316239
40987283	0.205128205128205
40987283	0.266666666666667
40987283	0.233333333333333
40987283	0.284313725490196
40987283	0.252723311546841
40987283	0.226120857699805
40987283	0.236842105263158
40987283	0.277777777777778
40987283	0.313131313131313
40987283	0.285902503293808
40987283	0.345410628019324
40987283	0.317777777777778
40987283	0.293333333333333
40987283	0.320987654320988
40987283	0.321869488536155
40987283	0.299671592775041
40987283	0.279693486590038
40987283	0.326164874551971
40987283	0.368279569892473
40987283	0.345959595959596
40987283	0.364824717765894
40987283	0.363025210084034
40987283	0.398412698412698
40987283	0.376876876876877
40987283	0.374585111427217
40987283	0.406657669815565
40987283	0.386324786324786
40987283	0.4
40987283	0.380952380952381
40987283	0.409745293466224
40987283	0.391120507399577
40987283	0.388552188552189
40987283	0.371658615136876
40987283	0.355843354918286
40987283	0.354905437352246
40987283	0.340419501133787
40987283	0.326802721088435
40987283	0.313986928104575
40987283	0.301910507792861
40987283	0.290517658442187
40987283	0.27975774516655
40987283	0.281705948372615
40987283	0.271645021645022
40987283	0.262113617376775
40987283	0.253075216777576
40987283	0.244496395869862
40987283	0.236346516007533
40987283	0.261384335154827
40987283	0.285210646924026
40987283	0.27615634067247
40987283	0.267526455026455
40987283	0.259294871794872
40987283	0.251437451437451
40987283	0.273782602140811
40987283	0.295141937371964
40987283	0.315572605853936
40987283	0.30655624568668
40987283	0.297920858484239
40987283	0.289645279081899
40987283	0.299974632166413
40987283	0.300876218684438
40987283	0.292852852852853
40987283	0.285146198830409
40987283	0.277739804055594
40987283	0.296259296259296
40987283	0.305636698041761
40987283	0.306329113924051
40987283	0.31522633744856
40987283	0.307537890193717
40987283	0.300127338622784
40987283	0.300917957544464
40987283	0.317366946778711
40987283	0.325490196078431
40987283	0.340996168582376
40987283	0.333246255660049
40987283	0.325757575757576
40987283	0.318518518518519
40987283	0.318844118844119
40987283	0.311912724956203
40987283	0.305204924419511
40987283	0.298711202623351
40987283	0.299440089585666
40987283	0.293201754385965
40987283	0.30090206185567
40987283	0.308366645627323
40987283	0.302137016422731
40987283	0.296094276094276
40987283	0.29023102310231
40987283	0.291076166440174
40987283	0.285424202043277
40987283	0.286345531491163
40987283	0.293589743589744
40987283	0.288050314465409
40987283	0.282666196438018
40987283	0.289777316257067
40987283	0.284460301279873
40987283	0.279288295802057
40987283	0.28026208026208
40987283	0.2752574002574
40987283	0.270385587863464
40987283	0.27733788749159
40987283	0.284108822781592
40987283	0.279210394802599
40987283	0.274437567541016
40987283	0.281085518373654
40987283	0.276361392014433
40987283	0.271755368814192
40987283	0.278282828282828
40987283	0.273720814704421
40987283	0.269270069749878
40987283	0.264927004108751
40987283	0.260688172043011
40987283	0.256550264550265
40987283	0.263008790567846
40987283	0.264107611548556
40987283	0.275516795865633
40987283	0.281534486185649
40987283	0.282325308279507
40987283	0.278047652093454
40987283	0.2738664843928
40987283	0.27475404930236
40987283	0.275621890547264
40987283	0.286274509803922
40987283	0.2918276799771
40987283	0.292429211185162
40987283	0.288221596635735
40987283	0.284104145255224
40987283	0.284802431610942
40987283	0.290180801118769
40987283	0.290784333037854
40987283	0.300634550634551
40987283	0.301085568326948
40987283	0.301527318532515
40987283	0.297424906035474
40987283	0.293405650548508
40987283	0.302890138460608
40987283	0.303296047725578
40987283	0.31252391464312
40987283	0.312797722783781
40987283	0.308708863662424
40987283	0.304699657640834
40987283	0.305069124423963
40987283	0.313978494623656
40987283	0.318471337579618
40987283	0.318659464108146
40987283	0.314651168962131
40987283	0.314884696016772
40987283	0.319254658385093
40987283	0.323543695524372
40987283	0.319573834229594
40987283	0.315676592348746
40987283	0.315890613451589
40987283	0.312084702446148
40987283	0.316331193035616
40987283	0.320501853435985
