3304912	0
3304912	0.222222222222222
3304912	0.277777777777778
3304912	0.166666666666667
3304912	0.222222222222222
3304912	0.253968253968254
3304912	0.357142857142857
3304912	0.351851851851852
3304912	0.281481481481482
3304912	0.23030303030303
3304912	0.191919191919192
3304912	0.162393162393162
3304912	0.186813186813187
3304912	0.161904761904762
3304912	0.266666666666667
3304912	0.235294117647059
3304912	0.246187363834423
3304912	0.255360623781677
3304912	0.263157894736842
3304912	0.301587301587302
3304912	0.304473304473305
3304912	0.33596837944664
3304912	0.307971014492754
3304912	0.283333333333333
3304912	0.261538461538462
3304912	0.242165242165242
3304912	0.224867724867725
3304912	0.20935960591133
3304912	0.195402298850575
3304912	0.182795698924731
3304912	0.192204301075269
3304912	0.200757575757576
3304912	0.228163992869875
3304912	0.215126050420168
3304912	0.221693121693122
3304912	0.227727727727728
3304912	0.215742057847321
3304912	0.221772379667117
3304912	0.210683760683761
3304912	0.200406504065041
3304912	0.190863337204801
3304912	0.181985972683647
3304912	0.173713883016209
3304912	0.195622895622896
3304912	0.201610305958132
3304912	0.207215541165587
3304912	0.198581560283688
3304912	0.204081632653061
3304912	0.222585034013605
3304912	0.226928104575163
3304912	0.25666163901458
3304912	0.246976294146106
3304912	0.250174703004892
3304912	0.265319865319865
3304912	0.267748917748918
3304912	0.270050125313283
3304912	0.272232304900182
3304912	0.274303526203
3304912	0.276271186440678
3304912	0.278142076502732
3304912	0.290675127798343
3304912	0.302611367127496
3304912	0.313988095238095
3304912	0.324839743589744
3304912	0.345299145299145
3304912	0.364842454394693
3304912	0.35411179397132
3304912	0.343847684001137
3304912	0.353071083505866
3304912	0.35251509054326
3304912	0.370500782472613
3304912	0.369482496194825
3304912	0.368505491793163
3304912	0.367567567567568
3304912	0.357894736842105
3304912	0.365914786967419
3304912	0.365079365079365
3304912	0.381153305203938
3304912	0.379957805907173
3304912	0.37880658436214
3304912	0.377697480678511
3304912	0.376628465079832
3304912	0.375597628609677
3304912	0.374603174603175
3304912	0.365891472868217
3304912	0.372805845139446
3304912	0.36433298502264
3304912	0.356145726932244
3304912	0.348231377444861
3304912	0.340577940577941
3304912	0.333174072304507
3304912	0.347514414835593
3304912	0.347212689697247
3304912	0.339902948861516
3304912	0.339766081871345
3304912	0.339633447880871
3304912	0.332702153026159
3304912	0.332714904143476
3304912	0.332727272727273
3304912	0.326138613861386
3304912	0.31974373907979
3304912	0.320007614696364
3304912	0.313853622106049
3304912	0.307875457875458
3304912	0.314645103324349
3304912	0.314994416034797
3304912	0.327679704626745
3304912	0.340015856835429
3304912	0.339894356408118
3304912	0.33977613977614
3304912	0.33966108966109
3304912	0.345448798988622
3304912	0.345236246959582
3304912	0.345029239766082
3304912	0.350574712643678
3304912	0.344581982513017
3304912	0.344391327442175
3304912	0.338603237905332
