26340216	0
26340216	0
26340216	0.166666666666667
26340216	0.233333333333333
26340216	0.155555555555556
26340216	0.111111111111111
26340216	0.0833333333333333
26340216	0.138888888888889
26340216	0.177777777777778
26340216	0.145454545454545
26340216	0.121212121212121
26340216	0.102564102564103
26340216	0.135531135531136
26340216	0.117460317460317
26340216	0.102777777777778
26340216	0.0906862745098039
26340216	0.0806100217864924
26340216	0.107212475633528
26340216	0.163157894736842
26340216	0.179365079365079
26340216	0.163059163059163
26340216	0.177865612648221
26340216	0.16304347826087
26340216	0.15
26340216	0.164102564102564
26340216	0.151946818613485
26340216	0.141093474426808
26340216	0.13136288998358
26340216	0.144827586206897
26340216	0.178494623655914
26340216	0.167338709677419
26340216	0.19760101010101
26340216	0.205585264408794
26340216	0.193837535014006
26340216	0.201587301587302
26340216	0.226726726726727
26340216	0.249881460407776
26340216	0.254161043634728
26340216	0.291452991452992
26340216	0.326016260162602
26340216	0.342237708091367
26340216	0.357327427094869
26340216	0.37138830162086
26340216	0.354882154882155
26340216	0.368438003220612
26340216	0.366944187480728
26340216	0.393321513002364
26340216	0.404478458049887
26340216	0.388299319727891
26340216	0.373071895424837
26340216	0.384364002011061
26340216	0.382438316400581
26340216	0.380619613324016
26340216	0.366778900112234
26340216	0.377489177489178
26340216	0.37593984962406
26340216	0.362976406533575
26340216	0.384570426651081
26340216	0.393973634651601
26340216	0.391985428051002
26340216	0.400846113167636
26340216	0.398702850315754
26340216	0.396660052910053
26340216	0.404967948717949
26340216	0.412898212898213
26340216	0.430423639378863
26340216	0.42756804214223
26340216	0.444160272804774
26340216	0.450517598343685
26340216	0.437826961770624
26340216	0.42566510172144
26340216	0.432267884322679
26340216	0.429593977539183
26340216	0.444804804804805
26340216	0.450643274853801
26340216	0.464912280701755
26340216	0.47008547008547
26340216	0.458184572108623
26340216	0.455063291139241
26340216	0.452057613168724
26340216	0.441031817725585
26340216	0.438436673523362
26340216	0.427997705106139
26340216	0.425770308123249
26340216	0.423620611035112
26340216	0.421545041432772
26340216	0.427115987460815
26340216	0.432499148791284
26340216	0.422888056595922
26340216	0.413593813593814
26340216	0.404602643733079
26340216	0.403069970391149
26340216	0.401586212155876
26340216	0.393131765584173
26340216	0.391885964912281
26340216	0.383805841924399
26340216	0.396381232905533
26340216	0.395107537964681
26340216	0.393872053872054
26340216	0.405874587458746
26340216	0.404452209926875
26340216	0.403071260866806
26340216	0.401730146875778
26340216	0.406776556776557
26340216	0.405390835579515
26340216	0.404043966378652
26340216	0.402734510211146
26340216	0.407577302072715
26340216	0.412288017792605
26340216	0.410865410865411
26340216	0.409480909480909
26340216	0.419932574799832
26340216	0.418413289861823
26340216	0.428527841342487
26340216	0.432633683158421
26340216	0.430936241281069
26340216	0.423632237191559
26340216	0.427716849451645
26340216	0.426143790849673
26340216	0.424609733700643
26340216	0.423113399268392
26340216	0.416233506597361
26340216	0.425649095200629
26340216	0.434838709677419
26340216	0.433227513227513
26340216	0.426405032704245
26340216	0.430159120734908
26340216	0.423489987080103
26340216	0.427231166766051
26340216	0.425797612057154
26340216	0.424396638137096
26340216	0.428039796460849
26340216	0.431601391538548
26340216	0.440022111663903
26340216	0.438453159041394
26340216	0.436918563045656
26340216	0.435417327832434
26340216	0.438744656448754
26340216	0.437238780404248
26340216	0.445221209050996
26340216	0.448340159158259
26340216	0.446731672083785
26340216	0.449786324786325
26340216	0.452777777777778
26340216	0.446575342465753
26340216	0.4495697822508
26340216	0.452503523932095
26340216	0.459852469919584
26340216	0.458165548098434
26340216	0.465342163355408
26340216	0.463605205065644
26340216	0.466259603256507
26340216	0.473191296720709
26340216	0.475687753107108
26340216	0.478136200716846
26340216	0.476291578202406
26340216	0.474481980166089
26340216	0.481092269723748
26340216	0.487578616352201
26340216	0.485662525879917
26340216	0.479666692227079
26340216	0.481961170441061
26340216	0.484213676492593
26340216	0.486425227888643
26340216	0.488596811488378
26340216	0.486737368636222
26340216	0.480942876152457
26340216	0.475251244482014
26340216	0.481424759252814
26340216	0.479692695791767
26340216	0.481866811732173
26340216	0.48014966169288
26340216	0.478462117688747
26340216	0.480613026819923
26340216	0.486515151515152
26340216	0.484784283513097
26340216	0.479337269091602
26340216	0.473981545414601
26340216	0.468715083798883
26340216	0.467219152854512
26340216	0.465747880112521
26340216	0.464300726595809
26340216	0.46287716797339
26340216	0.465080297688993
26340216	0.467247893054345
26340216	0.469380714162498
26340216	0.464387302309705
26340216	0.459473150962513
26340216	0.458145363408521
26340216	0.453348029760265
26340216	0.452097876672484
26340216	0.454321387449626
26340216	0.456510514039492
26340216	0.458665961758745
26340216	0.460788417931275
26340216	0.456110362926897
26340216	0.458237194277803
26340216	0.453631795340338
26340216	0.449095477386935
26340216	0.447943615257048
26340216	0.443508529957473
26340216	0.442423060039994
26340216	0.441353552915419
26340216	0.440299697114618
26340216	0.4360249427737
26340216	0.438253365226772
26340216	0.43403939056113
26340216	0.436265488897068
26340216	0.432110579479001
26340216	0.428014744602422
26340216	0.423976869653343
26340216	0.426255647090088
26340216	0.428502479048747
26340216	0.430717959863798
26340216	0.435989089865059
26340216	0.435042953860158
26340216	0.437167942051044
26340216	0.439263820814657
26340216	0.435270513352705
26340216	0.437364596188126
26340216	0.439430380606851
26340216	0.435489300960153
26340216	0.431601003630152
26340216	0.42776455026455
26340216	0.426928875778433
26340216	0.426104245448521
26340216	0.428214442125873
26340216	0.430296994305268
26340216	0.426555281311309
26340216	0.422862161992597
26340216	0.422090361745534
26340216	0.421328498840708
26340216	0.417727400560019
26340216	0.41984603261199
26340216	0.416288015386465
26340216	0.412775036353668
26340216	0.414908579465542
26340216	0.411436541143654
26340216	0.416341236634124
26340216	0.41288612263716
26340216	0.417738303441812
26340216	0.414300128104842
26340216	0.410904225415458
26340216	0.410270993643359
26340216	0.406935457109673
26340216	0.4063394884961
26340216	0.408438901223282
26340216	0.41051301982122
26340216	0.407228915662651
26340216	0.40398406374502
26340216	0.400777841016885
26340216	0.397609636740072
26340216	0.397103524114822
26340216	0.396603365755751
26340216	0.393504901960784
26340216	0.390442607003891
26340216	0.389999899456057
26340216	0.389562319794878
26340216	0.386565686565687
26340216	0.383603497396601
26340216	0.383219755686194
26340216	0.382840391257655
26340216	0.382465337788532
26340216	0.382094530207738
26340216	0.379221639003168
26340216	0.376381027475055
26340216	0.373572213837181
26340216	0.370794725258466
26340216	0.368048097663959
26340216	0.365331875540978
26340216	0.362645611750235
26340216	0.362430869783811
26340216	0.359785388982469
26340216	0.35959301039593
26340216	0.359402722880984
26340216	0.359214496241651
26340216	0.359028300825044
26340216	0.358844107509691
26340216	0.358661887694146
26340216	0.358481613285884
26340216	0.355939190496622
26340216	0.353423719185692
26340216	0.353282237595182
26340216	0.353142245284573
26340216	0.350672719093772
26340216	0.348229006765592
26340216	0.348125564588979
26340216	0.350330001281558
26340216	0.350212782881916
26340216	0.352387723663941
26340216	0.352257214141129
26340216	0.352128040893294
26340216	0.352000185739825
26340216	0.351873630808256
26340216	0.356252863032524
26340216	0.360587860587861
26340216	0.358167807832237
26340216	0.35577203654239
26340216	0.355622445187663
26340216	0.35547434477667
26340216	0.35312021004305
26340216	0.350789383574119
26340216	0.348481558682184
26340216	0.350568018406672
26340216	0.352634022643666
26340216	0.354679837914174
26340216	0.352376722083563
26340216	0.350095966600821
26340216	0.347837282945332
26340216	0.349887632679874
26340216	0.349781515376371
26340216	0.347546489719014
