34776460	0
34776460	0.222222222222222
34776460	0.277777777777778
34776460	0.166666666666667
34776460	0.111111111111111
34776460	0.0793650793650794
34776460	0.142857142857143
34776460	0.259259259259259
34776460	0.207407407407407
34776460	0.290909090909091
34776460	0.297979797979798
34776460	0.303418803418803
34776460	0.402930402930403
34776460	0.349206349206349
34776460	0.305555555555556
34776460	0.308823529411765
34776460	0.38562091503268
34776460	0.415204678362573
34776460	0.407017543859649
34776460	0.4
34776460	0.363636363636364
34776460	0.389986824769434
34776460	0.41304347826087
34776460	0.406666666666667
34776460	0.452307692307692
34776460	0.44349477682811
34776460	0.459435626102293
34776460	0.473727422003284
34776460	0.442145593869732
34776460	0.413620071684588
34776460	0.408602150537634
34776460	0.444444444444444
34776460	0.437908496732026
34776460	0.431932773109244
34776460	0.426455026455027
34776460	0.403403403403403
34776460	0.399715504978663
34776460	0.379217273954116
34776460	0.376923076923077
34776460	0.358536585365854
34776460	0.357336430507162
34776460	0.340716131413806
34776460	0.355532064834391
34776460	0.33973063973064
34776460	0.324959742351047
34776460	0.311131668208449
34776460	0.325945626477541
34776460	0.339852607709751
34776460	0.326258503401361
34776460	0.326535947712418
34776460	0.313976872800402
34776460	0.327285921625544
34776460	0.33985557884929
34776460	0.339618406285073
34776460	0.339393939393939
34776460	0.339181286549708
34776460	0.338979632990522
34776460	0.36138710305864
34776460	0.36045197740113
34776460	0.348633879781421
34776460	0.348140313766966
34776460	0.347670250896057
34776460	0.357638888888889
34776460	0.346634615384615
34776460	0.346231546231546
34776460	0.355796773707222
34776460	0.364940005853088
34776460	0.373685706166525
34776460	0.372532781228433
34776460	0.371428571428572
34776460	0.37037037037037
34776460	0.360223236935566
34776460	0.359496482784154
34776460	0.358798798798799
34776460	0.35812865497076
34776460	0.348826611984507
34776460	0.348429348429348
34776460	0.356485989397382
34776460	0.355907172995781
34776460	0.355349794238683
34776460	0.362942888688146
34776460	0.370261533940641
34776460	0.377318799005546
34776460	0.384126984126984
34776460	0.390697674418605
34776460	0.397041789182928
34776460	0.395593869731801
34776460	0.401685393258427
34776460	0.392759051186018
34776460	0.391452991452992
34776460	0.390189520624303
34776460	0.381798348137759
34776460	0.373674979028445
34776460	0.372825681224338
34776460	0.372002923976608
34776460	0.371205612829324
34776460	0.363629988077705
34776460	0.356283927712499
34776460	0.349158249158249
34776460	0.342244224422442
34776460	0.335533553355336
34776460	0.329018338727077
34776460	0.322691062982325
34776460	0.316544566544567
34776460	0.31057202755316
34776460	0.304766942925998
34776460	0.29912311064959
34776460	0.293634613206479
34776460	0.28829580205727
34776460	0.283101283101283
34776460	0.283998283998284
34776460	0.278971765697429
34776460	0.274077524193966
34776460	0.26931095855581
34776460	0.27616191904048
34776460	0.277139208173691
34776460	0.289391086001256
34776460	0.301334092959218
34776460	0.296311858076564
34776460	0.307943067033976
34776460	0.302894820033419
34776460	0.297969701008486
34776460	0.293163738088994
34776460	0.28847311827957
34776460	0.28389417989418
34776460	0.289922093071699
34776460	0.285392060367454
34776460	0.280967377260982
34776460	0.276644802226198
34776460	0.282599334507731
34776460	0.283368031459635
34776460	0.294144452039189
34776460	0.30467960947144
34776460	0.305104109084209
34776460	0.310421205519245
34776460	0.310755689136969
34776460	0.311082901371699
34776460	0.306606888402322
34776460	0.302226789996574
34776460	0.297939885173928
34776460	0.293743548763027
34776460	0.289635247381726
34776460	0.285612535612536
34776460	0.281673052362708
34776460	0.286946937490159
34776460	0.292113192308887
34776460	0.288165716737145
34776460	0.293246266400629
34776460	0.302669649515287
34776460	0.303075791022811
34776460	0.303473916579528
34776460	0.308221534227726
34776460	0.312876665817842
34776460	0.313140622818042
34776460	0.30912599944858
34776460	0.305188088627579
34776460	0.301324948265205
34776460	0.29753469734363
34776460	0.293815513626834
34776460	0.298447204968944
34776460	0.302993124249163
34776460	0.299275417203161
34776460	0.303755798294179
34776460	0.304114313870411
