10413419	1
10413419	0.333333333333333
10413419	0.5
10413419	0.566666666666667
10413419	0.488888888888889
10413419	0.53968253968254
10413419	0.488095238095238
10413419	0.453703703703704
10413419	0.496296296296296
10413419	0.466666666666667
10413419	0.5
10413419	0.423076923076923
10413419	0.41025641025641
10413419	0.4
10413419	0.391666666666667
10413419	0.424019607843137
10413419	0.4880174291939
10413419	0.50682261208577
10413419	0.52280701754386
10413419	0.504761904761905
10413419	0.458874458874459
10413419	0.476943346508564
10413419	0.520531400966184
10413419	0.505555555555556
10413419	0.466666666666667
10413419	0.481481481481482
10413419	0.518518518518519
10413419	0.528735632183908
10413419	0.493486590038314
10413419	0.526164874551971
10413419	0.555779569892473
10413419	0.5625
10413419	0.588235294117647
10413419	0.573669467787115
10413419	0.541798941798942
10413419	0.512512512512513
10413419	0.538169748696065
10413419	0.510571300044984
10413419	0.535042735042735
10413419	0.541463414634146
10413419	0.531552458381727
10413419	0.522332964193429
10413419	0.528893587033122
10413419	0.505387205387205
10413419	0.497906602254428
10413419	0.490903484427999
10413419	0.49822695035461
10413419	0.505102040816326
10413419	0.498231292517007
10413419	0.50483660130719
10413419	0.498240321769734
10413419	0.492017416545718
10413419	0.486140228278593
10413419	0.480583613916947
10413419	0.475324675324675
10413419	0.458646616541353
10413419	0.465819721718088
10413419	0.461328657705046
10413419	0.457062146892656
10413419	0.453005464480874
10413419	0.449145073153534
10413419	0.45605052056665
10413419	0.473048941798942
10413419	0.47900641025641
10413419	0.484693084693085
10413419	0.490125131916177
10413419	0.485513608428446
10413419	0.490764421710713
10413419	0.476742581090407
10413419	0.47270288397049
10413419	0.459572248304643
10413419	0.45611364789447
10413419	0.461804270023448
10413419	0.458378378378378
10413419	0.455087719298246
10413419	0.451925267714741
10413419	0.44033744033744
10413419	0.44606729416856
10413419	0.459915611814346
10413419	0.448559670781893
10413419	0.445749272307538
10413419	0.435008325986874
10413419	0.448460508701473
10413419	0.445751633986928
10413419	0.443137254901961
10413419	0.440613026819923
10413419	0.445750609543713
10413419	0.443224378617637
10413419	0.43337494798169
10413419	0.431176231176231
10413419	0.429049211657907
10413419	0.434159264453795
10413419	0.432014031876764
10413419	0.429936543486376
10413419	0.441812865497076
10413419	0.439576174112257
10413419	0.43740795287187
10413419	0.435305435305435
10413419	0.433265993265993
10413419	0.431287128712871
10413419	0.429366466058371
10413419	0.440446728853354
10413419	0.44479711227284
10413419	0.449023199023199
10413419	0.446840371368673
10413419	0.438488214894493
10413419	0.43654090227299
10413419	0.440763393362782
10413419	0.450931331665277
10413419	0.460824460824461
10413419	0.452595452595453
10413419	0.444584913611462
10413419	0.436785178284945
10413419	0.429188914314772
10413419	0.427536231884058
10413419	0.42022792022792
10413419	0.424404848133662
10413419	0.428476475335897
10413419	0.438001867413632
10413419	0.447291092745638
10413419	0.439958451880956
10413419	0.438224710115954
10413419	0.431156569630213
10413419	0.429591397849462
10413419	0.438645502645503
10413419	0.436987043286256
10413419	0.445784120734908
10413419	0.438872739018088
10413419	0.437249055853707
10413419	0.435662556273243
10413419	0.429061608450921
10413419	0.432634616845143
10413419	0.431152508136012
10413419	0.424765063571034
10413419	0.428322440087146
10413419	0.436668097896093
10413419	0.430339574738178
10413419	0.42414763841101
10413419	0.41808838643371
10413419	0.412158054711246
10413419	0.406353011687144
10413419	0.414655766768443
10413419	0.422785547785548
10413419	0.421551724137931
10413419	0.420343253031019
10413419	0.423694591992048
10413419	0.422473493902065
10413419	0.416802708749017
10413419	0.415689783743475
10413419	0.414598969830758
10413419	0.413529685140002
10413419	0.416838665290678
10413419	0.415754180460063
10413419	0.423292836196062
10413419	0.422139509236284
10413419	0.421008220371278
10413419	0.419898411674595
10413419	0.423002414882042
10413419	0.421881551362683
10413419	0.420781573498965
10413419	0.423817191933134
10413419	0.430886919639476
10413419	0.425632201107287
10413419	0.428553830992855
10413419	0.431422660338323
10413419	0.434239953827285
10413419	0.437006938503945
10413419	0.443669578284963
10413419	0.442371504814944
10413419	0.437197569086114
10413419	0.439865814406818
10413419	0.43478066048304
10413419	0.433614599251434
10413419	0.428659003831418
10413419	0.435151515151515
10413419	0.430234548878617
10413419	0.429145771175861
10413419	0.428075241144101
10413419	0.43072625698324
10413419	0.429650092081031
10413419	0.435917673486734
10413419	0.434796533157189
10413419	0.433693672289538
10413419	0.42900509204857
10413419	0.427976363460235
10413419	0.426964138539091
10413419	0.425968066143285
10413419	0.424987804420429
10413419	0.424023020514249
10413419	0.423073390281988
10413419	0.422138598022106
10413419	0.417764104778354
10413419	0.420330110571017
10413419	0.419437835932681
10413419	0.421960579103436
10413419	0.421060810110846
10413419	0.423541677348784
10413419	0.422635060826016
10413419	0.421742043551089
10413419	0.420862354892206
10413419	0.419995730916375
10413419	0.419141914191419
10413419	0.42156862745098
10413419	0.420707795313247
10413419	0.41985949956587
10413419	0.419023497959758
10413419	0.414994425863991
10413419	0.420592565329407
10413419	0.419761525024683
10413419	0.422101858120816
10413419	0.421264419207726
10413419	0.420438775208905
10413419	0.422739970456174
10413419	0.42190828080852
10413419	0.421088142405972
10413419	0.420279342322353
10413419	0.416423568539579
10413419	0.415664753606189
10413419	0.414916286149163
10413419	0.411161387631976
10413419	0.416466239995652
10413419	0.412731116766991
10413419	0.409046017510143
10413419	0.405410052910053
10413419	0.407722058341527
10413419	0.407066651072733
10413419	0.406419867583791
10413419	0.405781557240992
10413419	0.408050123409911
10413419	0.407403224794529
10413419	0.40676469124745
10413419	0.408995609491392
10413419	0.411197926219386
10413419	0.413372128265745
10413419	0.412693833393437
10413419	0.41483706405397
10413419	0.414152158753797
10413419	0.416265250870223
10413419	0.418351929335193
10413419	0.420412632549562
10413419	0.422447789856315
10413419	0.424457821764219
10413419	0.420978659290742
10413419	0.422984275677484
10413419	0.424965433327803
10413419	0.426922528334595
10413419	0.428855948805015
10413419	0.428088698881548
10413419	0.427330655957162
10413419	0.423925630810093
10413419	0.423206644322182
10413419	0.427766275592363
10413419	0.429647381033893
10413419	0.434120734908137
10413419	0.4359375
10413419	0.440327091439689
10413419	0.43949768246212
10413419	0.441251883112348
10413419	0.44042174042174
10413419	0.442155418017487
10413419	0.43878018581888
10413419	0.435443454367786
10413419	0.43719514537005
10413419	0.438927005908138
10413419	0.443145599848678
10413419	0.439826157153183
10413419	0.439031434587363
10413419	0.438245575098485
10413419	0.437468447381706
10413419	0.439159947155027
10413419	0.435930829896534
10413419	0.435179199885082
10413419	0.432002709374972
10413419	0.428860871488609
10413419	0.425753184014054
10413419	0.427492631542231
10413419	0.424417144984374
10413419	0.426153700695358
10413419	0.423109745690391
10413419	0.422470767666497
10413419	0.419474521087302
10413419	0.418865749442398
10413419	0.415915990643508
10413419	0.415336463223787
10413419	0.412432012432013
10413419	0.411880802124705
10413419	0.415964963221061
10413419	0.417699923106498
10413419	0.417118084556338
10413419	0.418833195086306
10413419	0.418247579594847
10413419	0.422218585877476
10413419	0.423881497991688
10413419	0.425527499135247
10413419	0.427156817834784
10413419	0.426525009858343
10413419	0.423662425899562
10413419	0.423058217922531
10413419	0.42246005202527
10413419	0.419653008490218
10413419	0.416873849493594
10413419	0.416322426944681
10413419	0.413583463609519
10413419	0.415243025596779
10413419	0.414707668131005
10413419	0.414177542171411
10413419	0.41581708194086
10413419	0.415283206545343
10413419	0.416905035320319
10413419	0.416367596722332
10413419	0.417972077939924
10413419	0.419561180743289
10413419	0.416888816534733
10413419	0.41635830553028
10413419	0.417942535664055
10413419	0.421614822505291
10413419	0.423156029072344
10413419	0.42259287737492
10413419	0.419951671891327
10413419	0.421488836967809
10413419	0.420941287255794
10413419	0.420398823144819
10413419	0.419861381849686
10413419	0.419328901551124
10413419	0.418801321378009
10413419	0.416239845406278
