3680223	0
3680223	0
3680223	0
3680223	0
3680223	0
3680223	0
3680223	0.0833333333333333
3680223	0.212962962962963
3680223	0.17037037037037
3680223	0.139393939393939
3680223	0.116161616161616
3680223	0.14957264957265
3680223	0.271062271062271
3680223	0.234920634920635
3680223	0.205555555555556
3680223	0.181372549019608
3680223	0.161220043572985
3680223	0.144249512670565
3680223	0.163157894736842
3680223	0.147619047619048
3680223	0.134199134199134
3680223	0.151515151515152
3680223	0.138888888888889
3680223	0.127777777777778
3680223	0.117948717948718
3680223	0.133903133903134
3680223	0.124338624338624
3680223	0.184729064039409
3680223	0.172413793103448
3680223	0.204301075268817
3680223	0.191532258064516
3680223	0.179924242424242
3680223	0.169340463458111
3680223	0.178711484593838
3680223	0.168783068783069
3680223	0.15965965965966
3680223	0.151256519677572
3680223	0.143499775078722
3680223	0.136324786324786
3680223	0.145934959349594
3680223	0.154858691444057
3680223	0.14765596160945
3680223	0.140944326990839
3680223	0.134680134680135
3680223	0.15780998389694
3680223	0.151094665433241
3680223	0.158687943262411
3680223	0.179421768707483
3680223	0.185578231292517
3680223	0.191372549019608
3680223	0.184012066365008
3680223	0.177068214804064
3680223	0.195201490798975
3680223	0.200224466891134
3680223	0.193073593073593
3680223	0.186299081035923
3680223	0.179874974793305
3680223	0.196376388077148
3680223	0.189830508474576
3680223	0.183606557377049
3680223	0.177683765203596
3680223	0.182625021334699
3680223	0.197751322751323
3680223	0.201923076923077
3680223	0.205905205905206
3680223	0.199758781848334
3680223	0.203687445127305
3680223	0.217107132708156
3680223	0.210904071773637
3680223	0.22374245472837
3680223	0.23604590505999
3680223	0.247843734145104
3680223	0.250154263852894
3680223	0.261261261261261
3680223	0.263157894736842
3680223	0.256322624743677
3680223	0.266844266844267
3680223	0.27696635291572
3680223	0.27837552742616
3680223	0.279732510288066
3680223	0.281039847435511
3680223	0.282299931433049
3680223	0.283515012430675
3680223	0.300373482726424
3680223	0.308891928864569
3680223	0.301790964982625
3680223	0.310083594566353
3680223	0.310606060606061
3680223	0.311111111111111
3680223	0.311599511599512
3680223	0.31207198598503
3680223	0.312529219261337
3680223	0.305879661404713
3680223	0.306457633445315
3680223	0.313961988304094
3680223	0.314361397479954
3680223	0.307945858755874
3680223	0.308458737030166
3680223	0.322289562289562
3680223	0.315907590759076
3680223	0.32278521969844
3680223	0.322990037438924
3680223	0.316778690565098
3680223	0.317094017094017
3680223	0.317400419287212
3680223	0.317698230764709
3680223	0.317987769701165
3680223	0.318269339676068
3680223	0.324603836530442
3680223	0.324761124761125
3680223	0.318961818961819
3680223	0.319216182048041
3680223	0.313615898152461
3680223	0.31395881006865
3680223	0.320039980009995
3680223	0.314569211120935
3680223	0.309237529576513
3680223	0.309642501068224
3680223	0.310037348272642
3680223	0.310422405876951
3680223	0.310797994851646
3680223	0.305744368919099
3680223	0.300813008130081
3680223	0.296
3680223	0.291301587301587
3680223	0.29196350456193
3680223	0.292609908136483
3680223	0.288073320413437
3680223	0.283641423176307
3680223	0.284400078293208
3680223	0.280090986197856
3680223	0.280891622996886
3680223	0.276699210713351
3680223	0.277538234752165
3680223	0.283260711692084
3680223	0.283991698869329
3680223	0.289537712895377
3680223	0.290167865707434
3680223	0.290784515244947
3680223	0.296116176967241
3680223	0.296640362268172
3680223	0.292491546012673
3680223	0.288429163429163
3680223	0.293646232439336
3680223	0.28962368131003
3680223	0.290218370453204
3680223	0.286296500582215
3680223	0.282453594534131
3680223	0.27868754660701
3680223	0.288241353936718
3680223	0.288834669455095
3680223	0.293773649810802
3680223	0.298616416263475
3680223	0.299064376483731
3680223	0.303777226357872
3680223	0.299907452773695
3680223	0.296111155903142
3680223	0.29657935939283
3680223	0.301205450733753
3680223	0.301604554865425
3680223	0.301996268179843
3680223	0.302380772046757
3680223	0.302758242306349
3680223	0.303128849470313
3680223	0.303492758914446
3680223	0.303850131063175
3680223	0.300232867598137
3680223	0.300624589086128
3680223	0.297087829214526
3680223	0.30141038871689
3680223	0.297905616755066
3680223	0.294461621185643
3680223	0.294908422474697
3680223	0.295347564313082
3680223	0.295779220779221
3680223	0.29243708269132
3680223	0.28915127277344
3680223	0.285920532295525
3680223	0.286447341195945
3680223	0.290648659709433
3680223	0.287454718393945
3680223	0.291599111271243
3680223	0.292052744119744
3680223	0.29249902075989
3680223	0.296522328780393
3680223	0.293350966975255
3680223	0.290230212007434
3680223	0.287158992832752
3680223	0.287645038522232
3680223	0.291613851382383
3680223	0.28857620709715
3680223	0.289040011514105
3680223	0.28606021758097
3680223	0.283126266631421
3680223	0.280237223094366
3680223	0.277392175144169
3680223	0.284691244082107
3680223	0.281830025548619
3680223	0.282345058626466
3680223	0.279535655058043
3680223	0.276767975304993
3680223	0.27732526947276
3680223	0.274606394281851
3680223	0.275179340028694
3680223	0.278980187860131
3680223	0.276284727107859
3680223	0.273628143193361
3680223	0.271009692062324
3680223	0.271603250550619
3680223	0.272188369818702
3680223	0.269620555009091
3680223	0.270218797059084
3680223	0.270808652538283
3680223	0.268289502282113
3680223	0.265805340223945
3680223	0.266427718040621
3680223	0.267041531024958
3680223	0.264602795581808
3680223	0.265227618652276
3680223	0.265843959961607
3680223	0.266451972334325
3680223	0.264062268546574
3680223	0.261704569720265
3680223	0.26234126984127
3680223	0.262969518190757
3680223	0.260652606136213
3680223	0.258366179766597
3680223	0.259020914732246
3680223	0.256768558951965
3680223	0.257431457431458
3680223	0.258085783947853
3680223	0.255870455330275
3680223	0.25368352836164
3680223	0.25436139904225
3680223	0.257855511479745
3680223	0.258492455124079
3680223	0.256320249618835
3680223	0.256964710570421
3680223	0.260378893537889
3680223	0.258218072844629
3680223	0.258838860121395
3680223	0.256708499132742
3680223	0.257336571544222
3680223	0.255235864837738
3680223	0.255870803605995
3680223	0.259197085897985
3680223	0.259794958861173
3680223	0.257708252364296
3680223	0.255646586345382
3680223	0.256265604249668
3680223	0.256877252893189
3680223	0.25484660267269
3680223	0.255464608425923
3680223	0.256075343523236
3680223	0.256678921568627
3680223	0.25986948767834
3680223	0.26043897485396
3680223	0.258427863079026
3680223	0.256439956439956
3680223	0.257029177718833
3680223	0.257611652189173
3680223	0.258187482464033
3680223	0.258756769213043
3680223	0.259319611206404
3680223	0.259876105357734
3680223	0.262923225667164
3680223	0.260961112042782
3680223	0.259020880726479
3680223	0.259571343338382
3680223	0.260115712268234
3680223	0.260654077129007
3680223	0.258744523450406
3680223	0.259288967318164
3680223	0.259827471798275
3680223	0.260360122968819
3680223	0.265700483091787
3680223	0.26378896882494
3680223	0.261898008474941
3680223	0.262408260795358
3680223	0.267658024063718
3680223	0.268123806398964
3680223	0.268584651112281
3680223	0.266693209907265
3680223	0.26482167860967
3680223	0.265300781090255
3680223	0.263451995159312
3680223	0.263937282229965
3680223	0.262110726643599
3680223	0.262601917034562
3680223	0.265378994351622
3680223	0.268127540052409
3680223	0.266297317936011
3680223	0.269020918947784
3680223	0.2694569353165
3680223	0.272140784852649
3680223	0.270308186974854
3680223	0.270731174534307
3680223	0.268920263667856
3680223	0.267127461910071
3680223	0.271997046880768
3680223	0.270195741934538
3680223	0.268412271690745
3680223	0.266646401482253
3680223	0.264897900488927
