49256829	0.666666666666667
49256829	0.666666666666667
49256829	0.833333333333333
49256829	0.5
49256829	0.555555555555556
49256829	0.492063492063492
49256829	0.369047619047619
49256829	0.287037037037037
49256829	0.42962962962963
49256829	0.533333333333333
49256829	0.444444444444444
49256829	0.52991452991453
49256829	0.454212454212454
49256829	0.438095238095238
49256829	0.508333333333333
49256829	0.566176470588235
49256829	0.61437908496732
49256829	0.584795321637427
49256829	0.592982456140351
49256829	0.536507936507937
49256829	0.487734487734488
49256829	0.44532279314888
49256829	0.491545893719807
49256829	0.532222222222222
49256829	0.568205128205128
49256829	0.526115859449193
49256829	0.488536155202822
49256829	0.454844006568145
49256829	0.424521072796935
49256829	0.461648745519713
49256829	0.495295698924731
49256829	0.465277777777778
49256829	0.437908496732026
49256829	0.470028011204482
49256829	0.4994708994709
49256829	0.526526526526527
49256829	0.55144618302513
49256829	0.574448942869996
49256829	0.595726495726496
49256829	0.615447154471545
49256829	0.633759194734805
49256829	0.650793650793651
49256829	0.621212121212121
49256829	0.593602693602694
49256829	0.582286634460548
49256829	0.557508479802652
49256829	0.534278959810875
49256829	0.55328798185941
49256829	0.571156462585034
49256829	0.58797385620915
49256829	0.603821015585722
49256829	0.581035316884374
