48770619	0.666666666666667
48770619	0.444444444444444
48770619	0.388888888888889
48770619	0.233333333333333
48770619	0.377777777777778
48770619	0.26984126984127
48770619	0.369047619047619
48770619	0.435185185185185
48770619	0.414814814814815
48770619	0.4
48770619	0.444444444444444
48770619	0.478632478632479
48770619	0.457875457875458
48770619	0.485714285714286
48770619	0.508333333333333
48770619	0.487745098039216
48770619	0.507625272331155
48770619	0.524366471734893
48770619	0.53859649122807
48770619	0.519047619047619
48770619	0.532467532467533
48770619	0.486166007905139
48770619	0.473429951690821
48770619	0.435555555555556
48770619	0.427692307692308
48770619	0.420702754036087
48770619	0.390652557319224
48770619	0.409688013136289
48770619	0.426819923371648
48770619	0.42078853046595
48770619	0.436155913978495
48770619	0.429924242424243
48770619	0.424242424242424
48770619	0.438095238095238
48770619	0.432275132275132
48770619	0.462962962962963
48770619	0.456140350877193
48770619	0.46693657219973
48770619	0.476923076923077
48770619	0.469918699186992
48770619	0.463414634146342
48770619	0.472868217054264
48770619	0.481677237491191
48770619	0.46026936026936
48770619	0.469243156199678
48770619	0.477644156645082
48770619	0.45774231678487
48770619	0.452664399092971
48770619	0.434557823129252
48770619	0.443660130718954
48770619	0.426596279537456
48770619	0.435655539429124
48770619	0.431865828092243
48770619	0.452525252525253
48770619	0.46017316017316
48770619	0.455722639933166
48770619	0.474490824763057
