40872450	0.333333333333333
40872450	0.555555555555556
40872450	0.444444444444444
40872450	0.4
40872450	0.377777777777778
40872450	0.26984126984127
40872450	0.202380952380952
40872450	0.157407407407407
40872450	0.259259259259259
40872450	0.333333333333333
40872450	0.388888888888889
40872450	0.431623931623932
40872450	0.36996336996337
40872450	0.320634920634921
40872450	0.322222222222222
40872450	0.284313725490196
40872450	0.289760348583878
40872450	0.259259259259259
40872450	0.266666666666667
40872450	0.304761904761905
40872450	0.277056277056277
40872450	0.310935441370224
40872450	0.340579710144928
40872450	0.313333333333333
40872450	0.314871794871795
40872450	0.291547958214625
40872450	0.294532627865961
40872450	0.320197044334975
40872450	0.321072796934866
40872450	0.34336917562724
40872450	0.342741935483871
40872450	0.362373737373737
40872450	0.360665478312537
40872450	0.378151260504202
40872450	0.357142857142857
40872450	0.337837837837838
40872450	0.372688477951636
40872450	0.387764282501125
40872450	0.385042735042735
40872450	0.398780487804878
40872450	0.411536972512582
40872450	0.392395717977113
40872450	0.374559548978154
40872450	0.387542087542088
40872450	0.385185185185185
40872450	0.397163120567376
40872450	0.40839243498818
40872450	0.39172335600907
40872450	0.376054421768708
40872450	0.37437908496732
40872450	0.372800402212167
40872450	0.371311078858249
40872450	0.357558816678314
40872450	0.356677890011223
40872450	0.355844155844156
40872450	0.355054302422724
40872450	0.342811050615043
40872450	0.342489772063121
40872450	0.342184557438795
40872450	0.341894353369763
