14462062	0.666666666666667
14462062	0.444444444444444
14462062	0.388888888888889
14462062	0.233333333333333
14462062	0.155555555555556
14462062	0.206349206349206
14462062	0.238095238095238
14462062	0.259259259259259
14462062	0.207407407407407
14462062	0.16969696969697
14462062	0.141414141414141
14462062	0.11965811965812
14462062	0.15018315018315
14462062	0.174603174603175
14462062	0.152777777777778
14462062	0.134803921568627
14462062	0.156862745098039
14462062	0.140350877192982
14462062	0.159649122807018
14462062	0.176190476190476
14462062	0.190476190476191
14462062	0.231884057971015
14462062	0.240338164251208
14462062	0.274444444444445
14462062	0.278974358974359
14462062	0.258309591642925
14462062	0.263668430335097
14462062	0.268472906403941
14462062	0.2727969348659
14462062	0.255197132616487
14462062	0.239247311827957
14462062	0.244949494949495
14462062	0.230540701128936
14462062	0.236414565826331
14462062	0.223280423280423
14462062	0.211211211211211
14462062	0.200094831673779
14462062	0.224021592442645
14462062	0.22948717948718
14462062	0.218292682926829
14462062	0.207897793263647
14462062	0.213732004429679
14462062	0.234319943622269
14462062	0.238720538720539
14462062	0.228341384863124
14462062	0.232809127351218
14462062	0.250886524822695
14462062	0.254251700680272
14462062	0.257414965986395
14462062	0.247320261437909
14462062	0.237807943690297
14462062	0.24141267537494
14462062	0.244817144188213
14462062	0.235914702581369
14462062	0.251298701298701
14462062	0.265873015873016
14462062	0.268199233716475
14462062	0.270407169296708
14462062	0.261393596986817
14462062	0.263752276867031
14462062	0.276749515247664
14462062	0.289127837514934
14462062	0.290509259259259
14462062	0.312339743589744
14462062	0.323076923076923
14462062	0.323383084577114
14462062	0.333479660520925
14462062	0.333475419153169
14462062	0.333471359558316
14462062	0.342857142857143
14462062	0.351851851851852
14462062	0.342212075088787
14462062	0.350981118104406
14462062	0.359399399399399
14462062	0.367485380116959
14462062	0.357940305308726
14462062	0.365856365856366
14462062	0.373471816509791
14462062	0.380801687763713
14462062	0.37962962962963
14462062	0.378500451671183
14462062	0.36937995885983
14462062	0.360585197934596
14462062	0.359943977591036
14462062	0.367077063383493
14462062	0.366301345451305
14462062	0.357976314872867
14462062	0.36491317671093
14462062	0.36421140241365
14462062	0.363532763532764
14462062	0.355629877369008
14462062	0.347981923016986
14462062	0.340578052314497
14462062	0.333407988055245
14462062	0.340350877192983
14462062	0.34020618556701
14462062	0.340065923276527
14462062	0.339929911358483
14462062	0.33979797979798
14462062	0.3396699669967
14462062	0.333009771565392
14462062	0.345961038136938
14462062	0.358538710480458
14462062	0.351709401709402
14462062	0.345073375262055
14462062	0.351084464821019
14462062	0.35075574016384
14462062	0.344319855023219
14462062	0.350180706144009
14462062	0.361889161889162
14462062	0.367331617331617
14462062	0.372629582806574
14462062	0.366092221704704
14462062	0.365522501906941
14462062	0.370714642678661
14462062	0.381471657333726
14462062	0.386305471051234
14462062	0.385415183022362
14462062	0.390102707749767
14462062	0.394674012855831
14462062	0.399132908819943
14462062	0.403483051223955
14462062	0.396975260075181
14462062	0.390623655913979
14462062	0.389714285714286
14462062	0.383577052868392
14462062	0.38800032808399
14462062	0.387152777777778
14462062	0.381196581196581
14462062	0.380465844587982
14462062	0.379751715629578
14462062	0.384066226171489
14462062	0.383309018815696
14462062	0.382568638290031
14462062	0.381844589687727
14462062	0.390868756261629
14462062	0.390034909552523
14462062	0.389219059534981
14462062	0.38365878725591
14462062	0.387673083417764
14462062	0.386907734825026
14462062	0.386158442496471
14462062	0.38542476042476
14462062	0.38470625798212
14462062	0.384002519288301
14462062	0.378777995216351
14462062	0.378163878163878
14462062	0.377562125884274
14462062	0.376972408650261
14462062	0.371979396615158
14462062	0.371470895782503
14462062	0.370972365554409
14462062	0.370483546954135
14462062	0.370004189359028
14462062	0.365260545905707
14462062	0.360607545320921
14462062	0.360262302131205
14462062	0.359923572963936
14462062	0.355424528301887
14462062	0.351009316770186
14462062	0.346675868414999
14462062	0.342422176778005
14462062	0.346376377874208
14462062	0.350258684405026
14462062	0.346038700255568
14462062	0.341894524204603
14462062	0.337824351297405
14462062	0.341715976331361
14462062	0.345538925629423
14462062	0.341497534686389
14462062	0.337526633120268
14462062	0.34133172021329
14462062	0.345071202356433
14462062	0.341127531472359
14462062	0.337251082251082
14462062	0.33344033555898
14462062	0.333439133286781
14462062	0.333437951164397
14462062	0.329733085040348
14462062	0.329772866789441
14462062	0.329811992795418
14462062	0.329850477391461
14462062	0.333511522927061
14462062	0.337113200156678
14462062	0.333488327036714
14462062	0.333486669350047
14462062	0.329938938825047
14462062	0.329974858343653
14462062	0.330010210711965
14462062	0.330045007807477
14462062	0.326607038976149
14462062	0.326676741508348
14462062	0.330181792283176
14462062	0.33363291919993
14462062	0.337031222745508
14462062	0.340377775475673
14462062	0.34367362286144
14462062	0.34356970035362
14462062	0.343467336683417
14462062	0.340049751243781
14462062	0.336682922023546
14462062	0.333365848900161
14462062	0.330097556263885
14462062	0.326877092300335
14462062	0.323703528297419
14462062	0.323796569891969
14462062	0.327093397745572
14462062	0.327153110047847
14462062	0.327211969317233
14462062	0.327269991724968
14462062	0.327327193060896
14462062	0.330513479198039
14462062	0.327424568177497
14462062	0.330580308628559
14462062	0.330605799598048
14462062	0.333703134778404
14462062	0.333699742104596
14462062	0.336740535936213
14462062	0.339739864397399
14462062	0.342698477992596
14462062	0.339611104316987
14462062	0.336565264816386
14462062	0.333560217809097
14462062	0.330595238095238
14462062	0.330619469026549
14462062	0.330643379725287
14462062	0.330666975809568
14462062	0.333601470926224
14462062	0.336497690019619
14462062	0.339356295878035
14462062	0.336430810568742
14462062	0.336404222781313
14462062	0.336377975862955
14462062	0.339188943444263
14462062	0.341964178386825
14462062	0.344704283773153
14462062	0.344608729567777
14462062	0.347303775066512
14462062	0.349965132496513
14462062	0.349827109266943
14462062	0.349690797069145
14462062	0.34681268351302
14462062	0.349434437473296
14462062	0.34930299988848
14462062	0.34917316520104
14462062	0.349044907453123
14462062	0.346230029167211
14462062	0.343449065077514
14462062	0.343368139223561
14462062	0.34594422310757
14462062	0.348489639326293
14462062	0.348369826630696
14462062	0.345626757129667
14462062	0.3455303381195
14462062	0.345435049019608
14462062	0.345340872243839
14462062	0.345247790546859
14462062	0.34258178444225
14462062	0.33994653994654
14462062	0.337341585617448
14462062	0.334766459009681
14462062	0.332220706469683
14462062	0.332229135461075
14462062	0.329721745759482
14462062	0.32724263488911
14462062	0.32728825809843
14462062	0.327333370600183
14462062	0.32489966524256
14462062	0.327431272660517
14462062	0.327474830303859
14462062	0.32506692713986
14462062	0.32268548445019
14462062	0.322763205974885
14462062	0.322840079628401
14462062	0.320500658761528
14462062	0.318186574582745
14462062	0.315897462535387
14462062	0.316022450856519
14462062	0.316146100017068
14462062	0.31389594983901
14462062	0.314033803622658
14462062	0.316525908661838
14462062	0.314296852967037
14462062	0.31676962358949
14462062	0.314554451396557
14462062	0.314685314685315
14462062	0.314814814814815
14462062	0.314942970652313
14462062	0.315069800739769
14462062	0.315195323300549
14462062	0.319885766291641
14462062	0.319977558558137
14462062	0.322335987864998
14462062	0.32241054613936
14462062	0.324736601007788
14462062	0.322549822549823
14462062	0.324859331570741
14462062	0.324916013856778
14462062	0.324972129319955
14462062	0.325027685492802
14462062	0.3272901953019
14462062	0.325129863979776
14462062	0.325183834172891
14462062	0.323051481161921
14462062	0.3231186828101
14462062	0.321013675104497
14462062	0.321093672885204
14462062	0.321172893988428
14462062	0.319100810801406
14462062	0.323479583722297
14462062	0.325679500920659
14462062	0.325728407198056
14462062	0.325776846218026
14462062	0.327941226030398
14462062	0.330085057933159
14462062	0.332208601205926
14462062	0.33011923893419
14462062	0.334319118313913
14462062	0.336396290491118
14462062	0.336377206645898
14462062	0.33842869397522
14462062	0.340461127242659
14462062	0.342474741683548
14462062	0.346521050965495
14462062	0.348485134497405
14462062	0.350431198914342
14462062	0.348294423311206
14462062	0.34820347443596
14462062	0.350133554388874
14462062	0.350032042479173
14462062	0.351939479974278
14462062	0.351827731345804
14462062	0.353712994431557
14462062	0.351601275061817
14462062	0.35347666429756
14462062	0.353357119306674
14462062	0.353238635366004
14462062	0.353121199955781
14462062	0.35104401642663
14462062	0.350940141452476
14462062	0.348887859923514
14462062	0.34685352837877
14462062	0.344836938097498
14462062	0.344770250533648
14462062	0.344704141185669
14462062	0.342717373801314
14462062	0.342663442534256
14462062	0.342609974859753
14462062	0.342556965479602
14462062	0.344403744403744
14462062	0.344340844340844
14462062	0.34616705296592
14462062	0.34609454607534
14462062	0.346022651919047
14462062	0.345951363612386
14462062	0.347748087999245
14462062	0.347667558643569
14462062	0.347587702235156
14462062	0.34565665944496
14462062	0.347435108238432
14462062	0.349198818505992
14462062	0.349111405364545
14462062	0.350856214492578
14462062	0.352586682723669
14462062	0.356124460413704
14462062	0.35600025808629
14462062	0.357688662480749
14462062	0.361170024743726
14462062	0.362821357943309
14462062	0.364459338044244
14462062	0.362499879237554
14462062	0.362343490251473
14462062	0.36575341811109
14462062	0.367358288770054
14462062	0.367177304964539
14462062	0.366997761348458
14462062	0.365055974251377
14462062	0.36312955750071
14462062	0.36297273526825
14462062	0.362817147856518
14462062	0.360917581637374
14462062	0.362514182603584
14462062	0.365834421235857
14462062	0.367397186147186
14462062	0.367220689500482
14462062	0.367045561044838
14462062	0.36858999973361
14462062	0.366694935467628
14462062	0.368233252037879
14462062	0.369759765667694
14462062	0.367873236251022
14462062	0.367697460663655
14462062	0.367523023469085
14462062	0.369037674827047
14462062	0.372224353237012
14462062	0.373707689828597
14462062	0.3751798454911
14462062	0.376640932314035
14462062	0.374757727652465
14462062	0.376213632585204
14462062	0.377658672555758
14462062	0.38074721512372
14462062	0.378862327920137
14462062	0.378637493378968
14462062	0.378414320176772
14462062	0.376554790347894
14462062	0.377976907388672
14462062	0.377758601403071
14462062	0.379167909038504
14462062	0.377322809724448
14462062	0.378727391554264
14462062	0.381735975614534
14462062	0.38150214642477
14462062	0.381270007566498
14462062	0.381039542786531
14462062	0.380810736026563
14462062	0.382178467752114
14462062	0.381945316752502
14462062	0.381713831117172
14462062	0.381483995023187
14462062	0.382835571666048
14462062	0.384177562658958
14462062	0.382365404344529
14462062	0.382134665186829
14462062	0.380340605725858
14462062	0.378559150898103
14462062	0.378347815302006
14462062	0.379691959131212
14462062	0.379476337615873
14462062	0.379262216946348
14462062	0.377506373349374
14462062	0.375762694950532
14462062	0.375567167938471
14462062	0.375372989388562
14462062	0.378238250905129
14462062	0.381083842434167
14462062	0.383909943610267
14462062	0.382160923366028
14462062	0.380423828259819
14462062	0.383233697519412
14462062	0.38451619964225
14462062	0.385790016649132
14462062	0.385553725282845
14462062	0.386817154232885
14462062	0.386577316471003
14462062	0.387830512668747
14462062	0.386099126451476
14462062	0.388833651500689
14462062	0.387105501938464
14462062	0.388345241028168
14462062	0.389576751761082
14462062	0.390800106793777
14462062	0.392015377982645
14462062	0.393222636394443
14462062	0.392959964012596
14462062	0.394157805162066
14462062	0.393892196114779
14462062	0.393628323074337
14462062	0.393366170945029
14462062	0.393105724794869
14462062	0.392846969853478
14462062	0.394029776319193
14462062	0.393768153720116
14462062	0.393508219008775
14462062	0.394680572861384
14462062	0.397272947281678
14462062	0.396999701068224
14462062	0.398149666806383
14462062	0.396455412905079
14462062	0.396187378596919
14462062	0.397333477275181
14462062	0.398472306828633
14462062	0.396790989078301
14462062	0.397927307720779
14462062	0.39905646469114
14462062	0.400178520045335
14462062	0.399898833071644
14462062	0.398229109342744
14462062	0.397958710276038
14462062	0.397689997689998
14462062	0.398806083453386
14462062	0.39715471250741
14462062	0.396890987800079
14462062	0.396628894379597
14462062	0.397740160932219
14462062	0.396106731113196
14462062	0.397215583308087
14462062	0.395590979695375
14462062	0.395336866853081
14462062	0.395084306635078
14462062	0.394833286418404
14462062	0.395936058752068
14462062	0.397032134087755
14462062	0.396774765195818
14462062	0.395174866949061
14462062	0.396267389281928
14462062	0.397353330154959
14462062	0.395760731637304
14462062	0.395511022044088
14462062	0.395262807717898
14462062	0.396344097992594
14462062	0.398744320266977
14462062	0.401130255504013
14462062	0.402181884855152
14462062	0.400592233136357
14462062	0.402956760816293
14462062	0.402682652834076
14462062	0.401100402724709
14462062	0.400834649511409
14462062	0.4005704564931
14462062	0.399005728147423
14462062	0.397450150259909
14462062	0.395903651620765
14462062	0.395660660093436
14462062	0.394127091643461
14462062	0.392602422043293
14462062	0.391086582575944
14462062	0.390864026702177
14462062	0.390642754804605
14462062	0.391702347556474
14462062	0.391478711486654
14462062	0.392531055483518
14462062	0.392305109979128
14462062	0.392080455591906
14462062	0.39185708250347
14462062	0.392900003126481
14462062	0.392674371801507
14462062	0.391189780603769
14462062	0.389713592752434
14462062	0.39075673050729
14462062	0.393047118738466
14462062	0.394073833740073
14462062	0.393846341229186
14462062	0.394866230296242
14462062	0.393392848839913
14462062	0.393169163493519
14462062	0.391707568090198
14462062	0.390254107726227
14462062	0.39004329004329
14462062	0.389833641404806
14462062	0.388395140883017
14462062	0.389420082046124
14462062	0.389213880764092
14462062	0.390232056125202
14462062	0.391244637116197
14462062	0.393470433689812
14462062	0.393250955221358
14462062	0.391818347005615
14462062	0.392817795440746
14462062	0.391391959522631
14462062	0.392389331649965
14462062	0.393381293078596
14462062	0.393164513440527
14462062	0.391747704383084
14462062	0.3927366215136
14462062	0.394917100430966
14462062	0.3970858563434
14462062	0.396857761448909
14462062	0.396630888491354
14462062	0.39640522875817
14462062	0.394994533993906
14462062	0.394775488876106
14462062	0.394557608891912
14462062	0.39434088579259
14462062	0.395303167703806
14462062	0.395084579222781
14462062	0.396040854178569
14462062	0.396992087262886
14462062	0.39676872321401
14462062	0.395378990383138
14462062	0.396327548691822
14462062	0.397271140726638
14462062	0.398209801095767
14462062	0.400302984396304
14462062	0.401227858293076
14462062	0.403303324988767
14462062	0.405368019365968
14462062	0.405119194889172
14462062	0.403722232148175
14462062	0.405774823431658
14462062	0.406671358975421
14462062	0.40527625997379
14462062	0.405029880088035
14462062	0.405924364828474
14462062	0.40567661386774
14462062	0.404294410754051
14462062	0.40518683339321
14462062	0.403810986760296
14462062	0.402442135957718
14462062	0.402208265221257
14462062	0.401975579640554
14462062	0.402868298315179
14462062	0.401511839398292
14462062	0.402403116128606
14462062	0.402171338333991
14462062	0.401940725251912
14462062	0.400596441889866
14462062	0.400371857220228
14462062	0.400148395473938
14462062	0.401035311517841
14462062	0.400810388002278
14462062	0.40058658350918
14462062	0.402571396146567
14462062	0.402342509988506
14462062	0.40321486694124
14462062	0.402984614771197
14462062	0.401659007485766
14462062	0.400339930285484
14462062	0.401213132699848
14462062	0.400990940230564
14462062	0.399680512321313
14462062	0.399464045179428
14462062	0.399248635694587
14462062	0.397950266147613
14462062	0.397740470911203
14462062	0.397531695748876
14462062	0.39732393405821
14462062	0.397117179290117
14462062	0.395836156131117
14462062	0.397781933406057
14462062	0.398646514541943
14462062	0.397366750450316
14462062	0.399298267275795
14462062	0.398020512820513
14462062	0.396748881789137
14462062	0.395483335116764
14462062	0.394223834049513
14462062	0.39403022355439
14462062	0.392779333955805
14462062	0.392590915570313
14462062	0.393458243896568
14462062	0.392215089887416
14462062	0.394132392442976
14462062	0.393940899343418
14462062	0.393750309513198
14462062	0.394607189755438
14462062	0.395460040780238
14462062	0.395265590991672
14462062	0.395072052686489
14462062	0.395919461778471
14462062	0.396762911014883
14462062	0.397602425029352
14462062	0.399473224951621
14462062	0.400301731747637
14462062	0.400094399244806
14462062	0.398857631395518
14462062	0.397626589323309
14462062	0.398455680470746
14462062	0.399280945043657
14462062	0.39805427547363
14462062	0.396833250088742
14462062	0.396638763360548
14462062	0.396445168773309
14462062	0.39727027258367
14462062	0.396059082728232
14462062	0.395868136763559
14462062	0.394664890147257
14462062	0.393467121133153
14462062	0.395305099553962
14462062	0.397134736166506
14462062	0.395934933338209
14462062	0.394740559481985
14462062	0.393551581893184
14462062	0.395375486910046
14462062	0.396190175137544
14462062	0.3950021986004
14462062	0.393819557287225
14462062	0.394635243712873
14462062	0.396442302686865
14462062	0.396254198456303
14462062	0.39606693397677
14462062	0.397861683058563
14462062	0.399648443642959
14462062	0.399451954427227
14462062	0.401228723792826
14462062	0.400043409985462
14462062	0.398863340929458
14462062	0.400633993828046
14462062	0.400436050708943
14462062	0.401217932106763
14462062	0.402973891250145
14462062	0.402769965751121
14462062	0.403541593531576
14462062	0.402363369900827
14462062	0.403133933448249
14462062	0.402930729372223
14462062	0.403697403608544
14462062	0.403493153767397
14462062	0.403289791969037
14462062	0.402122527737579
14462062	0.403850497310591
14462062	0.404608985533841
14462062	0.40344296540262
14462062	0.404200443679638
14462062	0.404954656964084
14462062	0.40570562399336
14462062	0.406453363370647
14462062	0.407197893566058
14462062	0.407939232917774
14462062	0.408677399633177
14462062	0.409412411789968
14462062	0.409195970599479
14462062	0.409927421440579
14462062	0.41160138620245
14462062	0.410435376609809
14462062	0.409274314724067
14462062	0.410001411763452
14462062	0.409785140738262
14462062	0.411447717806605
14462062	0.412165633274565
14462062	0.411944194229787
14462062	0.411723686906094
14462062	0.410570399267702
14462062	0.410354351530822
14462062	0.410139209021891
14462062	0.409924966690821
14462062	0.410640124629472
14462062	0.410425084876214
14462062	0.409285015196003
14462062	0.409998972620332
14462062	0.409786602428401
14462062	0.409575113440586
14462062	0.409364500788356
14462062	0.408235219406871
14462062	0.408028878122922
14462062	0.406906377770452
14462062	0.405788503106247
14462062	0.404675228749303
14462062	0.403566529492456
14462062	0.402462380300958
14462062	0.401362756311064
14462062	0.400267632828633
14462062	0.399176985327738
14462062	0.398090789449295
14462062	0.397009020999704
14462062	0.397740792086996
14462062	0.398469588495071
14462062	0.399195426325035
14462062	0.3990174206683
14462062	0.39794045057203
14462062	0.397766307398879
14462062	0.397592867361018
14462062	0.397420126678148
14462062	0.398142936181473
14462062	0.398862838944168
14462062	0.397794933083541
14462062	0.396731310267809
14462062	0.395671947623569
14462062	0.394616822429907
14462062	0.393565912117177
14462062	0.392519194265802
14462062	0.391476646605069
14462062	0.392206593607885
14462062	0.391167635744023
14462062	0.390132800728827
14462062	0.389982736085774
14462062	0.389833265366111
14462062	0.389684385439806
14462062	0.389536093197421
14462062	0.3902644258478
14462062	0.389240109769459
14462062	0.38996730913223
14462062	0.390691653000121
14462062	0.389670236913846
14462062	0.390393465189963
14462062	0.390244677362436
14462062	0.390964526292916
14462062	0.390814640225401
14462062	0.392396939861179
14462062	0.392243726874077
14462062	0.391227551415854
14462062	0.391077760424696
14462062	0.390928550018775
14462062	0.389919702147759
14462062	0.389773860991021
14462062	0.388770582069551
14462062	0.388628069862003
14462062	0.388486106481955
14462062	0.389199389969608
14462062	0.390763540059315
14462062	0.390616659735207
14462062	0.38961891603218
14462062	0.388624990225976
14462062	0.389333376662767
14462062	0.388342706493142
14462062	0.387355812702816
14462062	0.388064723499679
14462062	0.388770938818226
14462062	0.39031835416299
14462062	0.389331455669531
14462062	0.390873547953194
14462062	0.390728427613674
14462062	0.389744225025226
14462062	0.38876373640881
14462062	0.388624464039274
14462062	0.389322186003207
14462062	0.390017284952238
14462062	0.389041021410431
14462062	0.389735085523571
14462062	0.389594257178527
14462062	0.389453955622803
14462062	0.390144398240596
14462062	0.390003077183613
14462062	0.39069044013885
14462062	0.389720984952402
14462062	0.390407343519227
14462062	0.391916236233289
14462062	0.392595470919156
14462062	0.393272189921002
14462062	0.393124375231513
14462062	0.393798124717807
14462062	0.393649379843552
14462062	0.39350118316908
14462062	0.393353532003839
14462062	0.393206423673764
14462062	0.393059855521156
14462062	0.39291382490456
14462062	0.392768329198647
14462062	0.392623365794098
14462062	0.393290949961875
14462062	0.392334037674863
14462062	0.393000702629886
14462062	0.393664940406674
14462062	0.393518681965284
14462062	0.392565852226869
14462062	0.39322873206832
14462062	0.39469436315028
14462062	0.394546326890167
14462062	0.393595612849468
14462062	0.393450577279032
14462062	0.393306064673393
14462062	0.392361752393265
14462062	0.392220197431491
14462062	0.392079151050417
14462062	0.391938610816644
14462062	0.391798574311308
14462062	0.391659039129976
14462062	0.391520002882547
14462062	0.391381463193144
14462062	0.392828831889474
14462062	0.39347927805284
14462062	0.394127409461177
14462062	0.393983347669405
14462062	0.394628751974724
14462062	0.393695823483058
14462062	0.392766199342602
