48605966	0.666666666666667
48605966	0.222222222222222
48605966	0.444444444444444
48605966	0.666666666666667
48605966	0.666666666666667
48605966	0.476190476190476
48605966	0.440476190476191
48605966	0.416666666666667
48605966	0.533333333333333
48605966	0.618181818181818
48605966	0.515151515151515
48605966	0.487179487179487
48605966	0.512820512820513
48605966	0.488888888888889
48605966	0.511111111111111
48605966	0.450980392156863
48605966	0.400871459694989
48605966	0.358674463937622
48605966	0.32280701754386
48605966	0.323809523809524
48605966	0.354978354978355
48605966	0.353096179183136
48605966	0.379227053140097
48605966	0.402222222222222
48605966	0.396923076923077
48605966	0.392212725546059
48605966	0.411816578483245
48605966	0.383415435139573
48605966	0.357854406130268
48605966	0.334767025089606
48605966	0.313844086021505
48605966	0.315025252525253
48605966	0.31610219845514
48605966	0.298039215686275
48605966	0.318518518518519
48605966	0.337337337337337
48605966	0.319582740635372
48605966	0.303193882141251
48605966	0.304700854700855
48605966	0.322357723577236
48605966	0.338753387533875
48605966	0.338501291989664
48605966	0.368569415081043
48605966	0.396632996632997
48605966	0.393880837359098
48605966	0.405488744989208
48605966	0.416371158392435
48605966	0.412981859410431
48605966	0.436462585034014
48605966	0.445490196078431
48605966	0.441176470588235
48605966	0.424528301886792
48605966	0.408805031446541
48605966	0.418181818181818
48605966	0.427056277056277
48605966	0.412071846282373
48605966	0.397862472272636
48605966	0.395675043834015
48605966	0.404708097928437
48605966	0.402367941712204
48605966	0.421646395205359
48605966	0.440006827103601
48605966	0.426256613756614
48605966	0.433653846153846
48605966	0.440714840714841
48605966	0.457409920096487
48605966	0.4537606087211
48605966	0.440608127308895
48605966	0.428019323671498
48605966	0.415962441314554
48605966	0.404407929055816
48605966	0.393328259766616
48605966	0.38269776625941
48605966	0.372492492492493
48605966	0.362690058479532
48605966	0.353269537480064
48605966	0.361305361305361
48605966	0.369036027263875
48605966	0.359810126582278
48605966	0.359156378600823
48605966	0.358526548228445
48605966	0.34988735429523
48605966	0.341556703002486
48605966	0.333520074696545
48605966	0.325763793889649
48605966	0.318274971041611
48605966	0.326192964123999
48605966	0.34133469526728
48605966	0.341156887224303
48605966	0.333658933658934
48605966	0.326405478579392
48605966	0.326554464703132
48605966	0.319606497369023
48605966	0.312877939529675
48605966	0.313304093567252
48605966	0.320589919816724
48605966	0.314047268391893
48605966	0.307702879131451
48605966	0.301548821548822
48605966	0.295577557755776
48605966	0.289781919368407
48605966	0.297100069801383
48605966	0.3042071197411
48605966	0.298412698412698
48605966	0.292782270140761
48605966	0.287309704343737
48605966	0.28816199376947
48605966	0.288990825688073
48605966	0.283736447039199
48605966	0.278624078624079
48605966	0.273648648648649
48605966	0.268805309734513
48605966	0.264089427107592
48605966	0.259496567505721
48605966	0.255022488755622
48605966	0.250663129973475
48605966	0.257714037375054
48605966	0.264587190808527
48605966	0.260177404295051
48605966	0.255876951331497
48605966	0.251682247211308
48605966	0.24758985294771
48605966	0.248972812308768
48605966	0.244989247311828
48605966	0.246391534391534
48605966	0.258259384243636
48605966	0.269849081364829
48605966	0.265665374677003
48605966	0.261578215066587
48605966	0.257584654531219
48605966	0.253681856735292
48605966	0.249867091972355
48605966	0.251112856768788
48605966	0.252330937903077
48605966	0.248620188816267
48605966	0.249856877057392
48605966	0.251066680771536
48605966	0.252250373614152
48605966	0.258170606372045
48605966	0.25450861195542
48605966	0.255618819298771
48605966	0.266029744902984
48605966	0.276223776223776
48605966	0.272413793103448
48605966	0.268682097307511
48605966	0.265026558568633
48605966	0.261445118587976
48605966	0.25793578813713
48605966	0.254496644295302
48605966	0.264370860927152
48605966	0.265278261879865
48605966	0.274882467606926
48605966	0.275641569759217
48605966	0.272084904342969
48605966	0.268596636338572
48605966	0.265175023136807
48605966	0.261818377274315
48605966	0.266910808587427
48605966	0.271907756813417
48605966	0.268530020703934
48605966	0.265214835263145
48605966	0.261960665505315
48605966	0.258766023243055
48605966	0.255629465385563
48605966	0.252549592308629
48605966	0.249525046292956
48605966	0.250522763995818
48605966	0.25150277073354
48605966	0.248543914607263
48605966	0.245636968237587
48605966	0.242780724420871
48605966	0.239974010843751
48605966	0.23721568888003
48605966	0.234504652435687
48605966	0.231839826839827
48605966	0.22922016777949
48605966	0.22664466027635
48605966	0.224112317703429
48605966	0.221622180840058
48605966	0.219173316963372
48605966	0.216764818974764
48605966	0.214395804559739
48605966	0.219311792191336
48605966	0.224148061104583
48605966	0.221737866899157
48605966	0.219366338910931
48605966	0.217032654454432
48605966	0.214736012608353
48605966	0.21598440545809
48605966	0.224193992835492
48605966	0.2288030831879
48605966	0.236794761082326
48605966	0.2446628563289
48605966	0.242153493699886
48605966	0.246485260770975
48605966	0.247366967091405
48605966	0.248235314225162
48605966	0.249090570698611
48605966	0.249932998324958
48605966	0.25407960199005
48605966	0.251563962366386
