42378133	0.666666666666667
42378133	0.444444444444444
42378133	0.222222222222222
42378133	0.266666666666667
42378133	0.4
42378133	0.476190476190476
42378133	0.607142857142857
42378133	0.546296296296296
42378133	0.57037037037037
42378133	0.527272727272727
42378133	0.550505050505051
42378133	0.568376068376068
42378133	0.534798534798535
42378133	0.507936507936508
42378133	0.486111111111111
42378133	0.468137254901961
42378133	0.453159041394336
42378133	0.475633528265107
42378133	0.494736842105263
42378133	0.511111111111111
42378133	0.525252525252525
42378133	0.508563899868248
42378133	0.549516908212561
42378133	0.558888888888889
42378133	0.515897435897436
42378133	0.527065527065527
42378133	0.537037037037037
42378133	0.545977011494253
42378133	0.531800766283525
42378133	0.497491039426523
42378133	0.466397849462366
42378133	0.478535353535354
42378133	0.489601901366607
42378133	0.499719887955182
42378133	0.508994708994709
42378133	0.517517517517518
42378133	0.525367472735894
42378133	0.515519568151147
42378133	0.48974358974359
42378133	0.465853658536585
42378133	0.45954316686024
42378133	0.469176818014027
42378133	0.463002114164905
42378133	0.472053872053872
42378133	0.480515297906602
42378133	0.488436632747456
42378133	0.495862884160757
42378133	0.47562358276644
42378133	0.469931972789116
42378133	0.47764705882353
42378133	0.47209653092006
42378133	0.479438800193517
42378133	0.486373165618449
42378133	0.505050505050505
42378133	0.510822510822511
42378133	0.492898913951546
42378133	0.475902399677354
42378133	0.471069549970777
42378133	0.455367231638418
42378133	0.462295081967213
42378133	0.468887713731712
42378133	0.475166410650282
42378133	0.481150793650794
42378133	0.466346153846154
42378133	0.462315462315462
42378133	0.458465249510026
42378133	0.454784899034241
42378133	0.441602728047741
42378133	0.428985507246377
42378133	0.435680751173709
42378133	0.43283776734481
42378133	0.430111618467783
42378133	0.427495989139825
42378133	0.416096096096096
42378133	0.405146198830409
42378133	0.411938938254728
42378133	0.40992340992341
42378133	0.416423239208049
42378133	0.422679324894515
42378133	0.412242798353909
42378133	0.426578339857473
42378133	0.424331472230385
42378133	0.430101357812201
42378133	0.427824463118581
42378133	0.42562699498404
42378133	0.438830972110844
42378133	0.436433298502264
42378133	0.44160708205652
42378133	0.439200998751561
42378133	0.444200244200244
42378133	0.456282847587196
42378133	0.460807230793206
42378133	0.458095020208953
42378133	0.448450914520343
42378133	0.459941520467836
42378133	0.450458190148912
42378133	0.441265165860159
42378133	0.439084724799011
42378133	0.443636363636364
42378133	0.448052805280528
42378133	0.445803403869799
42378133	0.437147027095628
42378133	0.428740353497635
42378133	0.426923076923077
42378133	0.418867924528302
42378133	0.423499676717804
42378133	0.421829929618092
42378133	0.420206138860573
42378133	0.418626633305532
42378133	0.411083811083811
42378133	0.40969540969541
42378133	0.420143278550358
42378133	0.418620297055323
42378133	0.411339944063056
42378133	0.409995002498751
42378133	0.408684546615581
42378133	0.418706842435656
42378133	0.41727199354318
42378133	0.421428571428572
42378133	0.419972451790634
42378133	0.429481100121935
42378133	0.422497667599627
42378133	0.421059533175977
42378133	0.414322580645161
42378133	0.418328042328042
42378133	0.422238886805816
42378133	0.426058070866142
42378133	0.434956395348837
42378133	0.438521168753727
42378133	0.442004306126444
42378133	0.445408281286144
42378133	0.453748006379585
42378133	0.446975648075413
42378133	0.445292058227382
42378133	0.443645606390704
42378133	0.446901388292543
42378133	0.454917310201347
42378133	0.453167900462239
42378133	0.451455978074683
42378133	0.459236744343127
42378133	0.452768621183365
42378133	0.455760202239076
42378133	0.454059829059829
42378133	0.452394636015326
42378133	0.450763659266257
42378133	0.449165967756966
42378133	0.456609670895385
42378133	0.463903500816253
42378133	0.466607009694258
42378133	0.464841795437822
42378133	0.463111420936447
42378133	0.465772273821809
42378133	0.464052287581699
42378133	0.466666666666667
42378133	0.464957264957265
42378133	0.467526811475856
42378133	0.470047569136499
42378133	0.472520765331847
42378133	0.479114255765199
42378133	0.4773033126294
42378133	0.471410679140148
42378133	0.473806458128203
42378133	0.472093371240461
42378133	0.474451835427445
42378133	0.472751612510649
42378133	0.471081932520501
42378133	0.473410322212718
42378133	0.475697379543534
42378133	0.474022508411649
42378133	0.476275656461415
42378133	0.474613536425042
42378133	0.472980239279473
42378133	0.471375102429517
42378133	0.469797482211275
42378133	0.468246753246753
42378133	0.466722307824003
42378133	0.461478236949576
42378133	0.463770845102839
42378133	0.462321539416512
42378133	0.460896255371394
42378133	0.463157468682331
42378133	0.469024600172141
42378133	0.471172883503603
42378133	0.473286329808069
42378133	0.471781458878233
42378133	0.47030073026278
42378133	0.472389729586225
42378133	0.474445570190251
42378133	0.479977722082985
42378133	0.481932580141453
42378133	0.480384671320535
42378133	0.482315054691998
42378133	0.480779160657372
42378133	0.479266895761741
42378133	0.477777777777778
42378133	0.476311336717428
42378133	0.47150011109402
42378133	0.470111500262254
42378133	0.468743718592965
42378133	0.470713101160862
42378133	0.466052575406795
42378133	0.464744996667155
