10173627	0.666666666666667
10173627	0.444444444444444
10173627	0.388888888888889
10173627	0.366666666666667
10173627	0.577777777777778
10173627	0.507936507936508
10173627	0.464285714285714
10173627	0.361111111111111
10173627	0.422222222222222
10173627	0.406060606060606
10173627	0.338383838383838
10173627	0.388888888888889
10173627	0.380952380952381
10173627	0.463492063492064
10173627	0.530555555555556
10173627	0.507352941176471
10173627	0.4880174291939
10173627	0.541910331384016
10173627	0.521052631578947
10173627	0.503174603174603
10173627	0.487734487734488
10173627	0.503293807641634
10173627	0.489130434782609
10173627	0.503333333333333
10173627	0.49025641025641
10173627	0.478632478632479
10173627	0.492063492063492
10173627	0.527093596059113
10173627	0.53639846743295
10173627	0.523297491039427
10173627	0.511424731182796
10173627	0.500631313131313
10173627	0.471182412358883
10173627	0.463305322128852
10173627	0.456084656084656
10173627	0.431431431431431
10173627	0.408724513987672
10173627	0.439046333783176
10173627	0.417094017094017
10173627	0.429268292682927
10173627	0.440572977158343
10173627	0.45108896271687
10173627	0.460887949260042
10173627	0.440404040404041
10173627	0.435748792270531
10173627	0.445575084798027
10173627	0.427009456264775
10173627	0.436791383219955
10173627	0.445986394557823
10173627	0.467712418300654
10173627	0.449723479135244
10173627	0.457910014513788
10173627	0.477987421383648
10173627	0.472727272727273
10173627	0.491558441558442
10173627	0.486006683375105
10173627	0.492236337971365
10173627	0.475550360413014
10173627	0.481920903954802
10173627	0.487978142076503
10173627	0.504494976203067
10173627	0.520225294418843
10173627	0.524801587301587
10173627	0.508653846153846
10173627	0.493240093240093
10173627	0.478516508367255
10173627	0.484050336552532
10173627	0.489343563512361
10173627	0.484886128364389
10173627	0.490006706908115
10173627	0.49491392801252
10173627	0.490487062404871
10173627	0.486239664321856
10173627	0.491051051051051
10173627	0.47812865497076
10173627	0.483025746183641
10173627	0.479187479187479
10173627	0.475494969165855
10173627	0.480274261603376
10173627	0.47664609053498
10173627	0.465020576131687
10173627	0.453815261044177
10173627	0.450946643717728
10173627	0.440336134453782
10173627	0.453351573187415
10173627	0.450592533190769
10173627	0.447927551375827
10173627	0.43786176370446
10173627	0.442946317103621
10173627	0.433211233211233
10173627	0.431039974518235
10173627	0.436107215209599
10173627	0.441012735453367
10173627	0.438745800671893
10173627	0.450438596491228
10173627	0.454896907216495
10173627	0.466021460130444
10173627	0.463340891912321
10173627	0.460740740740741
10173627	0.464818481848185
10173627	0.462240341681227
10173627	0.472682276794213
10173627	0.470002489419965
10173627	0.48009768009768
10173627	0.477328541479485
10173627	0.4746370422618
10173627	0.472020306911273
10173627	0.475591799750821
10173627	0.473005282179594
10173627	0.470488670488671
10173627	0.462087087087087
10173627	0.471607669616519
10173627	0.475029757284066
10173627	0.466768370200865
10173627	0.464467766116942
10173627	0.462226151881324
10173627	0.454391810324014
10173627	0.446754973175711
10173627	0.444864612511671
10173627	0.448530762167126
10173627	0.441177798852911
10173627	0.444844284508419
10173627	0.437669376693767
10173627	0.436
10173627	0.429079365079365
10173627	0.432820897387827
10173627	0.431266404199475
10173627	0.424580103359173
10173627	0.423176306897237
10173627	0.416715599921707
10173627	0.415452232246125
10173627	0.419229892914104
10173627	0.417947854711405
10173627	0.411756034641607
10173627	0.405700798838054
10173627	0.409510519536282
10173627	0.413237420219331
10173627	0.41688388419699
10173627	0.420452209660843
10173627	0.414488348530902
10173627	0.42273499150934
10173627	0.430808627991727
10173627	0.424825174825175
10173627	0.423563218390805
10173627	0.426893402613762
10173627	0.425620476501103
10173627	0.424373352944782
10173627	0.427625612189371
10173627	0.435257270693512
10173627	0.442737306843267
10173627	0.441297780876031
10173627	0.444243779383098
10173627	0.43847437965085
10173627	0.437117720988689
10173627	0.440060656189688
10173627	0.438701072459034
10173627	0.445806122174743
10173627	0.444391370113844
10173627	0.443003144654088
10173627	0.445781573498965
10173627	0.448508549957825
10173627	0.447095357115807
10173627	0.445708015362362
10173627	0.448386302044839
10173627	0.442984057441889
10173627	0.445662891085299
10173627	0.444325634445395
10173627	0.443012116089039
10173627	0.445643346095835
10173627	0.45212704965027
10173627	0.454621696359762
10173627	0.453219518752521
10173627	0.451841516621266
10173627	0.454296661193213
10173627	0.452922077922078
10173627	0.447804314329738
10173627	0.446518123532026
10173627	0.441529094218819
10173627	0.436623215394165
10173627	0.439165131982812
10173627	0.438002145184466
10173627	0.440501210993014
10173627	0.439336342757583
10173627	0.438190364277321
10173627	0.437062869320934
10173627	0.435953462518927
10173627	0.441953957598513
10173627	0.444331869863785
10173627	0.450181008075745
10173627	0.445467070818407
10173627	0.444299011052938
10173627	0.439694876223374
10173627	0.435161939355092
10173627	0.434117543395894
10173627	0.436490493633351
10173627	0.432059118063469
10173627	0.434428891281683
10173627	0.433412855523408
10173627	0.432412060301508
10173627	0.428109452736318
10173627	0.427171075316487
10173627	0.426246565543254
10173627	0.42533565150198
10173627	0.424438067910091
10173627	0.426789801878601
10173627	0.429107452746119
10173627	0.424981419546637
10173627	0.420914611704085
10173627	0.426429710640237
10173627	0.431866395847439
10173627	0.430936838653909
10173627	0.433150264269053
10173627	0.435332660553142
10173627	0.437484604796059
10173627	0.433433821418318
10173627	0.432511236274677
10173627	0.434659451232402
10173627	0.436778238587966
10173627	0.438868133388681
10173627	0.440929658576717
10173627	0.439960322313264
10173627	0.436014489826149
10173627	0.435097693786035
10173627	0.437156084656085
10173627	0.439187151753523
10173627	0.438254518992112
10173627	0.437334157714403
10173627	0.436425853571337
10173627	0.435529396873616
10173627	0.434644582470669
10173627	0.433771209633279
10173627	0.4386315425978
10173627	0.434882555054229
10173627	0.436855185791356
10173627	0.435977881956966
10173627	0.435111683234404
10173627	0.437057523431314
10173627	0.438978938855877
10173627	0.440876336587634
10173627	0.439983863531581
10173627	0.436347633254461
10173627	0.435499778934122
10173627	0.434662349052149
10173627	0.436556261849002
10173627	0.435717051048062
10173627	0.434888033090857
10173627	0.434069043576684
10173627	0.435937297577406
10173627	0.432449799196787
10173627	0.431660026560425
10173627	0.430879655979258
10173627	0.430108538804191
10173627	0.426721857396284
10173627	0.423375019299058
10173627	0.422671568627451
10173627	0.424570363164721
10173627	0.423863099367579
10173627	0.423164027815191
10173627	0.422473022473022
10173627	0.419235681304647
10173627	0.416035408928276
10173627	0.420476204297642
10173627	0.417290778507509
10173627	0.419172860682295
10173627	0.416021185038067
10173627	0.417898679282476
10173627	0.422242718989323
10173627	0.419103367918771
10173627	0.41599889852678
10173627	0.412928795954626
10173627	0.412343535200058
10173627	0.411764705882353
10173627	0.411192214111922
10173627	0.415474452554745
10173627	0.412463768115942
10173627	0.409485690367813
10173627	0.408937831684111
10173627	0.408395863953998
10173627	0.410240655401946
10173627	0.409693272326724
10173627	0.409151712475707
10173627	0.406260180938777
10173627	0.405746611589442
10173627	0.40289926694671
10173627	0.400081789555474
10173627	0.401939523890743
10173627	0.406092721641502
10173627	0.405589196462899
10173627	0.402792029590741
10173627	0.40231465023502
