40971723	1
40971723	0.333333333333333
40971723	0.5
40971723	0.566666666666667
40971723	0.6
40971723	0.428571428571429
40971723	0.488095238095238
40971723	0.453703703703704
40971723	0.42962962962963
40971723	0.533333333333333
40971723	0.611111111111111
40971723	0.517094017094017
40971723	0.490842490842491
40971723	0.558730158730159
40971723	0.613888888888889
40971723	0.541666666666667
40971723	0.555555555555556
40971723	0.567251461988304
40971723	0.543859649122807
40971723	0.555555555555556
40971723	0.565656565656566
40971723	0.603425559947299
40971723	0.580917874396135
40971723	0.534444444444445
40971723	0.544615384615385
40971723	0.553656220322887
40971723	0.537918871252205
40971723	0.500821018062397
40971723	0.489655172413793
40971723	0.501075268817204
40971723	0.490591397849462
40971723	0.501262626262626
40971723	0.491384432560903
40971723	0.463305322128852
40971723	0.437566137566138
40971723	0.431931931931932
40971723	0.444286391654813
40971723	0.455690508322087
40971723	0.466239316239316
40971723	0.476016260162602
40971723	0.453348819202478
40971723	0.447766703580657
40971723	0.442565186751233
40971723	0.437710437710438
40971723	0.43317230273752
40971723	0.414739438791243
40971723	0.411347517730496
40971723	0.408163265306123
40971723	0.405170068027211
40971723	0.402352941176471
40971723	0.399698340874811
40971723	0.409772617319787
40971723	0.406941532727696
40971723	0.41638608305275
40971723	0.425324675324675
40971723	0.410401002506266
40971723	0.430732002419843
40971723	0.4274303526203
40971723	0.424293785310735
40971723	0.43224043715847
40971723	0.418297197250132
40971723	0.436763952892985
40971723	0.443948412698413
40971723	0.440544871794872
40971723	0.427195027195027
40971723	0.424393185587216
40971723	0.431518876207199
40971723	0.438334754191532
40971723	0.444858523119393
40971723	0.441716968477532
40971723	0.429447052686489
40971723	0.435946220192796
40971723	0.442181907935333
40971723	0.448168168168168
40971723	0.445146198830409
40971723	0.433583959899749
40971723	0.422466422466423
40971723	0.420209888564319
40971723	0.434704641350211
40971723	0.448662551440329
40971723	0.462109806283248
40971723	0.45097463022823
40971723	0.448173646968828
40971723	0.461157796451914
40971723	0.473689010487916
40971723	0.470462443197006
40971723	0.467345872518286
40971723	0.464334354783793
40971723	0.46883062838119
40971723	0.458526658526659
40971723	0.455805064500717
40971723	0.45317126383045
40971723	0.450621520628384
40971723	0.455169839492348
40971723	0.466520467836257
40971723	0.456901489117984
40971723	0.467985132197209
40971723	0.465264893836323
40971723	0.475959595959596
40971723	0.473135313531353
40971723	0.476930045945771
40971723	0.467669268354591
40971723	0.477906397809311
40971723	0.475152625152625
40971723	0.472476789457922
40971723	0.482337036383942
40971723	0.491923387562017
40971723	0.501245894212255
40971723	0.498192938559911
40971723	0.501228501228501
40971723	0.504182754182754
40971723	0.507058575642646
40971723	0.504010764374062
40971723	0.501042461225528
40971723	0.49240379810095
40971723	0.483986639159053
40971723	0.4814331932976
40971723	0.484546360917248
40971723	0.476470588235294
40971723	0.468595041322314
40971723	0.466377636273314
40971723	0.46421431427429
40971723	0.462103330710727
40971723	0.465376344086022
40971723	0.463280423280423
40971723	0.461234012415115
40971723	0.464443897637795
40971723	0.457243217054264
40971723	0.455336911150865
40971723	0.458563319632022
40971723	0.461716400647698
40971723	0.459785828206881
40971723	0.462873601915236
40971723	0.47083103003501
40971723	0.478612926652142
40971723	0.481358236725347
40971723	0.474382030395994
40971723	0.472352552740416
40971723	0.465604659129839
40971723	0.459000337723742
40971723	0.461925215596178
40971723	0.469450737056371
40971723	0.472189847189847
40971723	0.465676883780332
40971723	0.463863958431743
40971723	0.462088031559656
40971723	0.455843598700742
40971723	0.463147711469859
40971723	0.461416853094706
40971723	0.464135393671818
40971723	0.462414313930522
40971723	0.465084279325765
40971723	0.459044223750106
40971723	0.457422147744729
40971723	0.455831265508685
40971723	0.45427078229626
40971723	0.452739928511919
40971723	0.451237958761245
40971723	0.453930817610063
40971723	0.456573498964803
40971723	0.455052015438489
40971723	0.453558534676462
40971723	0.452092373684473
40971723	0.454693274205469
40971723	0.453231106243155
40971723	0.451795204771181
40971723	0.450384944396921
40971723	0.45294449140603
40971723	0.455458869938508
40971723	0.457929136566908
40971723	0.460356317149463
40971723	0.45888784334812
40971723	0.457444688060594
40971723	0.459835796387521
40971723	0.458398268398268
40971723	0.45698510529019
40971723	0.451850441185806
40971723	0.450526227690248
40971723	0.445520380715911
40971723	0.444280744833231
40971723	0.443061542509056
40971723	0.445505314357773
40971723	0.447909242100261
40971723	0.446670583627105
40971723	0.441867674125739
40971723	0.437141816648458
40971723	0.439583570372056
40971723	0.441986566100041
40971723	0.437334075930567
40971723	0.436245062919078
40971723	0.438645287958115
40971723	0.441008203799655
40971723	0.446771005822339
40971723	0.449026345933562
40971723	0.447845804988662
40971723	0.443299147069996
40971723	0.442188381274676
40971723	0.444444444444444
40971723	0.45
40971723	0.452155887230514
40971723	0.457580086366846
40971723	0.459640052675218
40971723	0.4584017515052
40971723	0.457181571815718
40971723	0.459215407688058
40971723	0.457999155761925
40971723	0.456800445930881
40971723	0.458808735124525
40971723	0.457613731297942
40971723	0.456435718047093
40971723	0.461563682971177
40971723	0.463489532583341
40971723	0.468503649101254
40971723	0.46724625081504
40971723	0.466006316393913
40971723	0.467855720543893
40971723	0.466621570202511
40971723	0.468448466060632
40971723	0.473280752732808
40971723	0.47503085150144
40971723	0.473754297283709
40971723	0.472494916441105
40971723	0.468276211830024
40971723	0.473002645502646
40971723	0.468816781383153
40971723	0.467623094616194
40971723	0.466445114254064
40971723	0.462371357797697
40971723	0.461249288019746
40971723	0.45725578769057
40971723	0.453313927451859
40971723	0.455145281436535
40971723	0.454104153674969
40971723	0.453076316906104
40971723	0.45488640461594
40971723	0.453860640301318
40971723	0.450046685340803
40971723	0.451859404849806
40971723	0.448093909809391
40971723	0.449907791609036
40971723	0.448944366334031
40971723	0.445249350973257
40971723	0.449796487440689
40971723	0.454287944686071
40971723	0.453304573862065
40971723	0.449634091482615
40971723	0.454072526228723
40971723	0.453102733514704
40971723	0.45481124497992
40971723	0.453843293492696
40971723	0.455532367882966
40971723	0.457201413723153
40971723	0.458850746423496
40971723	0.460480675209717
40971723	0.459487336601307
40971723	0.458505593385214
40971723	0.457535265787913
40971723	0.461724182654415
40971723	0.460736560736561
40971723	0.457206012378426
40971723	0.458804948670703
40971723	0.457850791900076
40971723	0.456907477820025
40971723	0.461006289308176
40971723	0.462552607934932
40971723	0.464081552195095
40971723	0.463105819218514
40971723	0.462140968022342
40971723	0.463655973197485
40971723	0.462694182497381
40971723	0.461742999782939
40971723	0.463244272067802
40971723	0.464729107064874
40971723	0.463773501437735
40971723	0.465243741765481
40971723	0.461884581175116
40971723	0.460959752053953
40971723	0.460044867331941
40971723	0.459139784946237
40971723	0.46061684460261
40971723	0.457350058470676
40971723	0.458829327786549
40971723	0.460292971018099
40971723	0.457062844905692
40971723	0.456197603566025
40971723	0.453018526189258
40971723	0.456817008646277
40971723	0.455962450339613
40971723	0.455116732291294
40971723	0.451988782241182
40971723	0.451176073687019
40971723	0.454922312091885
40971723	0.454095176181963
40971723	0.453276451823667
40971723	0.450213773095129
40971723	0.447182030515364
40971723	0.444180808834053
40971723	0.445669008551997
40971723	0.444920104050539
40971723	0.444178663713547
40971723	0.441237083159153
40971723	0.44492528723071
40971723	0.441998147183139
40971723	0.441285591026747
40971723	0.440580020715026
40971723	0.439881345227197
40971723	0.437024972855592
40971723	0.434196332254585
40971723	0.433545603229286
40971723	0.432901151332849
40971723	0.430126143952511
40971723	0.429507659539608
40971723	0.428895084213454
40971723	0.428288342938025
40971723	0.427687361864577
40971723	0.429195117730836
40971723	0.42859221342645
40971723	0.432174707386158
40971723	0.431556948798328
40971723	0.430944963655244
40971723	0.430338680237096
40971723	0.429738027934286
40971723	0.431200550395597
40971723	0.428547008547009
40971723	0.427962875570238
40971723	0.425345365627912
40971723	0.424784316650506
40971723	0.424228383621222
40971723	0.423677504528568
40971723	0.423131618297782
40971723	0.422590664773899
40971723	0.422054584705187
40971723	0.423519327710945
40971723	0.424970953615158
40971723	0.424425491589671
40971723	0.423884885309218
40971723	0.425321463897132
40971723	0.424778761061947
40971723	0.426201631094916
40971723	0.423701914783509
40971723	0.421224125808167
40971723	0.420711643053211
40971723	0.420203629624607
40971723	0.419700033704078
40971723	0.419200804222166
40971723	0.418705890845286
40971723	0.418215243963033
40971723	0.415818595000494
40971723	0.417252012552872
40971723	0.414874508207842
40971723	0.412517266683933
40971723	0.413957206627178
40971723	0.411618465346799
40971723	0.41117742234954
40971723	0.410740096006752
