2509909	0.666666666666667
2509909	0.222222222222222
2509909	0.111111111111111
2509909	0.0666666666666667
2509909	0.0444444444444444
2509909	0.0317460317460318
2509909	0.0238095238095238
2509909	0.0925925925925926
2509909	0.140740740740741
2509909	0.236363636363636
2509909	0.252525252525253
2509909	0.264957264957265
2509909	0.322344322344322
2509909	0.323809523809524
2509909	0.325
2509909	0.286764705882353
2509909	0.254901960784314
2509909	0.228070175438597
2509909	0.205263157894737
2509909	0.185714285714286
2509909	0.168831168831169
2509909	0.154150197628459
2509909	0.141304347826087
2509909	0.13
2509909	0.12
2509909	0.111111111111111
2509909	0.126984126984127
2509909	0.118226600985222
2509909	0.132567049808429
2509909	0.124014336917563
2509909	0.116263440860215
2509909	0.149621212121212
2509909	0.180035650623886
2509909	0.169747899159664
2509909	0.178835978835979
2509909	0.187187187187187
2509909	0.212422949265055
2509909	0.218623481781377
2509909	0.207692307692308
2509909	0.213821138211382
2509909	0.235385210994967
2509909	0.224437061646364
2509909	0.214235377026075
2509909	0.234343434343434
2509909	0.253140096618358
2509909	0.242368177613321
2509909	0.246158392434988
2509909	0.263321995464853
2509909	0.292789115646259
2509909	0.29437908496732
2509909	0.308697838109603
2509909	0.322206095791002
2509909	0.322618215699977
2509909	0.310886644219978
2509909	0.29978354978355
2509909	0.289264828738513
2509909	0.279290179471668
2509909	0.269822715760764
2509909	0.260828625235405
2509909	0.285063752276867
2509909	0.286620835536753
2509909	0.29868578255675
2509909	0.320601851851852
2509909	0.34150641025641
2509909	0.331157731157731
2509909	0.341172923262476
2509909	0.350746268656717
2509909	0.359903381642512
2509909	0.359144237405107
2509909	0.358417169684775
2509909	0.376238914971309
2509909	0.393328259766616
2509909	0.38269776625941
2509909	0.372492492492493
2509909	0.362690058479532
2509909	0.353269537480064
2509909	0.344211344211344
2509909	0.352374770096289
2509909	0.360232067510549
2509909	0.359567901234568
2509909	0.375188196326408
2509909	0.382211773924968
2509909	0.373111493593421
2509909	0.364332399626517
2509909	0.379115367077063
2509909	0.370400071282188
2509909	0.38470916057123
2509909	0.376064010895472
2509909	0.367707032875572
2509909	0.35962555962556
2509909	0.359053989488772
2509909	0.365669315879695
2509909	0.357889117669488
2509909	0.357372153788727
2509909	0.363815789473684
2509909	0.376932989690722
2509909	0.382845921873904
2509909	0.38857967429396
2509909	0.380808080808081
2509909	0.386468646864686
2509909	0.398498673396752
2509909	0.390760835078368
2509909	0.383246203634553
2509909	0.382295482295482
2509909	0.37508235998802
2509909	0.380532533944631
2509909	0.385831314180224
2509909	0.390984256427682
2509909	0.402057269947178
2509909	0.400819000819001
2509909	0.393661518661519
2509909	0.386694058154235
2509909	0.385757905087202
2509909	0.390643274853801
2509909	0.395402298850575
2509909	0.405737302289026
2509909	0.404510116374523
2509909	0.408916108816408
2509909	0.402100840336134
2509909	0.406473829201102
2509909	0.40527480467868
2509909	0.398684970456262
2509909	0.397630911792989
2509909	0.396602150537634
2509909	0.395597883597884
2509909	0.39986668333125
2509909	0.404035433070866
2509909	0.402939276485788
2509909	0.406996620950109
2509909	0.405871990604815
2509909	0.409823425090601
2509909	0.403660666818562
2509909	0.402611005124752
2509909	0.401584669246361
2509909	0.405482933914306
2509909	0.404429655073708
2509909	0.408230191473606
2509909	0.411948701908039
2509909	0.40606372045221
2509909	0.400303951367781
2509909	0.404055538907202
2509909	0.39840441248892
2509909	0.392871017871018
2509909	0.387452107279694
2509909	0.386710754211935
2509909	0.381449383406331
2509909	0.385303671017957
2509909	0.380131809662011
2509909	0.375063385533184
2509909	0.37009565857248
2509909	0.378383873591263
2509909	0.373437679165233
2509909	0.381574852163088
2509909	0.389554531490015
2509909	0.388833746898263
2509909	0.396619304262616
2509909	0.391598806740305
2509909	0.39925165193854
2509909	0.394261006289308
2509909	0.389363354037267
2509909	0.388671625386601
2509909	0.383902648387993
2509909	0.379220908773505
2509909	0.374624291697462
2509909	0.374126810271389
2509909	0.3736382656374
2509909	0.377126698982986
2509909	0.3726636611252
2509909	0.372200951386472
2509909	0.371746359362458
2509909	0.371299696269097
2509909	0.37086077877851
2509909	0.366598011206343
2509909	0.366217843459223
2509909	0.365844155844156
2509909	0.369243280260229
2509909	0.365094479358429
2509909	0.364739606218484
2509909	0.364390647630871
2509909	0.36036423163495
2509909	0.367393196122478
2509909	0.367020957184892
2509909	0.370277975766215
2509909	0.3698785742264
2509909	0.369485614646905
2509909	0.369098959231787
2509909	0.372264573140668
2509909	0.371852602349056
2509909	0.374955908289242
2509909	0.371029668411867
2509909	0.367164776032577
2509909	0.370268422567645
2509909	0.369887648451828
2509909	0.376350339236937
2509909	0.375911390197105
2509909	0.382247315169723
2509909	0.381753234545113
2509909	0.38126660237213
2509909	0.380787269681742
2509909	0.380315091210614
2509909	0.376549595258033
2509909	0.37612381927848
2509909	0.372436330854181
2509909	0.372054838195441
2509909	0.374915147209725
2509909	0.374513390553914
2509909	0.377322556670383
2509909	0.383281192491719
2509909	0.385980101769575
2509909	0.38548108026781
2509909	0.38813377447912
2509909	0.39074910680013
2509909	0.390212510786422
2509909	0.389683402158951
2509909	0.39533448176859
2509909	0.394763042612505
2509909	0.400315675249088
2509909	0.402748104394454
2509909	0.405147364051474
2509909	0.404497463320993
2509909	0.409862351038822
2509909	0.415155065379281
2509909	0.411448323724109
2509909	0.407791005291005
2509909	0.410081940347427
2509909	0.412342598729094
2509909	0.411649534997553
2509909	0.410965550703542
2509909	0.413189038668439
2509909	0.415383650166259
2509909	0.420423446285515
2509909	0.4196758916679
2509909	0.418937921083844
2509909	0.421046250833485
2509909	0.420302921024162
2509909	0.425194879496532
2509909	0.424422933730454
2509909	0.426450077939125
2509909	0.431229660622966
2509909	0.433183494698018
2509909	0.435113107689494
2509909	0.43701889829836
2509909	0.43343677618116
2509909	0.432619605219137
2509909	0.431812399756651
2509909	0.428315943078459
2509909	0.427549954290192
2509909	0.424115818111154
2509909	0.423389558232932
2509909	0.42532802124834
2509909	0.424597904677586
2509909	0.423876445615576
2509909	0.42316350772359
2509909	0.422458957336215
2509909	0.421762663398693
2509909	0.426262564850843
2509909	0.425542183211172
2509909	0.427404148334381
2509909	0.426680526680527
2509909	0.428519500933294
2509909	0.427792888966882
2509909	0.429609419595778
2509909	0.426354802780658
2509909	0.428168477225081
2509909	0.427455431030406
2509909	0.426750396590728
2509909	0.428540816516668
2509909	0.43031126893414
2509909	0.429592913855615
2509909	0.431342535647579
2509909	0.433072860140366
2509909	0.429900165194283
2509909	0.426762207784106
2509909	0.426082725060827
2509909	0.422995169082126
2509909	0.41994105233785
2509909	0.41931797522271
2509909	0.416312111601042
2509909	0.415719406041987
2509909	0.415133028300288
2509909	0.414552888619671
2509909	0.416334611432724
2509909	0.415750095389771
2509909	0.41517173214727
2509909	0.412268433321065
2509909	0.414041243309536
2509909	0.415795586527294
2509909	0.41522491349481
2509909	0.414660143976455
2509909	0.416392147568827
2509909	0.413540146558082
2509909	0.417543285489426
2509909	0.416970428672038
2509909	0.416403397517199
2509909	0.420346617804245
2509909	0.422005338672005
2509909	0.42364736100754
2509909	0.423043253799017
2509909	0.420222965440357
2509909	0.421860465116279
2509909	0.425689203757893
2509909	0.427279814074123
2509909	0.426661745121881
2509909	0.423863963186655
2509909	0.427629558198507
2509909	0.427015250544662
2509909	0.428571428571429
2509909	0.427955000770535
2509909	0.429495076034381
2509909	0.433163917989144
2509909	0.432523978343914
2509909	0.431890172305508
2509909	0.435508706239868
2509909	0.439092777946281
2509909	0.442642823655482
2509909	0.444056223295931
2509909	0.445456288977508
2509909	0.44475332373836
2509909	0.446140282131661
2509909	0.447514278296989
2509909	0.448875473255807
2509909	0.450224025536988
2509909	0.447444864885525
2509909	0.446742640075973
2509909	0.444001887682869
2509909	0.443325015790823
2509909	0.442654334800229
2509909	0.441989769441767
2509909	0.443351447606767
2509909	0.440672586896152
2509909	0.442033997015251
2509909	0.443383142178323
2509909	0.444720169271068
2509909	0.446045222986862
2509909	0.443390191897655
2509909	0.442737035467006
2509909	0.444062062870554
2509909	0.445375364367876
2509909	0.448637862224536
2509909	0.451871657754011
2509909	0.451178451178451
2509909	0.450491307634165
2509909	0.447872172124664
2509909	0.449140546006067
2509909	0.446544357878864
2509909	0.443970615182156
2509909	0.445250477547009
2509909	0.444609118554381
2509909	0.443973256924546
2509909	0.443342830009497
2509909	0.446505654838988
2509909	0.447753026010816
2509909	0.447106587069136
2509909	0.450221479536352
2509909	0.451437463733713
2509909	0.450775815944355
2509909	0.451981910082469
2509909	0.45503493565304
2509909	0.458062519343856
2509909	0.459218220991074
2509909	0.458522724374181
2509909	0.461506070245397
2509909	0.464464828101192
2509909	0.463746299362738
2509909	0.463033660204107
2509909	0.464143376860579
2509909	0.467055641116771
2509909	0.469944228427792
2509909	0.472809394760614
2509909	0.473854447439353
2509909	0.474891072273909
2509909	0.477706669741609
2509909	0.475152088619996
2509909	0.476173499702912
2509909	0.475413711583924
2509909	0.47465996952424
2509909	0.473912209544394
2509909	0.473170368508979
2509909	0.470679998148405
2509909	0.46995901828061
2509909	0.470988901256453
2509909	0.470270073225523
2509909	0.473029083260807
2509909	0.470571789321789
2509909	0.468133593522195
2509909	0.469159604236119
2509909	0.466741255760676
2509909	0.467769149904151
2509909	0.465370333750797
2509909	0.464694952674492
2509909	0.462324060058806
2509909	0.459971265860034
2509909	0.457636386337902
2509909	0.457007003791043
2509909	0.456382389293782
2509909	0.457441755930421
2509909	0.458493137391407
2509909	0.45786576995252
2509909	0.45890977443609
2509909	0.459945968412303
2509909	0.459316054804945
2509909	0.458690830380768
2509909	0.46137057874522
2509909	0.460738296051827
2509909	0.461752721522837
2509909	0.46112166801822
2509909	0.463763228469111
2509909	0.463125429470892
