23126175	0.333333333333333
23126175	0.111111111111111
23126175	0.222222222222222
23126175	0.133333333333333
23126175	0.311111111111111
23126175	0.412698412698413
23126175	0.392857142857143
23126175	0.37962962962963
23126175	0.437037037037037
23126175	0.357575757575758
23126175	0.353535353535354
23126175	0.401709401709402
23126175	0.43956043956044
23126175	0.380952380952381
23126175	0.375
23126175	0.448529411764706
23126175	0.472766884531591
23126175	0.458089668615985
23126175	0.478947368421053
23126175	0.433333333333333
23126175	0.393939393939394
23126175	0.359683794466403
23126175	0.385265700483092
23126175	0.407777777777778
23126175	0.402051282051282
23126175	0.39696106362773
23126175	0.368606701940035
23126175	0.366174055829228
23126175	0.34176245210728
23126175	0.319713261648746
23126175	0.299731182795699
23126175	0.321969696969697
23126175	0.342245989304813
23126175	0.341736694677871
23126175	0.341269841269841
