10084175	0
10084175	0.222222222222222
10084175	0.111111111111111
10084175	0.2
10084175	0.133333333333333
10084175	0.0952380952380952
10084175	0.154761904761905
10084175	0.12037037037037
10084175	0.162962962962963
10084175	0.133333333333333
10084175	0.111111111111111
10084175	0.094017094017094
10084175	0.0805860805860806
10084175	0.0698412698412698
10084175	0.0611111111111111
10084175	0.053921568627451
10084175	0.0479302832244009
10084175	0.0428849902534113
10084175	0.0719298245614035
10084175	0.0650793650793651
10084175	0.0894660894660895
10084175	0.0816864295125165
10084175	0.0748792270531401
10084175	0.0688888888888889
10084175	0.0635897435897436
10084175	0.0588793922127256
10084175	0.054673721340388
10084175	0.0509031198686371
10084175	0.0475095785440613
10084175	0.0444444444444444
10084175	0.0416666666666667
10084175	0.0391414141414141
10084175	0.0368389780154486
10084175	0.034733893557423
10084175	0.0328042328042328
10084175	0.0490490490490491
10084175	0.0464675201517307
10084175	0.061178587494377
10084175	0.0581196581196581
10084175	0.0715447154471545
10084175	0.0840108401084011
10084175	0.0956072351421189
10084175	0.091261451726568
10084175	0.102020202020202
10084175	0.0975845410628019
10084175	0.107616404563676
10084175	0.117021276595745
10084175	0.112244897959184
10084175	0.107755102040816
10084175	0.103529411764706
10084175	0.0995475113122172
10084175	0.0957910014513788
10084175	0.0922431865828093
10084175	0.0888888888888889
