49287980	0.666666666666667
49287980	0.222222222222222
49287980	0.444444444444444
49287980	0.266666666666667
49287980	0.4
49287980	0.285714285714286
49287980	0.380952380952381
49287980	0.296296296296296
49287980	0.237037037037037
49287980	0.315151515151515
49287980	0.318181818181818
49287980	0.371794871794872
49287980	0.413919413919414
49287980	0.358730158730159
49287980	0.355555555555556
49287980	0.313725490196078
49287980	0.278867102396514
49287980	0.249512670565302
49287980	0.257894736842105
49287980	0.265079365079365
49287980	0.301587301587302
49287980	0.36231884057971
49287980	0.359903381642512
49287980	0.357777777777778
49287980	0.355897435897436
49287980	0.354226020892688
49287980	0.352733686067019
49287980	0.328407224958949
49287980	0.306513409961686
49287980	0.308243727598566
49287980	0.309811827956989
49287980	0.311237373737374
49287980	0.312537136066548
49287980	0.332773109243698
49287980	0.314285714285714
49287980	0.333333333333333
49287980	0.333333333333333
49287980	0.316239316239316
49287980	0.317094017094017
49287980	0.317886178861789
49287980	0.318621757646148
49287980	0.319306016980436
49287980	0.319943622269204
49287980	0.320538720538721
49287980	0.335587761674718
49287980	0.335491828553808
49287980	0.321513002364066
49287980	0.308390022675737
49287980	0.296054421768708
49287980	0.297516339869281
49287980	0.311714429361488
49287980	0.312530237058539
49287980	0.300955043093408
49287980	0.290011223344557
49287980	0.291558441558442
49287980	0.293024227234754
49287980	0.294414196410567
49287980	0.29573348918761
49287980	0.285875706214689
49287980	0.276502732240437
49287980	0.278335977436982
49287980	0.280081925243216
49287980	0.271329365079365
49287980	0.27323717948718
49287980	0.264957264957265
49287980	0.276948590381426
49287980	0.268803043605502
49287980	0.270673486786019
49287980	0.272463768115942
49287980	0.274178403755869
49287980	0.275821596244132
49287980	0.286529680365297
49287980	0.287794643959028
49287980	0.306786786786787
49287980	0.316257309941521
49287980	0.308042834358624
49287980	0.308691308691309
49287980	0.326192794547225
49287980	0.343037974683544
49287980	0.334567901234568
49287980	0.32640770852153
49287980	0.326574591047115
49287980	0.326735513482501
49287980	0.334733893557423
49287980	0.334701322389421
49287980	0.349995544863227
49287980	0.357192615813306
49287980	0.36414708886619
49287980	0.35605493133583
49287980	0.348229548229548
49287980	0.355152094282529
49287980	0.361851332398317
49287980	0.354152367879204
49287980	0.360731616274729
49287980	0.353216374269006
49287980	0.345933562428408
49287980	0.33887369380742
49287980	0.345495774067203
49287980	0.345252525252525
49287980	0.338415841584158
49287980	0.338316184559633
49287980	0.344691922076274
49287980	0.338063231267115
49287980	0.344322344322344
49287980	0.337825696316262
49287980	0.331511197319697
49287980	0.337717780085381
49287980	0.343753539472194
49287980	0.349624687239366
49287980	0.355337155337155
49287980	0.360896610896611
49287980	0.360408765276022
49287980	0.365781710914454
49287980	0.365217391304348
49287980	0.364667666166917
49287980	0.36413203654583
49287980	0.363610024626974
49287980	0.363101172672459
49287980	0.357049486461251
49287980	0.36216712580349
49287980	0.356229959806711
49287980	0.350437602736683
49287980	0.355538071509747
49287980	0.349849462365591
49287980	0.354878306878307
49287980	0.35978835978836
49287980	0.364583333333333
49287980	0.358930878552972
49287980	0.363665275293182
49287980	0.368291250733999
49287980	0.372812090369342
49287980	0.377230956178325
49287980	0.376575767777653
49287980	0.37099686751428
49287980	0.380246913580247
49287980	0.374695863746959
49287980	0.374096406784442
49287980	0.37350988774198
49287980	0.377697841726619
49287980	0.372340425531915
49287980	0.376485865547897
49287980	0.371220328966808
49287980	0.366064491064491
49287980	0.365613026819923
49287980	0.360604629192253
49287980	0.364768738545647
49287980	0.359839431268003
49287980	0.359483644718544
49287980	0.363579418344519
49287980	0.367593818984548
49287980	0.362757058208435
49287980	0.358015135878913
49287980	0.357694592988711
49287980	0.357380254154448
49287980	0.357071960297767
49287980	0.352523272905439
49287980	0.352280362277944
49287980	0.347849162752435
49287980	0.343501048218029
49287980	0.339233954451346
49287980	0.335045880939601
49287980	0.330934888535434
49287980	0.326899097211831
49287980	0.322936683912294
49287980	0.319045880491664
49287980	0.315224971743261
49287980	0.311472293508222
49287980	0.315675777214239
49287980	0.319805081796032
49287980	0.323861942437794
49287980	0.327848043882316
49287980	0.324057893085988
49287980	0.324164507341705
49287980	0.320459770114943
49287980	0.320606060606061
49287980	0.31698339325458
49287980	0.313421782094416
49287980	0.313644257527253
49287980	0.310159321332506
49287980	0.310415387763454
49287980	0.310667233319167
49287980	0.310914950259213
49287980	0.314781816741902
49287980	0.311378770074422
49287980	0.308030611256418
49287980	0.308301228604834
49287980	0.308567527591307
49287980	0.305302262749071
49287980	0.305597326649958
49287980	0.305887756039313
49287980	0.306173647469459
49287980	0.313363557858377
49287980	0.310133005715507
49287980	0.313789761212442
49287980	0.310587824873539
49287980	0.307434648986498
49287980	0.307696251858688
49287980	0.307953910968986
49287980	0.304874371859297
49287980	0.301840796019901
49287980	0.30875326338604
49287980	0.308995431562861
49287980	0.312502012299173
49287980	0.309453212179181
49287980	0.306448812060936
49287980	0.303487953973391
49287980	0.303774928774929
49287980	0.304057784320942
49287980	0.304336599073441
49287980	0.307771007297074
49287980	0.304867507228233
49287980	0.305134791980394
49287980	0.30228306495254
49287980	0.302571904658408
49287980	0.30594315245478
49287980	0.312339989759345
49287980	0.31559069321721
49287980	0.318796866490721
49287980	0.31892901618929
49287980	0.316042780748663
49287980	0.313195548489666
49287980	0.31038661980366
49287980	0.310591501174461
49287980	0.307830687830688
49287980	0.30805637495903
49287980	0.308279079438099
49287980	0.314346806811449
49287980	0.31451262800378
