20471903	0
20471903	0
20471903	0.166666666666667
20471903	0.1
20471903	0.0666666666666667
20471903	0.238095238095238
20471903	0.178571428571429
20471903	0.138888888888889
20471903	0.111111111111111
20471903	0.212121212121212
20471903	0.176767676767677
20471903	0.14957264957265
20471903	0.128205128205128
20471903	0.111111111111111
20471903	0.0972222222222222
20471903	0.0857843137254902
20471903	0.0762527233115469
20471903	0.0682261208576998
20471903	0.0614035087719298
20471903	0.119047619047619
20471903	0.138528138528139
20471903	0.184453227931489
20471903	0.196859903381643
20471903	0.181111111111111
20471903	0.192820512820513
20471903	0.203228869895537
20471903	0.188712522045855
20471903	0.198686371100164
20471903	0.207662835249042
