23544192	0.666666666666667
23544192	0.666666666666667
23544192	0.5
23544192	0.3
23544192	0.311111111111111
23544192	0.317460317460318
23544192	0.238095238095238
23544192	0.259259259259259
23544192	0.207407407407407
23544192	0.16969696969697
23544192	0.252525252525253
23544192	0.213675213675214
23544192	0.230769230769231
23544192	0.288888888888889
23544192	0.294444444444444
23544192	0.338235294117647
23544192	0.337690631808279
23544192	0.337231968810916
23544192	0.303508771929825
23544192	0.274603174603175
23544192	0.24963924963925
23544192	0.285902503293808
23544192	0.289855072463768
23544192	0.32
23544192	0.295384615384615
23544192	0.273504273504274
23544192	0.277777777777778
23544192	0.258620689655172
23544192	0.241379310344828
23544192	0.290322580645161
23544192	0.313844086021505
23544192	0.294823232323232
23544192	0.277480689245395
23544192	0.261624649859944
23544192	0.265608465608466
23544192	0.287287287287287
23544192	0.289710763394974
23544192	0.274853801169591
23544192	0.277777777777778
23544192	0.280487804878049
23544192	0.283004258614015
23544192	0.285345145810262
23544192	0.302677942212826
23544192	0.304040404040404
23544192	0.305314009661836
23544192	0.306506321307431
23544192	0.307624113475177
23544192	0.308673469387755
23544192	0.309659863945578
23544192	0.297516339869281
23544192	0.286073403720463
23544192	0.275278180938558
23544192	0.265082692755649
23544192	0.255443322109989
23544192	0.246320346320346
23544192	0.237677527151211
23544192	0.229481750352894
23544192	0.22170270796805
23544192	0.214312617702448
23544192	0.207285974499089
23544192	0.200599330160409
23544192	0.215395118620925
23544192	0.208664021164021
23544192	0.20224358974359
23544192	0.206216006216006
23544192	0.200060304537916
23544192	0.19417617793386
23544192	0.188547882921284
23544192	0.192684610075914
23544192	0.187256874580818
23544192	0.182055294731351
23544192	0.177067478437341
23544192	0.190299888930026
23544192	0.185225225225225
23544192	0.206666666666667
23544192	0.201298701298701
23544192	0.213231213231213
23544192	0.224710591799199
23544192	0.219092827004219
23544192	0.213683127572016
23544192	0.224731506574325
