42378133	0.333333333333333
42378133	0.333333333333333
42378133	0.333333333333333
42378133	0.2
42378133	0.244444444444444
42378133	0.365079365079365
42378133	0.523809523809524
42378133	0.481481481481482
42378133	0.585185185185185
42378133	0.478787878787879
42378133	0.454545454545455
42378133	0.384615384615385
42378133	0.424908424908425
42378133	0.368253968253968
42378133	0.405555555555556
42378133	0.397058823529412
42378133	0.352941176470588
42378133	0.315789473684211
42378133	0.28421052631579
42378133	0.352380952380952
42378133	0.380952380952381
42378133	0.376811594202899
42378133	0.400966183574879
42378133	0.422222222222222
42378133	0.441025641025641
42378133	0.408357075023742
42378133	0.40299823633157
42378133	0.398193760262726
42378133	0.371647509578544
42378133	0.390681003584229
42378133	0.366263440860215
42378133	0.384469696969697
42378133	0.401069518716578
42378133	0.41624649859944
42378133	0.43015873015873
42378133	0.424924924924925
42378133	0.420104314841157
42378133	0.398560503823662
42378133	0.395299145299145
42378133	0.392276422764228
42378133	0.421215640727836
42378133	0.417128091546696
42378133	0.398167723749119
42378133	0.380471380471381
42378133	0.392914653784219
42378133	0.404563675609004
42378133	0.401595744680851
42378133	0.398809523809524
42378133	0.396190476190476
42378133	0.393725490196079
42378133	0.40422322775264
42378133	0.401548137397194
42378133	0.386675984160261
42378133	0.408978675645342
42378133	0.418181818181818
42378133	0.415204678362573
42378133	0.400887275660415
42378133	0.421196181570232
42378133	0.429378531073446
42378133	0.437158469945355
42378133	0.444561960162172
42378133	0.451612903225807
42378133	0.447916666666667
42378133	0.454647435897436
42378133	0.450971250971251
42378133	0.447459671340268
42378133	0.444103014340064
42378133	0.450554134697357
42378133	0.447204968944099
42378133	0.462776659959759
42378133	0.468440271257173
42378133	0.464738711314054
42378133	0.461187214611872
42378133	0.466666666666667
42378133	0.463157894736842
42378133	0.451127819548872
42378133	0.465201465201465
42378133	0.470301850048686
42378133	0.483544303797468
42378133	0.479835390946502
42378133	0.476262170029108
42378133	0.480850230189049
42378133	0.477337923121056
42378133	0.481792717086835
42378133	0.470588235294118
42378133	0.467432950191571
42378133	0.456809474050853
42378133	0.461525366019748
42378133	0.46608406158968
42378133	0.470492470492471
42378133	0.47475712693104
42378133	0.471715755025713
42378133	0.482955845344315
42378133	0.472788353863382
42378133	0.483771929824561
42378133	0.480670103092784
42378133	0.484465951328985
42378133	0.494880780595066
42378133	0.504983164983165
42378133	0.508184818481848
42378133	0.50475635798874
42378133	0.501427755568247
42378133	0.491784914115011
42378133	0.501465201465202
42378133	0.498292902066487
42378133	0.501440075236584
42378133	0.498326987423561
42378133	0.495299580926492
42378133	0.498415346121768
42378133	0.507452907452908
42378133	0.51029601029601
42378133	0.518963337547408
42378133	0.509858717590436
42378133	0.506788710907704
42378133	0.509545227386307
42378133	0.500835052559191
42378133	0.497996040368922
42378133	0.489626359018184
42378133	0.487021475256769
42378133	0.489990817263545
42378133	0.487422661789279
42378133	0.479497090052868
42378133	0.487892298277822
42378133	0.490752688172043
42378133	0.493544973544974
42378133	0.491021955588885
42378133	0.493766404199475
42378133	0.491279069767442
42378133	0.493977340488968
42378133	0.49152476022705
42378133	0.494178425476135
42378133	0.496772233614339
42378133	0.494332847042981
42378133	0.496885940667035
42378133	0.504284676833697
42378133	0.51152139687992
42378133	0.513769879050742
42378133	0.515969832829389
42378133	0.513360739979445
42378133	0.51080715974333
42378133	0.508307528385443
42378133	0.505860336846252
42378133	0.498834498834499
42378133	0.501149425287356
42378133	0.503416784758306
42378133	0.505637871586991
42378133	0.503309431880861
42378133	0.505502146441744
42378133	0.503206562266965
42378133	0.500956585724798
42378133	0.494365051702103
42378133	0.487902763444559
42378133	0.490224372577314
42378133	0.492501047339757
42378133	0.490460435621726
42378133	0.492705100985356
42378133	0.490687736837862
42378133	0.488708436164849
42378133	0.495099580712788
42378133	0.493090062111801
42378133	0.49111775681824
42378133	0.497361710722311
42378133	0.495361364656591
42378133	0.49339738851934
42378133	0.491468905926737
42378133	0.489575066734002
42378133	0.495651554034788
42378133	0.489785855170471
42378133	0.491866805893955
42378133	0.490012613232428
42378133	0.48431479214833
42378133	0.486422906304611
42378133	0.480831838416052
42378133	0.482955665024631
42378133	0.481255411255411
42378133	0.479583975346687
42378133	0.477940709706088
42378133	0.476324984830415
42378133	0.482143596110077
42378133	0.484182525066503
42378133	0.486187845303867
42378133	0.484517304189435
42378133	0.482874000158391
42378133	0.481257344300823
42378133	0.486835222319093
42378133	0.485193490886091
42378133	0.483577957295104
42378133	0.48551540395512
42378133	0.487422259352084
42378133	0.485808762744558
42378133	0.484220477021524
42378133	0.482656879677605
42378133	0.477681035557218
42378133	0.479619349722443
42378133	0.478126635269492
42378133	0.473272557754066
42378133	0.471859030234665
42378133	0.470466812175355
42378133	0.469095477386935
42378133	0.467744610281924
