38383236	0.333333333333333
38383236	0.111111111111111
38383236	0.0555555555555556
38383236	0.166666666666667
38383236	0.111111111111111
38383236	0.26984126984127
38383236	0.285714285714286
38383236	0.296296296296296
38383236	0.237037037037037
38383236	0.254545454545455
38383236	0.212121212121212
38383236	0.230769230769231
38383236	0.197802197802198
38383236	0.215873015873016
38383236	0.188888888888889
38383236	0.205882352941177
38383236	0.22004357298475
38383236	0.267056530214425
38383236	0.273684210526316
38383236	0.247619047619048
38383236	0.285714285714286
38383236	0.289855072463768
38383236	0.349033816425121
38383236	0.321111111111111
38383236	0.322051282051282
38383236	0.322886989553656
38383236	0.347442680776014
38383236	0.346469622331691
38383236	0.323371647509579
38383236	0.345519713261649
38383236	0.323924731182796
38383236	0.304292929292929
38383236	0.325609031491384
38383236	0.326050420168067
38383236	0.326455026455027
38383236	0.326826826826827
38383236	0.309625414888573
38383236	0.327935222672065
38383236	0.328205128205128
38383236	0.344715447154472
38383236	0.328300425861402
38383236	0.313030638612034
38383236	0.298801973220578
38383236	0.3003367003367
38383236	0.316264090177134
38383236	0.331174838112859
38383236	0.317375886524823
38383236	0.318027210884354
38383236	0.318639455782313
38383236	0.306143790849673
38383236	0.30718954248366
38383236	0.29559748427673
38383236	0.309340787328209
38383236	0.298092031425365
38383236	0.287445887445888
38383236	0.2890559732665
38383236	0.279088525912482
38383236	0.269627897915449
38383236	0.260640301318267
38383236	0.252094717668488
38383236	0.243962630001763
38383236	0.236217784604881
38383236	0.239252645502646
38383236	0.231891025641026
38383236	0.224864024864025
38383236	0.21815166591286
38383236	0.211735440444835
38383236	0.205598181301506
38383236	0.209247757073844
38383236	0.212743125419182
38383236	0.225352112676056
38383236	0.237442922374429
38383236	0.231025546094039
38383236	0.224864864864865
38383236	0.236491228070175
38383236	0.23900660742766
38383236	0.232878232878233
38383236	0.243860218543763
38383236	0.254430379746835
38383236	0.256378600823045
38383236	0.250125464217605
38383236	0.260162601626016
38383236	0.253968253968254
38383236	0.247992530345472
38383236	0.257729138166895
38383236	0.259467165641985
38383236	0.261145942180425
38383236	0.255277494041539
38383236	0.249604660840616
38383236	0.251444851444851
38383236	0.253225035833732
38383236	0.262116253701107
38383236	0.263631510714558
38383236	0.265098917506532
38383236	0.273464912280702
38383236	0.274699312714777
38383236	0.269093204292026
38383236	0.263656977942692
38383236	0.265050505050505
38383236	0.266402640264026
38383236	0.267715006794797
38383236	0.268989149057681
38383236	0.276636793627085
38383236	0.277716727716728
38383236	0.278766097634022
38383236	0.27978604596485
38383236	0.274604822891427
38383236	0.269566202287915
38383236	0.276786210731165
38383236	0.28981708981709
38383236	0.290594165594166
38383236	0.285450906026127
38383236	0.286290948610464
38383236	0.287109077040427
38383236	0.293653173413293
38383236	0.288633461047254
38383236	0.289391086001256
38383236	0.284527370270142
38383236	0.285340802987862
38383236	0.28613406795225
38383236	0.281443345526803
38383236	0.287707139366476
38383236	0.283066701634758
38383236	0.283870967741936
38383236	0.284656084656085
38383236	0.285422655501396
38383236	0.296587926509186
38383236	0.297157622739018
38383236	0.302842377260982
38383236	0.298218829516539
38383236	0.293700362402653
38383236	0.289283815599605
38383236	0.294916395466278
38383236	0.300423806891469
38383236	0.300907770515614
38383236	0.306247316444826
38383236	0.311470785288621
38383236	0.306989191255691
38383236	0.30260363138061
38383236	0.312495778453225
38383236	0.308094429460926
38383236	0.303785416461473
38383236	0.304195804195804
38383236	0.309195402298851
38383236	0.309526058888364
38383236	0.309849967384214
38383236	0.319176319176319
38383236	0.323840619142633
38383236	0.323967188665175
38383236	0.319676232523915
38383236	0.315469966306495
38383236	0.315703474372205
38383236	0.315932433579492
38383236	0.316156961318252
38383236	0.316377171215881
38383236	0.320839457782133
38383236	0.320997608105566
38383236	0.316959902343232
38383236	0.321331236897275
38383236	0.325621118012422
38383236	0.3216011042098
38383236	0.325835037491479
38383236	0.329991520774104
38383236	0.330032027593003
38383236	0.330071802360959
38383236	0.330110862612125
38383236	0.33411747932706
38383236	0.330163426317273
38383236	0.330200719340991
38383236	0.334135993578718
38383236	0.334126660320051
38383236	0.3341174889098
38383236	0.330277058002791
38383236	0.334121510673235
38383236	0.330324675324675
38383236	0.334125149803116
38383236	0.330370934636789
38383236	0.330404034063566
38383236	0.334140285536934
38383236	0.334131368937999
38383236	0.337785602978973
38383236	0.334093957044777
38383236	0.334085689395739
38383236	0.330473952213083
38383236	0.334088927637315
38383236	0.337645908803404
38383236	0.334053931050176
38383236	0.334046305677511
38383236	0.334038800705467
38383236	0.330541012216405
38383236	0.334042321116929
38383236	0.33748920552677
38383236	0.334009935366701
38383236	0.330584192439863
38383236	0.330612244897959
38383236	0.330639870161263
38383236	0.334034080226974
38383236	0.330676953792532
38383236	0.334036850921273
38383236	0.330713101160862
38383236	0.330739044053659
38383236	0.327480531304362
38383236	0.324269937860202
38383236	0.327610393750996
38383236	0.327665956271213
38383236	0.330941325453778
38383236	0.334169453734671
38383236	0.334161452582505
38383236	0.33097896255791
38383236	0.331001278868578
38383236	0.331023279382396
38383236	0.331044970029823
38383236	0.331066356602753
38383236	0.334188219952184
38383236	0.331093884582257
38383236	0.334186721283496
38383236	0.334178892036246
38383236	0.334171170038959
38383236	0.334163553341636
38383236	0.334156040038393
38383236	0.331145625263272
38383236	0.328175709341629
38383236	0.32822175955584
38383236	0.325304232804233
38383236	0.328325139298591
38383236	0.331306121918574
38383236	0.331323904474844
38383236	0.331341454071861
38383236	0.328460224036454
38383236	0.328502415458937
38383236	0.325670498084291
38383236	0.328597503823196
38383236	0.328637980998496
38383236	0.325841062011275
38383236	0.3287294145931
38383236	0.328768266228039
38383236	0.328806628136487
38383236	0.328844508514703
38383236	0.326104137610414
38383236	0.326164130935915
38383236	0.323468559605866
38383236	0.320806266934213
38383236	0.320908947806337
38383236	0.32101037136166
38383236	0.321110558044356
38383236	0.318510472554118
38383236	0.31594183971094
38383236	0.316081530422766
38383236	0.316219544846051
38383236	0.313699867197875
38383236	0.31385568835768
38383236	0.314009661835749
38383236	0.314161816729431
38383236	0.31431218156554
38383236	0.317064950980392
38383236	0.314597519455253
38383236	0.314742758322525
38383236	0.314886314886315
38383236	0.312464112464113
38383236	0.312624029865409
38383236	0.312782116151424
38383236	0.310403544925938
38383236	0.308052002918923
38383236	0.308242805412617
38383236	0.310937721662647
38383236	0.311105479053439
38383236	0.313758920752045
38383236	0.313904455418077
38383236	0.314048373032264
38383236	0.31419069746253
38383236	0.314331452138051
38383236	0.314470660058895
38383236	0.312175253781093
38383236	0.312329130723291
38383236	0.310065876152833
38383236	0.307827133364726
38383236	0.310408712740999
38383236	0.312962533199247
38383236	0.313108038914491
38383236	0.313251991187934
38383236	0.313394412054214
38383236	0.31353532315866
38383236	0.316022163605899
38383236	0.313804464212174
38383236	0.316272032061506
38383236	0.318713806518685
38383236	0.318815331010453
38383236	0.318915801614764
38383236	0.319015232867995
38383236	0.316822688312201
38383236	0.314652669899104
38383236	0.317055495815606
38383236	0.317166229404162
38383236	0.315015949882778
38383236	0.312887463734921
38383236	0.310780477447144
38383236	0.310931838896045
38383236	0.311081681668201
38383236	0.311230026012635
38383236	0.311376891842008
