27487079	1
27487079	0.333333333333333
27487079	0.5
27487079	0.3
27487079	0.422222222222222
27487079	0.396825396825397
27487079	0.464285714285714
27487079	0.361111111111111
27487079	0.288888888888889
27487079	0.296969696969697
27487079	0.358585858585859
27487079	0.354700854700855
27487079	0.304029304029304
27487079	0.307936507936508
27487079	0.352777777777778
27487079	0.389705882352941
27487079	0.383442265795207
27487079	0.34307992202729
27487079	0.308771929824561
27487079	0.311111111111111
27487079	0.313131313131313
27487079	0.285902503293808
27487079	0.345410628019324
27487079	0.344444444444445
27487079	0.343589743589744
27487079	0.342830009496676
27487079	0.342151675485009
27487079	0.364532019704434
27487079	0.384674329501916
27487079	0.359856630824373
27487079	0.379032258064516
27487079	0.376262626262626
27487079	0.373737373737374
27487079	0.39047619047619
27487079	0.387301587301587
27487079	0.384384384384384
27487079	0.381697486960645
27487079	0.396311291048133
27487079	0.393162393162393
27487079	0.40650406504065
27487079	0.403019744483159
27487079	0.415282392026578
27487079	0.411557434813249
27487079	0.408080808080808
27487079	0.404830917874396
27487079	0.387604070305273
27487079	0.385342789598109
27487079	0.410430839002268
27487079	0.40734693877551
27487079	0.430588235294118
27487079	0.42684766214178
27487079	0.423318819545235
27487079	0.419986023759609
27487079	0.428956228956229
27487079	0.437445887445888
27487079	0.433792815371763
27487079	0.430328695301472
27487079	0.438340151957919
27487079	0.445951035781544
27487079	0.453187613843352
27487079	0.460074034902168
27487079	0.45605052056665
27487079	0.473048941798942
27487079	0.45849358974359
27487079	0.464801864801865
27487079	0.470827679782904
27487079	0.456979806848112
27487079	0.472719522591645
27487079	0.478260869565217
27487079	0.474178403755869
27487079	0.479525299947835
27487079	0.484652460679858
27487079	0.489571763544366
27487079	0.485405405405406
27487079	0.48140350877193
27487079	0.477557530189109
27487079	0.473859473859474
27487079	0.478740668614086
27487079	0.483438818565401
27487079	0.487962962962963
27487079	0.492321589882566
27487079	0.488490547556078
27487079	0.49273283610633
27487079	0.488982259570495
27487079	0.477610579115367
27487079	0.474293860821527
27487079	0.47866597004528
27487079	0.490381341504937
27487079	0.48689138576779
27487079	0.483516483516484
27487079	0.480251632425546
27487079	0.477092099111735
27487079	0.466941203385953
27487079	0.478163493840985
27487079	0.482090643274854
27487079	0.472150630011455
27487079	0.476120345045235
27487079	0.479969765684052
27487079	0.483703703703704
27487079	0.487326732673267
27487079	0.477771306542419
27487079	0.468494193794023
27487079	0.472305202887727
27487079	0.463308913308913
27487079	0.467145852051513
27487079	0.477105742667372
27487079	0.474443290642668
27487079	0.471854117114056
27487079	0.469335557408952
27487079	0.472891072891073
27487079	0.46444658944659
27487079	0.468025705857564
27487079	0.471510634994566
27487079	0.463310450038139
27487079	0.455322338830585
27487079	0.453237056685333
27487079	0.456854507701965
27487079	0.454778521578123
27487079	0.458309990662932
27487079	0.456244260789715
27487079	0.459693808427043
27487079	0.463059220756142
27487079	0.466343211819215
27487079	0.464215053763441
27487079	0.462137566137566
27487079	0.46535849685456
27487079	0.458087270341208
27487079	0.461321059431525
27487079	0.459352017491552
27487079	0.452339009590918
27487079	0.45558639833449
27487079	0.463773069036227
27487079	0.456851082931209
27487079	0.450082918739635
27487079	0.448366013071895
27487079	0.44182052382997
27487079	0.44024824570683
27487079	0.438709901643902
27487079	0.441966426858513
27487079	0.445153664302601
27487079	0.443578730063597
27487079	0.442036836403034
27487079	0.440527065527066
27487079	0.443646232439336
27487079	0.446701306880806
