5725577	0.333333333333333
5725577	0.333333333333333
5725577	0.166666666666667
5725577	0.233333333333333
5725577	0.266666666666667
5725577	0.285714285714286
5725577	0.214285714285714
5725577	0.314814814814815
5725577	0.318518518518519
5725577	0.260606060606061
5725577	0.272727272727273
5725577	0.282051282051282
5725577	0.289377289377289
5725577	0.250793650793651
5725577	0.261111111111111
5725577	0.269607843137255
5725577	0.239651416122004
5725577	0.214424951267057
5725577	0.226315789473684
5725577	0.236507936507937
5725577	0.215007215007215
5725577	0.19631093544137
5725577	0.235507246376812
5725577	0.27
5725577	0.274871794871795
5725577	0.279202279202279
5725577	0.283068783068783
5725577	0.286535303776683
5725577	0.267432950191571
5725577	0.27168458781362
5725577	0.254704301075269
5725577	0.259469696969697
5725577	0.263814616755793
5725577	0.267787114845938
5725577	0.271428571428571
5725577	0.274774774774775
5725577	0.260312944523471
5725577	0.246963562753037
5725577	0.251282051282051
5725577	0.255284552845529
5725577	0.259001161440186
5725577	0.246954595791805
5725577	0.250880902043693
5725577	0.23973063973064
5725577	0.243800322061192
5725577	0.247610237434474
5725577	0.237293144208038
5725577	0.241213151927438
5725577	0.244897959183674
5725577	0.248366013071895
5725577	0.238813474107592
5725577	0.242380261248186
5725577	0.245748893547636
5725577	0.248933782267116
5725577	0.251948051948052
5725577	0.243107769423559
5725577	0.234724742891712
5725577	0.22676797194623
5725577	0.230320150659134
5725577	0.233697632058288
5725577	0.236911686938128
5725577	0.229390681003584
5725577	0.232638888888889
5725577	0.23573717948718
5725577	0.228593628593629
5725577	0.221769938187849
5725577	0.21524729294703
5725577	0.20900824097755
5725577	0.20303657694962
5725577	0.197317236753856
5725577	0.201095461658842
5725577	0.204718417047184
5725577	0.19918548685672
5725577	0.193873873873874
5725577	0.197543859649123
5725577	0.192412850307587
5725577	0.196026196026196
5725577	0.199502326084605
5725577	0.202848101265823
5725577	0.19783950617284
5725577	0.193014152363746
5725577	0.19639533744735
5725577	0.199655765920826
5725577	0.194957983193277
5725577	0.190424076607387
5725577	0.186046511627907
5725577	0.189393939393939
5725577	0.192628532516173
5725577	0.195755305867665
5725577	0.198778998778999
5725577	0.194457716196847
5725577	0.190275829827022
5725577	0.193319606497369
5725577	0.196267263904442
5725577	0.199122807017544
5725577	0.195017182130584
5725577	0.191037239638123
5725577	0.193911908197623
5725577	0.19003367003367
5725577	0.186270627062706
5725577	0.182618261826183
5725577	0.179072276159655
5725577	0.1756285785412
5725577	0.172283272283272
5725577	0.181611260856544
5725577	0.190677717039911
5725577	0.193319487712011
5725577	0.189772341148488
5725577	0.198443147067
5725577	0.200873600873601
5725577	0.209191334191334
5725577	0.211388537715971
5725577	0.213527920095223
5725577	0.209814391050089
5725577	0.206196901549225
5725577	0.208370173887415
5725577	0.210488193539041
5725577	0.206950576840906
5725577	0.203501400560224
5725577	0.20564738292011
5725577	0.207740595221966
5725577	0.204362699364699
5725577	0.2010665267943
5725577	0.197849462365591
5725577	0.194708994708995
5725577	0.191642711327751
5725577	0.188648293963255
5725577	0.185723514211886
5725577	0.182866229377857
5725577	0.180074378547661
5725577	0.182396483923202
5725577	0.184666210982001
5725577	0.181909998877792
5725577	0.179215035931454
5725577	0.176579520697168
5725577	0.174001717475311
5725577	0.176310871328326
5725577	0.178570187328398
5725577	0.176019184652278
5725577	0.173522458628842
5725577	0.175773316019046
5725577	0.17797695262484
5725577	0.175505050505051
5725577	0.18227969348659
5725577	0.188915131475358
5725577	0.186344857577734
5725577	0.192835692835693
5725577	0.194721567204789
5725577	0.201014168530947
5725577	0.202766740250184
5725577	0.200098756825839
5725577	0.197483086801972
5725577	0.19491837138896
5725577	0.192403295629102
5725577	0.18993658671078
5725577	0.187517012357777
5725577	0.193582197855358
5725577	0.19953294589072
5725577	0.205372117400419
5725577	0.21110248447205
5725577	0.208496280960049
5725577	0.210028023933954
5725577	0.211531747219313
5725577	0.208967726040897
5725577	0.210466106851649
5725577	0.211937570641849
5725577	0.209414504324684
5725577	0.206936226166995
5725577	0.208423250957188
5725577	0.205985552115583
5725577	0.207466340269278
5725577	0.212775014562889
5725577	0.210329324740327
5725577	0.207925561029009
5725577	0.209350649350649
5725577	0.21075158363294
5725577	0.208383588311221
5725577	0.206055280061934
5725577	0.203765776950135
5725577	0.201514221403724
5725577	0.199299779410277
5725577	0.197121639744591
5725577	0.194979013225628
5725577	0.192871132001567
5725577	0.194381478252446
5725577	0.195867594349568
5725577	0.193783896537338
5725577	0.191733273293557
5725577	0.18971502831152
5725577	0.187728483512446
5725577	0.185772978475858
5725577	0.183847869890616
5725577	0.185388957142603
5725577	0.186906335359944
5725577	0.188400488400488
5725577	0.189871887841431
5725577	0.194687996718454
5725577	0.196081417186945
5725577	0.197453936348409
5725577	0.195489220563847
5725577	0.193553683726582
5725577	0.191646750881985
5725577	0.189767861167456
5725577	0.187916467399968
5725577	0.186092035677638
5725577	0.187514656911027
5725577	0.188916759568934
5725577	0.187108943687891
5725577	0.18850155692261
5725577	0.189874369969157
5725577	0.188083102327938
5725577	0.186317063808427
5725577	0.187691047635763
5725577	0.185945084401942
5725577	0.187309790410566
5725577	0.185583432895261
5725577	0.186938936569005
5725577	0.188275871699273
5725577	0.186564272865643
5725577	0.18487590840532
5725577	0.183210359680948
5725577	0.181567217441657
5725577	0.179946081571642
5725577	0.178346560846561
5725577	0.176768272697476
5725577	0.17521084298208
5725577	0.173673905762939
5725577	0.17215710309252
5725577	0.170660084804759
5725577	0.172068511198946
5725577	0.173458725182863
5725577	0.171969809086873
5725577	0.17049998165878
5725577	0.169048917985088
5725577	0.167616300036062
5725577	0.166201816491454
5725577	0.164805162571358
5725577	0.166215440150956
5725577	0.167608089260809
5725577	0.166217150760719
5725577	0.167598276236526
5725577	0.168962350780533
5725577	0.167577413479053
5725577	0.16620943459351
5725577	0.164858138377302
5725577	0.163523254665745
5725577	0.164892690784032
5725577	0.166245627671978
5725577	0.164915662650602
5725577	0.163601593625498
5725577	0.162303168279264
5725577	0.163655185394316
5725577	0.164991233803284
5725577	0.16369718491071
5725577	0.162418300653595
5725577	0.161154345006485
5725577	0.159905086518063
5725577	0.158670298205182
5725577	0.157449757449758
5725577	0.156243245898418
5725577	0.155050549364843
5725577	0.153871457734692
5725577	0.152705764873065
5725577	0.151553268534401
5725577	0.150413770274743
5725577	0.149287075366318
5725577	0.148172992714331
5725577	0.147071334775934
5725577	0.145981917481298
5725577	0.144904560156713
5725577	0.143839085449678
5725577	0.142785319255908
5725577	0.1417430906482
5725577	0.140712231807122
5725577	0.139692577953448
5725577	0.141090706151136
5725577	0.140075665099689
5725577	0.13907153846815
5725577	0.138078170336235
5725577	0.137095407558041
5725577	0.136123099703019
5725577	0.135161098998404
5725577	0.134209260273064
5725577	0.133267440902726
5725577	0.132335500756553
5725577	0.131413302145009
5725577	0.130500709769002
5725577	0.131904395745226
5725577	0.130994710257328
5725577	0.130094402970336
5725577	0.129203345415745
5725577	0.128321411317344
5725577	0.127448476546478
5725577	0.126584419078366
5725577	0.125729118949458
5725577	0.124882458215792
5725577	0.12404432091233
5725577	0.123214593013251
5725577	0.122393162393162
5725577	0.123794758213363
5725577	0.125182430896277
5725577	0.124356144223694
5725577	0.127923976608187
5725577	0.129270923209664
5725577	0.130604664452302
5725577	0.131925372392895
5725577	0.135397718459608
5725577	0.136678855125457
5725577	0.135797056060132
5725577	0.137067385817516
5725577	0.138325500865694
5725577	0.137441631850578
5725577	0.138689349694417
5725577	0.13780878239477
5725577	0.139046279552609
5725577	0.140272065380878
5725577	0.1414862871919
5725577	0.142689089989025
5725577	0.141797283176594
5725577	0.142990654205608
5725577	0.144172906870997
5725577	0.145344178861476
5725577	0.146504605740932
5725577	0.147654320987654
5725577	0.14879345603272
5725577	0.149922140297555
5725577	0.1510405012307
5725577	0.152148664343786
5725577	0.155266955266955
5725577	0.154328786352956
5725577	0.155407126997416
5725577	0.154473750859293
5725577	0.153548758339178
5725577	0.154622099085411
5725577	0.153701729447998
5725577	0.152789553012105
5725577	0.153857859404538
5725577	0.152950143419851
5725577	0.154011221007577
5725577	0.153107929388764
5725577	0.152212561380643
5725577	0.15132502457959
5725577	0.152383212421181
5725577	0.153432198629368
5725577	0.156398871855017
5725577	0.159339896608974
5725577	0.158424150076739
5725577	0.161336714641724
5725577	0.160414790558057
5725577	0.159500746167413
5725577	0.164276310109643
5725577	0.165234140269551
5725577	0.164300614053339
5725577	0.165252911063367
5725577	0.164324523922562
5725577	0.163403938354368
5725577	0.164353264583301
5725577	0.165294657723969
5725577	0.166228205921799
5725577	0.167153996101365
5725577	0.166230493360473
5725577	0.167151170164731
5725577	0.169895760804852
5725577	0.168964825129209
5725577	0.168041520073858
5725577	0.167125762471276
5725577	0.166217470283932
5725577	0.165316562585916
5725577	0.164422959544911
5725577	0.165333527597679
5725577	0.166236752359698
5725577	0.165345402481094
5725577	0.166243733662122
5725577	0.165357100415924
5725577	0.166250591016549
5725577	0.168905318208326
5725577	0.169775307706342
5725577	0.170638410743952
5725577	0.171494699810212
5725577	0.172344246442879
5725577	0.173187121243352
5725577	0.174023393891342
5725577	0.174853133159269
5725577	0.175676406926407
5725577	0.176493282192764
5725577	0.175581172207272
5725577	0.174676114618574
5725577	0.175491832966722
5725577	0.176301276558346
5725577	0.175399479747306
5725577	0.176205264714582
5725577	0.175308545810182
5725577	0.176110702092025
5725577	0.175219002334597
5725577	0.176017559561863
5725577	0.175130821226539
5725577	0.175925808724563
5725577	0.175043975096871
5725577	0.17750208855472
5725577	0.176616791354946
5725577	0.177396475643396
5725577	0.176516096111667
5725577	0.178942584084711
5725577	0.178058917002811
5725577	0.17718177948063
5725577	0.177949108983592
5725577	0.177076809429751
5725577	0.176210908161145
5725577	0.175351342755481
5725577	0.174498051549859
5725577	0.17526909660706
5725577	0.174420335848672
5725577	0.173577725530563
5725577	0.174347632074191
5725577	0.176714550509731
5725577	0.177465719731907
5725577	0.176616601455678
5725577	0.175773562785245
5725577	0.174936545819601
5725577	0.175689024620141
5725577	0.174856375214358
5725577	0.17402963112351
5725577	0.174781063681104
5725577	0.173958564557899
5725577	0.17314185768204
5725577	0.1723308887936
5725577	0.173083236665281
5725577	0.173830323363034
5725577	0.174572197828012
5725577	0.173762118023705
5725577	0.172957663773596
5725577	0.172158783109514
5725577	0.172901522972297
5725577	0.17210657344139
5725577	0.171317093746705
5725577	0.17053303382109
5725577	0.169754344168939
5725577	0.17049957874372
5725577	0.169724580658521
5725577	0.17046657046657
5725577	0.171203524144701
5725577	0.173440378061278
5725577	0.172659115097038
5725577	0.174879373755778
5725577	0.174095161317412
5725577	0.174807636359988
5725577	0.175515340364334
5725577	0.176218315834129
5725577	0.176916604800792
5725577	0.177610248829761
5725577	0.176824362772992
5725577	0.177515351605488
5725577	0.178201774432483
5725577	0.180348872859886
5725577	0.181019857335647
5725577	0.183145226304273
5725577	0.183801069566408
5725577	0.184452626271275
5725577	0.186549209055603
5725577	0.1871860165362
5725577	0.187818688903288
5725577	0.188447261881387
5725577	0.190508552419255
5725577	0.191122852552219
5725577	0.194594428292338
5725577	0.195188599191871
5725577	0.195778961303587
5725577	0.199208475327878
5725577	0.201197659120809
5725577	0.201758744786255
5725577	0.203728693607783
5725577	0.204276704769413
5725577	0.206227717266869
5725577	0.205359390036272
5725577	0.205897095680377
5725577	0.207829043567112
5725577	0.208354166118436
5725577	0.210267788250161
5725577	0.210780561354674
5725577	0.211290136290136
5725577	0.213179665461823
5725577	0.215057458427475
5725577	0.21554620171221
5725577	0.218781062736077
5725577	0.219252471257053
5725577	0.221089901217668
5725577	0.221549915283715
5725577	0.22337043369428
5725577	0.226540350291446
5725577	0.229690898762764
5725577	0.231467223022536
5725577	0.234585003050842
5725577	0.236334321527019
5725577	0.238073038073038
5725577	0.239801238188335
5725577	0.241519006512191
5725577	0.241887738748421
5725577	0.242254254157579
5725577	0.241285237140949
5725577	0.242983366600133
5725577	0.243343326626959
5725577	0.245026520821948
5725577	0.246699696003871
5725577	0.248362931531248
5725577	0.250016305978424
5725577	0.251659897144847
5725577	0.250669110148214
5725577	0.252303678150251
5725577	0.253928631046394
5725577	0.255544044101659
5725577	0.254545825179387
5725577	0.253553443794672
5725577	0.255160888241645
5725577	0.25546447055268
5725577	0.254474298186197
5725577	0.25477936215195
5725577	0.253795658050977
5725577	0.254102161616613
5725577	0.253124845610395
5725577	0.25215315714356
5725577	0.252464192301375
5725577	0.252773443318706
5725577	0.254353188445988
5725577	0.255923906458258
5725577	0.256218238879836
5725577	0.255245873646895
5725577	0.256804285741667
5725577	0.258353859960665
5725577	0.258636801369619
5725577	0.258918144239539
5725577	0.260451033421596
5725577	0.261975294709569
5725577	0.263490992731881
5725577	0.264998191512945
5725577	0.264009392290882
5725577	0.265509046944051
5725577	0.267000339210678
5725577	0.26848333114929
5725577	0.267488948441329
5725577	0.266500079870382
5725577	0.265516684741709
5725577	0.264538722735294
5725577	0.264791644097787
5725577	0.267489656413024
5725577	0.266509840821767
5725577	0.266754168033876
5725577	0.265780612676088
5725577	0.264812377292933
5725577	0.265061544405807
5725577	0.26409943353682
5725577	0.263142551531252
5725577	0.263396406076648
5725577	0.262445516524025
5725577	0.262700968116131
5725577	0.262955041372308
5725577	0.263207746190839
5725577	0.262264349251087
5725577	0.262518621108269
5725577	0.262771530794787
5725577	0.263023088023088
5725577	0.262087062798807
5725577	0.261156025275543
5725577	0.26022994007953
5725577	0.261668654155945
5725577	0.263099742539375
5725577	0.26334748007304
5725577	0.262420200213628
5725577	0.262669455514575
5725577	0.261747808302244
5725577	0.263166088016305
5725577	0.263411428034896
5725577	0.262492016418718
5725577	0.262738850275563
5725577	0.261824976013735
5725577	0.260915861513688
5725577	0.262322276782849
5725577	0.262567989781293
5725577	0.261661019177558
5725577	0.263057590375797
5725577	0.263299503432449
5725577	0.263540169514583
5725577	0.263779597177769
5725577	0.262876242392913
5725577	0.263117121336299
5725577	0.264494423538792
5725577	0.264728968376252
5725577	0.266096103404451
5725577	0.266324413183496
5725577	0.26655156206536
5725577	0.266777557907215
5725577	0.26700240849987
5725577	0.268350348662322
5725577	0.267446812134839
5725577	0.267668279432985
5725577	0.267888631962852
5725577	0.266991182609543
5725577	0.266098235510514
5725577	0.266322726655165
5725577	0.265434984232981
5725577	0.264551673137364
5725577	0.264780183636354
5725577	0.263901974072054
5725577	0.263028126475789
5725577	0.2621586120081
5725577	0.262393512078481
5725577	0.264823846470314
5725577	0.265049206624469
5725577	0.265273456630081
5725577	0.266589499941676
5725577	0.267899081502151
5725577	0.268112918926436
5725577	0.268325709838041
5725577	0.269623237384714
5725577	0.269830424688612
5725577	0.270036602963432
5725577	0.271322275779326
5725577	0.271522958813481
5725577	0.271722669231962
5725577	0.272996682126913
5725577	0.274264540370197
5725577	0.273382660819168
5725577	0.272505027879138
5725577	0.273768366464996
5725577	0.273958974358974
5725577	0.274148668796592
5725577	0.274337455605322
5725577	0.274525340566239
5725577	0.27577221282729
5725577	0.275954946543182
5725577	0.276136811477541
5725577	0.276317813128983
5725577	0.276497956952693
5725577	0.276677248360834
5725577	0.276855692722952
5725577	0.277033295366381
5725577	0.277210061576638
5725577	0.278430928677234
5725577	0.279646064007405
5725577	0.278772170057381
5725577	0.277902366094644
5725577	0.278075048235574
5725577	0.277210118069989
5725577	0.276349217082194
5725577	0.27549232028504
5725577	0.274639402884777
5725577	0.27379044027926
5725577	0.272945408056176
5725577	0.272104281991288
5725577	0.271267038046699
5725577	0.271457717909331
5725577	0.271647520410631
5725577	0.271836450924943
5725577	0.272024514785519
5725577	0.271193905580067
5725577	0.272399615217526
5725577	0.273599819331527
5725577	0.273781380164359
5725577	0.273962114468362
5725577	0.274142027252801
5725577	0.274321123489051
5725577	0.274499408110937
5725577	0.274676886015077
5725577	0.274853562061216
5725577	0.275029441072561
5725577	0.275204527836107
5725577	0.27437932685309
5725577	0.273557831862512
5725577	0.272740020705972
5725577	0.271925871390432
5725577	0.272108904063883
5725577	0.271299056135122
5725577	0.270492818226845
5725577	0.269690168914599
5725577	0.269878741253618
5725577	0.269080283439258
5725577	0.268285363842687
5725577	0.268477245758589
5725577	0.267686443856501
5725577	0.268859915100061
5725577	0.268070311825171
5725577	0.267284181878469
5725577	0.268453676709474
5725577	0.26864338330779
5725577	0.267859023064555
5725577	0.267078092968157
5725577	0.26727097576398
5725577	0.266494025253038
5725577	0.26572045769062
5725577	0.267848804190068
5725577	0.267073554395017
5725577	0.266301665509482
5725577	0.265533118134274
5725577	0.266689122596904
5725577	0.265921671884395
5725577	0.268031092367485
5725577	0.267261993106747
5725577	0.266496199430223
5725577	0.266687435864853
5725577	0.266877852714763
5725577	0.266116432307588
5725577	0.267257601066446
5725577	0.267445583235057
5725577	0.26857973404026
5725577	0.268763432194283
5725577	0.269890636824517
5725577	0.269127155532227
5725577	0.268366909330158
5725577	0.267609879966745
5725577	0.268733983591251
5725577	0.26985334416249
5725577	0.270967988326828
5725577	0.271142926180983
5725577	0.270383422186079
5725577	0.271491906786024
5725577	0.272595746897423
5725577	0.273694968430949
5725577	0.274789597116843
5725577	0.274025231060885
5725577	0.273264049863494
5725577	0.27250603585555
5725577	0.272674532524464
5725577	0.273764413946711
5725577	0.273008158659565
5725577	0.273174572934527
5725577	0.27242202590165
5725577	0.272589594835437
5725577	0.272756473237904
5725577	0.272922664897974
5725577	0.272174931569486
5725577	0.271430266914029
5725577	0.27251014778767
5725577	0.271766600317581
5725577	0.272842622296734
5725577	0.273007222870983
5725577	0.273171152518979
5725577	0.272429846813364
5725577	0.272594896912334
5725577	0.272759276983839
5725577	0.272922990649648
5725577	0.274885411727517
5725577	0.275042953295188
5725577	0.274302595412832
5725577	0.274461280192188
5725577	0.274619325972433
5725577	0.273883081130684
5725577	0.274042251819312
5725577	0.274200784122825
5725577	0.27435868145049
5725577	0.273627058299956
5725577	0.272898357745229
5725577	0.272172564240587
5725577	0.271449662343534
5725577	0.272497983309908
5725577	0.271776134347498
5725577	0.271057149865097
5725577	0.270341014726748
5725577	0.270507221372148
5725577	0.270672771074285
5725577	0.2699604743083
5725577	0.269250985545335
5725577	0.269419180683886
5725577	0.268712970511714
5725577	0.268009533416133
5725577	0.267308854897398
5725577	0.267481242569555
5725577	0.266783768664549
5725577	0.266089019266985
5725577	0.265396980205173
5725577	0.264707637399445
5725577	0.264020976861444
5725577	0.263336984693409
5725577	0.262655647087475
5725577	0.261976950324975
5725577	0.26130088077575
5725577	0.260627424897462
5725577	0.25995656923492
5725577	0.259288300419406
5725577	0.258622605168008
5725577	0.258814171137663
5725577	0.258151394771113
5725577	0.257491161024895
5725577	0.256833456909889
5725577	0.256178269519813
5725577	0.255525586030591
5725577	0.254875393699724
5725577	0.254227679865671
5725577	0.254428455635894
5725577	0.253783516584852
5725577	0.253984908525988
5725577	0.253342721652344
5725577	0.252702967304737
5725577	0.252906322578454
5725577	0.252269278944755
5725577	0.251634639249296
5725577	0.25183991235001
5725577	0.251207942682883
5725577	0.250578348841573
5725577	0.250785495235795
5725577	0.250158531497706
5725577	0.24953391593841
5725577	0.24974289204164
5725577	0.249120867403927
5725577	0.24933035115002
5725577	0.248710896861448
5725577	0.248093748234001
5725577	0.248304998754693
5725577	0.248515464929393
5725577	0.247901088007441
5725577	0.247288986555571
5725577	0.249145240596124
5725577	0.250994636555247
5725577	0.250377183574791
5725577	0.252219008676573
5725577	0.253236058144034
5725577	0.252615381530936
5725577	0.251996984024128
5725577	0.251380854478837
5725577	0.251580982632327
5725577	0.251780378609647
5725577	0.251167028113643
5725577	0.250555916123099
5725577	0.25156712086318
5725577	0.251765582543933
5725577	0.251963322545847
5725577	0.25377454936777
5725577	0.253966952714724
5725577	0.254963811927168
5725577	0.255152881942623
5725577	0.254538055721075
5725577	0.254727695378385
5725577	0.254115369187571
5725577	0.254305568381199
5725577	0.254495083405065
5725577	0.253885514343017
5725577	0.253278132729756
5725577	0.252672928111525
5725577	0.252069890096939
5725577	0.251469008356541
5725577	0.250870272622358
5725577	0.250273672687466
5725577	0.251262729680291
5725577	0.250666614070136
5725577	0.25007261735433
5725577	0.250269684137712
5725577	0.250466052102713
5725577	0.249874632853356
5725577	0.249285305889079
5725577	0.249483298886593
5725577	0.249680593085291
5725577	0.249093799682035
5725577	0.248509072452734
5725577	0.247926401708414
5725577	0.247345777816825
5725577	0.246767191202049
5725577	0.2461906323441
5725577	0.246393999207552
5725577	0.245819654221055
5725577	0.24602341133191
5725577	0.246226457662146
5725577	0.246428796513879
5725577	0.245857035965123
5725577	0.24528726299649
5725577	0.245491073344492
5725577	0.245694176835795
5725577	0.245126753794604
5725577	0.24533022917993
5725577	0.245533001309316
5725577	0.244967908095715
5725577	0.245171047004308
5725577	0.245373486238129
5725577	0.245575229006696
5725577	0.245776278501144
5725577	0.245976637894352
5725577	0.24617631034107
5725577	0.245614263970428
5725577	0.245054140221351
5725577	0.244495930334742
5725577	0.24393962560133
5725577	0.243385217361327
5725577	0.242832697004093
5725577	0.242282055967803
5725577	0.24173328573911
5725577	0.241940525665794
5725577	0.241393767415702
5725577	0.241601305939218
5725577	0.241056545384676
5725577	0.242765877489666
5725577	0.242969628796401
5725577	0.243172693300978
5725577	0.243375074086685
5725577	0.243576774219525
5725577	0.243777796748335
5725577	0.243978144704901
5725577	0.24492270006124
5725577	0.245120045224794
5725577	0.245316730371078
5725577	0.246255148937438
5725577	0.24719043596242
5725577	0.247381864623244
5725577	0.24757265589674
5725577	0.24776281260946
5725577	0.247952337572304
5725577	0.248141233580624
5725577	0.247592855163872
5725577	0.247046292569691
5725577	0.246501537790044
5725577	0.245958582860991
5725577	0.245417419862397
5725577	0.244878040917645
5725577	0.245804031314459
5725577	0.245995981538185
5725577	0.245457107537006
5725577	0.244920002268873
5725577	0.244384658001618
5725577	0.243851067045283
5725577	0.243319221751836
5725577	0.242789114514904
5725577	0.242260737769496
5725577	0.241734083991736
5725577	0.241209145698595
5725577	0.240685915447622
5725577	0.240164385836684
5725577	0.240366050225205
5725577	0.23984633984634
5725577	0.239328313194404
5725577	0.239531128771834
5725577	0.239733288695458
5725577	0.240652413298195
5725577	0.240134881226586
5725577	0.239619016820084
5725577	0.240535428085849
5725577	0.240019810876662
5725577	0.239505849825534
5725577	0.238993537847298
5725577	0.238482867894633
5725577	0.237973832957824
5725577	0.237466426064524
5725577	0.236960640279509
5725577	0.237165688562602
5725577	0.237370083131722
5725577	0.236866112679213
5725577	0.237070709117504
5725577	0.237274655355249
5725577	0.237477954144621
5725577	0.237680608223244
5725577	0.23788262031429
5725577	0.238083993126566
5725577	0.238987223207789
5725577	0.239887600983491
5725577	0.240785138450754
5725577	0.240979567431599
5725577	0.24117338435899
5725577	0.240667779779621
5725577	0.240861843766121
5725577	0.241752648834951
5725577	0.241944040025125
5725577	0.242134831869192
5725577	0.242325026867032
5725577	0.241820183061059
5725577	0.241316915250318
5725577	0.241508217574815
5725577	0.241006642875802
5725577	0.241889754958355
5725577	0.241388429041343
5725577	0.240888660037117
5725577	0.240390441505499
5725577	0.239893767039579
5725577	0.239398630265503
5725577	0.238905024842276
5725577	0.239099521873153
5725577	0.238607547548311
5725577	0.238802256254961
5725577	0.238996365242801
5725577	0.239189876972218
5725577	0.239382793890991
5725577	0.239575118434373
5725577	0.239766853025169
5725577	0.240638967046908
5725577	0.240828139223003
5725577	0.241016732890914
5725577	0.24120475040709
5725577	0.24071399811735
5725577	0.240902248798683
5725577	0.241089926127688
5725577	0.241277032430336
5725577	0.241463570020818
5725577	0.240974777368954
5725577	0.241161548968478
5725577	0.240674353920057
5725577	0.240861354887591
5725577	0.240375747317253
5725577	0.239891606839273
5725577	0.239408927549858
5725577	0.238927703574883
5725577	0.239117273112551
5725577	0.238637599545625
5725577	0.23882737055522
5725577	0.238349237681235
5725577	0.237872539205873
5725577	0.23806327006327
5725577	0.238253429870196
5725577	0.238443020904021
5725577	0.238632045430773
5725577	0.238820505705206
5725577	0.239008403970868
5725577	0.239195742460168
5725577	0.23938252339444
5725577	0.239568748984012
5725577	0.239754421428268
5725577	0.240598956038037
5725577	0.240782225558384
5725577	0.240964952325955
5725577	0.241147138481788
5725577	0.241328786156372
5725577	0.241509897469713
5725577	0.241034951751975
5725577	0.242526042220046
5725577	0.242050034286346
5725577	0.241575426375981
5725577	0.241102213004039
5725577	0.240630388712446
5725577	0.240159948069802
5725577	0.239690885671228
5725577	0.239873602642277
5725577	0.239406012773578
5725577	0.238939788795441
5725577	0.238474925393115
5725577	0.238011417277676
5725577	0.238843757567752
5725577	0.238380433110783
5725577	0.238564450359276
5725577	0.238747933191752
5725577	0.239575629001182
5725577	0.239112680925817
5725577	0.238651073433682
5725577	0.238190801353772
5725577	0.237731859539988
5725577	0.237274242870998
5725577	0.237458971891118
5725577	0.237002758688638
5725577	0.236547858959869
5725577	0.236733449514756
5725577	0.23691850676345
5725577	0.237103032747316
5725577	0.237287029497958
5725577	0.238743978820789
5725577	0.238924492856119
5725577	0.238468964747718
5725577	0.238649658783119
5725577	0.238829837041064
5725577	0.239009501482685
5725577	0.239188654059799
5725577	0.239367296714967
5725577	0.239545431381542
5725577	0.23909174685241
5725577	0.23863934998041
5725577	0.238188235897271
5725577	0.23773839975771
5725577	0.2372898367393
5725577	0.238099218134073
5725577	0.238278566750268
5725577	0.238457409208561
5725577	0.238635747411803
5725577	0.238187605163143
5725577	0.238366114972092
5725577	0.238544122879049
5725577	0.238097411038451
5725577	0.238275588629274
5725577	0.238453266656759
5725577	0.239252918197393
5725577	0.23942844135996
5725577	0.239603473777432
5725577	0.239778017277536
5725577	0.24057222871826
5725577	0.240744647128325
5725577	0.240916585264267
5725577	0.24108804490818
5725577	0.241259027833899
5725577	0.242046819757663
5725577	0.242215712474732
5725577	0.242384136912548
5725577	0.242552094800675
5725577	0.242719587860699
5725577	0.242272178482154
5725577	0.243053752125219
5725577	0.24321985991033
5725577	0.243385509677652
