49128828	0.666666666666667
49128828	0.888888888888889
49128828	0.611111111111111
49128828	0.366666666666667
49128828	0.355555555555556
49128828	0.53968253968254
49128828	0.571428571428571
49128828	0.592592592592593
49128828	0.607407407407408
49128828	0.557575757575758
49128828	0.464646464646465
49128828	0.393162393162393
49128828	0.336996336996337
49128828	0.292063492063492
49128828	0.297222222222222
49128828	0.340686274509804
49128828	0.302832244008715
49128828	0.270955165692008
49128828	0.243859649122807
49128828	0.284126984126984
49128828	0.318903318903319
49128828	0.320158102766798
49128828	0.293478260869565
49128828	0.323333333333333
49128828	0.324102564102564
49128828	0.300094966761633
49128828	0.278659611992945
49128828	0.25944170771757
49128828	0.242145593869732
49128828	0.226523297491039
49128828	0.212365591397849
49128828	0.19949494949495
49128828	0.187759952465835
49128828	0.17703081232493
49128828	0.167195767195767
49128828	0.176176176176176
49128828	0.184447605500237
49128828	0.174988753936122
49128828	0.166239316239316
49128828	0.158130081300813
49128828	0.166473093302362
49128828	0.158730158730159
49128828	0.151515151515152
49128828	0.144781144781145
49128828	0.152979066022544
49128828	0.174838112858464
49128828	0.195330969267139
