41527489	0.666666666666667
41527489	0.222222222222222
41527489	0.444444444444444
41527489	0.4
41527489	0.377777777777778
41527489	0.26984126984127
41527489	0.285714285714286
41527489	0.296296296296296
41527489	0.237037037037037
41527489	0.193939393939394
41527489	0.272727272727273
41527489	0.384615384615385
41527489	0.377289377289377
41527489	0.371428571428571
41527489	0.366666666666667
41527489	0.362745098039216
41527489	0.32244008714597
41527489	0.393762183235868
41527489	0.421052631578947
41527489	0.380952380952381
41527489	0.376623376623377
41527489	0.343873517786561
41527489	0.315217391304348
41527489	0.29
41527489	0.267692307692308
41527489	0.272554605887939
41527489	0.300705467372134
41527489	0.302955665024631
41527489	0.304980842911877
41527489	0.306810035842294
41527489	0.287634408602151
41527489	0.27020202020202
41527489	0.273915626856803
41527489	0.296358543417367
41527489	0.298412698412698
41527489	0.282282282282282
41527489	0.302513039355145
41527489	0.321187584345479
41527489	0.305128205128205
41527489	0.322764227642276
41527489	0.307394502516454
41527489	0.293097083794758
41527489	0.279774489076815
41527489	0.296969696969697
41527489	0.298550724637681
41527489	0.300030835646007
41527489	0.287529550827423
41527489	0.275793650793651
41527489	0.264761904761905
41527489	0.25437908496732
41527489	0.270236299648064
41527489	0.285195936139332
41527489	0.274633123689728
41527489	0.264646464646465
