11600787	0.666666666666667
11600787	0.444444444444444
11600787	0.388888888888889
11600787	0.366666666666667
11600787	0.355555555555556
11600787	0.444444444444444
11600787	0.5
11600787	0.462962962962963
11600787	0.37037037037037
11600787	0.363636363636364
11600787	0.303030303030303
11600787	0.307692307692308
11600787	0.263736263736264
11600787	0.273015873015873
11600787	0.280555555555556
11600787	0.286764705882353
11600787	0.291938997821351
11600787	0.296296296296296
11600787	0.333333333333333
11600787	0.333333333333333
11600787	0.363636363636364
11600787	0.361001317523057
11600787	0.330917874396135
11600787	0.357777777777778
11600787	0.355897435897436
11600787	0.329534662867996
11600787	0.305996472663139
11600787	0.284893267651888
11600787	0.265900383141763
11600787	0.270250896057348
11600787	0.29502688172043
11600787	0.317550505050505
11600787	0.318478906714201
11600787	0.300280112044818
11600787	0.320634920634921
11600787	0.339339339339339
11600787	0.321479374110953
11600787	0.322087269455691
11600787	0.322649572649573
11600787	0.339430894308943
11600787	0.355013550135501
11600787	0.354005167958656
11600787	0.383368569415081
11600787	0.395959595959596
11600787	0.407729468599034
11600787	0.404563675609004
11600787	0.387706855791962
11600787	0.371882086167801
11600787	0.370340136054422
11600787	0.355816993464052
11600787	0.342131724484666
11600787	0.354378326076439
11600787	0.353598881900769
11600787	0.352861952861953
11600787	0.352164502164502
11600787	0.339807852965748
11600787	0.328090340794515
11600787	0.328268069355153
11600787	0.350659133709981
11600787	0.371948998178506
11600787	0.392208707914684
11600787	0.390339648404165
11600787	0.409391534391534
11600787	0.407051282051282
11600787	0.404817404817405
11600787	0.402683551937283
11600787	0.41044776119403
11600787	0.398550724637681
11600787	0.406211180124224
11600787	0.404158283031522
11600787	0.411450182576943
11600787	0.418442415017758
11600787	0.425151178575836
11600787	0.422702702702703
11600787	0.420350877192982
11600787	0.418090681248576
11600787	0.407370407370407
11600787	0.397057232500271
11600787	0.395464135021097
11600787	0.393930041152263
11600787	0.392452072668875
11600787	0.399059653247135
11600787	0.397494740868235
11600787	0.395985060690943
11600787	0.39452804377565
11600787	0.393121268822953
11600787	0.384186694531522
11600787	0.375553285665645
11600787	0.382022471910112
11600787	0.380952380952381
11600787	0.372670807453416
11600787	0.371824840268038
11600787	0.371005872035385
11600787	0.370212765957447
11600787	0.3625
11600787	0.355025773195876
11600787	0.354583070341539
11600787	0.354153782725211
11600787	0.353737373737374
11600787	0.353333333333333
11600787	0.34640522875817
11600787	0.352623897455422
11600787	0.358663181478716
11600787	0.364529914529915
11600787	0.370230607966457
11600787	0.375771468876741
11600787	0.381158416983962
11600787	0.386397100464379
11600787	0.391492910758966
11600787	0.396450996450997
11600787	0.395323895323895
11600787	0.394226717235567
11600787	0.393158412254826
11600787	0.392117976099669
11600787	0.396851574212894
11600787	0.401463798015522
11600787	0.405958761890965
11600787	0.399135925556663
11600787	0.392483660130719
11600787	0.385996326905418
11600787	0.379668518267624
11600787	0.378915100626416
11600787	0.383556254917388
11600787	0.382752688172043
11600787	0.387259259259259
11600787	0.381160688247302
11600787	0.375205052493438
11600787	0.379723837209302
11600787	0.379010137149672
11600787	0.373223722842044
11600787	0.377669828051507
11600787	0.371990582516898
11600787	0.376388733026596
11600787	0.375750875253363
11600787	0.370225127087872
11600787	0.369686560755689
11600787	0.373990620261645
11600787	0.373405623327425
11600787	0.36807125727989
11600787	0.36757852077001
11600787	0.371791029867146
11600787	0.375915164647559
11600787	0.37995337995338
11600787	0.383908045977012
11600787	0.387781451739884
11600787	0.387040661013264
11600787	0.386314886314886
11600787	0.385603724529899
11600787	0.380462341536167
11600787	0.384253127299485
11600787	0.387969094922737
11600787	0.387254901960784
11600787	0.38655462184874
11600787	0.381566820276498
11600787	0.380948442238765
11600787	0.38034188034188
11600787	0.383966244725738
11600787	0.383329352758538
11600787	0.382704402515723
11600787	0.386231884057971
11600787	0.385578815530506
11600787	0.384937766669191
11600787	0.384308444311437
11600787	0.387730968218773
11600787	0.387075575027382
11600787	0.386431955366376
11600787	0.385799828913601
11600787	0.389123696816005
11600787	0.388467339598561
11600787	0.387822497420021
11600787	0.394940840473276
11600787	0.394228614957208
11600787	0.397360086815937
11600787	0.400437876299945
11600787	0.399675324675325
11600787	0.398925697654511
11600787	0.39444338644491
11600787	0.393760592555395
11600787	0.396792882267743
11600787	0.39609167178228
11600787	0.399065023374416
11600787	0.401989631497828
11600787	0.408489744198939
11600787	0.411280846063455
11600787	0.417611159546644
11600787	0.420274854809959
11600787	0.419349945007016
11600787	0.421967053172727
11600787	0.424542838577926
11600787	0.42358776522458
11600787	0.426119837114602
11600787	0.425158318940702
11600787	0.427648095721383
11600787	0.430099568243898
11600787	0.432513518227804
11600787	0.431506612797403
11600787	0.430514963509887
11600787	0.426188179957024
11600787	0.425259631490787
11600787	0.421028192371476
11600787	0.420159926440405
11600787	0.419304492025557
11600787	0.421729611384784
11600787	0.424119241192412
11600787	0.420001578656563
11600787	0.41594359238935
11600787	0.41514926297535
11600787	0.417556128082444
11600787	0.419928609402294
11600787	0.425426916422177
11600787	0.424558109034547
11600787	0.420571647916851
11600787	0.422871601363111
11600787	0.425139462435702
11600787	0.427375825437841
11600787	0.432653467599704
11600787	0.437858481658423
11600787	0.439948054124251
11600787	0.442009132420091
11600787	0.441025641025641
11600787	0.443058443058443
11600787	0.44805343460052
