32966527	0.333333333333333
32966527	0.111111111111111
32966527	0.388888888888889
32966527	0.366666666666667
32966527	0.244444444444444
32966527	0.26984126984127
32966527	0.202380952380952
32966527	0.157407407407407
32966527	0.192592592592593
32966527	0.157575757575758
32966527	0.186868686868687
32966527	0.158119658119658
32966527	0.183150183150183
32966527	0.203174603174603
32966527	0.219444444444444
32966527	0.232843137254902
32966527	0.318082788671024
32966527	0.284600389863548
32966527	0.256140350877193
32966527	0.263492063492064
32966527	0.26984126984127
32966527	0.304347826086957
32966527	0.334541062801932
32966527	0.307777777777778
32966527	0.30974358974359
32966527	0.286799620132953
32966527	0.2663139329806
32966527	0.247947454844007
32966527	0.275862068965517
32966527	0.279569892473118
32966527	0.262096774193548
32966527	0.266414141414141
32966527	0.250742721330957
32966527	0.293557422969188
32966527	0.277248677248677
32966527	0.298298298298298
32966527	0.282598387861546
32966527	0.302294197031039
32966527	0.320512820512821
32966527	0.321138211382114
32966527	0.321718931475029
32966527	0.337763012181617
32966527	0.352713178294574
32966527	0.351851851851852
32966527	0.336553945249598
32966527	0.336416897934012
32966527	0.33628841607565
32966527	0.336167800453515
32966527	0.322721088435374
32966527	0.310065359477124
32966527	0.298139768728004
32966527	0.299467827769715
32966527	0.313067784765898
32966527	0.301683501683502
32966527	0.290909090909091
32966527	0.280701754385965
32966527	0.27102238354507
32966527	0.273134619131112
32966527	0.264030131826742
32966527	0.277231329690346
32966527	0.279041071743346
32966527	0.291346646185356
32966527	0.303075396825397
32966527	0.314262820512821
32966527	0.304739704739705
32966527	0.305593245891753
32966527	0.316213052385133
32966527	0.32637112816141
32966527	0.345617667356798
32966527	0.345271629778672
32966527	0.344940010432968
32966527	0.344622019279554
32966527	0.344316919659385
32966527	0.344024024024024
32966527	0.34374269005848
32966527	0.343472317156528
32966527	0.343212343212343
32966527	0.342962241696419
32966527	0.334388185654008
32966527	0.334362139917696
32966527	0.334337047074175
32966527	0.326280732686845
32966527	0.326448651749857
32966527	0.318767507002801
32966527	0.319106247150023
32966527	0.319433306602513
32966527	0.312173458725183
32966527	0.305158324821246
32966527	0.305784436121515
32966527	0.299063899063899
32966527	0.299808886765409
32966527	0.293361383824217
32966527	0.294211850835049
32966527	0.309070548712206
32966527	0.302631578947369
32966527	0.29639175257732
32966527	0.310751104565538
32966527	0.311207311207311
32966527	0.311649831649832
32966527	0.305478547854786
32966527	0.299488772406652
32966527	0.306618440256361
32966527	0.313542444610406
32966527	0.307570207570208
32966527	0.308056304282719
32966527	0.308528772115441
32966527	0.308988115841698
32966527	0.303318609129007
32966527	0.297803725326661
32966527	0.292437892437893
32966527	0.293168168168168
32966527	0.287979351032448
32966527	0.28292708171609
32966527	0.283803712178998
32966527	0.278910544727636
32966527	0.279840848806366
32966527	0.27509778357236
32966527	0.276076532307838
32966527	0.271475256769374
32966527	0.272497704315886
32966527	0.268030528835298
32966527	0.263672308854236
32966527	0.259419529679168
32966527	0.260602150537634
32966527	0.261756613756614
32966527	0.262883806190893
32966527	0.25877624671916
32966527	0.265100129198967
32966527	0.261021665672828
32966527	0.262125660598943
32966527	0.258154059680777
32966527	0.254272043745728
32966527	0.265402311749523
32966527	0.26147042564953
32966527	0.262527233115468
32966527	0.26356089881208
32966527	0.25974117564089
32966527	0.260800055607688
32966527	0.257074340527578
32966527	0.258156028368794
32966527	0.259214863649985
32966527	0.269575494927608
32966527	0.270461020461021
32966527	0.266730523627075
32966527	0.263076680837663
32966527	0.259497406268443
32966527	0.264999693571122
32966527	0.265916923635045
32966527	0.271260253542133
32966527	0.276497424576895
32966527	0.272859300569304
32966527	0.278007109276459
32966527	0.274396627337804
32966527	0.275157100963553
32966527	0.280176454370003
32966527	0.280853612063803
32966527	0.281517912333038
32966527	0.282169678634928
32966527	0.291142557651992
32966527	0.287525879917184
32966527	0.288091404033433
32966527	0.292736499280467
32966527	0.293231582622575
32966527	0.289677260408968
32966527	0.290203237191189
32966527	0.2907197652887
32966527	0.291227069670184
32966527	0.295670141823988
32966527	0.292191669567235
32966527	0.296571494094714
32966527	0.296998957341675
32966527	0.293565443383967
32966527	0.297853963191815
32966527	0.298259441707718
32966527	0.298658008658009
32966527	0.295283341893511
32966527	0.295710869887217
32966527	0.292406837821438
32966527	0.292861576660459
32966527	0.293308778391651
32966527	0.293748608665736
32966527	0.290538241357914
32966527	0.291003405401125
32966527	0.287857422640031
32966527	0.291930640317737
32966527	0.292373449868706
32966527	0.289263094019039
32966527	0.286202108897144
32966527	0.28318945511928
32966527	0.287204923303022
32966527	0.284213205351949
32966527	0.281267990788716
32966527	0.278368320780585
32966527	0.278932064499075
32966527	0.27948717948718
32966527	0.276649746192893
32966527	0.273855304312157
32966527	0.271102989695955
32966527	0.271725293132328
32966527	0.269021558872305
32966527	0.269658309114494
32966527	0.267001577004991
32966527	0.264383914485334
32966527	0.265056591742388
32966527	0.262483226774015
32966527	0.259947156950112
32966527	0.257447665056361
32966527	0.254984051036683
32966527	0.252555631503
32966527	0.253321296923193
32966527	0.254076127455364
32966527	0.251690436117755
32966527	0.252453453848741
32966527	0.250105049626893
32966527	0.247789262130347
32966527	0.245505490129146
32966527	0.246311250158542
32966527	0.244061832348875
32966527	0.247903694479037
32966527	0.24566022213081
32966527	0.249453072982485
32966527	0.250205362312986
32966527	0.250947576339953
32966527	0.254642857142857
32966527	0.258289085545723
32966527	0.258950268345614
32966527	0.265450704588196
32966527	0.268954774125999
32966527	0.272413138408961
32966527	0.270054583098061
32966527	0.273473652783998
32966527	0.276848700113463
32966527	0.274482471907365
32966527	0.280657089167728
32966527	0.283928356773651
32966527	0.287158215928866
32966527	0.284745121677363
32966527	0.290730518148682
32966527	0.291085541608554
32966527	0.28866989396035
32966527	0.286284192357372
32966527	0.28667142808557
32966527	0.287053902718748
32966527	0.287431693989071
32966527	0.287804878048781
32966527	0.28547447417794
32966527	0.285860432719516
32966527	0.283564364986829
32966527	0.283962516733601
32966527	0.284355909694555
32966527	0.284744619405974
32966527	0.287763766024636
32966527	0.288122581515255
32966527	0.285862796562195
32966527	0.288837826797386
32966527	0.291778129053178
32966527	0.289516283091525
32966527	0.289854638691848
32966527	0.29018909018909
32966527	0.287965418999902
32966527	0.293400797480819
32966527	0.296239321200863
32966527	0.296520336444291
32966527	0.296798170383076
32966527	0.299579136520547
32966527	0.299831976946111
32966527	0.302569549257458
32966527	0.30279827627661
32966527	0.300555326081968
32966527	0.300797230194524
32966527	0.301036466247016
32966527	0.303715075773899
32966527	0.308797447483579
32966527	0.306551647865517
32966527	0.309161176987264
32966527	0.311742444060761
32966527	0.314295855734185
32966527	0.31682181136811
32966527	0.319320703191671
32966527	0.321792916454838
32966527	0.321874763383055
32966527	0.326667167882114
32966527	0.329061530549611
32966527	0.333769870686105
32966527	0.336097820308347
32966527	0.338401435962412
32966527	0.34068105562008
32966527	0.338323401255927
32966527	0.338288986994392
32966527	0.335963976774499
32966527	0.335945958668738
32966527	0.335928125048701
32966527	0.338178047100524
32966527	0.340405088589108
32966527	0.338105054206749
32966527	0.335828252494919
32966527	0.335811508071016
32966527	0.333565277247798
32966527	0.333563730955035
32966527	0.33577703949797
32966527	0.3379683615322
32966527	0.340137987308665
32966527	0.340093219848301
32966527	0.340048892723612
32966527	0.344362298653523
32966527	0.346462001376736
32966527	0.346376750285545
32966527	0.34844982417798
32966527	0.346201760796186
32966527	0.343975382913253
32966527	0.343907164646715
32966527	0.348099451134595
32966527	0.350128541679385
32966527	0.350021905435918
32966527	0.349916281561851
32966527	0.347708607861146
32966527	0.345521761270824
32966527	0.345445344794727
32966527	0.345369644723093
32966527	0.345294652128764
32966527	0.349361144972685
32966527	0.349261901556961
32966527	0.349163577061754
32966527	0.349066160177271
32966527	0.348969639767186
32966527	0.35091274084914
32966527	0.350805549339897
32966527	0.348672992808955
32966527	0.346559823155568
32966527	0.346479904788062
32966527	0.346400708574479
32966527	0.344320223838296
32966527	0.342258426090761
32966527	0.340215092203652
32966527	0.344142383321488
32966527	0.346056474023833
32966527	0.344008802579905
32966527	0.343945820460456
32966527	0.341922609751865
32966527	0.343827266977172
32966527	0.345715216682959
32966527	0.343699384515711
32966527	0.345577101272403
32966527	0.34357375575778
32966527	0.341587780290972
32966527	0.33961897464088
32966527	0.337667141453289
32966527	0.339552525551933
32966527	0.339516987310684
32966527	0.339481752815086
32966527	0.337552879219546
32966527	0.337528972443987
32966527	0.33750526826822
32966527	0.337481764409432
32966527	0.33745845861687
32966527	0.337435348671304
32966527	0.337412432384499
32966527	0.341103728025811
32966527	0.341060559166409
32966527	0.342864471119319
32966527	0.342811812899507
32966527	0.342759589871594
32966527	0.342707797253252
32966527	0.342656430327663
32966527	0.344426978067221
32966527	0.344366522237608
32966527	0.34792974766023
32966527	0.347850634303444
32966527	0.347772162406309
32966527	0.349491270245987
32966527	0.349404399617425
32966527	0.349318227680245
32966527	0.347450215767516
32966527	0.347374925727867
32966527	0.347300236406619
32966527	0.348994488026036
32966527	0.347147956343359
32966527	0.347075055958082
32966527	0.350511503031986
32966527	0.352171110190174
32966527	0.352072483086211
32966527	0.350233984480017
32966527	0.348409849144183
32966527	0.350063131313131
32966527	0.351703564138797
32966527	0.351608627545487
32966527	0.351514424998002
32966527	0.349707152890043
32966527	0.351332586294026
32966527	0.352945548341968
32966527	0.356246846564713
32966527	0.357826591196275
32966527	0.359394307315414
32966527	0.360950116729851
32966527	0.359127136342326
32966527	0.362355715000551
32966527	0.363884915762693
32966527	0.365402618774743
32966527	0.365242272347536
32966527	0.363420615128845
32966527	0.363270927159713
32966527	0.361468093774305
32966527	0.361328812782023
32966527	0.361190563500795
32966527	0.36105333576598
32966527	0.359279117899808
32966527	0.360785919609449
32966527	0.35902168528373
32966527	0.360522392509989
32966527	0.360390085652681
32966527	0.361876865172167
32966527	0.363352844840421
32966527	0.363207823045701
32966527	0.363063849601304
32966527	0.362920914426939
32966527	0.365976449609543
32966527	0.369010055113804
32966527	0.370430850395679
32966527	0.370254195552525
32966527	0.373245862081967
32966527	0.373056703177945
32966527	0.376020974084905
32966527	0.375819617288907
32966527	0.377188309285979
32966527	0.376982417380098
32966527	0.37833925227137
32966527	0.381244209036457
32966527	0.381020848310568
32966527	0.383899821109123
32966527	0.385211964243961
32966527	0.386514995273696
32966527	0.389348644256266
32966527	0.387554410872596
32966527	0.387305118562071
32966527	0.385528489577841
32966527	0.386815163157195
32966527	0.385048883873372
32966527	0.387850483491261
32966527	0.387602678263271
32966527	0.38886827458256
32966527	0.387108689629698
32966527	0.386865911497435
32966527	0.388126275259458
32966527	0.387880014846307
32966527	0.389130179204246
32966527	0.390371953197366
32966527	0.390117316501545
32966527	0.391349162159296
32966527	0.389609832549699
32966527	0.389360269360269
32966527	0.390587288817377
32966527	0.388862841626131
32966527	0.391555075803989
32966527	0.391299156056865
32966527	0.391044919992289
32966527	0.390792352873431
32966527	0.391997044200039
32966527	0.391741428902145
32966527	0.390038205298222
32966527	0.388346065578924
32966527	0.388107915222883
32966527	0.386431423148486
32966527	0.387639333680892
32966527	0.387405759485849
32966527	0.388604304151861
32966527	0.391222701136221
32966527	0.392399812100026
32966527	0.392147929461362
32966527	0.394734534016846
32966527	0.393058378883016
32966527	0.39139287727758
32966527	0.389737939107273
32966527	0.389499944990083
32966527	0.387859945221704
32966527	0.387630841810408
32966527	0.388800803340204
32966527	0.38996342201521
32966527	0.388335182257318
32966527	0.388106007886801
32966527	0.387878262878263
32966527	0.387651935369778
32966527	0.39018753812187
32966527	0.392707424327978
32966527	0.393837153162364
32966527	0.393588166249487
32966527	0.394709638530461
32966527	0.395824216514626
32966527	0.398295283113748
32966527	0.399390676516005
32966527	0.399121603835017
32966527	0.398854171841108
32966527	0.399940632266363
32966527	0.402370022419131
32966527	0.400744284954811
32966527	0.399128380579994
32966527	0.400204993401268
32966527	0.402613808688813
32966527	0.405008142120922
32966527	0.406054776219105
32966527	0.405764471057884
32966527	0.406803922036405
32966527	0.406511792459057
32966527	0.408866904393743
32966527	0.408567761538059
32966527	0.409587915313271
32966527	0.409287108283764
32966527	0.410300413631728
32966527	0.412617504344374
32966527	0.41492096511165
32966527	0.413297008301037
32966527	0.411682566862361
32966527	0.411377111760884
32966527	0.413667473193721
32966527	0.415944492715299
32966527	0.414332304759038
32966527	0.414018962509809
32966527	0.413707434984031
32966527	0.413397708195396
32966527	0.411807717010029
32966527	0.410226881244156
32966527	0.412486548365826
32966527	0.412183859207002
32966527	0.411882903001377
32966527	0.410313825275657
32966527	0.408753696662442
32966527	0.408467471374665
32966527	0.410708124892186
32966527	0.411675832044452
32966527	0.412638061609064
32966527	0.413594854848453
32966527	0.414546252637243
32966527	0.415492295466622
32966527	0.417681462899331
32966527	0.417366142788804
32966527	0.418296368624169
32966527	0.417979932738542
32966527	0.417665261365288
32966527	0.418589199789412
32966527	0.417038869419822
32966527	0.416729421966637
32966527	0.417651699622357
32966527	0.418568881821415
32966527	0.420706496226483
32966527	0.422832343946753
32966527	0.422504508743041
32966527	0.423397240581884
32966527	0.425501630214797
32966527	0.425165862284446
32966527	0.426044047027654
32966527	0.424497607655502
32966527	0.424167302313755
32966527	0.425044334372898
32966527	0.427119986595378
32966527	0.427983217874915
32966527	0.426443709896947
32966527	0.426109381794385
32966527	0.428166337415194
32966527	0.430212253918181
32966527	0.428675781582758
32966527	0.430712588065529
32966527	0.42917980305462
32966527	0.427655185637019
32966527	0.428502744080387
32966527	0.426985920207536
32966527	0.427832848640254
32966527	0.428675295970153
32966527	0.428339584834108
32966527	0.428005643704052
32966527	0.426503869515617
32966527	0.427345070206163
32966527	0.428181859004976
32966527	0.427850799578548
