30639526	0
30639526	0
30639526	0.166666666666667
30639526	0.233333333333333
30639526	0.155555555555556
30639526	0.301587301587302
30639526	0.392857142857143
30639526	0.37962962962963
30639526	0.37037037037037
30639526	0.363636363636364
30639526	0.358585858585859
30639526	0.303418803418803
30639526	0.307692307692308
30639526	0.311111111111111
30639526	0.355555555555556
30639526	0.352941176470588
30639526	0.313725490196078
30639526	0.280701754385965
30639526	0.252631578947369
30639526	0.292063492063492
30639526	0.295815295815296
30639526	0.328063241106719
30639526	0.356280193236715
30639526	0.327777777777778
30639526	0.302564102564103
30639526	0.304843304843305
30639526	0.306878306878307
30639526	0.331691297208539
30639526	0.331800766283525
30639526	0.331899641577061
30639526	0.331989247311828
30639526	0.352272727272727
30639526	0.370766488413547
30639526	0.368627450980392
30639526	0.385185185185185
