48740084	0.666666666666667
48740084	0.444444444444444
48740084	0.388888888888889
48740084	0.5
48740084	0.555555555555556
48740084	0.587301587301587
48740084	0.607142857142857
48740084	0.546296296296296
48740084	0.503703703703704
48740084	0.533333333333333
48740084	0.5
48740084	0.525641025641026
48740084	0.545787545787546
48740084	0.517460317460318
48740084	0.577777777777778
48740084	0.627450980392157
48740084	0.594771241830065
48740084	0.567251461988304
48740084	0.543859649122807
48740084	0.523809523809524
48740084	0.476190476190476
48740084	0.492753623188406
48740084	0.451690821256039
48740084	0.415555555555556
48740084	0.383589743589744
48740084	0.404558404558405
48740084	0.375661375661376
48740084	0.372742200328407
48740084	0.370114942528736
48740084	0.389247311827957
48740084	0.406586021505376
48740084	0.402146464646465
48740084	0.398098633392751
48740084	0.413445378151261
48740084	0.427513227513228
48740084	0.422422422422423
48740084	0.400189663347558
48740084	0.396761133603239
48740084	0.393589743589744
48740084	0.390650406504065
48740084	0.372048006194348
48740084	0.370247323735696
48740084	0.353417899929528
48740084	0.337710437710438
48740084	0.323027375201288
48740084	0.337650323774283
48740084	0.337470449172577
48740084	0.323696145124717
48740084	0.337414965986395
48740084	0.363398692810458
48740084	0.362242332830568
48740084	0.373730043541364
48740084	0.384579548101561
48740084	0.394837261503928
48740084	0.404545454545455
48740084	0.390350877192983
48740084	0.399879007864489
48740084	0.40892265731541
48740084	0.417514124293785
48740084	0.42568306010929
48740084	0.44420941300899
48740084	0.451271548045742
48740084	0.468419312169312
48740084	0.474519230769231
48740084	0.47024087024087
48740084	0.466154078094377
48740084	0.472051507170032
48740084	0.477692526285877
48740084	0.483091787439614
48740084	0.488262910798122
48740084	0.474700052164841
48740084	0.489091831557585
48740084	0.47587313340738
48740084	0.472072072072072
48740084	0.47719298245614
48740084	0.47345636819321
48740084	0.478410478410479
48740084	0.483176457860002
48740084	0.496097046413502
48740084	0.500308641975309
48740084	0.488105992171033
48740084	0.500440787540406
48740084	0.488525530694206
48740084	0.492717086834734
48740084	0.496762425900593
48740084	0.508331105764947
48740084	0.519505398815744
48740084	0.522812393598911
48740084	0.533416562630046
48740084	0.543671143671144
48740084	0.553591336200032
48740084	0.548854604955587
48740084	0.5442690459849
48740084	0.532810750279955
48740084	0.535599415204678
48740084	0.531428980526919
48740084	0.52058349112841
48740084	0.516800659657803
48740084	0.513131313131313
48740084	0.50957095709571
48740084	0.506115317414094
48740084	0.502760327431944
48740084	0.499502116006971
48740084	0.509035409035409
48740084	0.512009583707697
48740084	0.50243931111503
48740084	0.50548055844006
48740084	0.502321893759203
48740084	0.505309980539338
48740084	0.508217308217308
48740084	0.511046761046761
48740084	0.507901390644754
48740084	0.504838793148062
48740084	0.50185608949911
48740084	0.498950524737631
48740084	0.496119461636703
48740084	0.493360374716307
48740084	0.496273085505389
48740084	0.499112978524743
48740084	0.507392102846648
48740084	0.50453868039561
48740084	0.512594962015194
48740084	0.50432730133753
48740084	0.501591397849462
48740084	0.50421164021164
48740084	0.506769987084948
48740084	0.509268372703412
48740084	0.511708656330749
48740084	0.514092625720533
48740084	0.511332941867293
48740084	0.508635978101627
48740084	0.505999848105111
48740084	0.503422735944339
48740084	0.505841164547632
48740084	0.503304284676834
48740084	0.500822956919994
48740084	0.498395571070912
