7829682	0.666666666666667
7829682	0.444444444444444
7829682	0.388888888888889
7829682	0.233333333333333
7829682	0.377777777777778
7829682	0.46031746031746
7829682	0.428571428571429
7829682	0.407407407407407
7829682	0.325925925925926
7829682	0.266666666666667
7829682	0.277777777777778
7829682	0.337606837606838
7829682	0.289377289377289
7829682	0.295238095238095
7829682	0.258333333333333
7829682	0.227941176470588
7829682	0.202614379084967
7829682	0.216374269005848
7829682	0.228070175438597
7829682	0.238095238095238
7829682	0.246753246753247
7829682	0.283267457180501
7829682	0.315217391304348
7829682	0.29
7829682	0.267692307692308
7829682	0.297245963912631
7829682	0.276014109347443
7829682	0.256978653530378
7829682	0.262068965517241
7829682	0.266666666666667
7829682	0.25
7829682	0.234848484848485
7829682	0.240641711229947
7829682	0.264985994397759
7829682	0.268783068783069
7829682	0.272272272272272
7829682	0.275486012328118
7829682	0.295546558704453
7829682	0.297435897435898
7829682	0.299186991869919
7829682	0.316686024003097
7829682	0.317460317460318
7829682	0.303030303030303
7829682	0.304377104377104
7829682	0.305636070853462
7829682	0.292630280604379
7829682	0.280437352245863
7829682	0.268990929705215
7829682	0.27156462585034
7829682	0.260915032679739
7829682	0.276520864756159
7829682	0.266086115142719
7829682	0.280922431865828
7829682	0.282828282828283
7829682	0.272727272727273
7829682	0.286549707602339
7829682	0.288162936075822
7829682	0.289694135982856
7829682	0.280037664783428
7829682	0.270856102003643
7829682	0.262118808390622
7829682	0.274961597542243
7829682	0.287202380952381
7829682	0.288621794871795
7829682	0.3000777000777
7829682	0.291120156791799
7829682	0.282557799239099
7829682	0.274367718101734
7829682	0.276052449965494
7829682	0.287055667337358
7829682	0.288341158059468
7829682	0.280441400304414
7829682	0.272861902998889
7829682	0.265585585585586
7829682	0.267368421052632
7829682	0.269081795397585
7829682	0.270729270729271
7829682	0.28075300227199
7829682	0.27373417721519
7829682	0.28343621399177
7829682	0.276523135601726
7829682	0.269859927514938
7829682	0.271371199082043
7829682	0.272829131652661
7829682	0.281988144094847
7829682	0.290831328521786
7829682	0.284221525600836
7829682	0.285325161729656
7829682	0.278984602580108
7829682	0.287505087505088
7829682	0.288501353718745
7829682	0.289465482312607
7829682	0.290398840844963
7829682	0.298320268756999
7829682	0.292105263157895
7829682	0.286082474226804
7829682	0.280244056385441
7829682	0.281316567030853
7829682	0.275690235690236
7829682	0.27023102310231
7829682	0.271468323302919
7829682	0.272669585633606
7829682	0.267425939756037
7829682	0.262332112332112
7829682	0.263671758011381
7829682	0.271204373126433
7829682	0.266182069920388
7829682	0.26741420319402
7829682	0.268612732832916
7829682	0.26977886977887
7829682	0.26496138996139
7829682	0.26027180783818
7829682	0.255705635770843
7829682	0.257055682684973
7829682	0.258370814592704
7829682	0.259652225169467
7829682	0.260901057511227
7829682	0.256516165788349
7829682	0.257796451914099
7829682	0.253535353535354
7829682	0.249379036264282
7829682	0.256164200986272
7829682	0.262785208497246
7829682	0.25858064516129
7829682	0.265058201058201
7829682	0.266133399991668
7829682	0.267183398950131
7829682	0.273376937984496
7829682	0.274299344066786
7829682	0.275200626345665
7829682	0.271030919885882
7829682	0.276980329611909
7829682	0.272846294841582
7829682	0.28361894232541
7829682	0.284350036310821
7829682	0.285065120938887
7829682	0.290595578123347
7829682	0.291210509852987
7829682	0.291812264474135
7829682	0.292401215805471
7829682	0.292977724503047
7829682	0.302866147936571
7829682	0.307918932918933
7829682	0.303671775223499
7829682	0.299511887891671
7829682	0.295436896219675
7829682	0.300453514739229
7829682	0.30089485458613
7829682	0.301327367636092
7829682	0.301751287711553
7829682	0.302166840943418
7829682	0.298216947597753
7829682	0.294344000226353
7829682	0.294847088395476
7829682	0.29106699751861
7829682	0.287359137677609
7829682	0.292160498804053
7829682	0.288485523976329
7829682	0.284879454926625
7829682	0.281340579710145
7829682	0.281982465557345
7829682	0.282612537554596
7829682	0.283231083844581
7829682	0.283838383838384
7829682	0.280418644274066
7829682	0.281052353125075
7829682	0.277706491778348
7829682	0.278364797595567
7829682	0.282933054878756
7829682	0.291319802774911
7829682	0.287932363207761
7829682	0.284603665367209
7829682	0.285163776493256
7829682	0.28952380952381
7829682	0.290021645021645
7829682	0.290511042629687
7829682	0.290992191963436
7829682	0.287740882556023
7829682	0.284543761638734
7829682	0.285082872928177
7829682	0.289276101430798
7829682	0.293400588482556
7829682	0.293834640057021
7829682	0.294261652957305
7829682	0.298266007943427
7829682	0.295075997163284
7829682	0.295482990101263
7829682	0.299410859694548
7829682	0.29976793836443
7829682	0.300119408468816
7829682	0.303937609075044
7829682	0.304242227979275
7829682	0.304542136281894
7829682	0.301418627191823
7829682	0.301744287458573
7829682	0.298680893677268
7829682	0.299030918320258
7829682	0.296025582457743
7829682	0.293065326633166
