10964154	0.333333333333333
10964154	0.777777777777778
10964154	0.722222222222222
10964154	0.7
10964154	0.466666666666667
10964154	0.428571428571429
10964154	0.571428571428571
10964154	0.518518518518519
10964154	0.481481481481482
10964154	0.454545454545455
10964154	0.378787878787879
10964154	0.371794871794872
10964154	0.413919413919414
10964154	0.447619047619048
10964154	0.475
10964154	0.497549019607843
10964154	0.479302832244009
10964154	0.463937621832359
10964154	0.48421052631579
10964154	0.501587301587302
10964154	0.486291486291486
10964154	0.50197628458498
10964154	0.515700483091788
10964154	0.474444444444445
10964154	0.437948717948718
10964154	0.479582146248813
10964154	0.469135802469136
10964154	0.436781609195402
10964154	0.452107279693487
10964154	0.444444444444444
10964154	0.416666666666667
10964154	0.431818181818182
10964154	0.42602495543672
10964154	0.439775910364146
10964154	0.415343915343915
10964154	0.410910910910911
10964154	0.424371740161214
10964154	0.436797121007647
10964154	0.431623931623932
10964154	0.443089430894309
10964154	0.421989934185056
10964154	0.448874123292728
10964154	0.45877378435518
10964154	0.438383838383838
10964154	0.433816425120773
10964154	0.44372494603762
10964154	0.425236406619385
10964154	0.407879818594104
10964154	0.39156462585034
10964154	0.389281045751634
10964154	0.399949723479135
10964154	0.384857281083696
10964154	0.370603307710226
10964154	0.369248035914703
10964154	0.37987012987013
10964154	0.366541353383459
10964154	0.353901996370236
10964154	0.353204753555426
10964154	0.363653483992467
10964154	0.373588342440802
10964154	0.383042481931958
10964154	0.370882403140468
10964154	0.359292328042328
10964154	0.36875
10964154	0.367676767676768
10964154	0.376601839288406
10964154	0.365525314603453
10964154	0.354930377948281
10964154	0.36383712905452
10964154	0.353588195841717
10964154	0.34376630151278
10964154	0.334348046676814
10964154	0.334320621991855
10964154	0.334294294294294
10964154	0.325497076023392
10964154	0.334358623832308
10964154	0.325785325785326
10964154	0.317537596018609
10964154	0.32626582278481
10964154	0.31820987654321
10964154	0.326708822643782
10964154	0.318836320893329
10964154	0.327117995792695
10964154	0.335107376283847
10964154	0.350569995440037
10964154	0.342510915085093
10964154	0.334726576105886
10964154	0.334695267279537
10964154	0.334665002080732
10964154	0.327309727309727
10964154	0.320194298455168
10964154	0.313308399563659
10964154	0.30664226340273
10964154	0.300186636804778
10964154	0.293932748538012
10964154	0.287872279495991
10964154	0.281997335016481
10964154	0.289768432625576
10964154	0.297306397306397
10964154	0.298019801980198
10964154	0.292176276451175
10964154	0.299447934513611
10964154	0.300099576798606
10964154	0.300732600732601
10964154	0.295058400718778
10964154	0.302004349615
10964154	0.3149301949925
10964154	0.309151659304565
10964154	0.303530720044482
10964154	0.304067704067704
10964154	0.304590304590305
10964154	0.316898440792246
10964154	0.311338819023961
10964154	0.311721332316298
10964154	0.312093953023488
10964154	0.306759013655565
10964154	0.312859143367618
10964154	0.307601006504297
10964154	0.308029878618114
10964154	0.308448117539027
10964154	0.314320552770627
10964154	0.320049757874628
10964154	0.314887665005682
10964154	0.315182795698925
10964154	0.3154708994709
10964154	0.321001541473982
10964154	0.331610892388452
10964154	0.326469638242894
10964154	0.336831643808388
10964154	0.336778234488158
10964154	0.33167553396561
10964154	0.336712994607731
10964154	0.331687427524034
10964154	0.326773539708863
10964154	0.326870007262164
10964154	0.331830542435953
10964154	0.331852322014175
10964154	0.331873631529559
10964154	0.33189448441247
10964154	0.331914893617021
10964154	0.331934871641195
10964154	0.33195443054598
10964154	0.327343952343952
10964154	0.322828863346105
10964154	0.327538970240907
10964154	0.332152952505203
10964154	0.332168903597475
10964154	0.332184533526815
10964154	0.332199850857569
10964154	0.327799852832965
10964154	0.336644591611479
10964154	0.332244008714597
10964154	0.332258155787568
10964154	0.327970953777405
10964154	0.328039702233251
10964154	0.323860852523273
10964154	0.319761348060953
10964154	0.319932064856832
10964154	0.324266247379455
10964154	0.32851966873706
10964154	0.332694323032487
10964154	0.332702163649676
10964154	0.33270986084094
10964154	0.332717418083272
10964154	0.328708774491907
10964154	0.328764158430128
10964154	0.332786807337706
10964154	0.33673804827651
10964154	0.340619561434041
10964154	0.340534342391928
10964154	0.336574640736207
10964154	0.340390733521531
10964154	0.340309613979138
10964154	0.347848932676519
10964154	0.351471861471862
10964154	0.347500428008903
10964154	0.347341247169851
10964154	0.347184734166091
10964154	0.34332712600869
10964154	0.346899938612646
10964154	0.350413858701152
10964154	0.353870173542305
10964154	0.350023758612497
10964154	0.353446925186056
10964154	0.356814879395525
10964154	0.352998677476856
10964154	0.359881670269655
10964154	0.363128072347931
10964154	0.362814443516198
10964154	0.365996142187931
10964154	0.362183682373473
10964154	0.368793177892919
10964154	0.368427612485088
10964154	0.364648867741651
10964154	0.367730682016396
10964154	0.370765565109293
10964154	0.373754465125024
10964154	0.376698306346548
