10923419	0
10923419	0.222222222222222
10923419	0.277777777777778
10923419	0.166666666666667
10923419	0.333333333333333
10923419	0.333333333333333
10923419	0.333333333333333
10923419	0.333333333333333
10923419	0.266666666666667
10923419	0.218181818181818
10923419	0.181818181818182
10923419	0.205128205128205
10923419	0.223443223443224
10923419	0.238095238095238
10923419	0.25
10923419	0.220588235294118
10923419	0.233115468409586
10923419	0.243664717348928
10923419	0.252631578947369
10923419	0.26031746031746
10923419	0.297258297258297
10923419	0.300395256916996
10923419	0.303140096618358
10923419	0.305555555555556
10923419	0.333333333333333
10923419	0.333333333333333
10923419	0.30952380952381
10923419	0.311165845648604
10923419	0.31264367816092
10923419	0.29247311827957
10923419	0.29502688172043
10923419	0.297348484848485
10923419	0.299465240641711
10923419	0.30140056022409
10923419	0.303174603174603
10923419	0.322822822822823
10923419	0.323376007586534
10923419	0.323886639676113
10923419	0.357692307692308
10923419	0.340243902439024
10923419	0.371660859465738
10923419	0.35437430786268
10923419	0.368569415081043
10923419	0.396632996632997
10923419	0.393880837359098
10923419	0.419673142152328
10923419	0.416075650118203
10923419	0.412698412698413
10923419	0.40952380952381
10923419	0.393464052287582
10923419	0.416792357968829
10923419	0.438800193517175
10923419	0.42254833449802
10923419	0.419304152637486
10923419	0.416233766233766
10923419	0.425020885547201
10923419	0.433353498689252
10923419	0.42996298460939
10923419	0.448964218455744
10923419	0.456102003642987
10923419	0.441389035783536
10923419	0.459122717187233
10923419	0.455191798941799
10923419	0.471955128205128
10923419	0.467754467754468
10923419	0.463741896577718
10923419	0.450102429031314
10923419	0.446717817561807
10923419	0.443478260869565
10923419	0.44037558685446
10923419	0.437402190923318
10923419	0.425418569254186
10923419	0.422929779094163
10923419	0.429429429429429
10923419	0.41812865497076
10923419	0.433242196400091
10923419	0.439227439227439
10923419	0.444985394352483
10923419	0.442194092827004
10923419	0.431275720164609
10923419	0.428886881461407
10923419	0.426584386325791
10923419	0.432300631095812
10923419	0.43781512605042
10923419	0.435385316917465
10923419	0.440702129555377
10923419	0.445837687216998
10923419	0.443309499489275
10923419	0.448272992093217
10923419	0.445746845746846
10923419	0.450549450549451
10923419	0.448028673835125
10923419	0.43849614885991
10923419	0.443299738708473
10923419	0.441008771929825
10923419	0.445661512027491
10923419	0.450171821305842
10923419	0.447811447811448
10923419	0.438855218855219
10923419	0.443366336633663
10923419	0.441208826765029
10923419	0.445586648899042
10923419	0.443427931292009
10923419	0.434981684981685
10923419	0.433063791554358
10923419	0.431199670839946
10923419	0.423214491750317
10923419	0.415449088231963
10923419	0.420016680567139
10923419	0.418454818454819
10923419	0.410982410982411
10923419	0.41550779603877
10923419	0.408218185581949
10923419	0.406915840325451
10923419	0.405647176411794
10923419	0.410109048040083
10923419	0.408807764739968
10923419	0.41314152779756
10923419	0.4062558356676
10923419	0.410560146923783
10923419	0.409294133586235
10923419	0.408058998622773
10923419	0.406853745956814
10923419	0.400344086021505
10923419	0.404571428571429
10923419	0.398200224971879
10923419	0.407603346456693
10923419	0.406451873385013
10923419	0.405326972768833
10923419	0.404227833235467
10923419	0.403153674146041
10923419	0.397091212880687
10923419	0.401114727116298
10923419	0.395172286714575
10923419	0.394262890341322
10923419	0.393373407757264
10923419	0.387672343876723
10923419	0.382094324540368
10923419	0.376635834189791
10923419	0.37129348193178
10923419	0.366063996270769
10923419	0.36094422009915
10923419	0.360560735560736
10923419	0.360185185185185
10923419	0.359817351598174
10923419	0.36399217221135
10923419	0.368082368082368
10923419	0.372090211016386
10923419	0.371573452647278
10923419	0.371066961000736
10923419	0.370570465899849
10923419	0.374441004471964
10923419	0.378236142942025
10923419	0.3776567518503
10923419	0.377088502894955
10923419	0.380777396700964
10923419	0.384396248219517
10923419	0.387946819520739
10923419	0.38309748427673
10923419	0.386620082815735
10923419	0.381846995373565
10923419	0.377161756166528
10923419	0.376627263205147
10923419	0.37610248829761
10923419	0.379603261530972
10923419	0.37505711468629
10923419	0.374560403003517
10923419	0.374072508687893
10923419	0.373593224271957
10923419	0.373122348354547
10923419	0.376535654381432
10923419	0.376036205583188
10923419	0.379376785595642
10923419	0.378850574712644
10923419	0.382121212121212
10923419	0.381569936654683
10923419	0.381027952347701
10923419	0.380495051576591
10923419	0.379971032484999
10923419	0.379455698792715
10923419	0.382611863274847
10923419	0.378430312856542
10923419	0.37431693989071
10923419	0.373873873873874
10923419	0.373437954083115
10923419	0.376574090046576
10923419	0.379660181287215
10923419	0.382697286952606
10923419	0.382177666388193
10923419	0.385156608799486
10923419	0.388089005235602
10923419	0.384067357512953
10923419	0.386980752452682
10923419	0.383011719094193
10923419	0.379103436246293
10923419	0.37863876515073
10923419	0.378181134526312
10923419	0.377730402856031
10923419	0.377286432160804
10923419	0.38016583747927
10923419	0.37970214931941
10923419	0.382529385943521
10923419	0.382047071702244
10923419	0.381571815718157
10923419	0.384339726892415
10923419	0.387067523411973
10923419	0.38655084850737
10923419	0.389231382652435
10923419	0.391873623452571
10923419	0.391318739186038
10923419	0.390771707055352
10923419	0.393362270056397
10923419	0.392801251956182
10923419	0.395348837209302
10923419	0.397861039333908
10923419	0.394194117312397
10923419	0.39057765752054
10923419	0.387010738273777
10923419	0.389553064895531
10923419	0.386027697792404
10923419	0.388555976791271
10923419	0.388060706446357
10923419	0.387572069186419
10923419	0.393015873015873
10923419	0.392487708947886
10923419	0.391966525021767
10923419	0.391452198778886
10923419	0.396767026737149
10923419	0.396215429403202
10923419	0.392784992784993
10923419	0.392272478479375
10923419	0.391766563070396
10923419	0.391267133756404
10923419	0.390774080135782
10923419	0.393112152902993
10923419	0.389794750768791
10923419	0.389320285076056
10923419	0.386062374740691
10923419	0.382845188284519
10923419	0.382434301521439
10923419	0.379273687459278
10923419	0.378895577548776
10923419	0.375789876093458
10923419	0.378164380506301
10923419	0.377799900447984
10923419	0.380138902603601
10923419	0.379761438335292
10923419	0.3767111456579
10923419	0.373697456492637
10923419	0.3707197875166
10923419	0.367777566980754
10923419	0.364870234435452
10923419	0.361997240463519
10923419	0.359158046420668
10923419	0.358956290849673
10923419	0.358756890402075
10923419	0.358559808564333
10923419	0.3583650095278
10923419	0.358172458172458
10923419	0.357982120051086
10923419	0.357793961373851
10923419	0.357607948993315
10923419	0.35742405038983
10923419	0.357242233657328
10923419	0.359568733153639
10923419	0.359372213304798
10923419	0.359177893305011
10923419	0.356507425696795
10923419	0.356335765753362
10923419	0.35370598150426
10923419	0.35355618262065
10923419	0.350966027436616
10923419	0.348404231615911
10923419	0.348294625082946
10923419	0.34818620992534
10923419	0.350485707807949
10923419	0.350362309430434
10923419	0.350240237917193
10923419	0.354881379074928
10923419	0.352355532960515
10923419	0.352220623743301
10923419	0.352087144659132
10923419	0.354302493405664
10923419	0.351816160118606
10923419	0.349355907250644
10923419	0.346921371311615
10923419	0.349141824751581
10923419	0.346725618351916
10923419	0.344334407190868
10923419	0.341967847691275
10923419	0.339625602159143
10923419	0.337307338663176
10923419	0.337280304613313
10923419	0.337253545485991
10923419	0.334974805313788
10923419	0.334963751630418
10923419	0.33495280922574
10923419	0.334941976611075
10923419	0.337153474544779
10923419	0.334913252122555
10923419	0.337110294602979
10923419	0.334885144143553
10923419	0.332681952405767
10923419	0.334872016105838
10923419	0.334861959355691
10923419	0.337023553540128
10923419	0.336999591071252
10923419	0.334818363944578
10923419	0.334808783101924
10923419	0.332655671956574
10923419	0.332660015939759
10923419	0.330534392834712
10923419	0.32842907823067
10923419	0.326343814241903
10923419	0.324278347063157
10923419	0.322232426892412
10923419	0.322302243914053
10923419	0.322371404349283
10923419	0.322439916405434
10923419	0.322507788161994
10923419	0.320504634198255
10923419	0.320584068867822
10923419	0.318605154862465
10923419	0.318695789806901
10923419	0.31674060091238
10923419	0.314803349530653
10923419	0.312883816911564
10923419	0.310981787629427
10923419	0.309097049522582
10923419	0.307229393634228
10923419	0.305378614154503
10923419	0.303544508363786
10923419	0.303722884561208
10923419	0.303899663359847
10923419	0.304074863776356
10923419	0.304248504545241
10923419	0.306392990711639
10923419	0.306551930786104
10923419	0.308670252761872
10923419	0.310769938473923
10923419	0.310901888151464
10923419	0.311032683750192
10923419	0.313100323185753
10923419	0.313217615998203
10923419	0.315260674094552
10923419	0.31728606886442
10923419	0.321209712146809
10923419	0.321279188485986
10923419	0.321348069313685
10923419	0.32331569664903
10923419	0.327160493827161
10923419	0.327195467422096
10923419	0.327230144630634
10923419	0.32726452879234
10923419	0.327298623199873
10923419	0.33106725836402
10923419	0.33107991800072
10923419	0.33294948206014
10923419	0.332951614567214
10923419	0.332953729352621
10923419	0.332955826612183
10923419	0.332957906539022
10923419	0.334791471155108
10923419	0.334783481358824
10923419	0.336597050677446
10923419	0.33839579517875
10923419	0.340179876002054
10923419	0.341949452103217
10923419	0.343704680290046
10923419	0.345445715257036
10923419	0.345380594924113
10923419	0.345315998347219
10923419	0.34703445111898
10923419	0.348739156268568
10923419	0.348657210401891
10923419	0.350344263220272
10923419	0.3484905898699
10923419	0.350169619298907
10923419	0.348326621302597
10923419	0.348247916378874
10923419	0.348169829556646
10923419	0.348092354380545
10923419	0.349751595590368
10923419	0.347934704184704
10923419	0.347859049413454
10923419	0.349506633998742
10923419	0.351141479527958
10923419	0.351049920935697
10923419	0.350959066640301
10923419	0.349163879598662
10923419	0.349083111505472
10923419	0.349002959962611
10923419	0.347231371333359
10923419	0.345473237807621
10923419	0.347095426842262
10923419	0.348705357521478
10923419	0.350303153044821
10923419	0.353559778844095
10923419	0.353458646616541
10923419	0.351695760598504
10923419	0.351604405238976
10923419	0.349859470225383
10923419	0.348127492650009
10923419	0.348054435073137
10923419	0.351265989580166
10923419	0.351177868419248
10923419	0.351090395208042
10923419	0.349373571759592
10923419	0.352547359214424
10923419	0.354075920321247
10923419	0.355593351128749
10923419	0.353871349428368
10923419	0.356992743875574
10923419	0.356878722619948
10923419	0.358368087735558
10923419	0.35984673799422
10923419	0.359719879598713
10923419	0.361185019393787
10923419	0.364226995491912
10923419	0.367247294800739
10923419	0.370246122787465
10923419	0.371647638361362
10923419	0.373039237551482
10923419	0.372852386237514
10923419	0.37266685077787
10923419	0.372482618846045
10923419	0.375414943057045
10923419	0.373664756842327
10923419	0.373477168826006
10923419	0.373290886526736
10923419	0.373105897854544
10923419	0.374461836740513
10923419	0.372736206156455
10923419	0.372555043522786
10923419	0.370846075433231
10923419	0.369148839390059
10923419	0.372029438296953
10923419	0.37033454336166
10923419	0.370166356043349
10923419	0.368487597059026
10923419	0.368328527992394
10923419	0.368170536142917
10923419	0.368013611805937
10923419	0.369355872726659
10923419	0.369194336675568
10923419	0.370525309069264
10923419	0.368871178225205
10923419	0.36871288047513
10923419	0.368555638043389
10923419	0.368399441570173
10923419	0.368244281799214
10923419	0.371033490268092
10923419	0.372335839062799
10923419	0.373629600942376
10923419	0.373452862926547
10923419	0.376194863526431
10923419	0.377463299348004
10923419	0.377271011914389
10923419	0.378529253891573
10923419	0.378333176145116
10923419	0.378138371630779
10923419	0.376504944539502
10923419	0.376318860008441
10923419	0.374700284266469
10923419	0.374522743704524
10923419	0.375773895408859
10923419	0.374168024060958
10923419	0.375415353027293
10923419	0.375236280603064
10923419	0.375058348767523
10923419	0.376293977233198
10923419	0.376112325461951
10923419	0.375931823385459
10923419	0.375752461322082
10923419	0.376974789915966
10923419	0.379587054947765
10923419	0.379393524731805
10923419	0.379201206604881
10923419	0.380398979355138
10923419	0.381589281589282
10923419	0.381389049438842
10923419	0.379809798716528
10923419	0.382372568143319
10923419	0.383544914941354
10923419	0.384710025030758
10923419	0.385867957850618
10923419	0.385652652012433
10923419	0.38543866706896
10923419	0.386586536455073
10923419	0.386369619130748
