16370959	0.333333333333333
16370959	0.333333333333333
16370959	0.166666666666667
16370959	0.233333333333333
16370959	0.377777777777778
16370959	0.46031746031746
16370959	0.428571428571429
16370959	0.407407407407407
16370959	0.392592592592593
16370959	0.442424242424243
16370959	0.47979797979798
16370959	0.457264957264957
16370959	0.43956043956044
16370959	0.46984126984127
16370959	0.411111111111111
16370959	0.441176470588235
16370959	0.503267973856209
16370959	0.485380116959064
16370959	0.436842105263158
16370959	0.395238095238095
16370959	0.359307359307359
16370959	0.357048748353096
16370959	0.327294685990338
16370959	0.301111111111111
16370959	0.277948717948718
16370959	0.282051282051282
16370959	0.285714285714286
16370959	0.266009852216749
16370959	0.29272030651341
16370959	0.273835125448029
16370959	0.27755376344086
16370959	0.301136363636364
16370959	0.303030303030303
16370959	0.285714285714286
16370959	0.306878306878307
16370959	0.326326326326326
16370959	0.3266951161688
16370959	0.309941520467836
16370959	0.327777777777778
16370959	0.344308943089431
16370959	0.375532326751839
16370959	0.358065706902916
16370959	0.356941508104299
16370959	0.341077441077441
16370959	0.340740740740741
16370959	0.354609929078014
16370959	0.33983451536643
16370959	0.353174603174603
16370959	0.352380952380952
16370959	0.351633986928105
16370959	0.338109602815485
16370959	0.337929366231253
16370959	0.350104821802935
16370959	0.34949494949495
16370959	0.348917748917749
16370959	0.336675020885547
16370959	0.325065537406735
16370959	0.325345801675434
16370959	0.325612052730697
16370959	0.325865209471767
16370959	0.326106116693108
16370959	0.326335552142004
16370959	0.316137566137566
16370959	0.306410256410256
16370959	0.297125097125097
16370959	0.298205939996985
16370959	0.299239098624525
16370959	0.300227337311736
16370959	0.301173222912353
16370959	0.292689470154259
16370959	0.293818466353678
16370959	0.294901065449011
16370959	0.29593977539183
16370959	0.296936936936937
16370959	0.297894736842105
16370959	0.298815219867852
16370959	0.2997002997003
16370959	0.3089905874716
16370959	0.309599156118144
16370959	0.310185185185185
16370959	0.310749774164408
16370959	0.303261827799001
16370959	0.296041308089501
16370959	0.289075630252101
16370959	0.290104879160967
16370959	0.291098636728148
16370959	0.292058516196447
16370959	0.285495403472932
16370959	0.293965875988348
16370959	0.302157102157102
16370959	0.310081223124701
16370959	0.310581268505532
16370959	0.30397315640967
16370959	0.304591265397536
16370959	0.305190058479532
16370959	0.305770332187858
16370959	0.313135563503752
16370959	0.306809592523878
16370959	0.300673400673401
16370959	0.314521452145215
16370959	0.314890312560668
16370959	0.32172092137826
16370959	0.315533980582524
16370959	0.30952380952381
16370959	0.309973045822102
16370959	0.304179157115147
16370959	0.304719049267336
16370959	0.299127874051421
16370959	0.293689185432305
16370959	0.288397488397488
16370959	0.283247533247533
16370959	0.278234302570586
16370959	0.273352999016716
16370959	0.274396135265701
16370959	0.275412293853073
16370959	0.276402397092052
16370959	0.277367328214786
16370959	0.27270569244647
16370959	0.273716153127918
16370959	0.274701561065197
16370959	0.275662737659757
16370959	0.282020525123284
16370959	0.288224495148177
16370959	0.28894623655914
16370959	0.284359788359788
16370959	0.290380369120527
16370959	0.291051509186352
16370959	0.296875
16370959	0.297435897435898
16370959	0.297983949892347
16370959	0.29851954661115
16370959	0.294030530872636
16370959	0.294617139864587
16370959	0.290252441496223
16370959	0.290885984023239
16370959	0.301238013453557
16370959	0.296872245142636
16370959	0.292600702047058
16370959	0.293182596779719
16370959	0.293752110773387
16370959	0.294309592781274
16370959	0.290193374700417
16370959	0.286162911162911
16370959	0.286813537675607
16370959	0.28745079515037
16370959	0.288075047370546
16370959	0.288686645829503
16370959	0.293760203156176
16370959	0.294287844891872
16370959	0.294805003679176
16370959	0.299697920297432
16370959	0.300137598899209
16370959	0.300568712333418
16370959	0.300991481636643
16370959	0.30140612076096
16370959	0.301812836844684
16370959	0.297992421188422
16370959	0.294244088846429
16370959	0.294732704402516
16370959	0.295212215320911
16370959	0.291567620070036
16370959	0.292080082809463
16370959	0.292583171230485
16370959	0.289036708548904
16370959	0.289570402823415
16370959	0.29009450977563
16370959	0.286641003706872
16370959	0.287193575655114
16370959	0.287736396333681
16370959	0.284371058364866
16370959	0.281064418151322
16370959	0.28166868306672
16370959	0.278431111996988
16370959	0.275249042145594
16370959	0.275909090909091
16370959	0.272791474062661
16370959	0.273471719672443
16370959	0.270416169731969
16370959	0.27111524932754
16370959	0.271802741968488
16370959	0.272478902313157
16370959	0.273143978062011
16370959	0.273798210184525
16370959	0.274441833137485
16370959	0.275075075075075
16370959	0.279263220439691
16370959	0.279838434406645
16370959	0.280404517993171
16370959	0.277452891487979
16370959	0.278038027004685
16370959	0.275141797556719
16370959	0.27574481865285
16370959	0.276338514680484
16370959	0.273504273504274
16370959	0.274114774114774
16370959	0.278100072516316
16370959	0.278657984241741
16370959	0.279207485237636
16370959	0.279748743718593
16370959	0.283598673300166
16370959	0.280790765643729
16370959	0.281308426409143
16370959	0.281818474516243
16370959	0.282321058504703
16370959	0.289288815218249
16370959	0.289714366117912
16370959	0.296544035674471
16370959	0.293706293706294
16370959	0.297258297258297
16370959	0.303919356052058
16370959	0.304196846403768
16370959	0.304470428440665
16370959	0.301624910417855
16370959	0.298819097297689
16370959	0.302225093310365
16370959	0.299439608579394
16370959	0.299750560182641
16370959	0.297013112144443
16370959	0.297343295973433
16370959	0.300685588920883
16370959	0.297976709741416
16370959	0.301283346126396
16370959	0.301569506726457
16370959	0.298888888888889
16370959	0.302143559488692
16370959	0.302418359258249
16370959	0.302689543241363
16370959	0.300045966444496
16370959	0.300335421808746
16370959	0.300621118012422
16370959	0.298029556650246
16370959	0.298332593359972
16370959	0.298631744983676
16370959	0.301763957083106
16370959	0.302031494169972
16370959	0.305108584233236
16370959	0.302544646550603
16370959	0.305591692744043
16370959	0.305822873082287
16370959	0.308817427385892
16370959	0.314529680052124
16370959	0.314684442630571
16370959	0.312105061953271
16370959	0.312278353964537
16370959	0.315159559758863
16370959	0.318005771150829
16370959	0.315441208480258
16370959	0.318262296497819
16370959	0.318382864792503
16370959	0.318501992031873
16370959	0.321265203735323
16370959	0.323995650082607
16370959	0.324069175147573
16370959	0.324141835211775
16370959	0.32421364379085
16370959	0.326878647859922
16370959	0.329512663509587
16370959	0.332116169325472
16370959	0.332125532125532
16370959	0.329580508890854
16370959	0.332153685667768
16370959	0.33469751061833
16370959	0.337212428467181
16370959	0.339698875547932
16370959	0.339651014328274
16370959	0.339603690875128
16370959	0.342044459351184
16370959	0.339501377869019
16370959	0.339455688650236
16370959	0.339410505216163
16370959	0.341816800520946
16370959	0.34175465057818
16370959	0.339260091084909
16370959	0.33921698739217
16370959	0.339174352217831
16370959	0.341538917665115
16370959	0.34147988468431
16370959	0.339032000206287
16370959	0.341372247823861
16370959	0.343687510591425
16370959	0.345978142904016
16370959	0.345888780292209
16370959	0.345800361651653
16370959	0.34571287373363
16370959	0.347957305852043
16370959	0.347855396635885
16370959	0.352384178603691
16370959	0.354559143919006
16370959	0.354412759018415
16370959	0.35426788324051
16370959	0.35640760093521
16370959	0.358525410257609
16370959	0.3606216092808
16370959	0.358176717014489
16370959	0.358008856313941
16370959	0.36008736008736
16370959	0.359907802860823
16370959	0.361959701615377
16370959	0.361768859160164
16370959	0.361579918789221
16370959	0.361392855309381
16370959	0.3590074239212
16370959	0.361031497886631
16370959	0.360849870578085
16370959	0.362848673166899
16370959	0.362656390822706
16370959	0.36246598135849
16370959	0.364434917832976
16370959	0.366384800083516
16370959	0.366172250458113
16370959	0.365961744579108
16370959	0.363623330875727
16370959	0.365553543205606
16370959	0.36323256832811
16370959	0.363043332663586
16370959	0.362855887872859
16370959	0.362670211429214
16370959	0.360396417000191
16370959	0.362310606060606
16370959	0.364206905503635
16370959	0.364015144185807
16370959	0.365889147420982
16370959	0.363630572436902
16370959	0.365495409939854
16370959	0.363253106811389
16370959	0.365108847238639
16370959	0.366947614430273
16370959	0.368769614747819
16370959	0.368554849405913
16370959	0.366327931886844
16370959	0.364121137116442
16370959	0.361934223380007
16370959	0.363758968549388
16370959	0.363577322966008
16370959	0.361413172234068
16370959	0.35926828693891
16370959	0.361087212262743
16370959	0.358956904225795
16370959	0.356845393024467
16370959	0.356707492381117
16370959	0.356570801392533
16370959	0.358378940548651
16370959	0.356295342057089
16370959	0.356162228963038
16370959	0.356030270028762
16370959	0.355899451949826
16370959	0.35768547042521
16370959	0.355635696955725
16370959	0.355508254877882
16370959	0.357281237281237
16370959	0.35714516964517
16370959	0.358898832517813
16370959	0.356871155497938
16370959	0.354860613776823
16370959	0.356612333175081
16370959	0.354614504978021
16370959	0.35635781314388
16370959	0.359943563488482
16370959	0.357943877024657
16370959	0.357807530522212
16370959	0.357672313963157
16370959	0.355701667605234
16370959	0.355578764669674
16370959	0.355456871895228
16370959	0.357157471866657
16370959	0.358844170475921
16370959	0.356893930418987
16370959	0.358572915439299
16370959	0.358436485265754
16370959	0.358301158301158
16370959	0.358166922683052
16370959	0.359821076806288
16370959	0.361461962313563
16370959	0.361311942959002
16370959	0.361163120567376
16370959	0.362783829034746
16370959	0.362628006306167
16370959	0.364232431954508
16370959	0.364069805119659
16370959	0.36565824008841
16370959	0.365488999738907
16370959	0.365321085031828
16370959	0.36689059326951
16370959	0.364984668109668
16370959	0.366547787273176
16370959	0.366376136348422
16370959	0.36620581262154
16370959	0.366036802445251
16370959	0.365869092347242
16370959	0.367407698865499
16370959	0.367233850061764
16370959	0.368757681189524
16370959	0.368577862164873
16370959	0.368399408854334
16370959	0.369905809146316
16370959	0.369721564935671
16370959	0.372888793252577
16370959	0.372690520270526
16370959	0.37249373433584
16370959	0.372298420615129
16370959	0.373762939252201
16370959	0.371908036327873
16370959	0.37006690743516
16370959	0.371531597604205
16370959	0.369701392689899
16370959	0.371160681505509
16370959	0.370975253328195
16370959	0.372421177109801
16370959	0.37548253722146
16370959	0.376899491622654
16370959	0.375069882440019
16370959	0.373253563396726
16370959	0.373060712043763
16370959	0.371262829094154
16370959	0.372683039851715
16370959	0.374093033265695
16370959	0.373898010777981
16370959	0.372113294736081
16370959	0.371928628253211
16370959	0.373328808958263
16370959	0.371559478110119
16370959	0.369802695707707
16370959	0.369630670413489
16370959	0.369459859415464
16370959	0.370855196538709
16370959	0.370679450106834
16370959	0.370504935542472
16370959	0.368777639805677
16370959	0.367062394969372
16370959	0.365359089192252
16370959	0.368297241557102
16370959	0.366596099563767
16370959	0.36644281492676
16370959	0.364758020375373
16370959	0.367671974410348
16370959	0.369040371171247
16370959	0.368877325336371
16370959	0.368715393709933
16370959	0.368554566162767
16370959	0.368394832680547
16370959	0.368236183362234
16370959	0.368078608418537
16370959	0.367922098170405
16370959	0.367766643047542
16370959	0.366117465276028
16370959	0.365970780121922
16370959	0.367313172472568
16370959	0.368646595609291
16370959	0.371452610739916
16370959	0.372761763981276
16370959	0.371112375645076
16370959	0.370945580756282
16370959	0.369311459255153
16370959	0.369153313646706
16370959	0.367534220165799
16370959	0.367384544512265
16370959	0.367235849266943
16370959	0.365635693060986
16370959	0.366944523381011
16370959	0.366798704769091
16370959	0.366653833031273
16370959	0.367949784796437
16370959	0.366363794344728
16370959	0.367655419602027
16370959	0.368938729675266
16370959	0.371641347535329
16370959	0.372902139497429
16370959	0.371311938476118
16370959	0.371150327390404
16370959	0.372405173841683
16370959	0.373652044573992
16370959	0.372072120495455
16370959	0.370502195936403
16370959	0.371749204234214
16370959	0.372988353236031
16370959	0.3742197088479
16370959	0.375443336286472
16370959	0.37387572319133
16370959	0.372317907678033
16370959	0.37215580965581
16370959	0.371994720542438
16370959	0.371834631982566
16370959	0.371675535707156
16370959	0.371517423532419
16370959	0.372732029471243
16370959	0.371201302450827
16370959	0.369679985637504
16370959	0.369531328572865
16370959	0.36938358165352
16370959	0.369236737464843
16370959	0.369090788667561
16370959	0.367593462952885
16370959	0.368804285639985
16370959	0.368660968660969
16370959	0.368518518518519
16370959	0.368376928236083
16370959	0.369574878992833
16370959	0.370765627640824
16370959	0.370615898463594
16370959	0.369136393878909
16370959	0.370321773451769
16370959	0.368849321072239
16370959	0.370031135935709
16370959	0.36988579810362
16370959	0.368423798901629
16370959	0.369600299366186
16370959	0.372082187951358
16370959	0.371929933119853
16370959	0.373085763447488
16370959	0.371625545195247
16370959	0.370173882909328
16370959	0.372629345354126
16370959	0.372476442583617
16370959	0.372324430508859
16370959	0.373465291889315
16370959	0.372020551882007
16370959	0.370584179094817
16370959	0.369156109040502
16370959	0.367736277851885
16370959	0.368883803336778
16370959	0.367470455431274
16370959	0.366065214683926
16370959	0.36721254847012
16370959	0.367083484793409
16370959	0.368222584344257
16370959	0.369355199457435
16370959	0.367956126732218
16370959	0.370345706593344
16370959	0.371463898895507
16370959	0.370064788165204
16370959	0.369926699989144
16370959	0.368538607306258
16370959	0.368406752347558
16370959	0.367029530843455
16370959	0.368147579857721
16370959	0.368017917859492
16370959	0.367888978883558
16370959	0.366523899184547
16370959	0.367635539064111
16370959	0.366276442801397
16370959	0.36738489381197
16370959	0.367259473699709
16370959	0.365909255046402
16370959	0.367012951969779
16370959	0.368110584624346
16370959	0.367983428312496
16370959	0.369073513124008
16370959	0.367728983021552
16370959	0.366391786719656
16370959	0.36748171368861
16370959	0.369773446610028
16370959	0.368436110455923
16370959	0.368309385628766
16370959	0.366982144599473
16370959	0.368060146477413
16370959	0.369132342241108
16370959	0.367809287250997
16370959	0.366493332734893
16370959	0.367565380356078
16370959	0.367443340972753
16370959	0.36732195304521
16370959	0.368385344567844
16370959	0.369443079752592
16370959	0.370495198644323
16370959	0.371541740934155
16370959	0.37375852491675
16370959	0.372442473772677
16370959	0.373476653712551
16370959	0.373335799956834
16370959	0.373195686238363
16370959	0.371890806216551
16370959	0.37291969229142
16370959	0.375104641098767
16370959	0.374959349593496
16370959	0.37712962962963
16370959	0.379288625714102
16370959	0.380283013399059
16370959	0.380120838338383
16370959	0.381108927401584
16370959	0.380944467525274
16370959	0.381926330752564
16370959	0.382903141510416
16370959	0.383874934404787
16370959	0.384841743745853
16370959	0.383528290695526
16370959	0.384492987036143
16370959	0.38318518776051
