49644744	1
49644744	0.333333333333333
49644744	0.166666666666667
49644744	0.5
49644744	0.333333333333333
49644744	0.523809523809524
49644744	0.55952380952381
49644744	0.657407407407407
49644744	0.725925925925926
49644744	0.593939393939394
49644744	0.606060606060606
49644744	0.512820512820513
49644744	0.487179487179487
49644744	0.422222222222222
49644744	0.452777777777778
49644744	0.438725490196078
49644744	0.389978213507625
49644744	0.38401559454191
49644744	0.412280701754386
49644744	0.404761904761905
