35989386	0
35989386	0.444444444444444
35989386	0.222222222222222
35989386	0.266666666666667
35989386	0.288888888888889
35989386	0.206349206349206
35989386	0.321428571428571
35989386	0.25
35989386	0.2
35989386	0.284848484848485
35989386	0.237373737373737
35989386	0.200854700854701
35989386	0.172161172161172
35989386	0.193650793650794
35989386	0.252777777777778
35989386	0.223039215686275
35989386	0.198257080610022
35989386	0.17738791423002
35989386	0.192982456140351
35989386	0.174603174603175
35989386	0.158730158730159
35989386	0.144927536231884
35989386	0.132850241545894
35989386	0.122222222222222
35989386	0.112820512820513
35989386	0.129154795821463
35989386	0.119929453262787
35989386	0.111658456486043
35989386	0.104214559386973
35989386	0.118996415770609
35989386	0.13239247311828
35989386	0.124368686868687
35989386	0.136660724896019
35989386	0.128851540616247
35989386	0.121693121693122
35989386	0.115115115115115
35989386	0.126600284495021
35989386	0.137201979307243
35989386	0.13034188034188
35989386	0.140243902439024
35989386	0.133565621370499
35989386	0.142857142857143
35989386	0.136363636363636
35989386	0.13030303030303
35989386	0.153623188405797
35989386	0.147086031452359
35989386	0.140957446808511
35989386	0.148809523809524
35989386	0.156190476190476
35989386	0.163137254901961
35989386	0.156862745098039
35989386	0.150943396226415
35989386	0.157698579082227
35989386	0.164085297418631
35989386	0.17012987012987
35989386	0.164160401002506
35989386	0.169993950393225
35989386	0.175530878628482
35989386	0.180790960451977
35989386	0.185792349726776
35989386	0.190551736294729
35989386	0.195084485407066
35989386	0.199404761904762
35989386	0.203525641025641
35989386	0.207459207459207
35989386	0.211216644052465
35989386	0.205004389815628
35989386	0.20872406933788
35989386	0.212284334023465
35989386	0.21569416498994
35989386	0.209702660406886
35989386	0.203957382039574
35989386	0.198445020362829
35989386	0.202042042042042
35989386	0.205497076023392
35989386	0.200159489633174
35989386	0.203574203574204
35989386	0.206859244833928
35989386	0.20168776371308
35989386	0.196707818930041
35989386	0.191910067248821
35989386	0.195317856793026
35989386	0.198603939567795
35989386	0.209617180205416
35989386	0.204742362061104
35989386	0.207698476343224
35989386	0.21055381400209
35989386	0.21331290432414
35989386	0.230794839783604
35989386	0.233048433048433
35989386	0.24247491638796
35989386	0.244428860838398
35989386	0.239228246778007
35989386	0.241209406494961
35989386	0.236184210526316
35989386	0.238187285223368
35989386	0.240129041307245
35989386	0.235277949563664
35989386	0.237239057239057
35989386	0.245742574257426
35989386	0.240924092409241
35989386	0.242718446601942
35989386	0.238050784167289
35989386	0.233516483516484
35989386	0.235399820305481
35989386	0.230999823664257
35989386	0.232894888658129
35989386	0.228621587948805
35989386	0.230525437864887
35989386	0.226371826371826
35989386	0.222329472329472
35989386	0.224294142435735
35989386	0.220359157480722
35989386	0.22232392575642
35989386	0.22423788105947
35989386	0.226102760585519
35989386	0.227920227920228
35989386	0.235294117647059
35989386	0.231372549019608
35989386	0.227548209366391
35989386	0.229282391726505
35989386	0.230974276955884
35989386	0.238001573564123
35989386	0.244860215053764
35989386	0.240973544973545
35989386	0.237178685997584
35989386	0.243889435695538
35989386	0.240108204134367
35989386	0.241542436891274
35989386	0.248032883147387
35989386	0.244274809160305
35989386	0.25062656641604
35989386	0.246885871394905
35989386	0.253104846139672
35989386	0.264088598402324
35989386	0.269965650493774
35989386	0.266053104834444
35989386	0.26222500260661
35989386	0.258478931140802
35989386	0.254812563323202
35989386	0.260613325342124
35989386	0.261630388390952
35989386	0.257996632996633
35989386	0.263633461047254
35989386	0.260022043772634
35989386	0.261019476283664
35989386	0.261996690568119
35989386	0.258479956466534
35989386	0.263922445935869
35989386	0.260426784400294
35989386	0.261386081096782
35989386	0.257969269579177
35989386	0.254619019324902
35989386	0.255634687892752
35989386	0.252357320099256
35989386	0.249142577168055
35989386	0.245988873659599
35989386	0.242894673990924
35989386	0.244025157232704
35989386	0.240993788819876
35989386	0.242133783196585
35989386	0.239162816531596
35989386	0.240311237468203
35989386	0.23739837398374
35989386	0.23855421686747
35989386	0.239689296106582
35989386	0.236835852105313
35989386	0.245867380482765
35989386	0.246896391692772
35989386	0.247907350074533
35989386	0.245024706469015
35989386	0.242192050902899
35989386	0.247071069474897
35989386	0.248056923918993
35989386	0.245238095238095
35989386	0.242467043314501
35989386	0.239742694513214
35989386	0.237064005189044
35989386	0.234429960686944
35989386	0.231839574381011
35989386	0.22929188675045
35989386	0.226785964490883
35989386	0.22432089965946
35989386	0.221895808852331
35989386	0.219509832413058
35989386	0.217162133670673
35989386	0.214851898206091
35989386	0.212578333145709
35989386	0.213849438410842
35989386	0.21161017727565
35989386	0.209405904595695
35989386	0.210690126655153
35989386	0.208518063493759
35989386	0.213217023526302
35989386	0.211041339612768
35989386	0.219051072205532
35989386	0.223572441846554
35989386	0.221325482632015
35989386	0.222445561139029
35989386	0.220232172470978
35989386	0.22795264601087
35989386	0.225706807133915
35989386	0.230029943011687
35989386	0.23428981348637
35989386	0.232015155103007
35989386	0.229773462783172
35989386	0.237179487179487
35989386	0.244479205005521
35989386	0.248500037973722
35989386	0.246144587376815
35989386	0.243822468627977
35989386	0.24153305577701
35989386	0.242391002296228
35989386	0.243236977468666
35989386	0.244071202985932
35989386	0.241821698810946
35989386	0.239603151115433
35989386	0.237414994484242
35989386	0.23828697938287
35989386	0.239147127382422
35989386	0.239995651760358
35989386	0.23784322439031
35989386	0.238695814648729
35989386	0.236574074074074
35989386	0.234480498197312
35989386	0.232414590724208
35989386	0.230375866244171
35989386	0.231275058096478
35989386	0.232162521359408
35989386	0.233038459125416
35989386	0.233903070109967
35989386	0.234756548764245
35989386	0.235599085384493
35989386	0.2364308662181
35989386	0.237252073566535
35989386	0.238062885885242
35989386	0.238863477880604
35989386	0.242443420882998
35989386	0.240423059042306
35989386	0.238427846934071
35989386	0.239212189796875
35989386	0.237243365189493
35989386	0.238030987879197
35989386	0.241530054644809
35989386	0.244986449864499
35989386	0.248400864575447
35989386	0.246397631796613
35989386	0.244418534352464
35989386	0.250463186077644
35989386	0.253779548472776
35989386	0.257056430363203
35989386	0.255024363720016
35989386	0.253016297863953
35989386	0.256260614482013
35989386	0.254258578431373
35989386	0.252279912451362
35989386	0.250324254215305
35989386	0.248391248391248
35989386	0.254172854172854
35989386	0.257333726299244
35989386	0.260458405233346
35989386	0.258477732950203
35989386	0.261570073357146
35989386	0.25959595959596
35989386	0.26015037593985
35989386	0.260698562886617
35989386	0.258753051223284
35989386	0.261785866207994
35989386	0.25984671164349
35989386	0.257929023734682
35989386	0.26093444757977
35989386	0.259022839905193
35989386	0.257132162241651
35989386	0.255262110152621
35989386	0.255827843653931
35989386	0.258794188946441
35989386	0.256932360248985
35989386	0.255090551214942
35989386	0.253268475849121
35989386	0.253838332486019
35989386	0.25440212681827
35989386	0.254959944532157
35989386	0.25785928764578
35989386	0.256049748785108
35989386	0.256590193432299
35989386	0.254802108460645
35989386	0.257662279003742
35989386	0.260492759195181
35989386	0.258696257407628
35989386	0.256918276257061
35989386	0.257441667058953
35989386	0.257959698910655
35989386	0.256204871026909
35989386	0.254467888850455
35989386	0.252748511223088
35989386	0.253291169957837
35989386	0.251591229219865
35989386	0.249908344743478
35989386	0.250464511334077
35989386	0.248800295311923
35989386	0.249360116755774
35989386	0.247714175391049
35989386	0.25047044178102
35989386	0.251013805004314
35989386	0.249373191899711
35989386	0.249920163505142
35989386	0.248297305300563
35989386	0.251005197607139
35989386	0.24938580923548
35989386	0.247782041973516
35989386	0.248330447687361
35989386	0.251003522569018
35989386	0.249404774017623
35989386	0.247821251642908
35989386	0.246252762708459
35989386	0.246802166939531
35989386	0.249442824170519
35989386	0.247878919316785
35989386	0.250496342737722
35989386	0.248935617860852
35989386	0.251530220648465
35989386	0.249972757981911
35989386	0.252544942603422
35989386	0.255093383982273
35989386	0.255573383671543
35989386	0.25604897969394
35989386	0.254487705427513
35989386	0.256993352608298
35989386	0.257456019158147
35989386	0.25791449235558
35989386	0.256360790594402
35989386	0.254821086146387
35989386	0.255291219363076
35989386	0.257747192182799
35989386	0.25621298270552
35989386	0.256670670246338
35989386	0.259096682059476
35989386	0.259534656403275
35989386	0.259968766267569
35989386	0.258444022770399
35989386	0.260831289693769
35989386	0.263197676731511
35989386	0.261667457680747
35989386	0.265947646331873
35989386	0.268263941247103
35989386	0.266717751384007
35989386	0.265184890743869
35989386	0.263665206556225
35989386	0.264063310137809
35989386	0.266357346357346
35989386	0.264843952343952
35989386	0.267120568289124
35989386	0.267494651707453
35989386	0.269743508129758
35989386	0.271973413514797
35989386	0.274184580199121
