35827387	0.333333333333333
35827387	0.333333333333333
35827387	0.333333333333333
35827387	0.333333333333333
35827387	0.333333333333333
35827387	0.238095238095238
35827387	0.178571428571429
35827387	0.212962962962963
35827387	0.17037037037037
35827387	0.2
35827387	0.333333333333333
35827387	0.384615384615385
35827387	0.377289377289377
35827387	0.326984126984127
35827387	0.327777777777778
35827387	0.32843137254902
35827387	0.291938997821351
35827387	0.261208576998051
35827387	0.235087719298246
35827387	0.276190476190476
35827387	0.281385281385281
35827387	0.256916996047431
35827387	0.318840579710145
35827387	0.346666666666667
35827387	0.371282051282051
35827387	0.393162393162393
35827387	0.412698412698413
35827387	0.430213464696223
35827387	0.445977011494253
35827387	0.460215053763441
35827387	0.431451612903226
35827387	0.445707070707071
35827387	0.419489007724302
35827387	0.395518207282913
35827387	0.410582010582011
35827387	0.424424424424424
35827387	0.402086296823139
35827387	0.381466486729645
35827387	0.395726495726496
35827387	0.392682926829268
35827387	0.389856755710414
35827387	0.402731635289775
35827387	0.414728682170543
35827387	0.425925925925926
35827387	0.436392914653784
35827387	0.432007400555042
35827387	0.42789598108747
35827387	0.424036281179138
35827387	0.447074829931973
35827387	0.468758169934641
35827387	0.476370035193565
35827387	0.496129656507015
35827387	0.477754484043792
35827387	0.472502805836139
35827387	0.455627705627706
35827387	0.439640768588137
35827387	0.458963500705788
35827387	0.477303721020846
35827387	0.494726930320151
35827387	0.489435336976321
35827387	0.484399788471708
35827387	0.479604027991125
35827387	0.485449735449735
35827387	0.491025641025641
35827387	0.496348096348096
35827387	0.491481984019298
35827387	0.496634474685397
35827387	0.501562944018187
35827387	0.506280193236715
35827387	0.492018779342723
35827387	0.478351591027647
35827387	0.465246067985794
35827387	0.479698876959151
35827387	0.466906906906907
35827387	0.48093567251462
35827387	0.46844383686489
35827387	0.473526473526474
35827387	0.478416098669263
35827387	0.466455696202532
35827387	0.47962962962963
35827387	0.467931345980127
35827387	0.480752277402292
35827387	0.493115318416523
35827387	0.481512605042017
35827387	0.4703146374829
35827387	0.467165641985209
35827387	0.456548241031
35827387	0.453779366700715
35827387	0.443695380774033
35827387	0.448595848595849
35827387	0.45333651855391
35827387	0.450755804893252
35827387	0.448257454434531
35827387	0.445837999253453
35827387	0.443494152046784
35827387	0.441222794959908
35827387	0.445823690300863
35827387	0.450285164570879
35827387	0.447946127946128
35827387	0.452277227722772
35827387	0.443409046787032
35827387	0.4347991623834
35827387	0.439258152850386
35827387	0.430891330891331
35827387	0.441629230308476
35827387	0.45206606712514
35827387	0.443694473289489
35827387	0.435553290293352
35827387	0.427634139560745
35827387	0.41992901992902
35827387	0.424335049335049
35827387	0.416824694479562
35827387	0.427055840190447
35827387	0.419628782100178
35827387	0.412393803098451
35827387	0.411042342076825
35827387	0.421024675261963
35827387	0.413948630299578
35827387	0.412605042016807
35827387	0.41129476584022
35827387	0.415481190443933
35827387	0.419565507130481
35827387	0.423551009703646
35827387	0.42210752688172
35827387	0.420698412698413
35827387	0.419322584676915
35827387	0.423187335958005
35827387	0.421794250645995
35827387	0.420433313456569
35827387	0.429281659816011
35827387	0.432878402344051
35827387	0.426368952684742
35827387	0.424980361351139
35827387	0.428560899207665
35827387	0.432062454611474
35827387	0.435487333619579
35827387	0.438837758736204
35827387	0.437319709449832
35827387	0.440596094552929
35827387	0.434346504559271
35827387	0.432923783837779
35827387	0.426868905742145
35827387	0.43019943019943
35827387	0.433461047254151
35827387	0.427523224689025
35827387	0.42624172956854
35827387	0.429490715205001
35827387	0.42820001209263
35827387	0.43137956748695
35827387	0.425665930831494
35827387	0.420065063320553
35827387	0.418931315216145
35827387	0.417819653113771
35827387	0.416729507052088
35827387	0.415660325337745
35827387	0.418857858348304
