19386186	0
19386186	0
19386186	0.333333333333333
19386186	0.466666666666667
19386186	0.422222222222222
19386186	0.396825396825397
19386186	0.380952380952381
19386186	0.37037037037037
19386186	0.362962962962963
19386186	0.296969696969697
19386186	0.247474747474748
19386186	0.260683760683761
19386186	0.223443223443224
19386186	0.238095238095238
19386186	0.25
19386186	0.299019607843137
19386186	0.302832244008715
19386186	0.270955165692008
19386186	0.27719298245614
19386186	0.314285714285714
19386186	0.285714285714286
19386186	0.260869565217391
19386186	0.294685990338164
19386186	0.324444444444445
19386186	0.350769230769231
19386186	0.374169040835708
19386186	0.395061728395062
19386186	0.367816091954023
19386186	0.343295019157088
19386186	0.36415770609319
19386186	0.362231182795699
19386186	0.360479797979798
19386186	0.378490790255496
19386186	0.375910364145658
19386186	0.373544973544974
19386186	0.353353353353353
19386186	0.352299668089142
19386186	0.351327035537562
19386186	0.35042735042735
19386186	0.349593495934959
19386186	0.332946186604723
19386186	0.348468069398302
19386186	0.36293164200141
19386186	0.346801346801347
19386186	0.331723027375201
19386186	0.317607153869874
19386186	0.318262411347518
19386186	0.318877551020408
19386186	0.332789115646259
19386186	0.345882352941177
19386186	0.332579185520362
19386186	0.332607643928399
19386186	0.332634521313767
19386186	0.320538720538721
19386186	0.309090909090909
19386186	0.309941520467836
19386186	0.299253881831014
19386186	0.311708552503409
19386186	0.312429378531074
19386186	0.302185792349727
19386186	0.303190551736295
19386186	0.304147465437788
19386186	0.315476190476191
19386186	0.326282051282051
19386186	0.336596736596737
19386186	0.346449570330167
19386186	0.355867720222417
19386186	0.355214549587951
19386186	0.345065562456867
19386186	0.354124748490946
19386186	0.344287949921753
19386186	0.343987823439878
19386186	0.3346908552388
19386186	0.334654654654655
19386186	0.334619883040936
19386186	0.343244474823422
19386186	0.334443334443335
19386186	0.33441523314941
19386186	0.334388185654008
19386186	0.334362139917696
19386186	0.326206965773362
19386186	0.318346556959546
19386186	0.310766877031937
19386186	0.311297852474323
19386186	0.30405836753306
19386186	0.304731355252606
19386186	0.312957157784744
19386186	0.313415049370106
19386186	0.306450270495214
19386186	0.2997150997151
19386186	0.307692307692308
19386186	0.315412186379928
19386186	0.308701288797377
19386186	0.302202314296379
19386186	0.295906432748538
19386186	0.289805269186713
19386186	0.283890875938004
19386186	0.278155706727135
19386186	0.285925925925926
19386186	0.293465346534654
19386186	0.294247071766
19386186	0.295006028301288
19386186	0.302153348269853
19386186	0.302747252747253
19386186	0.309613656783468
19386186	0.303826485628637
19386186	0.298200069228107
19386186	0.298844716275909
19386186	0.293411175979983
19386186	0.288124488124488
19386186	0.282979407979408
19386186	0.277970922882427
19386186	0.284790146457589
19386186	0.285634375794559
19386186	0.286456771614193
19386186	0.287258080361529
19386186	0.288039016852576
19386186	0.294402506765418
19386186	0.289495798319328
19386186	0.295730027548209
19386186	0.296346475184031
19386186	0.296947887511662
19386186	0.297534749541044
19386186	0.292774193548387
19386186	0.288126984126984
19386186	0.283589551306087
19386186	0.279158464566929
19386186	0.274830426356589
19386186	0.275730471079308
19386186	0.27660990409082
19386186	0.272418844937929
19386186	0.2683223209539
19386186	0.264317510193394
19386186	0.265339966832504
19386186	0.266339869281046
19386186	0.26245169600687
19386186	0.258648048238654
19386186	0.254926493587739
19386186	0.251284686536485
19386186	0.247720364741641
19386186	0.244231345519928
19386186	0.240815522505663
19386186	0.237470862470863
19386186	0.234195402298851
19386186	0.235553456148638
19386186	0.236883794613736
19386186	0.2426916712631
19386186	0.243908337868069
19386186	0.24510067114094
19386186	0.250684326710817
