5265341	0.666666666666667
5265341	0.444444444444444
5265341	0.388888888888889
5265341	0.5
5265341	0.333333333333333
5265341	0.238095238095238
5265341	0.261904761904762
5265341	0.351851851851852
5265341	0.348148148148148
5265341	0.284848484848485
5265341	0.348484848484849
5265341	0.397435897435897
5265341	0.340659340659341
5265341	0.384126984126984
5265341	0.419444444444444
5265341	0.370098039215686
5265341	0.328976034858388
5265341	0.294346978557505
5265341	0.298245614035088
5265341	0.26984126984127
5265341	0.275613275613276
5265341	0.251646903820817
5265341	0.230676328502415
5265341	0.238888888888889
5265341	0.297435897435897
5265341	0.300094966761633
5265341	0.302469135802469
5265341	0.327586206896552
5265341	0.305747126436782
5265341	0.350537634408602
5265341	0.391129032258065
5265341	0.367424242424242
5265341	0.385026737967914
5265341	0.420168067226891
5265341	0.433862433862434
5265341	0.41041041041041
5265341	0.423897581792319
5265341	0.419253261358525
5265341	0.431623931623932
5265341	0.426829268292683
5265341	0.438250096786682
5265341	0.417866371354743
5265341	0.414023960535589
5265341	0.395622895622896
5265341	0.407407407407407
5265341	0.418439716312057
5265341	0.401004728132388
5265341	0.411848072562358
5265341	0.422040816326531
5265341	0.444705882352941
5265341	0.440422322775264
5265341	0.44895984518626
5265341	0.457023060796646
5265341	0.464646464646465
5265341	0.471861471861472
5265341	0.45530492898914
5265341	0.45109901189756
5265341	0.469705825053575
5265341	0.454048964218456
5265341	0.450091074681239
5265341	0.44632469592808
5265341	0.453319679126131
5265341	0.459986772486773
5265341	0.445833333333333
5265341	0.432323232323232
5265341	0.439318558721544
5265341	0.426397424641498
5265341	0.423699914748508
5265341	0.43064182194617
5265341	0.437290409121395
5265341	0.443661971830986
5265341	0.449771689497717
5265341	0.455633715907689
5265341	0.452372372372372
5265341	0.449239766081871
5265341	0.463545226703122
5265341	0.46020646020646
5265341	0.448555663745537
5265341	0.454008438818566
5265341	0.459259259259259
5265341	0.464317976513099
5265341	0.461161720050936
5265341	0.45811818703385
5265341	0.455182072829132
5265341	0.444596443228454
5265341	0.449701505836229
5265341	0.447056774642982
5265341	0.444501191692203
5265341	0.449438202247191
5265341	0.454212454212454
5265341	0.458831024048415
5265341	0.463300607760636
5265341	0.467627545184168
5265341	0.464800298618888
5265341	0.462061403508772
5265341	0.452534364261168
5265341	0.4501016901606
5265341	0.441008726723012
5265341	0.445521885521886
5265341	0.443300330033003
5265341	0.434608166699023
5265341	0.426169173170887
5265341	0.424383868558626
5265341	0.416300366300366
5265341	0.414734950584007
5265341	0.41321342502792
5265341	0.40556132456444
5265341	0.404236040321667
5265341	0.402946900194607
5265341	0.395686595686596
5265341	0.388620763620764
5265341	0.393541930046355
5265341	0.398333592092325
5265341	0.39720315280956
5265341	0.390354822588706
5265341	0.395078101974654
5265341	0.388381862958134
5265341	0.38185443668993
5265341	0.386601307189543
5265341	0.391230486685032
5265341	0.395745833897846
5265341	0.389310942289751
5265341	0.383031733543142
5265341	0.382236559139785
5265341	0.386751322751323
5265341	0.391159438403533
5265341	0.390255905511811
5265341	0.394541343669251
5265341	0.38847147684357
5265341	0.382540614601683
5265341	0.376744544683476
5265341	0.371079213184476
5265341	0.365540717465305
5265341	0.360125299428782
5265341	0.354829339143065
5265341	0.359381708887935
5265341	0.363835114073134
5265341	0.358600076460571
5265341	0.35347721822542
5265341	0.348463356973995
5265341	0.343555422368728
5265341	0.338750451426508
5265341	0.334045584045584
5265341	0.329438058748404
5265341	0.329491418674225
5265341	0.325008542229677
5265341	0.325121039406754
5265341	0.320756998609348
5265341	0.325369127516779
5265341	0.321059602649007
5265341	0.316835134193099
5265341	0.321408095401904
5265341	0.325891972950797
5265341	0.330289065772937
5265341	0.334601599117728
5265341	0.343078011867821
5265341	0.338735252223924
5265341	0.342860175676034
5265341	0.342741090146751
5265341	0.342624223602484
5265341	0.346624747590931
5265341	0.350551642303517
5265341	0.346276622275425
5265341	0.350160137965016
5265341	0.349957405379092
5265341	0.349758314695909
5265341	0.353531033171752
5265341	0.353292007138161
5265341	0.356978767838496
5265341	0.356702213048962
5265341	0.356430481889478
5265341	0.356163462831026
5265341	0.363563882798485
5265341	0.359408866995074
5265341	0.355324675324675
5265341	0.351309707241911
5265341	0.358598362216721
5265341	0.354591676605361
5265341	0.350651769087523
5265341	0.346777163904236
5265341	0.350292433165361
5265341	0.353750075061551
5265341	0.353528153955809
5265341	0.353309831570701
5265341	0.349510801123704
5265341	0.345772717689226
5265341	0.34209428452232
5265341	0.345528912904799
5265341	0.348909310312819
5265341	0.345255809681271
5265341	0.341659394997091
5265341	0.338118883131837
5265341	0.334633121450065
5265341	0.33120098687109
5265341	0.327821384964242
5265341	0.331261438585587
5265341	0.327915363448358
5265341	0.331319899159095
5265341	0.334673366834171
5265341	0.337976782752902
5265341	0.341231138039177
5265341	0.341153327155376
5265341	0.344344634405486
5265341	0.340985174557628
5265341	0.340910884837004
5265341	0.344058283695261
5265341	0.347160287377679
5265341	0.343838179364495
5265341	0.340563530037214
5265341	0.337335439705108
5265341	0.334153029896569
5265341	0.334145333215224
5265341	0.331022479633774
5265341	0.337245526334855
5265341	0.343382141831754
5265341	0.343289526085225
5265341	0.349314392818388
5265341	0.355256727130549
5265341	0.355057423550574
5265341	0.360894007952832
5265341	0.366651719592896
5265341	0.363363363363363
5265341	0.360119047619048
5265341	0.356917989417989
5265341	0.359659128154703
5265341	0.362364040388289
5265341	0.365033361671433
5265341	0.361845297377359
5265341	0.358698816530599
5265341	0.35559319907146
5265341	0.352527740458775
5265341	0.349501751270288
5265341	0.349363559663989
5265341	0.346390252773232
5265341	0.346279600913571
5265341	0.346170349710363
5265341	0.343261355174981
5265341	0.343178275494298
5265341	0.345874012087401
5265341	0.345769940064546
5265341	0.345667158190734
5265341	0.348309129453911
5265341	0.35365085790101
5265341	0.356206088992974
5265341	0.356020131629888
5265341	0.355836432858256
5265341	0.361031300335205
5265341	0.36348620287602
5265341	0.363244979919679
5265341	0.360350597609562
5265341	0.357490672231708
5265341	0.354664659012485
5265341	0.354496695818161
5265341	0.35171632957645
5265341	0.348968545751634
5265341	0.346252837224384
5265341	0.34615268603143
5265341	0.343479692316902
5265341	0.348529848529849
5265341	0.353521956970233
5265341	0.35082331607733
5265341	0.348155458160392
5265341	0.350568421861198
5265341	0.352954068991805
5265341	0.355312810327706
5265341	0.357645048951968
5265341	0.357463618238396
5265341	0.359762525661655
