9952240	1
9952240	0.777777777777778
9952240	0.888888888888889
9952240	0.666666666666667
9952240	0.666666666666667
9952240	0.571428571428571
9952240	0.428571428571429
9952240	0.481481481481482
9952240	0.518518518518519
9952240	0.484848484848485
9952240	0.515151515151515
9952240	0.538461538461538
9952240	0.556776556776557
9952240	0.571428571428572
9952240	0.541666666666667
9952240	0.517156862745098
9952240	0.533769063180828
9952240	0.582846003898636
9952240	0.524561403508772
9952240	0.506349206349206
9952240	0.490620490620491
9952240	0.476943346508564
9952240	0.492753623188406
9952240	0.506666666666667
9952240	0.467692307692308
9952240	0.482431149097816
9952240	0.471781305114638
9952240	0.462233169129721
9952240	0.475862068965517
9952240	0.509677419354839
9952240	0.519489247311828
9952240	0.508207070707071
9952240	0.517528223410577
9952240	0.526050420168067
9952240	0.533862433862434
9952240	0.541041041041041
9952240	0.547652916073969
9952240	0.536662168241116
9952240	0.526495726495727
9952240	0.533333333333333
9952240	0.523809523809524
9952240	0.499446290143965
9952240	0.476744186046512
9952240	0.47037037037037
9952240	0.464412238325282
9952240	0.444650015417823
9952240	0.440011820330969
9952240	0.422052154195011
9952240	0.405170068027211
9952240	0.389281045751634
9952240	0.387129210658622
9952240	0.397677793904209
9952240	0.407640344747263
9952240	0.41705948372615
9952240	0.402164502164502
9952240	0.411445279866333
9952240	0.431740270215769
9952240	0.428404441846873
9952240	0.436346516007533
9952240	0.422040072859745
9952240	0.440683941477173
9952240	0.458440006827104
9952240	0.454530423280423
9952240	0.440544871794872
9952240	0.427195027195027
9952240	0.424393185587215
9952240	0.431518876207199
9952240	0.428672918442739
9952240	0.444996549344375
9952240	0.432461435278337
9952240	0.420448617631716
9952240	0.418061897513952
9952240	0.415771936319882
9952240	0.404684684684685
9952240	0.40280701754386
9952240	0.401002506265664
9952240	0.416361416361417
9952240	0.431137076706697
9952240	0.428691983122363
9952240	0.418106995884774
9952240	0.424169426879454
9952240	0.421980605348222
9952240	0.427806463951042
9952240	0.425583566760037
9952240	0.4234382124943
9952240	0.413704000712822
9952240	0.404301637060258
9952240	0.39521620701396
9952240	0.401248439450687
9952240	0.407081807081807
9952240	0.412724956203217
9952240	0.40384915069347
9952240	0.395256615572333
9952240	0.393952967525196
9952240	0.406578947368421
9952240	0.411941580756014
9952240	0.417140051897048
9952240	0.428915000343572
9952240	0.4203367003367
9952240	0.425214521452145
9952240	0.423412929528247
9952240	0.4346087949743
9952240	0.432661189942743
9952240	0.430769230769231
9952240	0.435220125786164
9952240	0.433315699759008
9952240	0.437637013961002
9952240	0.441839392909729
9952240	0.445927161523492
9952240	0.443898443898444
9952240	0.447876447876448
9952240	0.451748841129372
9952240	0.443823422863945
9952240	0.441901856089499
9952240	0.440029985007496
9952240	0.438206110619904
9952240	0.44772804094838
9952240	0.451407681716755
9952240	0.45499533146592
9952240	0.447474747474748
9952240	0.445603576751118
9952240	0.454618152738905
9952240	0.447285601888277
9952240	0.445462365591398
9952240	0.45426455026455
9952240	0.457609465483481
9952240	0.450459317585302
9952240	0.443475452196383
9952240	0.446909163188233
9952240	0.440086122528871
9952240	0.438468656025908
9952240	0.431875142401458
9952240	0.430404369131785
9952240	0.428966279712548
9952240	0.427559912854031
9952240	0.426184342350079
9952240	0.424838675552735
9952240	0.423522051923679
9952240	0.422233641658102
9952240	0.425700776764607
9952240	0.424399826857124
9952240	0.427788174267048
9952240	0.431105931105931
9952240	0.429757343550447
9952240	0.437568886789482
9952240	0.43615071599416
9952240	0.430256787399645
9952240	0.428955801439023
9952240	0.436569724086503
9952240	0.439617365710081
9952240	0.438218891599861
9952240	0.436847838550625
9952240	0.435503494327024
9952240	0.438486244937858
9952240	0.441411634960022
9952240	0.444281125809788
9952240	0.447096132656078
9952240	0.449858026165645
9952240	0.444234800838574
9952240	0.438716356107661
9952240	0.441530557472587
9952240	0.436113004620162
9952240	0.43892463464512
9952240	0.433604336043361
9952240	0.428380187416332
9952240	0.435225933674819
9952240	0.441949434464405
9952240	0.436719263642341
9952240	0.431581389952431
9952240	0.434330925352597
9952240	0.429280565755474
9952240	0.432024913742887
9952240	0.434721945385689
9952240	0.437372742200328
9952240	0.439978354978355
9952240	0.442539804827941
9952240	0.437567447470323
9952240	0.436402820496726
9952240	0.435257603972688
9952240	0.437814610190301
9952240	0.440329467953777
9952240	0.439160111291259
9952240	0.445256197038093
9952240	0.451253427340384
9952240	0.45715392812167
9952240	0.452264581296839
9952240	0.450999355254674
9952240	0.4568088858869
9952240	0.462526687088091
9952240	0.457683475704969
9952240	0.463332606166376
9952240	0.465439694876223
9952240	0.470950625856881
9952240	0.472957969865186
9952240	0.468131868131868
9952240	0.473531544597535
9952240	0.468748397682408
9952240	0.470737526013908
9952240	0.469363484087102
9952240	0.471326699834163
9952240	0.469960428878709
9952240	0.471898421369231
9952240	0.470539940113977
9952240	0.47245337159254
9952240	0.474338937564133
9952240	0.472976564576396
9952240	0.474838969404187
9952240	0.473484848484849
9952240	0.475324675324675
9952240	0.473978785827127
9952240	0.478941250111777
9952240	0.480703930079428
9952240	0.476211369985228
9952240	0.471781496776063
9952240	0.473585989089865
9952240	0.469221141264152
9952240	0.471032568102707
9952240	0.472819180874981
9952240	0.468520824685208
9952240	0.467297408473879
9952240	0.469093527917057
9952240	0.464886411074752
9952240	0.46668802049968
9952240	0.468465608465609
9952240	0.464319895116355
9952240	0.466102686055125
9952240	0.467862019218384
9952240	0.469598304348936
9952240	0.471311942282134
9952240	0.473003325177238
9952240	0.468925710305021
9952240	0.467761827240886
9952240	0.4694618686035
9952240	0.47114020731042
9952240	0.47279721120327
9952240	0.471620300841498
9952240	0.470458225484287
9952240	0.46931073684704
9952240	0.470955369595537
9952240	0.469813278008299
9952240	0.471440165517872
9952240	0.473046967996463
9952240	0.477366255144033
9952240	0.476190476190476
9952240	0.475029036004646
9952240	0.471182647049143
9952240	0.475447303121327
9952240	0.476983201623699
9952240	0.478500669344043
9952240	0.47734395750332
9952240	0.478846518687156
9952240	0.477696216826652
9952240	0.479184173124605
9952240	0.475425865884412
9952240	0.476919934640523
9952240	0.475802529182879
9952240	0.474698116811953
9952240	0.473606496862311
9952240	0.475091575091575
9952240	0.471451026623441
9952240	0.475485751611048
9952240	0.476939598873828
9952240	0.473326420094481
9952240	0.469754145225843
9952240	0.466222159171514
9952240	0.465226737255123
9952240	0.464242458121378
9952240	0.465747470824317
9952240	0.462297489558952
9952240	0.463805749168603
9952240	0.462846393169814
9952240	0.466781584428643
9952240	0.470673689651792
9952240	0.472099093120991
9952240	0.471093544137022
9952240	0.472505624444096
9952240	0.476300548009246
9952240	0.475275693423756
9952240	0.479023724185015
9952240	0.480359261142179
9952240	0.481680590259374
9952240	0.478276487148001
9952240	0.481950596393437
9952240	0.483246849518162
9952240	0.48686050791314
9952240	0.488113512503757
9952240	0.489353464963221
9952240	0.490580545943868
9952240	0.491794932983335
9952240	0.492996800568788
9952240	0.491903215176764
9952240	0.490820826904795
9952240	0.487481909714967
9952240	0.486436834620854
9952240	0.485402351504046
9952240	0.484378317711651
9952240	0.485601729449604
9952240	0.48458321174983
9952240	0.488019323671498
9952240	0.486991509782208
9952240	0.485973905964665
9952240	0.482766157410443
9952240	0.483976029181866
9952240	0.482988208225482
9952240	0.479831422550805
9952240	0.476705484944611
9952240	0.48010350127614
9952240	0.476996035248463
9952240	0.473918641472666
9952240	0.475158178612177
9952240	0.472112292851843
9952240	0.471225526337347
9952240	0.472470374364923
9952240	0.475819768813399
9952240	0.477027660571964
9952240	0.476121071756579
9952240	0.477319471724567
9952240	0.47850660147342
9952240	0.479682601880878
9952240	0.480847611630322
9952240	0.477860980502183
9952240	0.476966072470178
9952240	0.476079450623654
9952240	0.473149730927509
9952240	0.472291961617115
9952240	0.473480797733626
9952240	0.474658760349071
9952240	0.475825981664072
9952240	0.476982591876209
9952240	0.478128719216333
9952240	0.477256457855592
9952240	0.480396058709312
9952240	0.481511451571332
9952240	0.480626806089314
9952240	0.481734186211798
9952240	0.48480994771796
9952240	0.48391363639024
9952240	0.483025257021173
9952240	0.482144716293597
9952240	0.48127192225864
9952240	0.482356102050499
9952240	0.479543530026881
9952240	0.478693470743779
9952240	0.47785080328053
9952240	0.47701544218257
9952240	0.478108532813602
9952240	0.477276491437279
9952240	0.47645160227909
9952240	0.473729021694638
9952240	0.474828381495048
9952240	0.472130492963826
9952240	0.469455532663748
