2917828	1
2917828	0.333333333333333
2917828	0.166666666666667
2917828	0.1
2917828	0.177777777777778
2917828	0.317460317460318
2917828	0.404761904761905
2917828	0.388888888888889
2917828	0.511111111111111
2917828	0.478787878787879
2917828	0.51010101010101
2917828	0.482905982905983
2917828	0.461538461538462
2917828	0.444444444444444
2917828	0.430555555555556
2917828	0.419117647058824
2917828	0.40958605664488
2917828	0.436647173489279
2917828	0.426315789473684
2917828	0.417460317460318
2917828	0.40981240981241
2917828	0.432147562582345
2917828	0.479468599033817
2917828	0.494444444444445
2917828	0.482051282051282
2917828	0.520417853751187
2917828	0.554673721340388
2917828	0.516420361247948
2917828	0.548659003831418
2917828	0.556272401433692
2917828	0.542338709677419
2917828	0.509469696969697
2917828	0.479500891265597
2917828	0.471148459383754
2917828	0.463492063492064
2917828	0.438438438438438
2917828	0.467994310099573
2917828	0.49527665317139
2917828	0.470512820512821
2917828	0.447560975609756
2917828	0.473867595818815
2917828	0.482834994462901
2917828	0.491190979563073
2917828	0.469360269360269
2917828	0.463446054750403
2917828	0.472093740363861
2917828	0.494089834515367
2917828	0.501133786848073
2917828	0.507755102040816
2917828	0.500915032679739
2917828	0.494469582704877
2917828	0.500967585873246
2917828	0.507104588865595
2917828	0.525028058361392
2917828	0.518181818181818
2917828	0.5
2917828	0.494252873563218
2917828	0.511396843950906
2917828	0.505461393596987
2917828	0.499817850637523
2917828	0.483694694165345
2917828	0.500085338795016
2917828	0.515707671957672
2917828	0.530608974358974
2917828	0.534731934731935
2917828	0.548620533695161
2917828	0.552092478782558
2917828	0.55541346973572
2917828	0.539544513457557
2917828	0.533735747820255
2917828	0.528169014084507
2917828	0.522831050228311
2917828	0.526718499321239
2917828	0.521561561561562
2917828	0.525380116959064
2917828	0.520391888812942
2917828	0.524142524142524
2917828	0.527750730282376
2917828	0.52289029535865
2917828	0.51820987654321
2917828	0.513700692562481
2917828	0.509354491135273
2917828	0.513100019124116
2917828	0.524556489262372
2917828	0.527861377108983
2917828	0.523389468056669
2917828	0.519070010449321
2917828	0.522386789240722
2917828	0.525593008739076
2917828	0.528693528693529
2917828	0.524446567924829
2917828	0.520336605890603
2917828	0.509265614275909
2917828	0.512579320642031
2917828	0.515789473684211
2917828	0.512027491408935
2917828	0.515183392944807
2917828	0.511509654366797
2917828	0.521279461279461
2917828	0.517557755775578
2917828	0.513945512198279
2917828	0.516910971508344
2917828	0.513380632312671
2917828	0.50995115995116
2917828	0.506618748128182
2917828	0.503379768412391
2917828	0.494057920849198
2917828	0.484992637897837
2917828	0.482235195996664
2917828	0.47955227955228
2917828	0.476941226941227
2917828	0.474399494310999
2917828	0.466076696165192
2917828	0.469565217391304
2917828	0.467216391804098
2917828	0.464927792513999
2917828	0.46834709546574
2917828	0.47168019750273
2917828	0.46937441643324
2917828	0.46712580348944
2917828	0.47039696518087
2917828	0.473588342440802
2917828	0.476702508960574
2917828	0.479741935483871
2917828	0.47741798941799
2917828	0.475148939715869
2917828	0.472933070866142
2917828	0.470768733850129
2917828	0.468654343072948
2917828	0.466588373458603
2917828	0.464569357699129
2917828	0.457583352320195
2917828	0.455728874424868
2917828	0.453915607149438
2917828	0.452142338416848
2917828	0.455274080435094
2917828	0.458337741105117
2917828	0.456539116532861
2917828	0.454779033915725
2917828	0.453056399864911
2917828	0.446675323810475
2917828	0.440428116484455
2917828	0.434311059311059
2917828	0.428320561941252
2917828	0.422453156983152
2917828	0.425775789767962
2917828	0.420022062879206
2917828	0.414384182840559
2917828	0.417747949291574
2917828	0.412214863870493
2917828	0.411176948995004
2917828	0.405802086916638
2917828	0.400531929943695
2917828	0.399664851277755
2917828	0.403087951475048
2917828	0.406445642114432
2917828	0.40552016985138
2917828	0.40041928721174
2917828	0.39958071278826
2917828	0.402898550724638
2917828	0.406154947217749
2917828	0.405261430482971
2917828	0.404384258566512
2917828	0.403523035230352
2917828	0.402677376171352
2917828	0.401846908592454
2917828	0.404999524760004
2917828	0.404151404151404
2917828	0.407239819004525
2917828	0.406375415663341
2917828	0.40552608912462
2917828	0.408545055338979
2917828	0.411511970411711
2917828	0.414428024083197
2917828	0.417294372294372
2917828	0.420112138332477
2917828	0.419137095579678
2917828	0.421902789111376
2917828	0.420918684047176
2917828	0.423634131368938
2917828	0.426304818570012
2917828	0.425288736764147
2917828	0.424289221509464
2917828	0.423305914610262
2917828	0.422338467499758
2917828	0.421386540931133
2917828	0.416903705389312
2917828	0.416019362827874
2917828	0.415148983570036
2917828	0.410801873794434
2917828	0.409994909831297
2917828	0.409200489349453
2917828	0.411854779837259
2917828	0.411049431667988
2917828	0.406855049712193
2917828	0.40610863634794
2917828	0.408740535644089
2917828	0.411332758066427
2917828	0.417219430485762
2917828	0.416384742951907
2917828	0.412262121734562
2917828	0.408200425953925
2917828	0.404198460993593
2917828	0.403507093894468
2917828	0.402825795248244
2917828	0.398933758579179
2917828	0.395097857054379
2917828	0.391317016317016
2917828	0.390764790764791
2917828	0.393379974422628
2917828	0.395958150764553
2917828	0.392240233855966
2917828	0.391689702075381
2917828	0.394247627327393
2917828	0.393683606086707
2917828	0.393127382374694
2917828	0.392578813117434
2917828	0.392037758507534
2917828	0.391504081915041
2917828	0.393994241053065
2917828	0.393447746388923
2917828	0.392908603670936
2917828	0.39237668161435
2917828	0.391851851851852
2917828	0.394283841363487
2917828	0.393746832482165
2917828	0.393216889507175
2917828	0.395605097167956
2917828	0.395063603569394
2917828	0.397415145241232
2917828	0.399736279046624
2917828	0.404888757338069
2917828	0.407126175366519
2917828	0.406498151179002
2917828	0.408702969106864
2917828	0.40525399890343
2917828	0.401848503114326
2917828	0.40406455469217
2917828	0.403475127847513
2917828	0.402893038266482
2917828	0.402318164671993
2917828	0.404493872507341
2917828	0.406642829836515
2917828	0.406044384967102
2917828	0.40274321110558
2917828	0.402181187803781
2917828	0.398937791127944
2917828	0.401088223863195
2917828	0.400546184738956
2917828	0.400010624169987
2917828	0.399481439322077
2917828	0.401593575506619
2917828	0.403680765200793
2917828	0.403129020637126
2917828	0.402583741830065
2917828	0.402044828145266
2917828	0.401512180898662
2917828	0.40613370845929
2917828	0.405573705573706
2917828	0.405020139502898
2917828	0.407017441236973
2917828	0.406457105815652
2917828	0.405903137842301
2917828	0.407871164474938
2917828	0.407310729654325
2917828	0.409253470755541
2917828	0.408686902565823
2917828	0.408126652980451
2917828	0.407572628390472
2917828	0.407024736914036
2917828	0.408933868750452
2917828	0.408380018674136
2917828	0.407832232649751
2917828	0.407290422472904
2917828	0.404339042599912
2917828	0.40382636599871
2917828	0.400921140344042
2917828	0.39804715367491
