2399681	0.333333333333333
2399681	0.333333333333333
2399681	0.333333333333333
2399681	0.333333333333333
2399681	0.444444444444445
2399681	0.317460317460318
2399681	0.404761904761905
2399681	0.462962962962963
2399681	0.503703703703704
2399681	0.533333333333333
2399681	0.444444444444444
2399681	0.376068376068376
2399681	0.322344322344322
2399681	0.323809523809524
2399681	0.283333333333333
2399681	0.25
2399681	0.222222222222222
2399681	0.198830409356725
2399681	0.245614035087719
2399681	0.253968253968254
2399681	0.261183261183261
2399681	0.267457180500659
2399681	0.272946859903382
2399681	0.277777777777778
2399681	0.256410256410256
2399681	0.286799620132953
2399681	0.313932980599647
2399681	0.338259441707718
2399681	0.360153256704981
2399681	0.336917562724014
2399681	0.315860215053764
2399681	0.296717171717172
2399681	0.318478906714201
2399681	0.319327731092437
2399681	0.301587301587302
2399681	0.285285285285285
2399681	0.287814129919393
2399681	0.290148448043185
2399681	0.292307692307692
2399681	0.294308943089431
2399681	0.29616724738676
2399681	0.282392026578073
2399681	0.269556025369979
2399681	0.272390572390572
2399681	0.260547504025765
2399681	0.263644773358002
2399681	0.280437352245863
2399681	0.268990929705215
2399681	0.284897959183674
2399681	0.286797385620915
2399681	0.2885872297637
2399681	0.277697145621674
2399681	0.267412066154205
2399681	0.257687991021324
2399681	0.248484848484849
2399681	0.239766081871345
2399681	0.24299253881831
2399681	0.246054938632379
2399681	0.237853107344633
2399681	0.251912568306011
2399681	0.265291732769258
2399681	0.256869772998805
2399681	0.269675925925926
2399681	0.261378205128205
2399681	0.273659673659674
2399681	0.265490728177295
2399681	0.277290020485806
2399681	0.278914464336459
2399681	0.280469289164941
2399681	0.272568745808182
2399681	0.274256651017214
2399681	0.285007610350076
2399681	0.286313710971245
2399681	0.296456456456456
2399681	0.297426900584795
2399681	0.29835953520164
2399681	0.307803307803308
2399681	0.300010818998161
2399681	0.292510548523207
2399681	0.285288065843621
2399681	0.27832982033524
2399681	0.287687334704672
2399681	0.280837636259323
2399681	0.274229691876751
2399681	0.283356133150935
2399681	0.276842199055511
2399681	0.285701846046674
2399681	0.286772216547498
2399681	0.302621722846442
2399681	0.310622710622711
2399681	0.311116419812072
2399681	0.318762661679913
2399681	0.326164874551971
2399681	0.326315789473684
2399681	0.319517543859649
2399681	0.312929553264605
2399681	0.306543235851041
2399681	0.300350443207586
2399681	0.301010101010101
2399681	0.301650165016502
2399681	0.302271403610949
2399681	0.309347039786789
2399681	0.303398058252427
2399681	0.303968253968254
2399681	0.310811620245583
2399681	0.305002057250338
2399681	0.311699550017307
2399681	0.312096500169895
2399681	0.318543230469836
2399681	0.318809718809719
2399681	0.32502145002145
2399681	0.319268857985672
2399681	0.325363556383584
2399681	0.325502161200102
2399681	0.325637181409295
2399681	0.331466745259849
2399681	0.342797817374089
2399681	0.353843232208138
2399681	0.364612511671335
2399681	0.369605142332415
2399681	0.374475003387075
2399681	0.368385978941757
2399681	0.362444269603986
2399681	0.361978494623656
2399681	0.36152380952381
2399681	0.366329208848894
2399681	0.371021981627297
2399681	0.365269702842377
2399681	0.369906579208905
2399681	0.369348209042866
2399681	0.368802529107873
2399681	0.373281689071163
2399681	0.367710320577563
2399681	0.362262760272711
2399681	0.366739288307916
2399681	0.366251610133104
2399681	0.365774533657745
2399681	0.370103916866507
2399681	0.379102432339842
2399681	0.38790949003715
2399681	0.396530483135218
2399681	0.395646606914213
2399681	0.390151515151515
2399681	0.389367816091954
2399681	0.388600220437726
2399681	0.392383437393222
2399681	0.391585463014034
2399681	0.399752101094383
2399681	0.40331096196868
2399681	0.397969094922737
2399681	0.401504589287789
2399681	0.404970760233918
2399681	0.404040404040404
2399681	0.398826979472141
2399681	0.397987317342156
2399681	0.39716369971147
2399681	0.396355720390228
2399681	0.39556298596184
2399681	0.39895178197065
2399681	0.398136645962733
2399681	0.401451831403522
2399681	0.40061602161125
2399681	0.399795501022495
2399681	0.394949494949495
2399681	0.398223195813557
2399681	0.401438087680062
2399681	0.408563824731489
2399681	0.403728749882596
2399681	0.398978999883977
2399681	0.394312578832703
2399681	0.389727548846276
2399681	0.385222028050365
2399681	0.380794188647488
2399681	0.376442255062945
2399681	0.372164502164502
2399681	0.367959253552474
2399681	0.363824879917053
2399681	0.359759797459879
2399681	0.355762466376992
2399681	0.35183138940045
2399681	0.351628114059053
2399681	0.347785183850758
2399681	0.344004910113249
2399681	0.343889541715629
2399681	0.340191804707934
2399681	0.340118452072911
2399681	0.33650017066788
2399681	0.332939322301024
2399681	0.332943469785575
2399681	0.329457150730229
2399681	0.329497527632344
2399681	0.326083045480714
2399681	0.322721364599469
2399681	0.319411401885629
2399681	0.316152101866388
2399681	0.319710625366898
2399681	0.316481225110667
2399681	0.313300509280409
2399681	0.310167504187605
2399681	0.317031509121061
2399681	0.320493243354186
2399681	0.317335674454145
2399681	0.314224540390869
2399681	0.311158935118763
2399681	0.311374220538322
2399681	0.308365773963072
2399681	0.305400718444197
2399681	0.308857808857809
2399681	0.309090909090909
2399681	0.312480252764613
2399681	0.31267697993979
2399681	0.312870936309682
2399681	0.309946908867535
2399681	0.310164457002101
2399681	0.310378983634798
2399681	0.307518347840929
2399681	0.307755182570217
2399681	0.304944632957703
2399681	0.30823301508233
2399681	0.305443576031811
2399681	0.308697838109603
2399681	0.305929247633284
2399681	0.309150117446082
2399681	0.312328042328042
2399681	0.309564077351688
2399681	0.315647213234052
2399681	0.318726331246619
2399681	0.321765111468628
2399681	0.327662806151509
2399681	0.330597904510948
2399681	0.336368612230681
2399681	0.339203788663608
2399681	0.342002616680728
2399681	0.341928835545857
2399681	0.341855992306768
2399681	0.341784071133996
2399681	0.347315297426988
2399681	0.347198293543359
2399681	0.347082752208275
2399681	0.346968649147072
2399681	0.346855960586628
2399681	0.344001179018014
2399681	0.343913737659943
2399681	0.341106278577005
2399681	0.338333056799956
2399681	0.340991628539767
2399681	0.340929868094554
2399681	0.34086885175109
2399681	0.343475234270415
2399681	0.343394422310757
2399681	0.343314572398238
2399681	0.343235669322626
2399681	0.343157698173104
2399681	0.343080644331223
2399681	0.340400326797386
2399681	0.337751297016861
2399681	0.340301028564534
2399681	0.342821226542157
2399681	0.342748242748243
2399681	0.345230376264859
2399681	0.342595029881158
2399681	0.339989744482822
2399681	0.342464569650882
2399681	0.339879931389365
2399681	0.342336974511751
2399681	0.339772652605296
2399681	0.337237035794809
2399681	0.339686326730659
2399681	0.342108403322778
2399681	0.344503667258895
2399681	0.346872512842775
2399681	0.346773324714501
2399681	0.349108312611962
2399681	0.348993585489936
2399681	0.348880105401845
2399681	0.348767854339978
2399681	0.348656814620506
2399681	0.348546968876512
2399681	0.348438300051203
2399681	0.34833079139129
2399681	0.348224426440524
2399681	0.345763476430344
2399681	0.345675940211351
2399681	0.345589325426242
2399681	0.347834621518832
2399681	0.347733567245762
2399681	0.347633565621371
2399681	0.345227797001153
2399681	0.345145766217237
2399681	0.342773630366947
2399681	0.344992075821055
2399681	0.342637181105553
2399681	0.344841463320254
2399681	0.342503555094354
2399681	0.340189341884257
2399681	0.342387842387842
2399681	0.340089937405374
2399681	0.342274397132874
2399681	0.339992567818655
2399681	0.339948320413437
2399681	0.342112018070743
2399681	0.339853852934962
2399681	0.342003937235829
2399681	0.34631866551625
2399681	0.344055144826601
2399681	0.341813743231639
2399681	0.341758675634897
2399681	0.341704142675017
2399681	0.343800675087866
2399681	0.345876983715382
2399681	0.347933327836865
2399681	0.35209988804238
2399681	0.354103498097312
2399681	0.353971624035318
2399681	0.353841001942268
2399681	0.353711616020445
2399681	0.355679886779226
2399681	0.353449918837037
2399681	0.353324190177639
2399681	0.351122793354102
2399681	0.3510122998136
2399681	0.348838849040761
2399681	0.346685522812114
2399681	0.348654637543526
2399681	0.350605631587227
2399681	0.352538726603003
2399681	0.350389100221277
2399681	0.352311760199669
2399681	0.354216941450984
2399681	0.356104855198511
2399681	0.357975709484464
2399681	0.355825705223296
2399681	0.355691020361679
2399681	0.355557541633152
2399681	0.355425254678986
2399681	0.355294145353493
2399681	0.355164199720237
2399681	0.357001972386588
2399681	0.358823529411765
2399681	0.35671899258237
2399681	0.356582234341148
2399681	0.35450303763945
2399681	0.354379957963252
2399681	0.352325581395349
2399681	0.352215799614644
2399681	0.352106966955962
2399681	0.353914781322115
2399681	0.353796836061434
2399681	0.357489425569655
2399681	0.357351784018451
2399681	0.357215315548649
2399681	0.360857155120611
2399681	0.362584892473979
2399681	0.360542160685393
2399681	0.362261961280793
2399681	0.36396730977035
2399681	0.365658367630106
2399681	0.367335294087134
2399681	0.367146394305169
2399681	0.365112342259157
2399681	0.364936767624207
2399681	0.366599191310392
2399681	0.368247913702459
2399681	0.368056600933313
2399681	0.367866856301619
2399681	0.367678662715961
2399681	0.369303597520041
2399681	0.370915321472055
2399681	0.372513977392026
2399681	0.372302760982006
2399681	0.375677477320813
2399681	0.377237741070656
2399681	0.378785489335876
2399681	0.380320855614973
2399681	0.380070921985816
2399681	0.381591323814361
2399681	0.381335990531393
2399681	0.382841693307832
2399681	0.384335508957089
2399681	0.384067781001059
2399681	0.38554735631868
2399681	0.3870153422735
2399681	0.386735748476937
2399681	0.386458333333333
2399681	0.386183074265976
2399681	0.385909948989838
2399681	0.387357148565492
2399681	0.387079391160699
2399681	0.386803770351328
2399681	0.386530264279625
2399681	0.386258851366634
2399681	0.38598951030794
2399681	0.38572222006949
2399681	0.383769196170404
2399681	0.383514469590419
2399681	0.381582406771324
2399681	0.381339949115856
