48322451	0.666666666666667
48322451	0.666666666666667
48322451	0.666666666666667
48322451	0.666666666666667
48322451	0.444444444444444
48322451	0.317460317460318
48322451	0.238095238095238
48322451	0.185185185185185
48322451	0.281481481481482
48322451	0.351515151515152
48322451	0.45959595959596
48322451	0.44017094017094
48322451	0.472527472527473
48322451	0.453968253968254
48322451	0.438888888888889
48322451	0.426470588235294
48322451	0.416122004357299
48322451	0.372319688109162
48322451	0.368421052631579
48322451	0.365079365079365
48322451	0.392496392496393
48322451	0.44532279314888
48322451	0.463768115942029
48322451	0.426666666666667
48322451	0.41948717948718
48322451	0.437796771130104
48322451	0.430335097001764
48322451	0.400656814449918
48322451	0.373946360153257
48322451	0.371326164874552
48322451	0.368951612903226
48322451	0.346590909090909
48322451	0.345811051693405
48322451	0.326050420168067
48322451	0.326455026455027
48322451	0.326826826826827
48322451	0.327169274537696
48322451	0.344579397210976
48322451	0.344017094017094
48322451	0.359756097560976
48322451	0.358497870692993
48322451	0.357327427094869
48322451	0.37138830162086
48322451	0.384511784511785
48322451	0.382286634460548
48322451	0.380203515263645
48322451	0.378250591016549
48322451	0.376417233560091
48322451	0.361360544217687
48322451	0.360261437908497
48322451	0.34640522875817
48322451	0.345911949685535
48322451	0.345446075005823
48322451	0.345005611672278
48322451	0.344588744588745
48322451	0.344193817878028
