49056877	0.333333333333333
49056877	0.111111111111111
49056877	0.0555555555555556
49056877	0.0333333333333333
49056877	0.133333333333333
49056877	0.0952380952380953
49056877	0.0714285714285714
49056877	0.0555555555555556
49056877	0.0444444444444445
49056877	0.096969696969697
49056877	0.0808080808080808
49056877	0.0683760683760684
49056877	0.0586080586080586
49056877	0.0507936507936508
49056877	0.0444444444444444
49056877	0.0784313725490196
49056877	0.0697167755991285
49056877	0.0623781676413255
49056877	0.056140350877193
49056877	0.114285714285714
49056877	0.134199134199134
49056877	0.122529644268775
49056877	0.11231884057971
49056877	0.103333333333333
49056877	0.146666666666667
49056877	0.135802469135803
49056877	0.126102292768959
49056877	0.117405582922824
49056877	0.109578544061303
49056877	0.102508960573477
49056877	0.0961021505376344
49056877	0.0902777777777778
49056877	0.0849673202614379
49056877	0.0801120448179272
49056877	0.0756613756613757
49056877	0.0715715715715716
49056877	0.0678046467520152
49056877	0.064327485380117
49056877	0.0611111111111111
49056877	0.106910569105691
49056877	0.101819589624468
49056877	0.0970837947582134
49056877	0.0926708949964764
49056877	0.103367003367003
49056877	0.142351046698873
49056877	0.164662349676226
49056877	0.157801418439716
49056877	0.151360544217687
49056877	0.158639455782313
49056877	0.191633986928105
49056877	0.209904474610357
49056877	0.227140783744557
49056877	0.218728162124389
49056877	0.210774410774411
49056877	0.238961038961039
49056877	0.230576441102757
49056877	0.222625529340593
49056877	0.215078901227352
49056877	0.207909604519774
49056877	0.201092896174863
49056877	0.194606028556319
49056877	0.209592080559823
49056877	0.203042328042328
49056877	0.196794871794872
49056877	0.190831390831391
49056877	0.205035428916026
49056877	0.218612818261633
49056877	0.21227621483376
49056877	0.225258799171843
49056877	0.218913480885312
