48936950	0.333333333333333
48936950	0.111111111111111
48936950	0.222222222222222
48936950	0.133333333333333
48936950	0.311111111111111
48936950	0.412698412698413
48936950	0.30952380952381
48936950	0.314814814814815
48936950	0.318518518518519
48936950	0.381818181818182
48936950	0.484848484848485
48936950	0.564102564102564
48936950	0.483516483516484
48936950	0.419047619047619
48936950	0.366666666666667
48936950	0.323529411764706
48936950	0.287581699346405
48936950	0.257309941520468
48936950	0.231578947368421
48936950	0.241269841269841
48936950	0.24963924963925
48936950	0.227931488801054
48936950	0.292270531400966
48936950	0.348888888888889
48936950	0.398974358974359
48936950	0.44349477682811
48936950	0.483245149911817
48936950	0.472906403940887
48936950	0.485823754789272
48936950	0.454480286738351
48936950	0.467741935483871
48936950	0.47979797979798
48936950	0.471182412358883
48936950	0.482352941176471
48936950	0.492592592592593
48936950	0.465965965965966
48936950	0.441441441441441
48936950	0.47008547008547
48936950	0.446581196581197
48936950	0.42479674796748
48936950	0.4045683313976
48936950	0.385751199704688
48936950	0.383368569415081
48936950	0.366329966329966
48936950	0.350402576489533
48936950	0.335491828553808
48936950	0.321513002364066
48936950	0.308390022675737
48936950	0.296054421768708
48936950	0.284444444444444
48936950	0.286324786324786
48936950	0.288098693759071
48936950	0.28977405078034
48936950	0.279236812570146
48936950	0.281168831168831
48936950	0.271303258145363
48936950	0.29643073200242
48936950	0.320280537697253
48936950	0.309604519774011
48936950	0.299453551912568
48936950	0.300546448087432
48936950	0.301587301587302
48936950	0.292162698412698
48936950	0.283173076923077
48936950	0.274592074592075
48936950	0.28629579375848
48936950	0.277875329236172
48936950	0.269820971867008
48936950	0.262111801242236
48936950	0.273507712944333
48936950	0.284428794992175
48936950	0.294901065449011
48936950	0.304948784400839
48936950	0.314594594594595
48936950	0.323859649122807
48936950	0.33276372750057
48936950	0.341325341325341
48936950	0.332684193443687
48936950	0.332700421940928
48936950	0.324485596707819
48936950	0.3247013951621
48936950	0.316877265158194
48936950	0.309332568368713
48936950	0.309897292250234
48936950	0.310442316461468
48936950	0.318631381983427
48936950	0.318965517241379
48936950	0.319288389513109
48936950	0.31960049937578
48936950	0.31990231990232
48936950	0.320194298455168
48936950	0.313308399563659
48936950	0.30664226340273
48936950	0.300186636804778
48936950	0.293932748538012
48936950	0.287872279495991
48936950	0.281997335016481
48936950	0.276300419157562
48936950	0.270774410774411
48936950	0.265412541254125
48936950	0.260208373778554
48936950	0.255155783996447
48936950	0.250248941996515
48936950	0.245482295482296
48936950	0.240850554058101
48936950	0.236348674542997
48936950	0.231971847236645
48936950	0.227715483067165
48936950	0.223575201556853
48936950	0.21954681954682
