32607864	0.666666666666667
32607864	0.666666666666667
32607864	0.833333333333333
32607864	0.633333333333333
32607864	0.422222222222222
32607864	0.587301587301587
32607864	0.440476190476191
32607864	0.416666666666667
32607864	0.4
32607864	0.387878787878788
32607864	0.378787878787879
32607864	0.423076923076923
32607864	0.457875457875458
32607864	0.485714285714286
32607864	0.508333333333333
32607864	0.526960784313726
32607864	0.542483660130719
32607864	0.555555555555556
32607864	0.566666666666667
32607864	0.607936507936508
32607864	0.552669552669553
32607864	0.533596837944664
32607864	0.489130434782609
32607864	0.476666666666667
32607864	0.516923076923077
32607864	0.478632478632479
32607864	0.515873015873016
32607864	0.526272577996716
32607864	0.535632183908046
32607864	0.52258064516129
32607864	0.531586021505376
32607864	0.519570707070707
32607864	0.489007724301842
32607864	0.518207282913165
32607864	0.544973544973545
32607864	0.551551551551552
32607864	0.540066382171645
32607864	0.512370670265407
32607864	0.52008547008547
32607864	0.527235772357724
32607864	0.502129307007356
32607864	0.525286083425618
32607864	0.501409443269909
32607864	0.523569023569024
32607864	0.500805152979066
32607864	0.479494295405489
32607864	0.45951536643026
32607864	0.440759637188209
32607864	0.436462585034014
32607864	0.458562091503268
32607864	0.440925087983912
