49406989	0.333333333333333
49406989	0.111111111111111
49406989	0.222222222222222
49406989	0.266666666666667
49406989	0.177777777777778
49406989	0.222222222222222
49406989	0.25
49406989	0.194444444444444
49406989	0.288888888888889
49406989	0.357575757575758
49406989	0.297979797979798
49406989	0.303418803418803
49406989	0.355311355311355
49406989	0.352380952380952
49406989	0.391666666666667
49406989	0.384803921568628
49406989	0.379084967320261
49406989	0.374269005847953
49406989	0.336842105263158
49406989	0.336507936507937
49406989	0.366522366522367
49406989	0.392621870882741
49406989	0.415458937198068
49406989	0.382222222222222
49406989	0.404102564102564
49406989	0.448243114909782
49406989	0.416225749559083
49406989	0.433497536945813
49406989	0.404597701149425
49406989	0.4
49406989	0.375
49406989	0.352272727272727
49406989	0.390374331550802
49406989	0.387114845938375
49406989	0.384126984126984
49406989	0.399399399399399
49406989	0.395922238027501
49406989	0.392712550607287
49406989	0.38974358974359
49406989	0.386991869918699
49406989	0.384436701509872
49406989	0.36655592469546
49406989	0.380197322057787
49406989	0.392929292929293
49406989	0.404830917874396
49406989	0.415972864631514
49406989	0.440307328605201
49406989	0.422335600907029
49406989	0.432108843537415
49406989	0.441307189542484
49406989	0.449974861739568
49406989	0.4581519109821
49406989	0.453529000698812
49406989	0.449158249158249
49406989	0.456926406926407
49406989	0.475981620718463
49406989	0.459568461383343
49406989	0.47788817455679
49406989	0.495291902071563
49406989	0.500910746812386
49406989	0.48475233562489
49406989	0.501109404335211
49406989	0.485449735449735
49406989	0.480769230769231
49406989	0.496503496503497
49406989	0.511533242876527
49406989	0.51609599063506
49406989	0.501136686558682
49406989	0.496342305037957
49406989	0.501140174379611
49406989	0.505738132498696
49406989	0.50101471334348
49406989	0.505491793163026
49406989	0.500900900900901
49406989	0.496491228070175
49406989	0.492253360674413
49406989	0.47963147963148
