29692019	0.333333333333333
29692019	0.333333333333333
29692019	0.333333333333333
29692019	0.333333333333333
29692019	0.222222222222222
29692019	0.444444444444444
29692019	0.416666666666667
29692019	0.398148148148148
29692019	0.385185185185185
29692019	0.375757575757576
29692019	0.368686868686869
29692019	0.414529914529915
29692019	0.355311355311355
29692019	0.441269841269841
29692019	0.511111111111111
29692019	0.568627450980392
29692019	0.616557734204793
29692019	0.551656920077973
29692019	0.529824561403509
29692019	0.511111111111111
29692019	0.494949494949495
29692019	0.509881422924901
29692019	0.495169082125604
29692019	0.455555555555556
29692019	0.420512820512821
29692019	0.389363722697056
29692019	0.385361552028219
29692019	0.358784893267652
29692019	0.357088122605364
29692019	0.33405017921147
29692019	0.334005376344086
29692019	0.333964646464646
29692019	0.314319667260844
29692019	0.296358543417367
29692019	0.27989417989418
29692019	0.282782782782783
29692019	0.285443338074917
29692019	0.270805218173639
29692019	0.290598290598291
29692019	0.308943089430894
29692019	0.310104529616725
29692019	0.295681063122924
29692019	0.29739252995067
29692019	0.313804713804714
29692019	0.32914653784219
29692019	0.315140302189331
29692019	0.302009456264775
29692019	0.28968253968254
29692019	0.278095238095238
29692019	0.280261437908497
29692019	0.295123177476119
29692019	0.296565070149976
29692019	0.310272536687631
29692019	0.335353535353535
29692019	0.335281385281385
29692019	0.346908939014202
29692019	0.334946561806816
29692019	0.323592441067602
29692019	0.346139359698682
29692019	0.367577413479053
29692019	0.355720077560374
29692019	0.344427376685441
29692019	0.344080687830688
29692019	0.35400641025641
29692019	0.343278943278943
29692019	0.34298205939997
29692019	0.342698273339186
29692019	0.352088661551577
29692019	0.361076604554865
29692019	0.360295103957076
29692019	0.350286906624935
29692019	0.349822425164891
29692019	0.349376774034308
29692019	0.34006006006006
29692019	0.331111111111111
29692019	0.322510822510823
29692019	0.322788322788323
29692019	0.323055285080602
29692019	0.32331223628692
29692019	0.315329218106996
29692019	0.315768342868614
29692019	0.324223724164953
29692019	0.340313635494358
29692019	0.34014939309057
29692019	0.355494756041952
29692019	0.347322462799608
29692019	0.362156043190526
29692019	0.36899897854954
29692019	0.375613816063254
29692019	0.382010582010582
29692019	0.388198757763975
29692019	0.394187314944678
29692019	0.39998474796004
29692019	0.405599104143337
29692019	0.397149122807018
29692019	0.388960481099656
29692019	0.387825233186058
29692019	0.393458393458393
29692019	0.398922558922559
29692019	0.391023102310231
29692019	0.383355982657089
29692019	0.388857160987372
29692019	0.394199651481205
29692019	0.405738705738706
29692019	0.410661874812818
29692019	0.409216481514136
29692019	0.420156917041652
29692019	0.41244761581153
29692019	0.423130386433139
29692019	0.421512421512422
29692019	0.413985413985414
29692019	0.418457648546144
29692019	0.416964239507323
29692019	0.421306890414442
29692019	0.425537231384308
29692019	0.429659102072895
29692019	0.428026461924767
29692019	0.420832739875611
29692019	0.424929971988796
29692019	0.428925619834711
29692019	0.421894052296437
29692019	0.431294149007064
29692019	0.440466824023079
29692019	0.43341935483871
29692019	0.437121693121693
29692019	0.445985918426863
29692019	0.44943405511811
29692019	0.452802002583979
29692019	0.450964023057046
29692019	0.449168134664318
29692019	0.457514072017889
29692019	0.455646692488798
29692019	0.453821119964089
29692019	0.456974387322646
29692019	0.460058097312999
29692019	0.463074280807213
29692019	0.456363059346239
29692019	0.454592847461162
29692019	0.457622473449812
29692019	0.455859506923337
29692019	0.46352345753005
29692019	0.466364621294199
29692019	0.473776223776224
29692019	0.481034482758621
29692019	0.483577389387498
29692019	0.490603547355015
29692019	0.48847827419256
29692019	0.495344337626217
29692019	0.493184190902312
29692019	0.495481972038264
29692019	0.493348437318462
29692019	0.486899438137828
29692019	0.480576068811363
29692019	0.487278313084765
29692019	0.481031155224704
29692019	0.474903369807828
29692019	0.46889193474697
29692019	0.462993922989146
29692019	0.461373165618449
29692019	0.45564182194617
29692019	0.458247066942719
29692019	0.452624403544649
29692019	0.447104593745324
29692019	0.441685144124169
29692019	0.436363636363636
29692019	0.435129740518962
29692019	0.433917878528657
29692019	0.428782755705833
29692019	0.431581389952431
29692019	0.434330925352597
29692019	0.43703250373997
29692019	0.435833669400009
29692019	0.434655504617633
29692019	0.433497536945813
29692019	0.432359307359307
29692019	0.431240369799692
29692019	0.430140290738272
29692019	0.429058648756094
29692019	0.427995034140286
29692019	0.42694904849601
29692019	0.429583308036347
29692019	0.428531395744511
29692019	0.423873445790766
29692019	0.419291030160595
29692019	0.414782524459944
29692019	0.410346347727752
29692019	0.409527060340577
29692019	0.408720777515104
29692019	0.407927225471085
29692019	0.403655736199137
29692019	0.402923211169285
29692019	0.398747841105354
29692019	0.39807346473657
29692019	0.400828266807648
29692019	0.406942264085121
29692019	0.406194965295763
29692019	0.408825992582338
29692019	0.408067272388881
29692019	0.407319932998325
29692019	0.406583747927032
29692019	0.405858496297391
29692019	0.40185989042254
29692019	0.401188061431469
29692019	0.397274031563845
29692019	0.396653248085879
29692019	0.396041461469912
29692019	0.395438498699368
29692019	0.398033983560299
29692019	0.397417786891471
29692019	0.403129466636576
29692019	0.405615666636859
29692019	0.408066849735731
29692019	0.407368405657204
29692019	0.406679707310005
29692019	0.412173413723801
29692019	0.411446777038175
29692019	0.410730139939965
29692019	0.410023319788307
29692019	0.406295835062958
29692019	0.402618949677773
29692019	0.408000760941937
29692019	0.410320634535881
29692019	0.406657057441811
29692019	0.403042328042328
29692019	0.402425434283841
29692019	0.401816693306304
29692019	0.401215962078471
29692019	0.40062310069205
29692019	0.402936523004873
29692019	0.408105903758078
29692019	0.413208439070508
29692019	0.412522815845296
29692019	0.417543988359439
29692019	0.422501060798933
29692019	0.418920543334535
29692019	0.421011227919617
29692019	0.423075559337659
29692019	0.419535178087972
29692019	0.421594607159461
29692019	0.418095896726602
29692019	0.417395379673765
29692019	0.416703510979605
29692019	0.418752389304909
29692019	0.418055090888815
29692019	0.417366296111941
29692019	0.419384922594165
29692019	0.424067302250664
29692019	0.420661139180378
29692019	0.422629183400268
29692019	0.421917662682603
29692019	0.41856910980417
29692019	0.420530355312964
29692019	0.425093108420736
29692019	0.421759044825279
29692019	0.426276552287582
29692019	0.430741326199741
29692019	0.435154184136177
29692019	0.439515927888021
29692019	0.436135036135036
29692019	0.435347283623146
29692019	0.434568551178185
29692019	0.433798701612825
29692019	0.435562852863233
29692019	0.437307032590052
29692019	0.439031541116943
29692019	0.43823979424216
29692019	0.442432034583636
29692019	0.441620891823411
29692019	0.440818761760521
29692019	0.442485535966471
29692019	0.444133926633384
29692019	0.443322200675142
29692019	0.444952452251722
29692019	0.444140676841407
29692019	0.445753184014054
29692019	0.447348227210101
29692019	0.446527976175017
29692019	0.443327058783081
29692019	0.440160436934631
29692019	0.441772580918489
29692019	0.443367574434433
29692019	0.444945659891905
29692019	0.446507075432572
29692019	0.44805205502018
29692019	0.447249826197195
29692019	0.44877886341301
29692019	0.450291973157827
29692019	0.4494825708061
29692019	0.44868154158215
29692019	0.452470671880555
29692019	0.456220872758085
29692019	0.459932675674412
29692019	0.459071455658486
29692019	0.455959106806565
29692019	0.457382806535349
29692019	0.454302787636121
29692019	0.455728048569212
29692019	0.457139009225382
29692019	0.454091415830546
29692019	0.45328903654485
29692019	0.454702133433074
29692019	0.456101239262999
29692019	0.459679520583637
29692019	0.463222605694564
29692019	0.46455230543948
29692019	0.46152590605551
29692019	0.465022491081123
29692019	0.468485128679304
29692019	0.465462643978147
29692019	0.468900183245168
29692019	0.472304669250007
29692019	0.47354659894596
29692019	0.470530378570508
29692019	0.4738920904526
29692019	0.470892773424419
29692019	0.470024890521636
29692019	0.471261631252108
29692019	0.468307012874352
29692019	0.469546760710554
29692019	0.468698078920042
29692019	0.467857304102733
29692019	0.467024338339455
29692019	0.466199085222133
29692019	0.467432731877176
29692019	0.470700015730691
29692019	0.47393732450298
29692019	0.473079983093409
29692019	0.47628314429041
29692019	0.475416781799761
29692019	0.476572370227959
29692019	0.477717516592048
29692019	0.476850344320224
29692019	0.475990961020901
29692019	0.475139273691423
29692019	0.474295190713101
29692019	0.471480382459611
29692019	0.468690557711329
29692019	0.465925421677634
29692019	0.465145468216785
29692019	0.464372376516589
29692019	0.463606066322535
29692019	0.464790093146699
29692019	0.464025809659412
29692019	0.463268172115493
29692019	0.464443885956829
29692019	0.46368820553825
29692019	0.462939039606038
29692019	0.462196313495592
29692019	0.465269477418475
29692019	0.468316374983042
29692019	0.471337304670638
29692019	0.472443986608293
29692019	0.473541289885459
29692019	0.472751385904883
29692019	0.473840797594556
29692019	0.474921054564148
29692019	0.47413006170811
29692019	0.473345678820228
29692019	0.472567832456412
29692019	0.473643172258131
29692019	0.471026359151732
29692019	0.468431172599932
29692019	0.465857374948284
29692019	0.463304731797883
29692019	0.464415999201537
29692019	0.465518182675462
