49276956	0.333333333333333
49276956	0.333333333333333
49276956	0.333333333333333
49276956	0.2
49276956	0.133333333333333
49276956	0.0952380952380952
49276956	0.154761904761905
49276956	0.12037037037037
49276956	0.0962962962962963
49276956	0.0787878787878788
49276956	0.0656565656565657
49276956	0.106837606837607
49276956	0.139194139194139
49276956	0.165079365079365
49276956	0.144444444444444
49276956	0.127450980392157
49276956	0.150326797385621
49276956	0.169590643274854
49276956	0.152631578947368
49276956	0.138095238095238
49276956	0.125541125541126
49276956	0.143610013175231
49276956	0.131642512077295
49276956	0.121111111111111
49276956	0.137435897435897
49276956	0.127255460588794
49276956	0.118165784832452
49276956	0.110016420361248
49276956	0.102681992337165
49276956	0.160573476702509
49276956	0.150537634408602
49276956	0.141414141414141
49276956	0.152703505644682
49276956	0.163025210084034
49276956	0.172486772486773
49276956	0.181181181181181
49276956	0.171645329540066
49276956	0.162843004948268
49276956	0.204700854700855
49276956	0.24349593495935
49276956	0.279519938056523
49276956	0.313030638612034
49276956	0.298801973220578
49276956	0.3003367003367
49276956	0.316264090177134
49276956	0.316990440949738
49276956	0.303782505910166
49276956	0.291383219954649
49276956	0.279727891156463
49276956	0.268758169934641
49276956	0.27124183006536
49276956	0.273584905660377
49276956	0.26345213137666
49276956	0.253872053872054
49276956	0.256709956709957
49276956	0.247702589807853
49276956	0.239161121193789
49276956	0.242353399571401
49276956	0.245386064030132
49276956	0.237340619307832
49276956	0.229684470297902
49276956	0.232974910394265
49276956	0.236111111111111
49276956	0.259615384615385
49276956	0.251748251748252
49276956	0.264133876074175
49276956	0.275973075797483
49276956	0.296959363455527
49276956	0.30752242926156
49276956	0.317639168343394
49276956	0.327334376630151
49276956	0.336631151699645
49276956	0.345551030482537
49276956	0.354114114114114
49276956	0.371111111111111
49276956	0.378787878787879
49276956	0.386169386169386
49276956	0.393270583144001
49276956	0.383438818565401
49276956	0.373971193415638
49276956	0.372980026096557
49276956	0.372024684102263
49276956	0.371103461464907
49276956	0.370214752567694
49276956	0.361605107159143
49276956	0.360955181324067
49276956	0.36032741205155
