5258833	0.333333333333333
5258833	0.111111111111111
5258833	0.0555555555555556
5258833	0.0333333333333333
5258833	0.0222222222222222
5258833	0.0158730158730159
5258833	0.0952380952380953
5258833	0.0740740740740741
5258833	0.125925925925926
5258833	0.103030303030303
5258833	0.0858585858585859
5258833	0.175213675213675
5258833	0.245421245421245
5258833	0.212698412698413
5258833	0.227777777777778
5258833	0.240196078431373
5258833	0.213507625272331
5258833	0.261208576998051
5258833	0.301754385964912
5258833	0.336507936507937
5258833	0.366522366522367
5258833	0.334650856389987
5258833	0.306763285024155
5258833	0.282222222222222
5258833	0.260512820512821
5258833	0.241215574548908
5258833	0.223985890652557
5258833	0.208538587848933
5258833	0.239080459770115
5258833	0.223655913978495
5258833	0.209677419354839
5258833	0.196969696969697
5258833	0.185383244206774
5258833	0.174789915966387
5258833	0.165079365079365
5258833	0.156156156156156
5258833	0.200568990042674
5258833	0.241565452091768
5258833	0.279487179487179
5258833	0.282113821138211
5258833	0.316298877274487
5258833	0.348098929494278
5258833	0.377730796335448
5258833	0.375757575757576
5258833	0.402898550724638
5258833	0.428307123034228
5258833	0.452127659574468
5258833	0.474489795918367
5258833	0.468843537414966
5258833	0.489673202614379
5258833	0.50930115635998
5258833	0.490082244799226
5258833	0.471931050547403
5258833	0.4668911335578
5258833	0.45021645021645
5258833	0.434419381787803
5258833	0.419439403105465
5258833	0.427819988310929
5258833	0.413559322033898
5258833	0.4
5258833	0.397849462365591
5258833	0.385219320703192
5258833	0.39401455026455
5258833	0.381891025641026
5258833	0.37031857031857
5258833	0.359264284637419
5258833	0.348697688030436
5258833	0.367576015913612
5258833	0.357073844030366
5258833	0.36579476861167
5258833	0.355633802816901
5258833	0.355022831050228
5258833	0.345427619400222
5258833	0.336216216216216
5258833	0.327368421052632
5258833	0.318865345181135
5258833	0.336330336330336
5258833	0.32781564427134
5258833	0.32795358649789
5258833	0.328086419753086
5258833	0.320084311954231
5258833	0.320403565481438
5258833	0.320711417096959
5258833	0.328851540616247
5258833	0.336707706338349
5258833	0.336630134545131
5258833	0.336555207244862
5258833	0.336482805583929
5258833	0.336412817311694
5258833	0.336345136345136
5258833	0.343526039178213
