25614632	0.333333333333333
25614632	0.555555555555556
25614632	0.611111111111111
25614632	0.633333333333333
25614632	0.644444444444445
25614632	0.555555555555556
25614632	0.416666666666667
25614632	0.472222222222222
25614632	0.444444444444445
25614632	0.424242424242424
25614632	0.353535353535354
25614632	0.299145299145299
25614632	0.304029304029304
25614632	0.396825396825397
25614632	0.388888888888889
25614632	0.42156862745098
25614632	0.411764705882353
25614632	0.368421052631579
25614632	0.431578947368421
25614632	0.485714285714286
25614632	0.532467532467532
25614632	0.515151515151515
25614632	0.5
25614632	0.513333333333333
25614632	0.525128205128205
25614632	0.486229819563153
25614632	0.499118165784832
25614632	0.510673234811166
25614632	0.521072796934866
25614632	0.530465949820789
25614632	0.538978494623656
25614632	0.526515151515152
25614632	0.515151515151515
25614632	0.523809523809524
25614632	0.513227513227513
25614632	0.53953953953954
25614632	0.52868658131816
25614632	0.535762483130904
25614632	0.542307692307692
25614632	0.515853658536585
25614632	0.523035230352304
25614632	0.498708010335917
25614632	0.521494009866103
25614632	0.513131313131313
25614632	0.519806763285024
25614632	0.511871723712612
25614632	0.504432624113475
25614632	0.511054421768708
25614632	0.503945578231293
25614632	0.484183006535948
25614632	0.491201608848668
25614632	0.497822931785196
25614632	0.504076403447473
25614632	0.485746352413019
25614632	0.492207792207792
25614632	0.474937343358396
25614632	0.458560193587417
25614632	0.476914085330216
25614632	0.494350282485876
25614632	0.489071038251366
25614632	0.505552617662612
25614632	0.500085338795016
25614632	0.505291005291005
25614632	0.5
25614632	0.494949494949495
25614632	0.500075380672396
25614632	0.495171202809482
25614632	0.490480250071043
25614632	0.495514147688061
25614632	0.500335345405768
25614632	0.495696400625978
25614632	0.491248097412481
25614632	0.495989139824756
25614632	0.482762762762763
25614632	0.487602339181287
25614632	0.500911369332422
25614632	0.496614496614497
25614632	0.492480796278265
25614632	0.496835443037975
25614632	0.509259259259259
25614632	0.504968383017164
25614632	0.500832598687433
25614632	0.504781028877415
25614632	0.492903828197946
25614632	0.489192886456908
25614632	0.47794707297514
25614632	0.47466039707419
25614632	0.471484508001362
25614632	0.461007074490221
25614632	0.465527065527066
25614632	0.462653288740245
25614632	0.452703755649057
25614632	0.443071760848013
25614632	0.440761478163494
25614632	0.44546783625731
25614632	0.44315578465063
25614632	0.454519952310821
25614632	0.452071737786024
25614632	0.44969696969697
25614632	0.447392739273927
25614632	0.445156280333916
25614632	0.449457452884066
25614632	0.440814040328603
25614632	0.451465201465202
25614632	0.461814914645103
25614632	0.459413389760771
25614632	0.450905734394831
25614632	0.454864650583305
25614632	0.452654990269669
25614632	0.450505050505051
25614632	0.448412698412698
25614632	0.452275600505689
25614632	0.456036847280443
25614632	0.459699974574117
25614632	0.45752123938031
25614632	0.455398369191473
25614632	0.453329470278623
25614632	0.445710487584864
25614632	0.43828197945845
25614632	0.436547291092746
25614632	0.440319739872646
25614632	0.438580123506153
25614632	0.442258938718419
25614632	0.445849462365591
25614632	0.444063492063492
25614632	0.437070366204225
25614632	0.435449475065617
25614632	0.433866279069767
25614632	0.43231961836613
25614632	0.430808377373263
25614632	0.439432492867607
25614632	0.437837016784385
25614632	0.436277260314967
25614632	0.439690436705362
25614632	0.438126361655773
25614632	0.441462716473451
25614632	0.435064706089778
25614632	0.428804782261148
25614632	0.436964713943131
25614632	0.440222897669706
