49466707	0.333333333333333
49466707	0.333333333333333
49466707	0.166666666666667
49466707	0.1
49466707	0.0666666666666667
49466707	0.0476190476190476
49466707	0.119047619047619
49466707	0.0925925925925926
49466707	0.140740740740741
49466707	0.115151515151515
49466707	0.207070707070707
49466707	0.226495726495727
49466707	0.289377289377289
49466707	0.33968253968254
49466707	0.338888888888889
49466707	0.338235294117647
49466707	0.337690631808279
49466707	0.372319688109162
49466707	0.435087719298246
49466707	0.457142857142857
49466707	0.476190476190476
49466707	0.463768115942029
49466707	0.42512077294686
49466707	0.417777777777778
49466707	0.385641025641026
49466707	0.381766381766382
49466707	0.425925925925926
49466707	0.442528735632184
49466707	0.457471264367816
49466707	0.470967741935484
49466707	0.46236559139785
49466707	0.434343434343434
49466707	0.448009506833036
49466707	0.441456582633053
49466707	0.416931216931217
