25127732	1
25127732	0.333333333333333
25127732	0.166666666666667
25127732	0.1
25127732	0.177777777777778
25127732	0.126984126984127
25127732	0.0952380952380953
25127732	0.222222222222222
25127732	0.244444444444445
25127732	0.2
25127732	0.166666666666667
25127732	0.141025641025641
25127732	0.168498168498169
25127732	0.234920634920635
25127732	0.288888888888889
25127732	0.294117647058824
25127732	0.335511982570806
25127732	0.335282651072125
25127732	0.335087719298246
25127732	0.366666666666667
25127732	0.393939393939394
25127732	0.417654808959157
25127732	0.410628019323672
25127732	0.377777777777778
25127732	0.348717948717949
25127732	0.347578347578348
25127732	0.346560846560847
25127732	0.345648604269294
25127732	0.322605363984674
25127732	0.301792114695341
25127732	0.282930107526882
25127732	0.306186868686869
25127732	0.32739156268568
25127732	0.308683473389356
25127732	0.291534391534392
25127732	0.275775775775776
25127732	0.261261261261261
25127732	0.247863247863248
25127732	0.235470085470086
25127732	0.240243902439024
25127732	0.244676732481611
25127732	0.264304171280916
25127732	0.267441860465116
25127732	0.27037037037037
25127732	0.273107890499195
25127732	0.275670675300648
25127732	0.291962174940898
25127732	0.293650793650794
25127732	0.295238095238095
25127732	0.283660130718954
25127732	0.272750125691302
25127732	0.262457668118046
25127732	0.252737013743303
25127732	0.255667789001122
25127732	0.258441558441558
25127732	0.261069340016709
25127732	0.263561201855213
25127732	0.254626923826223
25127732	0.257250470809793
25127732	0.259744990892532
25127732	0.262118808390622
25127732	0.264379586960232
25127732	0.256117724867725
25127732	0.25849358974359
25127732	0.260761460761461
25127732	0.262927785315845
25127732	0.264998536728124
25127732	0.257317419721512
25127732	0.259489302967564
25127732	0.252179745137492
25127732	0.245174752217006
25127732	0.247590055809234
25127732	0.240898432679255
25127732	0.243363363363363
25127732	0.245730994152047
25127732	0.248006379585327
25127732	0.25019425019425
25127732	0.243860218543763
25127732	0.246097046413502
25127732	0.248251028806584
25127732	0.250326206965773
25127732	0.252326378685474
25127732	0.246318607764391
25127732	0.240522875816994
25127732	0.242681258549932
25127732	0.244765214292079
25127732	0.254353883664229
25127732	0.263619339462036
25127732	0.265168539325843
25127732	0.259340659340659
25127732	0.260949195731804
25127732	0.262505843852268
25127732	0.256920613132007
25127732	0.251511758118701
25127732	0.246271929824561
25127732	0.241194158075601
25127732	0.243074549407392
25127732	0.244897959183674
25127732	0.24
25127732	0.235247524752475
25127732	0.230634828188701
25127732	0.22615648201028
25127732	0.228217575304954
25127732	0.23021978021978
25127732	0.225876010781671
25127732	0.221654029271733
25127732	0.217549325025961
25127732	0.213557594291539
25127732	0.221795941061996
25127732	0.223805623805624
25127732	0.225761475761476
25127732	0.221765697429414
25127732	0.217875071158723
25127732	0.219883040935673
25127732	0.22183908045977
25127732	0.21804695942627
25127732	0.214351248249553
25127732	0.210748706262166
25127732	0.207236227824463
25127732	0.203810835629017
25127732	0.200469674389197
25127732	0.197210004886934
25127732	0.1940291983565
25127732	0.196258064516129
25127732	0.198433862433862
25127732	0.195308919718369
25127732	0.192257217847769
25127732	0.189276485788114
25127732	0.191492744981117
25127732	0.198747308670973
25127732	0.195735985812322
25127732	0.19780511885775
25127732	0.194852803650918
25127732	0.191966095448683
25127732	0.194045025417574
25127732	0.196078431372549
25127732	0.193236714975845
25127732	0.190456330587704
25127732	0.187735525865022
25127732	0.185072610604526
25127732	0.182465954117138
25127732	0.179913982730884
25127732	0.182044807044807
25127732	0.184131545338442
25127732	0.181609195402299
25127732	0.179138321995465
25127732	0.176717533860391
25127732	0.174345486426023
25127732	0.172020879940343
25127732	0.169742457689478
25127732	0.167509004298827
25127732	0.165319344111914
25127732	0.163172339642928
25127732	0.161066890099148
25127732	0.163275434243176
25127732	0.165441776906745
25127732	0.163347577199065
25127732	0.161292890693416
25127732	0.163443396226415
25127732	0.165553830227743
25127732	0.163509955780487
25127732	0.165593678204449
25127732	0.167639283754801
25127732	0.173688100517369
25127732	0.171595472800292
25127732	0.169540437197893
25127732	0.171490352628077
25127732	0.173405654174885
25127732	0.17136558765518
25127732	0.169361311776172
25127732	0.16739199419738
25127732	0.165456826634404
25127732	0.163555024029411
25127732	0.161685823754789
25127732	0.163636363636364
25127732	0.169320321862695
25127732	0.171163164688208
25127732	0.172975121879773
25127732	0.174756879784813
25127732	0.180192347043176
25127732	0.178212211361383
25127732	0.183550511419364
25127732	0.1888017739764
25127732	0.193967880924403
25127732	0.195466434176112
25127732	0.193375884077971
25127732	0.191318693821823
25127732	0.192821494239934
25127732	0.194300566230391
25127732	0.192266005327455
25127732	0.193735456660849
25127732	0.198636298215314
25127732	0.196588501326496
25127732	0.197991012424002
25127732	0.195970695970696
25127732	0.193981145757796
