40626636	0.333333333333333
40626636	0.111111111111111
40626636	0.222222222222222
40626636	0.266666666666667
40626636	0.288888888888889
40626636	0.396825396825397
40626636	0.297619047619048
40626636	0.305555555555556
40626636	0.244444444444444
40626636	0.321212121212121
40626636	0.323232323232323
40626636	0.324786324786325
40626636	0.326007326007326
40626636	0.371428571428571
40626636	0.408333333333333
40626636	0.360294117647059
40626636	0.431372549019608
40626636	0.421052631578947
40626636	0.412280701754386
40626636	0.404761904761905
40626636	0.428571428571429
40626636	0.449275362318841
40626636	0.411835748792271
40626636	0.458888888888889
40626636	0.474871794871795
40626636	0.439696106362773
40626636	0.408289241622575
40626636	0.380131362889984
40626636	0.377011494252874
40626636	0.374193548387097
40626636	0.39247311827957
40626636	0.409090909090909
40626636	0.424242424242424
40626636	0.419047619047619
40626636	0.395767195767196
40626636	0.392392392392392
40626636	0.389284020862968
40626636	0.386414754835808
40626636	0.383760683760684
40626636	0.365040650406504
40626636	0.347657762291909
40626636	0.3624953857512
