23790594	0
23790594	0
23790594	0
23790594	0.133333333333333
23790594	0.2
23790594	0.142857142857143
23790594	0.107142857142857
23790594	0.0833333333333333
23790594	0.0666666666666667
23790594	0.0545454545454546
23790594	0.0454545454545455
23790594	0.0384615384615385
23790594	0.0805860805860806
23790594	0.0698412698412698
23790594	0.0611111111111111
23790594	0.0931372549019608
23790594	0.0827886710239651
23790594	0.0740740740740741
23790594	0.0666666666666667
23790594	0.0603174603174603
23790594	0.0548340548340548
23790594	0.0500658761528327
23790594	0.0458937198067633
23790594	0.0422222222222222
23790594	0.0646153846153846
23790594	0.0598290598290598
23790594	0.103174603174603
23790594	0.0960591133004926
23790594	0.0896551724137931
23790594	0.0838709677419355
23790594	0.0786290322580645
23790594	0.114267676767677
23790594	0.107546048722519
23790594	0.10140056022409
23790594	0.0957671957671958
23790594	0.0905905905905906
23790594	0.0858226647700332
23790594	0.0814215024741341
23790594	0.0773504273504274
23790594	0.0735772357723577
23790594	0.0700735578784359
23790594	0.0823181985972684
23790594	0.0785764622973925
23790594	0.0750841750841751
23790594	0.0718196457326892
23790594	0.0829478877582486
23790594	0.0794917257683215
23790594	0.0762471655328798
23790594	0.0731972789115646
23790594	0.0703267973856209
23790594	0.067621920563097
23790594	0.0650701499758104
23790594	0.0626601444211507
23790594	0.0725028058361392
23790594	0.0699134199134199
23790594	0.0674603174603175
23790594	0.0766283524904215
23790594	0.0740307812195597
23790594	0.0715630885122411
23790594	0.0910746812386157
23790594	0.0881367882954345
23790594	0.0853387950162144
23790594	0.0930886243386244
23790594	0.090224358974359
23790594	0.0975912975912976
23790594	0.0946781245288708
23790594	0.0918934738074334
23790594	0.0892298948564933
23790594	0.0962042788129745
23790594	0.093494299128102
23790594	0.0908972352634325
23790594	0.0884069000507357
23790594	0.0860175243736888
23790594	0.0837237237237237
23790594	0.0815204678362573
23790594	0.0794030530872636
23790594	0.0773670773670774
23790594	0.0838472357459699
23790594	0.090084388185654
23790594	0.0878600823045268
23790594	0.093847234768644
23790594	0.0996179841316486
23790594	0.0972461273666093
23790594	0.102801120448179
23790594	0.100410396716826
23790594	0.0981021117348303
23790594	0.0958725182863114
23790594	0.0937180796731359
23790594	0.0916354556803995
23790594	0.0896214896214896
23790594	0.0876731963688486
23790594	0.0857877512856475
23790594	0.0839624799816976
23790594	0.0821948488241882
23790594	0.0804824561403509
23790594	0.0788230240549828
23790594	0.0772143909110036
23790594	0.0756545042259328
23790594	0.0741414141414141
23790594	0.0726732673267327
23790594	0.0843201967255549
23790594	0.0826829113522432
23790594	0.0875031117749565
23790594	0.0985347985347986
23790594	0.109254267744834
23790594	0.107212131899136
23790594	0.111399561555325
23790594	0.121587948805074
23790594	0.1193772588268
23790594	0.123232323232323
23790594	0.138888888888889
23790594	0.154129793510325
23790594	0.151425762045231
23790594	0.148792270531401
23790594	0.146226886556722
23790594	0.143727281658316
23790594	0.141291226036989
23790594	0.138916583582586
23790594	0.142156862745098
23790594	0.139807162534435
23790594	0.137515241837149
23790594	0.14611933004576
23790594	0.143762566657925
23790594	0.141462365591398
23790594	0.144507936507937
23790594	0.142232220972378
23790594	0.140009842519685
23790594	0.137839147286822
23790594	0.140846750149076
23790594	0.138696418085731
23790594	0.136594957205644
23790594	0.139553429027113
23790594	0.137470542026709
23790594	0.135433941404091
23790594	0.133442265795207
23790594	0.131494203520824
23790594	0.12958849042632
23790594	0.127723907830258
23790594	0.12589928057554
23790594	0.124113475177305
23790594	0.122365398062132
23790594	0.120653993893431
23790594	0.123607873607874
23790594	0.126500638569604
23790594	0.129333963155409
23790594	0.127574317398192
23790594	0.125850340136054
23790594	0.124161073825503
23790594	0.126950037285608
23790594	0.125268579838116
23790594	0.123620309050773
23790594	0.122004357298475
23790594	0.124748889454772
23790594	0.12744030163385
23790594	0.125806451612903
23790594	0.124203821656051
23790594	0.122631621381924
23790594	0.121089085263912
23790594	0.119575471698113
23790594	0.118090062111801
23790594	0.116632160110421
23790594	0.115201090661213
23790594	0.113796199311686
23790594	0.112416851441242
23790594	0.111062431544359
23790594	0.109732342543828
23790594	0.108426005132592
23790594	0.115032403493942
23790594	0.113679081099896
23790594	0.11234950120399
23790594	0.111043111655107
23790594	0.113612940807456
23790594	0.112307044936106
23790594	0.111023535851122
23790594	0.109761904761905
23790594	0.11605461393597
23790594	0.114750629509723
23790594	0.117192894356914
23790594	0.119594454789986
23790594	0.121956210354
23790594	0.131605043207253
23790594	0.133809723973658
23790594	0.132355270452206
23790594	0.130924402663533
23790594	0.133100842778262
23790594	0.131677304352826
23790594	0.133822581256874
23790594	0.132406469285902
23790594	0.131012716977629
23790594	0.129640856066869
23790594	0.128290430482839
23790594	0.130415227403569
23790594	0.132507166639959
23790594	0.134566922195788
23790594	0.133193790336648
23790594	0.131841569114956
23790594	0.137243842827599
23790594	0.135864507723804
23790594	0.134505862646566
23790594	0.136484245439469
23790594	0.141733576342709
23790594	0.146905330927181
23790594	0.152001030297176
23790594	0.153770125936553
23790594	0.155513458047202
23790594	0.160452136391351
23790594	0.158909327387588
23790594	0.157388663967611
23790594	0.155889724310777
23790594	0.154412096592191
23790594	0.152955378699812
23790594	0.151519177960847
23790594	0.153218375674608
23790594	0.154893863652829
23790594	0.156546080964686
23790594	0.158175456562553
23790594	0.156724305584915
23790594	0.158337173418234
23790594	0.15992804759928
23790594	0.158480734951323
23790594	0.160055983585395
23790594	0.161610040533807
23790594	0.160167093743327
23790594	0.158743386243386
23790594	0.157338577515569
23790594	0.155952334541863
23790594	0.154584331607285
23790594	0.156145458259915
23790594	0.15478767166635
23790594	0.15344751866491
23790594	0.152124695228144
23790594	0.150818903852795
23790594	0.149529853392514
23790594	0.148257258895557
23790594	0.147000841447289
23790594	0.145760328017354
23790594	0.147336571759506
23790594	0.146103629736413
23790594	0.147663877266388
23790594	0.146438450899032
23790594	0.147983036704274
23790594	0.149508553548958
23790594	0.151015314038993
23790594	0.15250362440058
23790594	0.153973784635806
23790594	0.155426088673842
23790594	0.15417265247486
23790594	0.155611694088181
23790594	0.159700133868809
23790594	0.163739707835325
23790594	0.162440186344569
23790594	0.161156074199552
23790594	0.162511800649425
23790594	0.16123719829139
23790594	0.165185866013072
23790594	0.163900372892348
23790594	0.16262982736605
23790594	0.161373998583301
23790594	0.16013266013266
23790594	0.16145986835642
23790594	0.160227350277363
23790594	0.159008891339893
23790594	0.157804278526712
23790594	0.159129026110158
23790594	0.157932567267225
23790594	0.156749551782077
23790594	0.155579779007584
23790594	0.15937968151806
23790594	0.160668227087062
23790594	0.159482483713726
23790594	0.160760798784458
23790594	0.159583063994829
23790594	0.158418224111655
23790594	0.159690333996903
23790594	0.160948616600791
23790594	0.159786532726417
23790594	0.161035070860279
23790594	0.159880697592464
23790594	0.161119644990613
23790594	0.16234536519234
23790594	0.163558045817454
23790594	0.16240215856786
23790594	0.161258481394847
23790594	0.160126842928919
23790594	0.159007074796549
23790594	0.157899011557548
23790594	0.156802490643954
23790594	0.16033096245034
23790594	0.161524082249533
23790594	0.160413951100051
23790594	0.159315225407585
23790594	0.158227749466237
23790594	0.159418943914312
23790594	0.158338137514893
23790594	0.161772789738891
23790594	0.160683410683411
23790594	0.159604998531173
23790594	0.158537406567754
23790594	0.157480490523969
23790594	0.156434108527132
23790594	0.157605626572206
23790594	0.156565325406713
23790594	0.157728272827283
23790594	0.156693989071038
23790594	0.15566984535162
23790594	0.154655709551283
23790594	0.153651451697054
23790594	0.15265694391908
23790594	0.151672060409925
23790594	0.15069667738478
23790594	0.14973067304257
23790594	0.153033778433139
23790594	0.154182183241421
23790594	0.15320324874465
23790594	0.152233607929811
23790594	0.151273143526468
23790594	0.152418176166763
23790594	0.151462576316187
23790594	0.154682601880878
23790594	0.153718847352025
23790594	0.154834465277375
23790594	0.153875737938196
23790594	0.15292588770401
23790594	0.151984805318139
23790594	0.151052383199622
23790594	0.152167251396159
23790594	0.15123940230228
23790594	0.150320013838436
23790594	0.149408983451537
23790594	0.152534407519302
23790594	0.151615525546294
23790594	0.150704921789259
23790594	0.149802497107886
23790594	0.150898203592814
23790594	0.15
23790594	0.149109792284867
23790594	0.148227485821642
23790594	0.147352987380217
23790594	0.14648620510151
23790594	0.145627048473348
23790594	0.144775428306838
23790594	0.147818525906603
23790594	0.148897100368387
23790594	0.148033928772048
23790594	0.147178241322499
23790594	0.146329951747153
23790594	0.145488975012974
23790594	0.144655227305163
23790594	0.1476381498158
23790594	0.148696242029575
23790594	0.147851377018044
23790594	0.150790840415486
23790594	0.151822153934796
23790594	0.156600620673192
23790594	0.157593501081395
23790594	0.158578037956756
23790594	0.157692127130182
23790594	0.156813619458147
23790594	0.15594243268338
23790594	0.155078485687904
23790594	0.154221698474159
23790594	0.153371992146477
23790594	0.154360790724427
23790594	0.153514978172512
23790594	0.15449759213514
23790594	0.153655643404158
23790594	0.156443746791454
23790594	0.155595813204509
23790594	0.154754754754755
23790594	0.153920497316724
23790594	0.154885082456598
23790594	0.155841909539047
23790594	0.156791061537947
23790594	0.157732620320856
23790594	0.156893617021277
23790594	0.156061290140527
23790594	0.155235569028673
23790594	0.156175398919462
23790594	0.1588621950655
23790594	0.161527835336372
23790594	0.162427340561487
23790594	0.161579156015474
23790594	0.160737597911227
23790594	0.159902597402597
23790594	0.159074086535226
23790594	0.158251998232719
23790594	0.157436266283066
23790594	0.156626825325312
23790594	0.155823610836464
23790594	0.155026559118631
23790594	0.154235607286393
23790594	0.153450693254401
23790594	0.152671755725191
23790594	0.153586497890295
23790594	0.154494310190513
23790594	0.155395262448159
23790594	0.154614381732339
23790594	0.153839372300097
23790594	0.153070175438597
23790594	0.153969243557772
23790594	0.153203227420669
23790594	0.152442913636944
23790594	0.154988575780655
23790594	0.155869290632767
23790594	0.155101461614872
23790594	0.155977293908328
23790594	0.158480673186556
23790594	0.157705706569506
23790594	0.156936410439899
23790594	0.157794789626728
23790594	0.157028795502327
23790594	0.156268365499894
23790594	0.158734057776062
23790594	0.157969074365093
23790594	0.157209607661415
23790594	0.156455604746972
23790594	0.157301909668438
23790594	0.159733245024038
23790594	0.158972610523923
23790594	0.158217396222147
23790594	0.159047329573385
23790594	0.159871376872486
23790594	0.16226192069227
23790594	0.16149833518313
23790594	0.16074012703673
23790594	0.15998724587965
23790594	0.159239641926941
23790594	0.158497265973902
23790594	0.160860844581775
23790594	0.160114390546593
23790594	0.160916330096531
23790594	0.163252359364754
23790594	0.162500044344639
23790594	0.161752917703974
23790594	0.161010931842947
23790594	0.160274039706366
23790594	0.1595421947762
23790594	0.161852556834927
23790594	0.161116863394768
23790594	0.163409606266749
23790594	0.164178491909584
23790594	0.164942170651904
23790594	0.16419918790122
23790594	0.16645746870466
23790594	0.16870055927848
23790594	0.167945746932715
23790594	0.168684084372004
23790594	0.169417488599003
23790594	0.170146003464489
23790594	0.169391475732939
23790594	0.170116882182498
23790594	0.170837484615835
23790594	0.171553325359084
23790594	0.172264446273257
23790594	0.171508900456269
23790594	0.172217103663608
23790594	0.174376272061002
23790594	0.175068895421665
23790594	0.174307726311136
23790594	0.173551510578767
23790594	0.174243206781168
23790594	0.173490536341508
23790594	0.172742732305554
23790594	0.173433444568039
23790594	0.174119710185057
23790594	0.176229118992259
23790594	0.176900504523631
23790594	0.176146131370012
23790594	0.175396573364182
23790594	0.176067217780187
23790594	0.17532117024722
23790594	0.174579854516788
23790594	0.175249700418967
23790594	0.174511806943519
23790594	0.177980244729471
23790594	0.177233996323896
23790594	0.177887131625191
23790594	0.177144387860577
23790594	0.176406286244491
23790594	0.178444790944791
23790594	0.179087481992046
23790594	0.179726181169443
23790594	0.180360921467641
23790594	0.18099173553719
23790594	0.180246913580247
23790594	0.179506679848911
23790594	0.178770996734776
23790594	0.182129806564082
23790594	0.181386419598514
23790594	0.182005347964033
23790594	0.181265488825968
23790594	0.180530131873327
23790594	0.179799240651168
23790594	0.18041958041958
23790594	0.181036168132942
23790594	0.180307652365808
23790594	0.179583525247873
23790594	0.178863751599585
23790594	0.178148296593186
23790594	0.178767797737858
23790594	0.178055575436113
23790594	0.177347600981099
23790594	0.176643840659745
23790594	0.177264393105977
23790594	0.176563743330855
23790594	0.17586723941239
23790594	0.175174848706042
23790594	0.17579629658277
23790594	0.175106899341269
23790594	0.17703081232493
23790594	0.176339285714286
23790594	0.175651803118908
23790594	0.174968333067862
23790594	0.175583342777631
23790594	0.17490278718547
23790594	0.17422618065864
23790594	0.173553492702429
23790594	0.174169214631642
23790594	0.173499333036905
23790594	0.172833308725823
23790594	0.172171112140667
23790594	0.171512714006286
23790594	0.173402614588959
