37695344	0.666666666666667
37695344	0.222222222222222
37695344	0.277777777777778
37695344	0.566666666666667
37695344	0.711111111111111
37695344	0.603174603174603
37695344	0.452380952380952
37695344	0.5
37695344	0.4
37695344	0.448484848484848
37695344	0.373737373737374
37695344	0.367521367521368
37695344	0.41025641025641
37695344	0.4
37695344	0.391666666666667
37695344	0.384803921568627
37695344	0.379084967320261
37695344	0.339181286549708
37695344	0.33859649122807
37695344	0.306349206349206
37695344	0.278499278499279
37695344	0.254281949934124
37695344	0.288647342995169
37695344	0.265555555555556
37695344	0.270769230769231
37695344	0.250712250712251
37695344	0.256613756613757
37695344	0.238916256157636
37695344	0.245210727969349
37695344	0.229390681003584
37695344	0.235887096774194
37695344	0.241792929292929
37695344	0.22756981580511
37695344	0.214565826330532
37695344	0.202645502645503
37695344	0.191691691691692
37695344	0.181602655286866
37695344	0.189383715699505
37695344	0.196581196581197
37695344	0.203252032520325
37695344	0.209446380178088
37695344	0.199704688076781
37695344	0.22093023255814
37695344	0.255555555555556
37695344	0.258937198067633
37695344	0.262102991057663
37695344	0.265070921985816
37695344	0.281462585034014
37695344	0.270204081632653
37695344	0.272679738562092
37695344	0.262192056309703
37695344	0.277455249153362
37695344	0.267179128814349
37695344	0.269584736251403
37695344	0.25995670995671
37695344	0.274227234753551
37695344	0.276265376083888
37695344	0.289499318137541
37695344	0.27984934086629
37695344	0.2816029143898
37695344	0.283271637581527
37695344	0.274278887182113
37695344	0.276124338624339
37695344	0.267628205128205
37695344	0.26961926961927
37695344	0.261570933212724
37695344	0.263681592039801
37695344	0.265700483091787
37695344	0.277156659765355
37695344	0.26934942991281
37695344	0.261867501304121
37695344	0.254693049213597
37695344	0.256818462297914
37695344	0.276636636636637
37695344	0.286900584795322
37695344	0.279448621553885
37695344	0.280830280830281
37695344	0.28215947203289
37695344	0.275105485232068
37695344	0.28477366255144
37695344	0.27782796346482
37695344	0.295229699284945
37695344	0.288200420730541
37695344	0.289262371615313
37695344	0.290287277701778
37695344	0.283614006950013
37695344	0.277168234064786
37695344	0.270939734422881
37695344	0.264918851435705
37695344	0.266422466422466
37695344	0.27512342729734
37695344	0.269206794452236
37695344	0.263478990314955
37695344	0.26494960806271
37695344	0.259429824561404
37695344	0.260953608247423
37695344	0.255628024405639
37695344	0.250463821892393
37695344	0.258787878787879
37695344	0.253663366336634
37695344	0.248689574839837
37695344	0.243860651056539
37695344	0.245581279561862
37695344	0.240903540903541
37695344	0.236358191075172
37695344	0.231940280961618
37695344	0.22764509057344
37695344	0.223468116434477
37695344	0.219405059772032
37695344	0.221457821457822
37695344	0.223455598455598
37695344	0.225400337126001
37695344	0.233141851679346
37695344	0.229087210780575
37695344	0.225137431284358
37695344	0.226986933883486
37695344	0.228789415230093
37695344	0.236148696766842
37695344	0.232212885154062
37695344	0.228374655647383
37695344	0.224630808833491
37695344	0.220978275356524
37695344	0.22816679779701
37695344	0.224516129032258
37695344	0.226243386243386
37695344	0.222680498271049
37695344	0.219201115485564
37695344	0.215802648578811
37695344	0.212482607831445
37695344	0.209238598551576
37695344	0.211118821805845
37695344	0.212956634009266
37695344	0.209778176785247
