2271782	0
2271782	0
2271782	0
2271782	0
2271782	0
2271782	0
2271782	0
2271782	0
2271782	0
2271782	0.0606060606060606
2271782	0.0505050505050505
2271782	0.0427350427350427
2271782	0.0366300366300366
2271782	0.0761904761904762
2271782	0.0666666666666667
2271782	0.137254901960784
2271782	0.196078431372549
2271782	0.245614035087719
2271782	0.254385964912281
2271782	0.261904761904762
2271782	0.268398268398268
2271782	0.274044795783926
2271782	0.251207729468599
2271782	0.231111111111111
2271782	0.238974358974359
2271782	0.245963912630579
2271782	0.276014109347443
2271782	0.256978653530378
2271782	0.239846743295019
2271782	0.224372759856631
2271782	0.210349462365591
2271782	0.21780303030303
2271782	0.204991087344029
2271782	0.212324929971989
2271782	0.200529100529101
2271782	0.18968968968969
2271782	0.197249881460408
2271782	0.204228520017994
2271782	0.194017094017094
2271782	0.200813008130081
2271782	0.191250483933411
2271782	0.182355112587671
2271782	0.174066243833686
2271782	0.166329966329966
2271782	0.159098228663446
2271782	0.152328091273512
2271782	0.145981087470449
2271782	0.140022675736961
2271782	0.134421768707483
2271782	0.129150326797386
2271782	0.137003519356461
2271782	0.131833575229802
2271782	0.126950850221291
2271782	0.146576879910213
2271782	0.141341991341991
2271782	0.136382623224729
2271782	0.131679774148014
2271782	0.127216052990454
2271782	0.122975517890772
2271782	0.129872495446266
2271782	0.12568306010929
2271782	0.121693121693122
2271782	0.117890211640212
2271782	0.114262820512821
2271782	0.120901320901321
2271782	0.11729232624755
2271782	0.113842551946152
2271782	0.11054276783177
2271782	0.116908212560386
2271782	0.113615023474178
2271782	0.119718309859155
2271782	0.125570776255708
2271782	0.12217697149204
2271782	0.118918918918919
2271782	0.115789473684211
2271782	0.112781954887218
2271782	0.10989010989011
2271782	0.115546900357027
2271782	0.120991561181435
2271782	0.118004115226337
2271782	0.115125966074476
2271782	0.11235184641003
2271782	0.117613310384395
2271782	0.122689075630252
2271782	0.11983584131327
2271782	0.12474382963557
2271782	0.129484500174155
2271782	0.126574736125298
2271782	0.123761964211402
2271782	0.121041921041921
2271782	0.118410574932314
2271782	0.115864110955275
2271782	0.127583314268283
2271782	0.131914893617021
2271782	0.129166666666667
2271782	0.133376288659794
2271782	0.130654323585104
2271782	0.14148285576857
2271782	0.138653198653199
2271782	0.149108910891089
2271782	0.152721154468388
2271782	0.149755695158322
2271782	0.153286034353996
2271782	0.1503663003663
2271782	0.147529200359389
2271782	0.1510021748075
2271782	0.148205838236991
2271782	0.151602673009401
2271782	0.154906866833472
2271782	0.158121758121758
2271782	0.155298155298155
2271782	0.158449220396123
2271782	0.155669409511981
2271782	0.152962115433511
2271782	0.150324837581209
2271782	0.147755182237941
2271782	0.150900574629388
2271782	0.153966671414329
2271782	0.15140056022409
2271782	0.154407713498623
2271782	0.157340920381159
2271782	0.160202585632414
2271782	0.157618672960923
2271782	0.155096774193548
2271782	0.152634920634921
2271782	0.150231221097363
2271782	0.15309219160105
2271782	0.150718669250646
2271782	0.148399920492944
2271782	0.156312389900176
2271782	0.164045030457244
2271782	0.161578187893977
2271782	0.164141697527401
2271782	0.161709968675143
2271782	0.159331880900508
2271782	0.161872048089309
2271782	0.164356994252266
2271782	0.166788308483648
2271782	0.169167523124358
2271782	0.16676798378926
2271782	0.164419138947158
2271782	0.171443579894284
2271782	0.169062419062419
2271782	0.166730523627075
2271782	0.173578963942686
2271782	0.171217345385643
2271782	0.168903597475026
2271782	0.166636435092811
2271782	0.168859060402685
2271782	0.171037527593819
2271782	0.16878703380969
2271782	0.175295264304552
2271782	0.181676711088476
2271782	0.179332495461528
2271782	0.177033360904329
2271782	0.183270727856715
2271782	0.185170254508318
2271782	0.182841068917018
2271782	0.180555555555556
2271782	0.178312629399586
2271782	0.176111238913171
2271782	0.182130323916282
2271782	0.179909222405108
2271782	0.177728504557773
2271782	0.175587197273944
2271782	0.181468388524157
2271782	0.179308050565536
2271782	0.181130834976989
2271782	0.186843021232162
2271782	0.188556358215801
2271782	0.186363842422594
2271782	0.184209347134472
2271782	0.182091998316834
2271782	0.180010946907499
2271782	0.185541125541126
2271782	0.187211093990755
2271782	0.185107598552657
2271782	0.183039357228046
2271782	0.181005586592179
2271782	0.179005524861878
2271782	0.177038431182078
2271782	0.178746572189195
2271782	0.184050051476994
2271782	0.182060321190756
2271782	0.18010268332849
2271782	0.185306576198417
2271782	0.183335229643115
2271782	0.181395174302976
2271782	0.179485751415576
2271782	0.184587122255902
2271782	0.189608784176847
2271782	0.187643926309729
2271782	0.189145878959457
2271782	0.190624724645343
2271782	0.18867957439386
2271782	0.186764045719811
2271782	0.184877540207489
2271782	0.183019474476761
2271782	0.184522613065327
2271782	0.182686567164179
2271782	0.187478449337471
2271782	0.188915443268465
2271782	0.190331304935767
2271782	0.191726446676232
2271782	0.189865024863841
2271782	0.19125119209543
2271782	0.19261736653041
2271782	0.190774138142559
2271782	0.195306447938027
2271782	0.196614759647935
2271782	0.194759903424841
2271782	0.192931171937284
2271782	0.197358606467465
2271782	0.20482503803521
2271782	0.202928509905254
2271782	0.201058201058201
2271782	0.199213630406291
2271782	0.203482607906386
2271782	0.204663069046631
2271782	0.205827505827506
2271782	0.206976206976207
2271782	0.208109454746226
2271782	0.212203715566944
2271782	0.213280423280423
2271782	0.21139298590626
2271782	0.212467350200772
2271782	0.213527578122987
2271782	0.217485124747823
2271782	0.215593949750016
2271782	0.219499341238472
2271782	0.21760710553814
2271782	0.215739233387598
2271782	0.213895308315909
2271782	0.212074922713221
2271782	0.215927395119606
2271782	0.216918162530692
2271782	0.215095320828753
2271782	0.221663560821818
2271782	0.222594142259414
2271782	0.223513139695712
2271782	0.224420744601808
2271782	0.222573660284098
2271782	0.220749286019474
2271782	0.224389427902309
2271782	0.225275150710691
2271782	0.223451060421535
2271782	0.221649035740717
2271782	0.222546098371983
2271782	0.220765729585007
2271782	0.219006640106242
2271782	0.217268492168891
2271782	0.21555095468139
2271782	0.213853703069725
2271782	0.21217641912408
2271782	0.210518790849673
2271782	0.214068579766537
2271782	0.212409133411758
2271782	0.210768908443327
2271782	0.209147609147609
2271782	0.212653502308675
2271782	0.211030193130746
2271782	0.211960255033427
2271782	0.210354495525598
2271782	0.208766914427292
2271782	0.212209769707287
2271782	0.210620183417345
2271782	0.211535953192837
2271782	0.209963195176534
2271782	0.2084079122493
2271782	0.206869846476243
2271782	0.207799725056074
2271782	0.206277382747971
2271782	0.204771708421344
2271782	0.205706702057067
2271782	0.204216073781291
2271782	0.202741589494062
2271782	0.201283016907773
2271782	0.202229614158136
2271782	0.200785116914149
2271782	0.201728520589731
2271782	0.200297821862144
2271782	0.198882289552164
2271782	0.202176545729027
2271782	0.20543612552508
2271782	0.208661513924672
2271782	0.214176067834604
2271782	0.212688734030197
2271782	0.213523644752018
2271782	0.214349918466372
2271782	0.212876723150452
2271782	0.213701768425678
2271782	0.219068991849393
2271782	0.217578726598717
2271782	0.216103616587878
2271782	0.219147961520843
2271782	0.217672217672218
2271782	0.21621133030529
2271782	0.219224409478276
2271782	0.217762913415087
2271782	0.220745662606128
2271782	0.221491276319553
2271782	0.222229507718984
2271782	0.225153436396271
2271782	0.225862812769629
2271782	0.230922532947605
2271782	0.229418151625471
2271782	0.230092925532665
2271782	0.228603650933748
2271782	0.227128788669659
2271782	0.225668153372748
2271782	0.226358314782752
2271782	0.224911935774556
2271782	0.223479375674081
2271782	0.222060459003134
2271782	0.220655013060076
2271782	0.219262867867268
2271782	0.217883856119675
2271782	0.218607677293429
2271782	0.217241379310345
2271782	0.21588785046729
2271782	0.214546932141406
2271782	0.219410418629694
2271782	0.218056033329511
2271782	0.216714150047483
2271782	0.215384615384615
2271782	0.214067278287462
2271782	0.212761990005221
2271782	0.213494946499617
2271782	0.212201037732953
2271782	0.210918856236077
2271782	0.209648260716582
2271782	0.210391114005572
2271782	0.21112729495963
2271782	0.209866833497185
2271782	0.210601753139067
2271782	0.209351891102633
2271782	0.208113122516227
2271782	0.206885316483683
2271782	0.205668344033779
2271782	0.204462078086367
2271782	0.207165028896778
2271782	0.207900704141306
2271782	0.206691979117228
2271782	0.205493764745534
2271782	0.208159504062997
2271782	0.206959737468974
2271782	0.205770313690417
2271782	0.204591114185028
2271782	0.205326784008732
2271782	0.206056166056166
2271782	0.210567210567211
2271782	0.209374195209889
2271782	0.210074529323581
2271782	0.210768945120819
2271782	0.209584849923511
2271782	0.210278118738132
2271782	0.209103380644623
2271782	0.211652479731097
2271782	0.212328484473331
2271782	0.211152149379296
2271782	0.211827183544788
2271782	0.212496638915524
2271782	0.21316057679694
2271782	0.213819057654674
2271782	0.212650647503556
2271782	0.21330831881598
2271782	0.212149034474588
2271782	0.210999175209143
2271782	0.211660440928734
2271782	0.214113304679342
2271782	0.214754272575332
2271782	0.215390085233551
2271782	0.216020797790235
2271782	0.216646464646465
2271782	0.215494089834515
2271782	0.216119231709841
2271782	0.218503080572046
2271782	0.217350030014938
2271782	0.216206082488543
2271782	0.216820923700327
2271782	0.219176137014287
2271782	0.218031614105596
2271782	0.216896032782129
2271782	0.2157693001443
2271782	0.214651324495884
2271782	0.213542015325363
2271782	0.214159496346022
2271782	0.216486011360524
2271782	0.218794630105684
2271782	0.217675475987496
2271782	0.216564886824295
2271782	0.215462775440965
2271782	0.216061103146003
2271782	0.216654886589989
2271782	0.218927673358053
2271782	0.217824763164814
2271782	0.21673016636499
2271782	0.215643799616294
2271782	0.217898913951546
2271782	0.218474646716542
2271782	0.219046082968367
2271782	0.221267525071088
2271782	0.221822306300109
2271782	0.222372978038545
2271782	0.222919580773987
2271782	0.223462154496637
2271782	0.224000738706621
2271782	0.226165364271218
2271782	0.228314151112171
2271782	0.227203133345202
2271782	0.229336451468122
2271782	0.23145427333349
2271782	0.233556748663602
2271782	0.234037599674059
2271782	0.232912418906395
2271782	0.233394053987579
2271782	0.232277336025916
2271782	0.23275970355483
2271782	0.231651324014093
2271782	0.2321343739396
2271782	0.235773547522824
2271782	0.236234823105853
2271782	0.235120507902523
2271782	0.237151313355531
2271782	0.236037926907852
2271782	0.236493643097199
2271782	0.235388532615436
2271782	0.235845151733002
2271782	0.234748197538895
2271782	0.233658878756812
2271782	0.232577124688494
2271782	0.234582157214952
2271782	0.236573330069568
2271782	0.235485636597984
2271782	0.238992583219094
2271782	0.239424348665841
2271782	0.238331086799787
2271782	0.237245295971542
2271782	0.23616690826258
2271782	0.236607572321858
2271782	0.237045245448607
2271782	0.235975063753579
2271782	0.236413614517452
2271782	0.235351081418497
2271782	0.234295695403168
2271782	0.233247392515458
2271782	0.233694204751252
2271782	0.232653250609821
2271782	0.233100717644148
2271782	0.233545208179355
2271782	0.235461674809829
2271782	0.235893779262472
2271782	0.236323028399348
2271782	0.235284245856933
2271782	0.235714285714286
2271782	0.236141502552881
2271782	0.235110316952214
2271782	0.234085871126714
2271782	0.23451738183196
2271782	0.233499952843535
2271782	0.232489130536853
2271782	0.23436462745318
2271782	0.234791216702664
2271782	0.235215053763441
2271782	0.23706677742397
2271782	0.236051502145923
2271782	0.237891737891738
2271782	0.236877274190707
2271782	0.237287725506208
2271782	0.23911099064914
2271782	0.238097808485372
2271782	0.23990993896394
2271782	0.238897660740463
2271782	0.239295284625065
2271782	0.238289842252691
2271782	0.240085971495517
2271782	0.239081427681728
2271782	0.240866752270391
2271782	0.241252029691487
2271782	0.243020905520906
2271782	0.242012520020819
2271782	0.241010397784708
2271782	0.24139189751838
2271782	0.24314560790662
2271782	0.242145008697128
2271782	0.242519498736702
2271782	0.242891686583409
2271782	0.241898264552393
2271782	0.242271468914764
2271782	0.242642393006082
2271782	0.243011055365136
2271782	0.243377474342695
2271782	0.245091195769108
2271782	0.244100928311455
2271782	0.24446073639622
2271782	0.244818372601199
2271782	0.246512542456883
2271782	0.245524516234611
2271782	0.247209084836339
2271782	0.248883566200932
2271782	0.250548040704779
2271782	0.250877206878252
2271782	0.251204413729265
2271782	0.252849808790403
2271782	0.253167925488201
2271782	0.253484159838675
2271782	0.255110862621462
2271782	0.254108462375405
2271782	0.253111958601384
2271782	0.252121305143062
2271782	0.251136456294847
2271782	0.251456911955816
2271782	0.250478480391785
2271782	0.252094745192853
2271782	0.253701613105542
2271782	0.252720175530665
2271782	0.255605425818192
2271782	0.255904955326921
2271782	0.257484808062843
2271782	0.259055563758059
2271782	0.260617292121694
2271782	0.259620667677634
2271782	0.258629749098711
2271782	0.257644492911669
2271782	0.256664856056491
2271782	0.256955818019591
2271782	0.255982500527093
2271782	0.25753518168452
2271782	0.260336935715899
2271782	0.263122860628457
2271782	0.264639942606044
2271782	0.264897703922094
2271782	0.263905577690176
2271782	0.264165120701926
2271782	0.263179429953039
2271782	0.262199245856379
2271782	0.262463684843282
2271782	0.265200368758521
2271782	0.264218145170526
2271782	0.264473654184067
2271782	0.263497736640952
2271782	0.263754957991569
2271782	0.266461741234247
2271782	0.265483899982011
2271782	0.26573243270491
2271782	0.265979602359858
2271782	0.266225418896258
2271782	0.265255563089714
2271782	0.266715239829994
2271782	0.268166969147006
2271782	0.269610808630772
2271782	0.26984126984127
2271782	0.268867113632457
2271782	0.26789822313288
2271782	0.268133601227126
2271782	0.267170823484839
2271782	0.266213221966972
2271782	0.266453365478122
2271782	0.2655017463157
2271782	0.264555216025804
2271782	0.267172457249912
2271782	0.266223354382239
2271782	0.265279299934075
2271782	0.266700140170296
2271782	0.26575773684814
2271782	0.267171877694061
2271782	0.26740484056603
2271782	0.26880822132561
2271782	0.269034625227392
2271782	0.268092297293145
2271782	0.267154911638274
2271782	0.266222433761701
2271782	0.26529482946288
2271782	0.264372064838661
2271782	0.265768921095008
2271782	0.264847711663136
2271782	0.265084686132583
2271782	0.265320432755038
2271782	0.264405534711056
2271782	0.263495360753358
2271782	0.264880829158559
2271782	0.263972147068821
2271782	0.26306813286653
2271782	0.262168754634508
2271782	0.261273980727906
2271782	0.261519498113273
2271782	0.26176376285892
2271782	0.262006783471736
2271782	0.262248568386521
2271782	0.263617157551598
2271782	0.264978811298608
2271782	0.264085122221716
2271782	0.26319594672602
2271782	0.262311254468117
2271782	0.262549583591826
2271782	0.262786715081747
2271782	0.261907829747026
2271782	0.262146312229785
2271782	0.263494713411241
2271782	0.263727121464226
2271782	0.263958371337546
2271782	0.264188470713983
2271782	0.26331367445334
2271782	0.262443216025396
2271782	0.26267717680859
2271782	0.264008278916854
2271782	0.264236321859013
2271782	0.264463241436926
2271782	0.264689045016914
2271782	0.266004847379106
2271782	0.266224875110983
2271782	0.266443826035036
2271782	0.267747483496377
2271782	0.26796077081292
2271782	0.269255270474783
2271782	0.268382481915707
2271782	0.267513930194297
2271782	0.26772659385549
2271782	0.267938228498966
2271782	0.269222378058283
2271782	0.269428522609006
2271782	0.269633674489341
2271782	0.269837840062559
2271782	0.270041025641026
2271782	0.269178274760383
2271782	0.270446180316703
2271782	0.269584886748816
2271782	0.268727701099376
2271782	0.267874597286362
2271782	0.268082073470346
2271782	0.268288564799026
2271782	0.267440891608508
2271782	0.266597229489869
2271782	0.265757553176515
2271782	0.267018273659189
2271782	0.266179911732472
2271782	0.265345491946477
2271782	0.264514989624266
2271782	0.26368838028169
2271782	0.262865639625585
2271782	0.262046743551985
2271782	0.263305281415483
2271782	0.264557956524959
2271782	0.263737621776044
2271782	0.263953088375293
2271782	0.263137159199481
2271782	0.262325007473556
2271782	0.262543831282061
2271782	0.261736004108885
2271782	0.264004096262161
2271782	0.266261752408596
2271782	0.265446249338432
2271782	0.266673223091729
2271782	0.267894577117912
2271782	0.267077825358406
2271782	0.26626480305899
2271782	0.266468658774109
2271782	0.267683220254815
2271782	0.266872058981315
2271782	0.268081724965235
2271782	0.267271810388301
2271782	0.266465560583208
2271782	0.267670985601531
2271782	0.267868466346589
2271782	0.269066058539743
2271782	0.270258264261263
2271782	0.271445115765471
2271782	0.270633620651075
2271782	0.271815808848136
2271782	0.271999169576855
2271782	0.271189648238829
2271782	0.271374324866153
2271782	0.271558179490684
2271782	0.270753562662564
2271782	0.269952516619183
2271782	0.270139756845813
2271782	0.270326168575865
2271782	0.270511756690025
2271782	0.271676918189956
2271782	0.270879041778239
2271782	0.271062192193356
2271782	0.271244538141057
2271782	0.270451425456434
2271782	0.270635022267754
2271782	0.270817816177566
2271782	0.27002940914357
2271782	0.269244439930944
2271782	0.268462888581362
2271782	0.268650918856005
2271782	0.267873347455553
2271782	0.269025929302984
2271782	0.270173521618608
2271782	0.270355538367066
2271782	0.269577536817808
2271782	0.268802888723504
2271782	0.268988054992112
2271782	0.269172425417158
2271782	0.269356004552827
2271782	0.269538796920771
2271782	0.270671829359419
2271782	0.272749687395432
2271782	0.272922044851869
2271782	0.27309366783051
2271782	0.274210186976144
2271782	0.273433387579611
2271782	0.274545787237566
2271782	0.273770234166274
2271782	0.272997962701771
2271782	0.272228954356132
2271782	0.271463190771445
2271782	0.270700653718717
2271782	0.269941325096785
2271782	0.269185186931248
2271782	0.269364622305799
2271782	0.268612207159693
2271782	0.267862940194115
2271782	0.267116803870455
2271782	0.26730099449483
2271782	0.266558491732344
2271782	0.267668361843119
2271782	0.268773620305234
2271782	0.269874292632652
2271782	0.270049593850057
2271782	0.270224169683114
2271782	0.271316297773978
2271782	0.271486908600826
2271782	0.27074106544533
2271782	0.27182728108654
2271782	0.271082548809591
2271782	0.270340872889455
2271782	0.271423730249502
2271782	0.270683147083747
2271782	0.269945590824663
2271782	0.26921104499929
2271782	0.268479493246574
2271782	0.269560055453956
2271782	0.269732882765282
2271782	0.269002888495281
2271782	0.26827585366151
2271782	0.267551762288604
2271782	0.267729071105437
2271782	0.267008400658316
2271782	0.267186693488087
2271782	0.266469413774025
2271782	0.265755018562835
2271782	0.266828409856285
2271782	0.266114964910146
2271782	0.267184528866772
2271782	0.269138703456461
2271782	0.268421955910638
2271782	0.268594592552719
2271782	0.269651888898308
2271782	0.268936631898577
2271782	0.269990221394652
2271782	0.269275961549692
2271782	0.270325870942339
2271782	0.271371625020768
2271782	0.271534896979431
2271782	0.27169752444352
2271782	0.271859510800655
2271782	0.272895750054896
2271782	0.272180426987911
2271782	0.271467912781136
2271782	0.271629652442711
2271782	0.270920436639988
2271782	0.271952369443187
2271782	0.271244160147762
2271782	0.273139493931513
2271782	0.274161642432124
2271782	0.274315135793735
2271782	0.275331590536929
2271782	0.277206541143561
2271782	0.277351571614335
2271782	0.278356255730599
2271782	0.278497949229576
2271782	0.277781094791404
2271782	0.277067004573431
2271782	0.278923058476966
2271782	0.278207871147537
2271782	0.278349037503967
2271782	0.277637147382474
2271782	0.276927984809338
2271782	0.277071876004553
2271782	0.278064474197322
2271782	0.277356931005981
2271782	0.276652084929726
2271782	0.275949922277621
2271782	0.275250429445485
2271782	0.274553592915243
2271782	0.274702214256376
2271782	0.274008521796132
2271782	0.274158143010602
2271782	0.274307198905622
2271782	0.273617117902085
2271782	0.275442200520422
2271782	0.27558747312472
2271782	0.276567621479462
2271782	0.278378465981391
2271782	0.280182519816437
2271782	0.280315230961298
2271782	0.281278700875776
2271782	0.282238571276251
2271782	0.281536485278051
2271782	0.28083701574941
2271782	0.282621539283531
2271782	0.283573323985844
2271782	0.285346657342314
2271782	0.284641226792642
2271782	0.28393840894871
2271782	0.283238190924175
2271782	0.282540559912047
2271782	0.282665511384178
2271782	0.282790002347198
2271782	0.283732030971295
2271782	0.283036609326757
2271782	0.283975728194175
2271782	0.284096406935346
2271782	0.283402642815846
2271782	0.28352442498784
2271782	0.283645762157987
2271782	0.282955626483637
2271782	0.282268006492182
2271782	0.283201012948916
2271782	0.283322545846818
2271782	0.283443637341942
2271782	0.283564289569249
2271782	0.283684504650805
2271782	0.283000102950803
2271782	0.283121387843291
2271782	0.282439988594571
2271782	0.28336361041686
2271782	0.282683265613938
2271782	0.283604089117662
2271782	0.283723201079855
2271782	0.283044437440908
2271782	0.283164602066696
2271782	0.28248879156057
2271782	0.281815397540164
2271782	0.281144408498401
2271782	0.280475812996622
2271782	0.281393130938831
2271782	0.281516357990775
2271782	0.280849257616389
2271782	0.2801845256457
2271782	0.281098195009815
2271782	0.280434444844503
2271782	0.279773042851945
2271782	0.279899215503256
2271782	0.280809256564817
2271782	0.280932697403286
2271782	0.280273230977456
2271782	0.279616083894274
2271782	0.280522525540111
2271782	0.280646059593428
2271782	0.280769160700297
2271782	0.281669738310487
2271782	0.281013165493912
2271782	0.28035888571395
2271782	0.279706888305313
2271782	0.27983145612187
2271782	0.280728985612693
2271782	0.280850896036148
2271782	0.281743988097793
2271782	0.281863269820881
2271782	0.281212315387114
2271782	0.280563613390835
2271782	0.280685202607292
2271782	0.280806372068112
2271782	0.280927123703204
2271782	0.281047459431402
2271782	0.281167381160535
2271782	0.280523240539319
2271782	0.280644087433585
2271782	0.280764519995641
2271782	0.280884540117417
2271782	0.280243982443261
2271782	0.279605613462752
2271782	0.278969423215966
2271782	0.278335401799566
2271782	0.27846025521962
2271782	0.279340541866892
2271782	0.278707833957794
2271782	0.278077273247482
