48302421	0.333333333333333
48302421	0.555555555555556
48302421	0.277777777777778
48302421	0.166666666666667
48302421	0.222222222222222
48302421	0.158730158730159
48302421	0.119047619047619
48302421	0.0925925925925926
48302421	0.0740740740740741
48302421	0.0606060606060606
48302421	0.106060606060606
48302421	0.0897435897435898
48302421	0.0769230769230769
48302421	0.111111111111111
48302421	0.0972222222222222
48302421	0.0857843137254902
48302421	0.0762527233115469
48302421	0.0682261208576998
48302421	0.0947368421052632
48302421	0.0857142857142857
48302421	0.0779220779220779
48302421	0.100131752305665
48302421	0.0917874396135266
48302421	0.111111111111111
48302421	0.102564102564103
48302421	0.11965811965812
48302421	0.158730158730159
48302421	0.19376026272578
48302421	0.180842911877395
48302421	0.169175627240143
48302421	0.179435483870968
48302421	0.168560606060606
48302421	0.17825311942959
48302421	0.168067226890756
48302421	0.158730158730159
48302421	0.15015015015015
48302421	0.142247510668563
48302421	0.134952766531714
48302421	0.144871794871795
48302421	0.137804878048781
48302421	0.131242740998839
48302421	0.125138427464009
48302421	0.134601832276251
48302421	0.143434343434343
48302421	0.13719806763285
48302421	0.131359851988899
48302421	0.125886524822695
48302421	0.147959183673469
48302421	0.142040816326531
48302421	0.162614379084967
48302421	0.156359979889392
48302421	0.150459603289792
48302421	0.157232704402516
48302421	0.175757575757576
48302421	0.169480519480519
48302421	0.163533834586466
48302421	0.169388989715669
48302421	0.186245860120787
48302421	0.191148775894539
48302421	0.18488160291439
48302421	0.189670368411775
48302421	0.204813108038915
48302421	0.208829365079365
48302421	0.202403846153846
48302421	0.196270396270396
48302421	0.19041157847128
48302421	0.194615159496635
48302421	0.208297811878375
48302421	0.202346445824707
48302421	0.196646545942321
48302421	0.191184141888367
48302421	0.19507864028412
48302421	0.189806244600765
48302421	0.211411411411411
48302421	0.214619883040936
48302421	0.235019366598314
48302421	0.246087246087246
