7540459	0.333333333333333
7540459	0.111111111111111
7540459	0.0555555555555556
7540459	0.166666666666667
7540459	0.444444444444444
7540459	0.317460317460318
7540459	0.321428571428571
7540459	0.324074074074074
7540459	0.259259259259259
7540459	0.212121212121212
7540459	0.287878787878788
7540459	0.346153846153846
7540459	0.296703296703297
7540459	0.257142857142857
7540459	0.266666666666667
7540459	0.235294117647059
7540459	0.28322440087146
7540459	0.323586744639376
7540459	0.291228070175439
7540459	0.358730158730159
7540459	0.356421356421357
7540459	0.325428194993412
7540459	0.326086956521739
7540459	0.326666666666667
7540459	0.378461538461538
7540459	0.35042735042735
7540459	0.373015873015873
7540459	0.347290640394089
7540459	0.324137931034483
7540459	0.324731182795699
7540459	0.325268817204301
7540459	0.305555555555556
7540459	0.326797385620915
7540459	0.346218487394958
7540459	0.345502645502646
7540459	0.344844844844845
7540459	0.361782835467046
7540459	0.360323886639676
7540459	0.375641025641026
7540459	0.357317073170732
7540459	0.340301974448316
7540459	0.339977851605759
7540459	0.324524312896406
7540459	0.31010101010101
7540459	0.296618357487923
7540459	0.2981806968856
7540459	0.299645390070922
7540459	0.301020408163265
7540459	0.288979591836735
7540459	0.303790849673203
7540459	0.317747611865259
7540459	0.318335752298017
7540459	0.306545539249942
7540459	0.307519640852974
7540459	0.296536796536797
7540459	0.286131996658312
7540459	0.299253881831014
7540459	0.323007987531658
7540459	0.312241054613936
7540459	0.312932604735884
7540459	0.313590692755156
7540459	0.303635432667691
7540459	0.304563492063492
7540459	0.325961538461539
7540459	0.316083916083916
7540459	0.306648575305292
7540459	0.317237342698273
7540459	0.317703893151464
7540459	0.318150448585231
7540459	0.309188464118042
7540459	0.300599895670318
7540459	0.319761542364282
7540459	0.311119338516599
7540459	0.320600600600601
7540459	0.329707602339181
7540459	0.32114376851219
7540459	0.312909312909313
7540459	0.304987558152115
7540459	0.305696202531646
7540459	0.32283950617284
7540459	0.33935561577838
7540459	0.331178372024684
7540459	0.323293172690763
7540459	0.33921568627451
7540459	0.331326949384405
7540459	0.331373073153346
7540459	0.323841866945315
7540459	0.324055158324821
7540459	0.324261339991677
7540459	0.331786731786732
7540459	0.331820353559484
7540459	0.331852890758922
7540459	0.331884389537101
7540459	0.33893243747667
7540459	0.33187134502924
7540459	0.345647193585338
7540459	0.338593169226454
7540459	0.331752903181475
7540459	0.325117845117845
7540459	0.318679867986799
7540459	0.318967190836731
7540459	0.312773653150581
7540459	0.306758775205377
7540459	0.313614163614164
7540459	0.307696915244085
7540459	0.314406630223946
7540459	0.308584285219799
7540459	0.302922188243289
7540459	0.297414512093411
7540459	0.298061698061698
7540459	0.30464392964393
7540459	0.29925200168563
7540459	0.294001966568338
7540459	0.306280193236715
7540459	0.306746626686657
7540459	0.307201100304549
7540459	0.307644019508426
7540459	0.308075772681954
7540459	0.308496732026144
7540459	0.314416896235078
7540459	0.309262520886962
7540459	0.304233862010751
7540459	0.299326864236384
7540459	0.294537634408602
7540459	0.289862433862434
7540459	0.285297671124443
7540459	0.280839895013123
7540459	0.286821705426357
7540459	0.287537268932618
7540459	0.288236445488354
7540459	0.288919731667823
7540459	0.289587605377079
7540459	0.295215651067969
7540459	0.2957803574719
7540459	0.291430646332607
7540459	0.292042364391012
7540459	0.292640784230756
7540459	0.298022451603934
7540459	0.293764988009592
7540459	0.294326241134752
7540459	0.294875636799521
7540459	0.295413506681112
7540459	0.295940170940171
7540459	0.291858237547893
7540459	0.287860179499292
7540459	0.297549156648961
7540459	0.293528222099651
7540459	0.289588245964085
7540459	0.285727069351231
7540459	0.281942604856512
7540459	0.28261879865226
7540459	0.28328173374613
7540459	0.288260758848994
7540459	0.284541265186427
7540459	0.280893300248139
7540459	0.285807610648375
7540459	0.286409202074767
7540459	0.286999442719529
7540459	0.283411949685535
7540459	0.279891304347826
7540459	0.276435856146001
7540459	0.277133984700447
7540459	0.281884383261011
7540459	0.278467602857847
7540459	0.275112571498114
7540459	0.271817810162807
7540459	0.268581883851345
7540459	0.265403400018785
7540459	0.266202575704838
7540459	0.266987730764821
7540459	0.263883222267555
7540459	0.260832549177757
7540459	0.261665891524373
7540459	0.266294471811713
7540459	0.263268398268398
7540459	0.260293614107173
7540459	0.257368966757655
7540459	0.261942125415856
7540459	0.25903165735568
7540459	0.256169429097606
7540459	0.257017384089207
7540459	0.261494425428852
7540459	0.258652094717669
7540459	0.255855855855856
7540459	0.253104717620847
7540459	0.253962777681943
7540459	0.258353244586036
7540459	0.2591466846786
7540459	0.259927596769702
7540459	0.257205841829705
7540459	0.254526614310646
7540459	0.251889032815199
7540459	0.249292238662465
7540459	0.250154198607807
7540459	0.25100296528868
7540459	0.248454711833972
