47104736	0.666666666666667
47104736	0.444444444444444
47104736	0.222222222222222
47104736	0.4
47104736	0.266666666666667
47104736	0.285714285714286
47104736	0.297619047619048
47104736	0.231481481481482
47104736	0.185185185185185
47104736	0.212121212121212
47104736	0.343434343434343
47104736	0.290598290598291
47104736	0.249084249084249
47104736	0.215873015873016
47104736	0.188888888888889
47104736	0.166666666666667
47104736	0.148148148148148
47104736	0.167641325536062
47104736	0.184210526315789
47104736	0.23015873015873
47104736	0.209235209235209
47104736	0.220026350461133
47104736	0.201690821256039
47104736	0.185555555555556
47104736	0.222564102564103
47104736	0.206077872744539
47104736	0.191358024691358
47104736	0.17816091954023
47104736	0.210727969348659
47104736	0.218637992831541
47104736	0.20497311827957
47104736	0.192550505050505
47104736	0.181224004753417
47104736	0.208963585434174
47104736	0.197354497354497
47104736	0.186686686686687
47104736	0.176861071597914
47104736	0.167791273054431
47104736	0.192735042735043
47104736	0.199593495934959
47104736	0.221835075493612
47104736	0.258028792912514
47104736	0.246300211416491
47104736	0.235353535353535
47104736	0.254106280193237
47104736	0.271662041319766
47104736	0.260342789598109
47104736	0.276927437641723
47104736	0.279183673469388
47104736	0.281307189542484
47104736	0.283308195072901
47104736	0.310353168843735
47104736	0.298858607034708
47104736	0.312233445566779
47104736	0.324891774891775
47104736	0.348579782790309
47104736	0.371042548900988
47104736	0.381063705435418
47104736	0.379472693032015
47104736	0.367030965391621
47104736	0.355191256830601
47104736	0.354497354497355
47104736	0.353835978835979
47104736	0.342948717948718
47104736	0.332556332556333
47104736	0.322629277853159
47104736	0.32294410301434
47104736	0.34256891162262
47104736	0.332781228433402
47104736	0.323407109322602
47104736	0.342201356285863
47104736	0.332825976661593
47104736	0.350857707022091
47104736	0.368168168168168
47104736	0.358479532163743
47104736	0.357826384142174
47104736	0.357198357198357
47104736	0.35659417937899
47104736	0.364345991561182
47104736	0.355349794238683
47104736	0.354812807387333
47104736	0.362327358213341
47104736	0.353700516351119
47104736	0.345378151260504
47104736	0.345098039215686
47104736	0.344827586206897
47104736	0.336990595611285
47104736	0.344399046646238
47104736	0.336745734498544
47104736	0.329344729344729
47104736	0.322185061315496
47104736	0.329593267882188
47104736	0.336765042324411
47104736	0.329675251959686
47104736	0.32280701754386
47104736	0.316151202749141
47104736	0.33010730065222
47104736	0.323438466295609
47104736	0.316969696969697
47104736	0.310693069306931
47104736	0.304601048340128
47104736	0.305158956786598
47104736	0.312111028130446
47104736	0.306166056166056
47104736	0.300389338125187
47104736	0.294774584141539
47104736	0.289315795546325
47104736	0.284007248839053
47104736	0.284904086738949
47104736	0.27977067977068
47104736	0.286679536679537
47104736	0.281605562579014
47104736	0.294208973761838
47104736	0.289092295957285
47104736	0.289855072463768
47104736	0.296296296296296
47104736	0.29127432517263
47104736	0.286378958363006
47104736	0.281605975723623
47104736	0.276951331496786
47104736	0.272411145734544
47104736	0.278821804611489
47104736	0.290453710988723
47104736	0.291139784946237
47104736	0.291809523809524
47104736	0.28721409823772
47104736	0.282726377952756
47104736	0.283510981912145
47104736	0.279149274498112
47104736	0.274887453513408
47104736	0.270722492096538
47104736	0.266651477177793
47104736	0.262671604384095
47104736	0.258780173208034
47104736	0.254974582425563
47104736	0.251252325747817
47104736	0.257272823442293
47104736	0.253571056198519
47104736	0.264234326824255
47104736	0.26048632218845
47104736	0.256817500749176
47104736	0.253225647591845
47104736	0.249708624708625
47104736	0.250862068965517
47104736	0.247425602267359
47104736	0.248594414934924
47104736	0.245235030949317
47104736	0.241943285567447
47104736	0.238717375093214
47104736	0.235555555555556
47104736	0.236842105263158
47104736	0.23374613003096
47104736	0.235039470333588
47104736	0.240608853512079
47104736	0.241797628894403
47104736	0.242963688823561
47104736	0.239888199091618
47104736	0.245256481702625
47104736	0.246357442348008
47104736	0.243297101449275
47104736	0.244408659867597
47104736	0.241409780605418
47104736	0.246595840191531
47104736	0.243606799704361
47104736	0.240671778021176
47104736	0.249765529182599
47104736	0.250760383993917
47104736	0.255682351836198
47104736	0.252674324167537
47104736	0.249719068914115
47104736	0.246815358810463
47104736	0.243962002061209
47104736	0.241157841117977
47104736	0.2384017515052
47104736	0.235692640692641
47104736	0.233029447012498
47104736	0.230411138619099
47104736	0.231561107275124
47104736	0.232691909786882
47104736	0.237487210967874
47104736	0.242203468722806
47104736	0.239556436277748
47104736	0.240575750376178
47104736	0.237974931453192
47104736	0.235416061222513
47104736	0.232898242385908
47104736	0.230420601509463
47104736	0.235036961987317
47104736	0.23256288870324
47104736	0.230127675208965
47104736	0.227730511925538
47104736	0.228824841681059
47104736	0.233338674928334
47104736	0.230945457749582
47104736	0.228588871446014
47104736	0.22965226699817
47104736	0.234066553863508
47104736	0.231714126186488
47104736	0.232730318257957
47104736	0.233731343283582
47104736	0.234717501600906
47104736	0.232405013900405
47104736	0.236662481084388
47104736	0.240857643870556
47104736	0.244991712053043
47104736	0.249065866203899
47104736	0.253081258516041
47104736	0.260228806281438
47104736	0.257750436697805
47104736	0.255307304596404
47104736	0.25289874511908
47104736	0.250524109014675
47104736	0.248182762201454
47104736	0.255176410925161
47104736	0.252813666379558
47104736	0.250483586505092
47104736	0.25430177990107
47104736	0.258067669277924
47104736	0.255721599557216
47104736	0.253407376936789
47104736	0.260133436604025
47104736	0.26676901116363
47104736	0.264387144992526
47104736	0.262037037037037
47104736	0.259718125204851
47104736	0.26330357490936
47104736	0.263917871035886
47104736	0.264524119614903
47104736	0.265122460603759
47104736	0.262827028044419
47104736	0.260561277802657
47104736	0.258324700310789
47104736	0.256116796889329
47104736	0.253937079468994
47104736	0.251785070320952
47104736	0.252473241316837
47104736	0.250351617440225
47104736	0.248256624825663
47104736	0.251743375174338
47104736	0.255186721991701
47104736	0.253077740818216
