29568894	0.333333333333333
29568894	0
29568894	0
29568894	0.333333333333333
29568894	0
29568894	0.333333333333333
29568894	0.333333333333333
29568894	0
29568894	0.333333333333333
29568894	0
29568894	0
29568894	0
29568894	0.666666666666667
29568894	0.666666666666667
29568894	0.333333333333333
29568894	1
29568894	0
29568894	0
29568894	0
29568894	0
29568894	0
29568894	0
29568894	0
29568894	0
29568894	0
29568894	0
29568894	0.333333333333333
29568894	0
29568894	0
29568894	0.333333333333333
29568894	0
29568894	0
29568894	0.333333333333333
29568894	0
29568894	0.666666666666667
29568894	0
29568894	0.666666666666667
29568894	0.333333333333333
29568894	0
29568894	0
29568894	0.333333333333333
29568894	0.333333333333333
29568894	0.666666666666667
29568894	0
29568894	0
29568894	0
29568894	0
29568894	0
29568894	0.666666666666667
29568894	0.666666666666667
29568894	0
29568894	0
29568894	0
29568894	0.666666666666667
