7277276	0
7277276	0.222222222222222
7277276	0.611111111111111
7277276	0.5
7277276	0.666666666666667
7277276	0.476190476190476
7277276	0.357142857142857
7277276	0.425925925925926
7277276	0.407407407407407
7277276	0.393939393939394
7277276	0.439393939393939
7277276	0.474358974358974
7277276	0.501831501831502
7277276	0.479365079365079
7277276	0.502777777777778
7277276	0.482843137254902
7277276	0.466230936819172
7277276	0.487329434697856
7277276	0.43859649122807
7277276	0.428571428571429
7277276	0.38961038961039
7277276	0.442687747035573
7277276	0.405797101449275
7277276	0.373333333333333
7277276	0.344615384615385
7277276	0.34377967711301
7277276	0.3668430335097
7277276	0.38752052545156
7277276	0.361685823754789
7277276	0.359856630824373
7277276	0.33736559139785
7277276	0.337121212121212
7277276	0.31729055258467
7277276	0.337254901960784
7277276	0.355555555555556
7277276	0.336336336336336
7277276	0.318634423897582
7277276	0.302294197031039
7277276	0.287179487179487
7277276	0.273170731707317
7277276	0.291908633372048
7277276	0.278331487633813
7277276	0.265680056377731
7277276	0.253872053872054
7277276	0.242834138486312
7277276	0.246685168054271
7277276	0.236406619385343
7277276	0.253968253968254
7277276	0.270476190476191
7277276	0.272941176470588
7277276	0.27526395173454
7277276	0.277455249153362
7277276	0.279524807826695
7277276	0.269360269360269
7277276	0.271645021645022
7277276	0.262113617376775
7277276	0.264569469651139
7277276	0.278199883109293
7277276	0.291148775894539
7277276	0.2816029143898
7277276	0.272518949409484
7277276	0.285031575354156
7277276	0.296957671957672
7277276	0.287820512820513
7277276	0.279098679098679
7277276	0.270767375244987
7277276	0.282411472051507
7277276	0.274225632281898
7277276	0.266390614216701
7277276	0.287055667337358
7277276	0.288341158059468
7277276	0.280441400304414
7277276	0.272861902998889
7277276	0.292252252252252
7277276	0.293333333333333
7277276	0.285714285714286
7277276	0.278388278388278
7277276	0.288218111002921
7277276	0.297679324894515
7277276	0.315020576131687
7277276	0.323597310047175
7277276	0.339896170046038
7277276	0.339739912029069
7277276	0.331746031746032
7277276	0.331782945736434
7277276	0.324155751581574
7277276	0.316788575409265
7277276	0.324651004426285
7277276	0.324843945068664
7277276	0.325030525030525
7277276	0.332457397674789
7277276	0.339644693782141
7277276	0.339510409517273
7277276	0.339380365808137
7277276	0.339254385964912
7277276	0.332259450171821
7277276	0.339084087243145
7277276	0.332233903662475
7277276	0.332255892255892
7277276	0.332277227722772
7277276	0.345369831100757
7277276	0.338663620788121
7277276	0.338561115260144
7277276	0.332112332112332
7277276	0.325846061695118
7277276	0.319755481102686
7277276	0.326179762316834
7277276	0.320194812549553
7277276	0.320433694745621
7277276	0.326672126672127
7277276	0.326791076791077
7277276	0.332806573957016
7277276	0.344511721782332
7277276	0.338520213577422
7277276	0.332683658170915
7277276	0.344090775125258
7277276	0.349558163117485
7277276	0.343683236006267
7277276	0.354621848739496
7277276	0.359779614325069
7277276	0.353881587860724
7277276	0.358967524101471
7277276	0.358554069411662
7277276	0.358150537634409
7277276	0.352465608465609
7277276	0.352164312794234
7277276	0.357078412073491
7277276	0.351542312661499
7277276	0.351262174517988
7277276	0.356077510275984
7277276	0.365833911635438
7277276	0.360332649806334
7277276	0.354954550555493
7277276	0.349695964621338
7277276	0.354357298474946
7277276	0.35891655932446
7277276	0.353714870058888
7277276	0.353421610537657
7277276	0.348372730387119
7277276	0.343431273218507
7277276	0.338594213032331
7277276	0.338520634295282
7277276	0.343078218078218
7277276	0.338346104725415
7277276	0.338277436624154
7277276	0.333675022520424
7277276	0.338174909603481
7277276	0.338109922002539
7277276	0.342490678598061
7277276	0.346784400294334
7277276	0.350993377483444
7277276	0.355119825708061
7277276	0.350507879919645
7277276	0.345985197598101
7277276	0.341549489936587
7277276	0.337198541020197
7277276	0.332930205057916
7277276	0.328742403736433
7277276	0.324633123689728
7277276	0.320600414078675
7277276	0.316642384275235
7277276	0.312757201646091
7277276	0.308943089430894
7277276	0.30519832471052
7277276	0.301521236460996
7277276	0.297910203689008
7277276	0.306268415549853
7277276	0.306588710434864
7277276	0.302981784429748
7277276	0.311134044260979
7277276	0.311392175529262
7277276	0.307792265985572
7277276	0.304254423847806
7277276	0.300777230432403
7277276	0.297359307359307
7277276	0.297765793528505
7277276	0.294420110455151
7277276	0.291130500282468
7277276	0.2915994206497
7277276	0.295743810108451
7277276	0.292493878129237
7277276	0.296583198222542
7277276	0.296982656212877
7277276	0.297375636506071
7277276	0.301346507798121
7277276	0.305253675272651
7277276	0.302006295748474
7277276	0.298810461931029
7277276	0.302682632507194
7277276	0.303003582254065
7277276	0.310263961605585
7277276	0.310503022452504
7277276	0.314174812599042
7277276	0.314371310247599
7277276	0.311163439734868
7277276	0.311388514796782
7277276	0.311610179630484
7277276	0.311828502783277
7277276	0.308710217755444
7277276	0.312271973466003
7277276	0.315780831814525
7277276	0.315953762863971
7277276	0.31285617695354
7277276	0.319560019129603
7277276	0.316457494672034
7277276	0.313399934337039
7277276	0.310386473429952
7277276	0.307416267942584
7277276	0.304488493962178
7277276	0.304761904761905
7277276	0.30188679245283
7277276	0.305311955590988
7277276	0.302458572828456
7277276	0.305846555096718
7277276	0.303014642549526
7277276	0.303294077487626
7277276	0.300511563015262
7277276	0.303855445240389
7277276	0.31018403210184
7277276	0.307376936788702
7277276	0.304607775196011
7277276	0.304865403520112
7277276	0.311071962417254
7277276	0.311269841269841
7277276	0.314414945919371
7277276	0.311644770184398
7277276	0.308911044130149
7277276	0.30912433923236
7277276	0.309334852224543
7277276	0.312428634167765
7277276	0.309735283873215
7277276	0.307076611908638
7277276	0.307301028331071
7277276	0.304685700430381
7277276	0.310578194494531
7277276	0.313583160504422
7277276	0.31374912834332
7277276	0.313913012903906
7277276	0.311297071129707
7277276	0.311479944674965
7277276	0.308905730256164
7277276	0.314593748937183
7277276	0.320211832962288
7277276	0.320318947251032
7277276	0.31771472816769
7277276	0.317841194606278
7277276	0.317966131208916
7277276	0.315412186379928
7277276	0.312888888888889
7277276	0.315707835325365
7277276	0.318493222875693
7277276	0.315975489888533
7277276	0.313487493905159
7277276	0.3162575266327
7277276	0.313786764705882
7277276	0.316532911802854
7277276	0.319247126956837
7277276	0.316781898177247
7277276	0.316909216909217
7277276	0.317035072207486
7277276	0.317159486414554
7277276	0.319817335694037
7277276	0.319919729615547
7277276	0.325052410901468
7277276	0.325114673476143
7277276	0.322679357569955
7277276	0.325246427040826
7277276	0.322828237992195
7277276	0.322906053513241
7277276	0.3254430322081
7277276	0.325501049128138
7277276	0.323116426057603
7277276	0.328057182071781
7277276	0.33294403892944
7277276	0.33536231884058
7277276	0.335347669125726
7277276	0.337731259036092
7277276	0.337699732686969
7277276	0.335287591739205
7277276	0.337646161667514
7277276	0.33761557423252
