48206781	0.333333333333333
48206781	0.111111111111111
48206781	0.222222222222222
48206781	0.133333333333333
48206781	0.0888888888888889
48206781	0.0634920634920635
48206781	0.0476190476190476
48206781	0.037037037037037
48206781	0.0962962962962963
48206781	0.139393939393939
48206781	0.171717171717172
48206781	0.145299145299145
48206781	0.172161172161172
48206781	0.149206349206349
48206781	0.130555555555556
48206781	0.115196078431373
48206781	0.10239651416122
48206781	0.0916179337231969
48206781	0.0824561403508772
48206781	0.0746031746031746
48206781	0.0678210678210678
48206781	0.0619235836627141
48206781	0.0567632850241546
48206781	0.0788888888888889
48206781	0.0984615384615385
48206781	0.0911680911680912
48206781	0.0846560846560847
48206781	0.124794745484401
48206781	0.116475095785441
48206781	0.108960573476703
48206781	0.102150537634409
48206781	0.095959595959596
48206781	0.0903149138443256
48206781	0.0851540616246499
48206781	0.117460317460317
48206781	0.111111111111111
48206781	0.105263157894737
48206781	0.116959064327485
48206781	0.144444444444444
48206781	0.153658536585366
48206781	0.146341463414634
48206781	0.13953488372093
48206781	0.163495419309373
48206781	0.156228956228956
48206781	0.163929146537842
48206781	0.199506629663891
48206781	0.205082742316785
48206781	0.223922902494331
48206781	0.214965986394558
48206781	0.232679738562092
48206781	0.223730517848165
48206781	0.240445089501693
48206781	0.231539715816445
48206781	0.223120089786757
48206781	0.227056277056277
48206781	0.23078529657477
48206781	0.234321435773341
48206781	0.226378336255601
48206781	0.218832391713748
48206781	0.211657559198543
48206781	0.20482989599859
48206781	0.198327359617682
48206781	0.19212962962963
48206781	0.186217948717949
48206781	0.180574980574981
48206781	0.175184682647369
48206781	0.17003219198127
48206781	0.184427394146064
48206781	0.179158040027605
48206781	0.19289067739772
48206781	0.19679186228482
48206781	0.191400304414003
48206781	0.195236332222634
48206781	0.19003003003003
48206781	0.193801169590643
48206781	0.188767372977899
48206781	0.192474192474192
48206781	0.187601428107757
48206781	0.182911392405063
48206781	0.178395061728395
48206781	0.174043962661849
48206781	0.169850132236262
48206781	0.165806081468732
48206781	0.161904761904762
48206781	0.158139534883721
48206781	0.154504143277199
48206781	0.158568443051202
48206781	0.162495743956418
48206781	0.158884727424053
48206781	0.155392755392755
48206781	0.152014652014652
48206781	0.148745519713262
48206781	0.14558072142149
48206781	0.142515864128406
48206781	0.139546783625731
48206781	0.136669530355097
48206781	0.133880356266218
48206781	0.131175702604274
48206781	0.141885521885522
48206781	0.152277227722772
48206781	0.155827347440626
48206781	0.152801573703915
48206781	0.149863081901917
48206781	0.147008547008547
48206781	0.144234800838574
48206781	0.160230412037853
48206781	0.169608861197646
48206781	0.17261297995243
48206781	0.181595774256325
48206781	0.184329784329784
48206781	0.181038181038181
48206781	0.177833965444585
48206781	0.174714071313978
48206781	0.177472667175184
48206781	0.18015992003998
48206781	0.182778268985166
48206781	0.190979767250954
48206781	0.187770023263543
48206781	0.184640522875817
48206781	0.181588613406795
48206781	0.189540712640564
48206781	0.1864587498334
48206781	0.183451350642539
48206781	0.191182795698925
48206781	0.188148148148148
48206781	0.185185185185185
48206781	0.1875
48206781	0.184593023255814
48206781	0.18175313059034
48206781	0.178978273634762
48206781	0.176266481609993
48206781	0.173615857826384
48206781	0.175999700744398
48206781	0.173392297770407
48206781	0.17084241103849
48206781	0.168348361242307
48206781	0.170739447794351
48206781	0.168282765092274
48206781	0.170640630352861
48206781	0.172948328267477
48206781	0.170512436320048
48206781	0.168127647000886
48206781	0.165792540792541
48206781	0.163505747126437
48206781	0.16126594237128
48206781	0.159071847917249
48206781	0.1569222283508
48206781	0.154815889715219
48206781	0.152751677852349
48206781	0.150728476821192
48206781	0.157517137213896
48206781	0.155458089668616
48206781	0.153439153439153
48206781	0.151459293394777
48206781	0.149517507582024
48206781	0.151859110457837
48206781	0.149936843236851
48206781	0.152243717326115
48206781	0.158674004192872
48206781	0.160843685300207
48206781	0.158857960790328
48206781	0.156908783357318
48206781	0.159060302259464
48206781	0.161172702636117
48206781	0.159230862845321
48206781	0.157323906404059
48206781	0.159419256724646
48206781	0.161477411477411
48206781	0.159577677224736
48206781	0.15771127164316
48206781	0.159753388639558
48206781	0.157906528655285
48206781	0.159922928709056
48206781	0.158095238095238
48206781	0.16008658008658
48206781	0.162044170518747
48206781	0.163968767853742
