25611958	0
25611958	0.333333333333333
25611958	1
25611958	0
25611958	0.333333333333333
25611958	0.333333333333333
25611958	0
25611958	0.333333333333333
25611958	0
25611958	0
25611958	0
25611958	0
25611958	0.333333333333333
25611958	0
25611958	0
25611958	0
25611958	0
25611958	0
25611958	0.333333333333333
25611958	0.333333333333333
25611958	0.333333333333333
25611958	0
25611958	0.666666666666667
25611958	0
25611958	0.666666666666667
25611958	0.666666666666667
25611958	0.333333333333333
25611958	0.333333333333333
25611958	0.666666666666667
25611958	0.333333333333333
25611958	0.666666666666667
25611958	0
25611958	0
25611958	0
25611958	0
25611958	0
25611958	0
25611958	0.333333333333333
25611958	0
25611958	0
25611958	0
25611958	0
25611958	0
25611958	0
25611958	0
25611958	0
25611958	0
25611958	0.333333333333333
25611958	0
25611958	0.333333333333333
25611958	0.333333333333333
25611958	0.666666666666667
25611958	0.333333333333333
25611958	0
25611958	0.333333333333333
25611958	0
25611958	0
25611958	0
25611958	0
25611958	0
25611958	0.333333333333333
25611958	0
25611958	0
25611958	0
25611958	0.333333333333333
25611958	0
25611958	0
25611958	0
25611958	0
25611958	0
25611958	0
25611958	0
25611958	0.333333333333333
25611958	0
25611958	0
25611958	0.333333333333333
25611958	0.666666666666667
25611958	0
25611958	0.666666666666667
25611958	0.333333333333333
25611958	0
25611958	0
25611958	0
25611958	0
25611958	0
25611958	0.666666666666667
25611958	0
25611958	0
25611958	0
25611958	0
25611958	0
25611958	0
25611958	0.333333333333333
25611958	0
25611958	0
25611958	0
25611958	0
25611958	0
25611958	0
25611958	0
25611958	0
25611958	0
25611958	0
25611958	0.666666666666667
25611958	0.666666666666667
25611958	0
25611958	0
25611958	0
25611958	0.666666666666667
25611958	0
25611958	0.333333333333333
25611958	0
25611958	0
25611958	0
25611958	0.333333333333333
25611958	0.333333333333333
25611958	0
25611958	0.666666666666667
25611958	0
25611958	0
25611958	0
25611958	0
25611958	0
25611958	0.666666666666667
25611958	0.333333333333333
25611958	0.333333333333333
25611958	0
25611958	0
25611958	0
25611958	0
25611958	0.666666666666667
25611958	0.333333333333333
25611958	0
25611958	0.666666666666667
25611958	0
25611958	0
25611958	0
25611958	0
25611958	0
25611958	0.666666666666667
25611958	0.333333333333333
25611958	0.333333333333333
25611958	0
25611958	0
25611958	0
25611958	0.333333333333333
25611958	0
25611958	0.333333333333333
25611958	0.666666666666667
25611958	0
25611958	0
25611958	0
25611958	0
25611958	0
25611958	0
25611958	0
25611958	0.333333333333333
25611958	0
