34470266	0.333333333333333
34470266	0
34470266	0
34470266	0.333333333333333
34470266	0
34470266	0.333333333333333
34470266	0
34470266	0
34470266	0
34470266	0
34470266	0.333333333333333
34470266	0
34470266	0
34470266	0
34470266	0.333333333333333
34470266	0.333333333333333
34470266	0
34470266	0
34470266	0.333333333333333
34470266	0.333333333333333
34470266	0
34470266	0
34470266	0.333333333333333
34470266	1
34470266	0
34470266	0.333333333333333
34470266	0.333333333333333
34470266	1
34470266	0
34470266	0.666666666666667
34470266	0.333333333333333
34470266	0.333333333333333
34470266	0.333333333333333
34470266	0.666666666666667
34470266	0.333333333333333
34470266	0.666666666666667
34470266	0
34470266	0
34470266	0
34470266	0
34470266	0
34470266	0.666666666666667
34470266	0.333333333333333
34470266	0.666666666666667
34470266	0
34470266	0.333333333333333
34470266	0.666666666666667
34470266	0
34470266	0
34470266	0.666666666666667
34470266	0.333333333333333
34470266	0.666666666666667
34470266	0
34470266	0
34470266	0
34470266	0.333333333333333
34470266	0
34470266	0.333333333333333
34470266	0
34470266	0
34470266	0.333333333333333
34470266	0
