23981055	0
23981055	0
23981055	0.333333333333333
23981055	0.333333333333333
23981055	0.222222222222222
23981055	0.158730158730159
23981055	0.119047619047619
23981055	0.0925925925925926
23981055	0.0740740740740741
23981055	0.121212121212121
23981055	0.101010101010101
23981055	0.0854700854700855
23981055	0.120879120879121
23981055	0.104761904761905
23981055	0.133333333333333
23981055	0.156862745098039
23981055	0.213507625272331
23981055	0.226120857699805
23981055	0.203508771929825
23981055	0.247619047619048
23981055	0.285714285714286
23981055	0.260869565217391
23981055	0.239130434782609
23981055	0.273333333333333
23981055	0.303589743589744
23981055	0.330484330484331
23981055	0.306878306878307
23981055	0.285714285714286
23981055	0.288888888888889
23981055	0.291756272401434
23981055	0.273521505376344
23981055	0.256944444444444
23981055	0.261437908496732
23981055	0.246498599439776
23981055	0.232804232804233
23981055	0.22022022022022
23981055	0.208629682313893
23981055	0.197930724246514
23981055	0.188034188034188
23981055	0.178861788617886
23981055	0.170344560588463
23981055	0.162421557770395
23981055	0.170190274841438
23981055	0.162626262626263
23981055	0.199033816425121
23981055	0.190564292321924
23981055	0.210401891252955
23981055	0.201814058956916
23981055	0.193741496598639
23981055	0.186143790849673
23981055	0.191804927099045
23981055	0.184567005321722
23981055	0.177731190309807
23981055	0.195510662177329
23981055	0.188528138528139
23981055	0.181913116123642
23981055	0.175640250050413
23981055	0.169686343269043
23981055	0.186252354048964
23981055	0.180145719489982
23981055	0.174334567248369
23981055	0.168800136542072
23981055	0.173941798941799
23981055	0.189102564102564
23981055	0.183372183372183
23981055	0.18784863560983
23981055	0.19212759730758
23981055	0.186558681443592
23981055	0.181228433402347
23981055	0.176123407109323
23981055	0.189749608763693
23981055	0.193683409436834
23981055	0.188448722695298
23981055	0.183423423423423
23981055	0.17859649122807
23981055	0.173957621326042
23981055	0.16949716949717
23981055	0.173644920480364
23981055	0.177637130801688
23981055	0.173251028806584
23981055	0.185285556559269
23981055	0.180820844353022
23981055	0.17651558615414
23981055	0.188048552754435
23981055	0.206931144550844
23981055	0.202174106745077
23981055	0.220306513409962
23981055	0.237827715355805
23981055	0.254764877236787
23981055	0.271143671143671
23981055	0.265249243510113
23981055	0.266713417484806
23981055	0.26813086250286
23981055	0.262486002239642
23981055	0.277850877192982
23981055	0.272121993127148
23981055	0.266568483063328
23981055	0.261183261183261
23981055	0.255959595959596
23981055	0.264092409240924
23981055	0.271986022131625
23981055	0.273177232057872
23981055	0.274334080159323
23981055	0.281807081807082
23981055	0.282779275232105
23981055	0.277493681302533
23981055	0.272354909426561
23981055	0.267357571638917
23981055	0.268557130942452
23981055	0.275730275730276
23981055	0.270806520806521
23981055	0.266013485040034
23981055	0.261346581793717
23981055	0.256801423849479
23981055	0.252373813093453
23981055	0.248059730818352
23981055	0.249505046115216
23981055	0.256516165788349
23981055	0.252240896358543
23981055	0.253581267217631
23981055	0.265817639886194
23981055	0.266915456039806
23981055	0.262610368039164
23981055	0.269075268817204
23981055	0.264804232804233
23981055	0.265883431237762
23981055	0.277354002624672
23981055	0.278221899224806
23981055	0.27906976744186
23981055	0.28498727735369
23981055	0.280669288302876
23981055	0.276448697501329
23981055	0.282272846294842
23981055	0.283029297954671
23981055	0.278867102396514
23981055	0.279662229855446
23981055	0.285270989809232
23981055	0.281166371250825
23981055	0.28191161356629
23981055	0.277912867274569
23981055	0.28338827289981
23981055	0.293410814537575
23981055	0.289335664335664
23981055	0.285344827586207
23981055	0.286002204377263
23981055	0.286646165315441
23981055	0.287277072991359
23981055	0.287895277828164
23981055	0.284056674123788
23981055	0.293539367181751
23981055	0.289677007087255
23981055	0.28589037954363
23981055	0.286506521800639
23981055	0.287110738723642
23981055	0.287703336090433
23981055	0.284038325439599
23981055	0.280442903598592
23981055	0.276915319905528
23981055	0.277620545073375
23981055	0.278312629399586
23981055	0.278991897349385
23981055	0.275568683884976
23981055	0.272208090179061
23981055	0.268908598176891
23981055	0.269684799805282
23981055	0.270447057691845
23981055	0.271195703830434
23981055	0.271931060392599
23981055	0.268731871446804
23981055	0.265588808622864
23981055	0.262500566662133
23981055	0.259465878030201
23981055	0.264146346865103
