10428603	0.333333333333333
10428603	0.666666666666667
10428603	0.666666666666667
10428603	0.333333333333333
10428603	0.333333333333333
10428603	0.333333333333333
10428603	0
10428603	0.333333333333333
10428603	0.666666666666667
10428603	0
10428603	0
10428603	0
10428603	0.333333333333333
10428603	0
10428603	0.333333333333333
10428603	0.333333333333333
10428603	0
10428603	0
10428603	0.666666666666667
10428603	0.666666666666667
10428603	0.333333333333333
10428603	0.333333333333333
10428603	1
10428603	0
10428603	0
10428603	0
10428603	0
10428603	0
10428603	0
10428603	0
10428603	0
10428603	0
10428603	0
10428603	0
10428603	0
10428603	0.666666666666667
10428603	0
10428603	0
10428603	0
10428603	0
10428603	0.333333333333333
10428603	0.333333333333333
10428603	0.666666666666667
10428603	0
10428603	0
10428603	0.666666666666667
10428603	0
