14170591	0
14170591	0
14170591	0
14170591	0
14170591	0
14170591	0.0952380952380952
14170591	0.0714285714285714
14170591	0.0555555555555556
14170591	0.0444444444444444
14170591	0.0363636363636364
14170591	0.0303030303030303
14170591	0.0256410256410256
14170591	0.021978021978022
14170591	0.0190476190476191
14170591	0.0166666666666667
14170591	0.0147058823529412
14170591	0.0130718954248366
14170591	0.0116959064327485
14170591	0.0771929824561404
14170591	0.133333333333333
14170591	0.121212121212121
14170591	0.110671936758893
14170591	0.101449275362319
14170591	0.0933333333333334
14170591	0.0861538461538462
14170591	0.0797720797720798
14170591	0.0740740740740741
14170591	0.0689655172413793
14170591	0.064367816091954
14170591	0.103225806451613
14170591	0.0967741935483871
14170591	0.131313131313131
14170591	0.123588829471182
14170591	0.116526610644258
14170591	0.128571428571429
14170591	0.121621621621622
14170591	0.115220483641536
14170591	0.109311740890688
14170591	0.103846153846154
14170591	0.115040650406504
14170591	0.109562524196671
14170591	0.104466592838686
14170591	0.0997181113460183
14170591	0.0952861952861953
14170591	0.0911433172302738
14170591	0.0872648781991983
14170591	0.083628841607565
14170591	0.0802154195011338
14170591	0.0770068027210884
14170591	0.0739869281045752
14170591	0.07114127702363
14170591	0.0684567005321722
14170591	0.0782669461914745
14170591	0.0875420875420876
14170591	0.0844155844155844
14170591	0.0814536340852131
14170591	0.113127646702964
14170591	0.109292811221508
14170591	0.105649717514124
14170591	0.113114754098361
14170591	0.130971267407016
14170591	0.147977470558116
14170591	0.143353174603175
14170591	0.138942307692308
14170591	0.134731934731935
14170591	0.130710085933967
14170591	0.126865671641791
14170591	0.123188405797101
14170591	0.119668737060041
14170591	0.116297786720322
14170591	0.113067292644757
14170591	0.109969558599696
14170591	0.106997408367271
14170591	0.104144144144144
14170591	0.10140350877193
14170591	0.0987696514012304
14170591	0.0962370962370962
14170591	0.0938007140538786
14170591	0.0914556962025316
14170591	0.0891975308641975
14170591	0.0870219813309244
14170591	0.0849250661181311
14170591	0.082903040734366
14170591	0.080952380952381
14170591	0.0790697674418605
