37579630	0.333333333333333
37579630	0.111111111111111
37579630	0.0555555555555556
37579630	0.0333333333333333
37579630	0.0222222222222222
37579630	0.0158730158730159
37579630	0.0119047619047619
37579630	0.00925925925925926
37579630	0.00740740740740741
37579630	0.00606060606060606
37579630	0.00505050505050505
37579630	0.00427350427350427
37579630	0.00366300366300366
37579630	0.00317460317460318
37579630	0.0444444444444444
37579630	0.0392156862745098
37579630	0.0348583877995643
37579630	0.0311890838206628
37579630	0.0614035087719298
37579630	0.0555555555555556
37579630	0.0505050505050505
37579630	0.075098814229249
37579630	0.124396135265701
37579630	0.141111111111111
37579630	0.155897435897436
37579630	0.144349477682811
37579630	0.134038800705467
37579630	0.147783251231527
37579630	0.182375478927203
37579630	0.170609318996416
37579630	0.15994623655914
37579630	0.150252525252525
37579630	0.141414141414141
37579630	0.152380952380952
37579630	0.143915343915344
37579630	0.172172172172172
37579630	0.198198198198198
37579630	0.205128205128205
37579630	0.211538461538462
37579630	0.201219512195122
37579630	0.191637630662021
37579630	0.182724252491694
