39167800	0.333333333333333
39167800	0.111111111111111
39167800	0.0555555555555556
39167800	0.0333333333333333
39167800	0.0222222222222222
39167800	0.0158730158730159
39167800	0.0119047619047619
39167800	0.00925925925925926
39167800	0.0740740740740741
39167800	0.0606060606060606
39167800	0.106060606060606
39167800	0.0897435897435898
39167800	0.0769230769230769
39167800	0.0666666666666667
39167800	0.0583333333333333
39167800	0.0906862745098039
39167800	0.0806100217864924
39167800	0.0721247563352827
39167800	0.0649122807017544
39167800	0.0587301587301587
39167800	0.0533910533910534
39167800	0.0487483530961792
39167800	0.0446859903381643
39167800	0.0411111111111111
39167800	0.037948717948718
39167800	0.0351377018043685
39167800	0.0326278659611993
39167800	0.0303776683087028
39167800	0.0283524904214559
39167800	0.0265232974910394
39167800	0.0248655913978495
39167800	0.0233585858585859
39167800	0.0219845513963161
39167800	0.0207282913165266
39167800	0.0195767195767196
39167800	0.0185185185185185
39167800	0.0175438596491228
39167800	0.0166441745389114
39167800	0.0158119658119658
39167800	0.0150406504065041
39167800	0.0143244289585753
39167800	0.0136581764488741
39167800	0.0130373502466526
39167800	0.0272727272727273
39167800	0.0260869565217391
39167800	0.0391612704286155
39167800	0.0375295508274232
39167800	0.0496031746031746
39167800	0.0476190476190476
39167800	0.0718954248366013
39167800	0.107591754650578
39167800	0.103531688437349
39167800	0.0996971814581878
39167800	0.120314253647587
39167800	0.116017316017316
39167800	0.111946532999165
39167800	0.119580560596895
39167800	0.138125852328073
39167800	0.155743879472693
39167800	0.161566484517304
39167800	0.156354662436101
39167800	0.172555043522786
39167800	0.167162698412698
39167800	0.162019230769231
39167800	0.157109557109557
39167800	0.152419719583899
39167800	0.147936786654961
39167800	0.143648763853367
39167800	0.139544513457557
39167800	0.135613682092555
39167800	0.15962441314554
39167800	0.155251141552511
39167800	0.151055164753795
39167800	0.147027027027027
39167800	0.143157894736842
39167800	0.139439507860561
39167800	0.135864135864136
39167800	0.132424537487829
39167800	0.137447257383966
39167800	0.134053497942387
39167800	0.13891398173241
39167800	0.1516309138995
39167800	0.163893669917766
39167800	0.160037348272642
39167800	0.156315549475604
39167800	0.160384923817161
39167800	0.164315569487983
39167800	0.168113721484508
39167800	0.164377861007075
39167800	0.160765160765161
39167800	0.157270265965918
39167800	0.168225027271311
39167800	0.164645771371921
39167800	0.168197088465846
39167800	0.171637426900585
39167800	0.168098510882016
39167800	0.171470650115716
39167800	0.174740603312032
39167800	0.171245791245791
39167800	0.167854785478548
39167800	0.171099462887465
39167800	0.187194618947903
39167800	0.183594722429674
39167800	0.18009768009768
39167800	0.176699610661875
39167800	0.173396814200905
39167800	0.176358601592246
39167800	0.179238871899422
39167800	0.182040589380039
39167800	0.190772590772591
39167800	0.193318318318318
39167800	0.189896755162242
39167800	0.186565233141852
39167800	0.189117721840834
39167800	0.185857071464268
39167800	0.188378033205619
39167800	0.19083490269931
39167800	0.193229834306604
39167800	0.195564892623716
39167800	0.208861340679523
39167800	0.210901865149257
39167800	0.212892620729486
39167800	0.209458868782236
39167800	0.20610752688172
39167800	0.208126984126984
39167800	0.210098737657793
39167800	0.212024278215223
39167800	0.21390503875969
39167800	0.210614192009541
39167800	0.207398708162067
39167800	0.214357313593955
39167800	0.216146426672742
39167800	0.212920360603
39167800	0.214704256495301
39167800	0.216448801742919
39167800	0.213288965221125
39167800	0.21019782079763
39167800	0.221561880930039
39167800	0.218396711202467
39167800	0.215298885511651
39167800	0.221656178203976
39167800	0.218556091795528
39167800	0.215520590520591
39167800	0.212547892720307
39167800	0.209636277751535
39167800	0.215854378280993
39167800	0.212937427223142
39167800	0.210079206723502
39167800	0.216167039522744
39167800	0.217718910963944
39167800	0.219240153363541
39167800	0.225088865955739
39167800	0.22216563393034
39167800	0.22360005585812
39167800	0.225006892748828
39167800	0.222140562904894
39167800	0.219328657045339
39167800	0.216569806013322
39167800	0.226362683438155
39167800	0.223550724637681
39167800	0.220790839148327
39167800	0.226261708197632
39167800	0.23569754102449
39167800	0.236881005173688
39167800	0.234027017159547
39167800	0.23122429839117
39167800	0.232439882140481
39167800	0.233633887480041
39167800	0.234806822137139
39167800	0.239857814470818
39167800	0.240944739108754
39167800	0.238159250795358
39167800	0.235421788142538
39167800	0.232731253420909
39167800	0.23008658008658
39167800	0.235019688409519
39167800	0.232379017753232
39167800	0.237231393718745
39167800	0.238299193047796
39167800	0.239349294045427
39167800	0.236719082022949
39167800	0.234131988230349
39167800	0.235210263720599
39167800	0.232667450058754
39167800	0.233749878911169
39167800	0.234814942594829
39167800	0.235863010581409
