14525857	0.333333333333333
14525857	0.111111111111111
14525857	0.0555555555555556
14525857	0.166666666666667
14525857	0.222222222222222
14525857	0.349206349206349
14525857	0.345238095238095
14525857	0.268518518518519
14525857	0.348148148148148
14525857	0.284848484848485
14525857	0.237373737373737
14525857	0.252136752136752
14525857	0.263736263736264
14525857	0.273015873015873
14525857	0.280555555555556
14525857	0.247549019607843
14525857	0.22004357298475
14525857	0.196881091617934
14525857	0.17719298245614
14525857	0.16031746031746
14525857	0.145743145743146
14525857	0.133069828722003
14525857	0.121980676328502
14525857	0.112222222222222
14525857	0.103589743589744
14525857	0.0959164292497626
14525857	0.0890652557319224
14525857	0.0829228243021347
14525857	0.0773946360153257
14525857	0.0939068100358423
14525857	0.0880376344086022
14525857	0.0827020202020202
14525857	0.0778371954842543
14525857	0.0733893557422969
14525857	0.0878306878306879
14525857	0.0830830830830831
14525857	0.078710289236605
14525857	0.0746738641475484
14525857	0.070940170940171
14525857	0.067479674796748
14525857	0.0642663569492838
14525857	0.0612772240679218
14525857	0.058491895701198
14525857	0.0707070707070707
14525857	0.0821256038647343
14525857	0.0786308973172988
14525857	0.075354609929078
14525857	0.0858843537414966
14525857	0.0957823129251701
14525857	0.0920261437908497
14525857	0.101307189542484
14525857	0.0974842767295597
14525857	0.0938737479617983
14525857	0.0904601571268238
14525857	0.0872294372294372
14525857	0.0841687552213868
14525857	0.092760637225247
14525857	0.0896162088447302
14525857	0.0866290018832392
14525857	0.0947176684881603
14525857	0.102414947999295
14525857	0.0991636798088411
14525857	0.0960648148148148
14525857	0.0931089743589744
14525857	0.1003885003885
14525857	0.0973918287351123
14525857	0.0945273631840796
14525857	0.0917874396135266
14525857	0.0891649413388544
14525857	0.086653252850436
14525857	0.084246218049035
14525857	0.0819381024860477
14525857	0.079723559175614
14525857	0.0775975975975976
14525857	0.0755555555555556
14525857	0.0735930735930736
14525857	0.0717060717060717
14525857	0.0698907281185762
14525857	0.0681434599156118
14525857	0.0664609053497943
14525857	0.0648399076583359
14525857	0.063277500244882
14525857	0.0697074010327023
14525857	0.0837535014005603
14525857	0.0818057455540356
14525857	0.0875879889512608
14525857	0.0855973528387322
14525857	0.0836738168198843
14525857	0.0818143986683313
14525857	0.08001628001628
14525857	0.0782767956681
14525857	0.0765934237182484
14525857	0.0749637764050942
14525857	0.0733855916386712
14525857	0.0788011695906433
14525857	0.084049255441008
14525857	0.0959394066905113
14525857	0.107469250326393
14525857	0.105319865319865
14525857	0.10983498349835
14525857	0.107681356370931
14525857	0.105590456247224
14525857	0.109970126960418
14525857	0.107875457875458
14525857	0.105840071877808
14525857	0.103861752777288
14525857	0.101938386985116
14525857	0.100067957866123
14525857	0.104309146510981
14525857	0.102429702429702
14525857	0.106552981552982
14525857	0.104667088074168
14525857	0.102830823371112
14525857	0.101042461225528
14525857	0.105047476261869
14525857	0.103251792906965
14525857	0.101501762518712
14525857	0.0997958505436073
14525857	0.0981325863678805
14525857	0.102020202020202
14525857	0.100347739692002
14525857	0.0987160691279044
14525857	0.0971238744645511
14525857	0.0955698924731183
14525857	0.0940529100529101
14525857	0.0925717618631005
14525857	0.0911253280839895
14525857	0.0897125322997416
14525857	0.0883323394951302
14525857	0.0869837541593267
14525857	0.090716323540751
14525857	0.0893521682995367
14525857	0.0880185538473048
14525857	0.0867145752717892
14525857	0.085439360929557
14525857	0.0890582510376413
14525857	0.097429387496033
14525857	0.0960275258054426
14525857	0.0994176087701268
14525857	0.0980074299223236
14525857	0.0966270435853894
14525857	0.095275616402377
14525857	0.093952343952344
14525857	0.101851851851852
14525857	0.100456621004566
14525857	0.0990898642562048
14525857	0.0977508120365263
14525857	0.0964387205997944
14525857	0.104041759880686
14525857	0.102663723325975
14525857	0.10131288486116
14525857	0.104345831900012
14525857	0.10731969555499
14525857	0.114537075827398
14525857	0.113068651778329
14525857	0.115874571288584
14525857	0.122846623128813
14525857	0.125494254703713
14525857	0.136425576519916
14525857	0.138871635610766
14525857	0.141272397311045
14525857	0.143628973213159
14525857	0.145942441019502
14525857	0.144173441734417
14525857	0.14243641231593
14525857	0.140730587018734
14525857	0.139055222887558
14525857	0.141354372123603
14525857	0.147534516765286
14525857	0.149707602339181
14525857	0.155718754249966
14525857	0.153918537437828
14525857	0.152149358846588
14525857	0.150410509031199
14525857	0.148701298701299
14525857	0.147021058038007
14525857	0.14536913603758
14525857	0.143744899880736
14525857	0.142147734326505
14525857	0.140577041129527
14525857	0.139032238479752
14525857	0.13751276046358
14525857	0.136018056545498
14525857	0.138151194672934
14525857	0.136665697956021
14525857	0.138769095125831
14525857	0.137292828156408
14525857	0.135839993996022
14525857	0.13441009932238
14525857	0.136493065123542
14525857	0.138543484584061
14525857	0.137107800805987
14525857	0.13913074444029
14525857	0.141122565864834
14525857	0.143083900226757
14525857	0.145015366552712
14525857	0.143550564870362
14525857	0.142107845625434
14525857	0.140686767169179
14525857	0.139286898839138
14525857	0.13790782063281
14525857	0.136549122892585
14525857	0.141746353713899
14525857	0.146867527498804
14525857	0.145441629173573
14525857	0.15047761987399
14525857	0.15544097609315
14525857	0.153953502637713
14525857	0.152487278803068
14525857	0.15420145941473
14525857	0.159036036841635
14525857	0.163802521628724
14525857	0.162271656940605
14525857	0.160762153155111
14525857	0.159273614699971
14525857	0.160877851738067
14525857	0.15940190814414
14525857	0.164034463016491
14525857	0.162543240625432
14525857	0.164088852324146
14525857	0.165613577378283
14525857	0.164128253814352
14525857	0.162662822976724
14525857	0.161216931216931
14525857	0.162740085217961
14525857	0.16717996699284
14525857	0.165713476054306
14525857	0.164266196787456
14525857	0.168634896525536
14525857	0.170060857017379
14525857	0.17146837836493
14525857	0.172857777120024
