3475627	0.333333333333333
3475627	0.333333333333333
3475627	0.5
3475627	0.7
3475627	0.8
3475627	0.761904761904762
3475627	0.571428571428571
3475627	0.518518518518519
3475627	0.481481481481482
3475627	0.515151515151515
3475627	0.540404040404041
3475627	0.508547008547009
3475627	0.483516483516484
3475627	0.463492063492064
3475627	0.447222222222222
3475627	0.433823529411765
3475627	0.496732026143791
3475627	0.514619883040936
3475627	0.463157894736842
3475627	0.419047619047619
3475627	0.380952380952381
3475627	0.347826086956522
3475627	0.374396135265701
3475627	0.371111111111111
3475627	0.342564102564103
3475627	0.317188983855651
3475627	0.294532627865961
3475627	0.274220032840723
3475627	0.27816091954023
3475627	0.281720430107527
3475627	0.264112903225806
3475627	0.268308080808081
3475627	0.252525252525253
3475627	0.257142857142857
3475627	0.261375661375661
3475627	0.247247247247247
3475627	0.234234234234234
3475627	0.222222222222222
3475627	0.211111111111111
3475627	0.200813008130081
3475627	0.191250483933411
3475627	0.182355112587671
3475627	0.189217758985201
3475627	0.21043771043771
3475627	0.201288244766506
3475627	0.22109158186864
3475627	0.211879432624113
3475627	0.230442176870748
3475627	0.221224489795918
3475627	0.212549019607843
3475627	0.204374057315234
3475627	0.1966618287373
3475627	0.189378057302586
3475627	0.206734006734007
3475627	0.223160173160173
3475627	0.215329991645781
3475627	0.219399072393628
3475627	0.211961815702318
3475627	0.216007532956686
3475627	0.219854280510018
3475627	0.223514895117222
3475627	0.21641918416112
3475627	0.220072751322751
3475627	0.213301282051282
3475627	0.206837606837607
3475627	0.200663349917081
3475627	0.204565408252853
3475627	0.208297811878375
3475627	0.211870255348516
3475627	0.215291750503018
3475627	0.209311424100157
3475627	0.203576864535769
3475627	0.198074787115883
3475627	0.201681681681682
3475627	0.196374269005848
3475627	0.19127363864206
3475627	0.203463203463204
3475627	0.215189873417722
3475627	0.209810126582279
3475627	0.20462962962963
3475627	0.20776874435411
3475627	0.202762268586541
3475627	0.213807611397973
3475627	0.208776844070962
3475627	0.203921568627451
3475627	0.199233716475096
3475627	0.202281435040056
3475627	0.212717058222676
3475627	0.207990012484395
3475627	0.203418803418803
3475627	0.198996655518395
3475627	0.194717157550257
3475627	0.190574239304507
3475627	0.186562150055991
3475627	0.189619883040936
3475627	0.206328751431844
3475627	0.208920681674732
3475627	0.204700061842919
3475627	0.200606060606061
3475627	0.196633663366337
3475627	0.192778101339546
3475627	0.189034837235865
3475627	0.185399551904406
3475627	0.181868131868132
3475627	0.178436657681941
3475627	0.175101393052372
3475627	0.184204453674859
3475627	0.180824555442292
3475627	0.177536836252433
3475627	0.186349986349986
3475627	0.183022308022308
3475627	0.179782975136957
3475627	0.176628887853853
3475627	0.173557081108569
3475627	0.170564717641179
3475627	0.167649081442185
3475627	0.176107006615481
3475627	0.17874946588805
3475627	0.175770308123249
3475627	0.172865013774105
3475627	0.170031161089283
3475627	0.17268648096317
3475627	0.180653903313227
3475627	0.177763440860215
3475627	0.180232804232804
3475627	0.177394492355122
3475627	0.179831036745407
3475627	0.182210917312662
3475627	0.179407672430928
3475627	0.176668623996868
3475627	0.189143341815098
3475627	0.191311612364244
3475627	0.198406463920997
3475627	0.195467108899945
3475627	0.192592592592593
3475627	0.194647201946472
3475627	0.191826228005219
3475627	0.189066138393633
3475627	0.186365193559438
3475627	0.183721715636609
3475627	0.181134085838911
3475627	0.183262746643028
3475627	0.180717430717431
3475627	0.178224776500639
3475627	0.189481971343096
3475627	0.195974280123008
3475627	0.193325979040265
3475627	0.190730999455832
3475627	0.192632363907532
3475627	0.203325974981604
3475627	0.20065063320553
3475627	0.202385047586286
3475627	0.208414679002914
3475627	0.205725457338361
3475627	0.203087951475048
3475627	0.204747128314007
3475627	0.202155392512564
3475627	0.20380542950402
3475627	0.20125786163522
3475627	0.202898550724638
3475627	0.200393630345321
3475627	0.202024792345174
3475627	0.203626116015761
3475627	0.201157920670116
3475627	0.20275039552148
3475627	0.204314263040185
3475627	0.201881950384944
3475627	0.19949281487743
3475627	0.197145840584755
3475627	0.19484004127967
3475627	0.192574459404325
3475627	0.190348165075951
3475627	0.188160255132549
3475627	0.193628899835796
3475627	0.19521645021645
3475627	0.193010614620784
3475627	0.190841956029539
3475627	0.188709643671667
3475627	0.190316573556797
3475627	0.188213627992634
3475627	0.186145346366341
3475627	0.184110970996217
3475627	0.182109764789736
3475627	0.180141010575793
3475627	0.178204010462075
3475627	0.176298085216491
3475627	0.174422573671635
3475627	0.17610416901197
3475627	0.181267984776757
3475627	0.179369890695325
3475627	0.177501454333915
3475627	0.179116292458261
3475627	0.177269732742197
3475627	0.175451581637149
3475627	0.180463980463981
3475627	0.178631858834905
3475627	0.176827496624451
3475627	0.181750503358544
3475627	0.179932998324958
3475627	0.178142620232173
3475627	0.182979491979049
3475627	0.19102895511226
3475627	0.192424096075212
3475627	0.190546787820819
3475627	0.188696819007025
3475627	0.190094273251724
3475627	0.188266443701226
3475627	0.186464850938535
3475627	0.184688995215311
3475627	0.182938388625592
3475627	0.181212554770634
3475627	0.185770809342428
3475627	0.187149898351689
3475627	0.185408969064696
3475627	0.186778639104221
3475627	0.185057176992661
3475627	0.183359404726673
3475627	0.181684889615014
3475627	0.180033208800332
3475627	0.178403948992184
3475627	0.179799709211474
3475627	0.178187155765631
3475627	0.179572389493914
3475627	0.177976190476191
3475627	0.179351032448378
3475627	0.180707704702871
3475627	0.179122549398459
3475627	0.183380576623509
3475627	0.18178596291374
3475627	0.180212058472928
3475627	0.178658506244713
3475627	0.177124956834887
3475627	0.178460071163934
3475627	0.176941262047645
3475627	0.181091477341027
3475627	0.179563279220005
3475627	0.178054344100509
3475627	0.176564349589208
3475627	0.180648535564854
3475627	0.187448132780083
3475627	0.185898974657934
3475627	0.187112426169665
3475627	0.185578717758438
3475627	0.184063789450206
3475627	0.187987390077982
3475627	0.186465224976136
3475627	0.187649645204824
3475627	0.186142419138921
3475627	0.18465327978581
3475627	0.183181938911023
3475627	0.18172811399903
3475627	0.188196666457536
3475627	0.186714802942122
3475627	0.19047913128506
3475627	0.191595179738562
3475627	0.192698200389105
3475627	0.191204415889965
3475627	0.18972793391398
3475627	0.190832590832591
3475627	0.189370272128893
3475627	0.190469226794576
3475627	0.191555645855707
3475627	0.190104466720436
3475627	0.191185439298647
3475627	0.189747954792642
3475627	0.188326621797941
3475627	0.189408761436264
3475627	0.190478832602785
3475627	0.194006149892147
3475627	0.195034394788392
3475627	0.193600318356125
3475627	0.194624003447533
3475627	0.195636480308013
3475627	0.194213669542137
3475627	0.192806324110672
3475627	0.19141422068749
3475627	0.19003713996312
3475627	0.193453839079274
3475627	0.194452978323946
3475627	0.195441450601593
3475627	0.194055341022858
3475627	0.192683925185241
3475627	0.196021831815392
3475627	0.196985421299728
3475627	0.195607900871059
3475627	0.196567659982294
3475627	0.195202606787973
3475627	0.193851723696014
3475627	0.194813665831444
3475627	0.198056641782202
3475627	0.198983194464059
3475627	0.197624947402871
3475627	0.196280560005572
3475627	0.194949844344517
3475627	0.193632615666514
3475627	0.192328692328692
3475627	0.191037895735882
3475627	0.19421935908659
3475627	0.195146785581568
3475627	0.196064968623108
3475627	0.194766525122293
3475627	0.193480937497723
3475627	0.192208036593133
3475627	0.190947656025309
3475627	0.189699632129719
3475627	0.188463803907376
3475627	0.187240012972912
3475627	0.186028103503832
3475627	0.184827922190904
3475627	0.183639318189676
3475627	0.182462143073076
3475627	0.181296250785069
3475627	0.180141497595355
3475627	0.178997742055067
3475627	0.177864844953453
3475627	0.176742669275513
3475627	0.175631080160572
3475627	0.17452994486176
3475627	0.173439132706374
3475627	0.172358515057113
3475627	0.17128796527415
3475627	0.170227358678025
3475627	0.17123418568207
3475627	0.174283000949668
3475627	0.175258769859997
3475627	0.174186850778284
3475627	0.177189776484921
3475627	0.176112634986532
3475627	0.175045285683584
3475627	0.173987610241387
3475627	0.176955556364431
3475627	0.17589276023011
3475627	0.174839510168852
3475627	0.173795692197694
3475627	0.174745321013978
3475627	0.17370825679431
3475627	0.174652783874423
3475627	0.173622383969559
3475627	0.172601075828562
3475627	0.171588752803174
3475627	0.170585309804325
3475627	0.173477912468246
3475627	0.176345288946143
3475627	0.175322997416021
3475627	0.174309569685292
3475627	0.173304903577596
3475627	0.172308898384621
3475627	0.17132145484087
3475627	0.170342475098922
3475627	0.171271197937865
3475627	0.170298066131399
3475627	0.169333204566916
3475627	0.168376519795351
3475627	0.169305853956129
3475627	0.168354697473229
3475627	0.16927894753407
3475627	0.170195452482669
3475627	0.169247288401986
3475627	0.168307025688641
3475627	0.167374576792859
3475627	0.168291476000265
3475627	0.169200797528271
3475627	0.170102624648079
3475627	0.169170555471925
3475627	0.168246126207051
3475627	0.16732925358467
3475627	0.16823144967026
3475627	0.167319626094812
3475627	0.166415195683488
3475627	0.165518078725626
3475627	0.16462819658194
3475627	0.163745471667291
3475627	0.162869827433776
3475627	0.16200118835413
3475627	0.161139479905437
3475627	0.160284628553154
3475627	0.159436561735412
3475627	0.158595207847627
3475627	0.157760496227376
3475627	0.160431919694249
3475627	0.159591961999514
3475627	0.160499227646166
3475627	0.159663294168843
3475627	0.160565476190476
3475627	0.159733530717987
3475627	0.158908034435206
3475627	0.158088920855644
3475627	0.160703716463926
3475627	0.161588996550436
3475627	0.164172514044637
3475627	0.165035579449171
3475627	0.165892056568174
3475627	0.166742012287794
3475627	0.167585512647519
3475627	0.166739121169501
3475627	0.165899125596859
3475627	0.165065461649136
3475627	0.164238065851396
3475627	0.163416875522139
3475627	0.16260182876143
3475627	0.161792864439234
3475627	0.160989922183952
3475627	0.16019294237116
3475627	0.164340137717475
3475627	0.163530580388818
3475627	0.162726990313197
3475627	0.165197282844342
3475627	0.166019464020327
3475627	0.170087661756813
