48930038	0.666666666666667
48930038	0
48930038	0.333333333333333
48930038	0
48930038	0
48930038	0
48930038	0
48930038	0
48930038	0
48930038	0
48930038	0
48930038	0.333333333333333
48930038	0
48930038	0
48930038	0.666666666666667
48930038	0.333333333333333
48930038	0
48930038	0
48930038	0
48930038	0
48930038	0
48930038	0
48930038	0.333333333333333
48930038	0.333333333333333
48930038	0
48930038	0.666666666666667
48930038	0.666666666666667
48930038	0
48930038	0
48930038	0
48930038	0
48930038	0
48930038	0.666666666666667
48930038	0.666666666666667
48930038	0.333333333333333
48930038	0.333333333333333
48930038	0.666666666666667
48930038	0.666666666666667
48930038	0
48930038	0
48930038	0
48930038	0.333333333333333
48930038	0
48930038	0
48930038	0
48930038	0
48930038	0
48930038	0
48930038	0
48930038	0
48930038	0
48930038	0
48930038	0
