48479495	0.666666666666667
48479495	0.444444444444444
48479495	0.222222222222222
48479495	0.266666666666667
48479495	0.177777777777778
48479495	0.126984126984127
48479495	0.0952380952380953
48479495	0.0740740740740741
48479495	0.0592592592592593
48479495	0.0484848484848485
48479495	0.095959595959596
48479495	0.132478632478632
48479495	0.161172161172161
48479495	0.228571428571429
48479495	0.241666666666667
48479495	0.213235294117647
48479495	0.189542483660131
48479495	0.169590643274854
48479495	0.152631578947368
48479495	0.138095238095238
48479495	0.155844155844156
48479495	0.142292490118577
48479495	0.130434782608696
48479495	0.12
48479495	0.110769230769231
48479495	0.102564102564103
48479495	0.0952380952380952
48479495	0.0886699507389163
48479495	0.0827586206896552
48479495	0.0774193548387097
48479495	0.0725806451612903
48479495	0.0681818181818182
48479495	0.0641711229946524
48479495	0.0605042016806723
48479495	0.0571428571428571
48479495	0.0540540540540541
48479495	0.0512091038406828
48479495	0.048582995951417
48479495	0.0461538461538462
48479495	0.0439024390243902
48479495	0.0576848625629113
48479495	0.0550018456995201
48479495	0.0525017618040874
48479495	0.064983164983165
48479495	0.062157809983897
48479495	0.0595127967930928
48479495	0.057033096926714
48479495	0.0547052154195012
48479495	0.0525170068027211
