22999682	0.666666666666667
22999682	0
22999682	0
22999682	0.333333333333333
22999682	0.333333333333333
22999682	0.333333333333333
22999682	0.333333333333333
22999682	0.666666666666667
22999682	0
22999682	0
22999682	0
22999682	0
22999682	0
22999682	0
22999682	0.333333333333333
22999682	0
22999682	0
22999682	0
22999682	0
22999682	0
22999682	0.666666666666667
22999682	0
22999682	0
22999682	0
22999682	0
22999682	0.333333333333333
22999682	0
22999682	0
22999682	0.333333333333333
22999682	0.666666666666667
22999682	0.333333333333333
22999682	0
22999682	0.333333333333333
22999682	0.666666666666667
22999682	0.666666666666667
22999682	0
22999682	0.666666666666667
22999682	0.333333333333333
22999682	0
22999682	0
22999682	0.333333333333333
22999682	0
22999682	0
22999682	0.666666666666667
22999682	0
22999682	0
22999682	0.333333333333333
22999682	0
22999682	0.333333333333333
22999682	0.333333333333333
22999682	0.333333333333333
22999682	0.333333333333333
22999682	0
22999682	0.333333333333333
22999682	0.666666666666667
22999682	0
22999682	0
22999682	0
22999682	0
22999682	0.333333333333333
22999682	0
22999682	0.333333333333333
22999682	0.333333333333333
22999682	0.666666666666667
22999682	0.333333333333333
22999682	0.333333333333333
22999682	0.333333333333333
22999682	0
22999682	0.333333333333333
22999682	0.333333333333333
22999682	0
22999682	0
22999682	0.333333333333333
22999682	0
22999682	0
22999682	0
22999682	0.333333333333333
22999682	0
22999682	0
22999682	0
22999682	0
22999682	0
22999682	0
22999682	0.333333333333333
