4848122	0.666666666666667
4848122	0.222222222222222
4848122	0.111111111111111
4848122	0.0666666666666667
4848122	0.0444444444444444
4848122	0.126984126984127
4848122	0.178571428571429
4848122	0.212962962962963
4848122	0.17037037037037
4848122	0.260606060606061
4848122	0.217171717171717
4848122	0.235042735042735
4848122	0.201465201465202
4848122	0.174603174603175
4848122	0.152777777777778
4848122	0.134803921568627
4848122	0.119825708061002
4848122	0.142300194931774
4848122	0.128070175438597
4848122	0.147619047619048
4848122	0.164502164502165
4848122	0.179183135704875
4848122	0.192028985507246
4848122	0.203333333333333
4848122	0.187692307692308
4848122	0.173789173789174
4848122	0.161375661375661
4848122	0.150246305418719
4848122	0.140229885057471
4848122	0.131182795698925
4848122	0.143817204301075
4848122	0.15530303030303
4848122	0.146167557932264
4848122	0.156862745098039
4848122	0.166666666666667
4848122	0.157657657657658
4848122	0.149359886201991
4848122	0.175888439046334
4848122	0.20042735042735
4848122	0.190650406504065
4848122	0.181571815718157
4848122	0.188630490956072
4848122	0.195207892882312
4848122	0.201346801346801
4848122	0.192592592592593
4848122	0.184397163120567
4848122	0.176713947990544
4848122	0.169501133786848
4848122	0.162721088435374
4848122	0.156339869281046
4848122	0.150326797385621
4848122	0.169811320754717
4848122	0.175867691590962
4848122	0.169472502805836
4848122	0.163419913419913
4848122	0.16938178780284
4848122	0.186529542246421
4848122	0.191505941944282
4848122	0.196233521657251
4848122	0.200728597449909
4848122	0.205006169575181
4848122	0.198498037207715
4848122	0.213128306878307
4848122	0.216826923076923
4848122	0.21025641025641
4848122	0.213930348258707
4848122	0.207638279192274
4848122	0.211281614094913
4848122	0.214768806073154
4848122	0.208718980549966
4848122	0.212180490349504
4848122	0.20636732623034
4848122	0.209798839935826
4848122	0.204204204204204
4848122	0.198830409356725
4848122	0.202323991797676
4848122	0.197136197136197
4848122	0.192145407335281
4848122	0.187341772151899
4848122	0.182716049382716
4848122	0.178259560373382
4848122	0.173964149280047
4848122	0.177758653662268
4848122	0.189262371615313
4848122	0.192612859097127
4848122	0.195847812527845
4848122	0.191396725879485
4848122	0.194586312563841
4848122	0.190262172284644
4848122	0.186080586080586
4848122	0.182035355948399
4848122	0.178120617110799
4848122	0.1814230153283
4848122	0.177603583426652
4848122	0.180847953216374
4848122	0.177119129438717
4848122	0.180307174416158
4848122	0.176664605236034
4848122	0.173131313131313
4848122	0.16970297029703
4848122	0.172911408787938
4848122	0.176026397614062
4848122	0.172641274583022
4848122	0.169352869352869
4848122	0.172446840371369
4848122	0.169223534943866
4848122	0.166089765778239
4848122	0.169158455091177
4848122	0.172143452877398
4848122	0.181053781053781
4848122	0.183773058773059
4848122	0.180520438263801
4848122	0.183201366247477
4848122	0.185812356979405
4848122	0.188355822088956
4848122	0.185136064446409
4848122	0.187647882563137
4848122	0.184494136637706
4848122	0.192530345471522
4848122	0.19485766758494
4848122	0.191663279591745
4848122	0.193966857701364
4848122	0.201591048168546
4848122	0.198365591397849
4848122	0.195216931216931
4848122	0.202641336499604
4848122	0.204683398950131
4848122	0.211845930232558
4848122	0.208586762075134
4848122	0.215580348404776
4848122	0.217364484540057
4848122	0.224120908331435
4848122	0.225750944525493
4848122	0.227344757693016
4848122	0.228903413217139
4848122	0.225561757549735
4848122	0.22712366444515
4848122	0.2286518611198
4848122	0.23014731072285
4848122	0.23161094224924
4848122	0.228348816302068
4848122	0.225155126563577
4848122	0.226657601657602
4848122	0.228128991060026
4848122	0.22500393638797
4848122	0.231012953126456
4848122	0.227891156462585
4848122	0.229306487695749
4848122	0.230693512304251
4848122	0.23205298013245
4848122	0.228999651446497
4848122	0.226006191950464
4848122	0.223071046600458
4848122	0.224493785784108
4848122	0.225889164598842
4848122	0.223011595623061
4848122	0.228627482598296
4848122	0.234137409441923
4848122	0.235377358490566
4848122	0.232453416149068
4848122	0.233698847225417
4848122	0.239011335807519
4848122	0.240161604070028
4848122	0.249371766444937
4848122	0.246367287331143
4848122	0.251400812832167
4848122	0.256344453949244
4848122	0.25331079177233
4848122	0.250330664810303
4848122	0.247402820777434
4848122	0.248402012783898
4848122	0.245530313214142
4848122	0.246539543330454
4848122	0.247531472359059
4848122	0.244718614718615
4848122	0.241953432631399
4848122	0.246725491440784
4848122	0.251417571610905
4848122	0.248624043037451
4848122	0.245876816042562
4848122	0.243174873009127
4848122	0.240517224123782
4848122	0.237902906470262
4848122	0.242538190364277
4848122	0.247098711614841
4848122	0.244455944645698
4848122	0.241855349489893
4848122	0.239296033622275
4848122	0.236777128005198
4848122	0.234297786350694
4848122	0.235329406631763
4848122	0.236344991364421
4848122	0.233908445061695
4848122	0.231509384086704
4848122	0.229147043432758
4848122	0.226820677509583
4848122	0.22452955955494
4848122	0.222272981066951
4848122	0.226716917922948
4848122	0.231094527363184
4848122	0.228806462735826
4848122	0.226552211871434
4848122	0.224331111755047
4848122	0.222142515542803
4848122	0.219985792090931
4848122	0.21786032550068
4848122	0.215765514678558
4848122	0.220080358238253
4848122	0.224333561175666
4848122	0.222207176709546
4848122	0.220110882589645
4848122	0.218044113739038
4848122	0.222236847878549
4848122	0.226371078750996
4848122	0.227361469997129
4848122	0.228338169198384
4848122	0.232359531560479
4848122	0.233281666736486
4848122	0.231160924311609
4848122	0.232085561497326
4848122	0.236000706588942
4848122	0.239863181567217
4848122	0.23772154601751
4848122	0.235608465608466
