46896383	0
46896383	0
46896383	0.333333333333333
46896383	0.2
46896383	0.133333333333333
46896383	0.0952380952380952
46896383	0.0714285714285714
46896383	0.0555555555555556
46896383	0.0444444444444444
46896383	0.0363636363636364
46896383	0.196969696969697
46896383	0.166666666666667
46896383	0.190476190476191
46896383	0.253968253968254
46896383	0.305555555555556
46896383	0.308823529411765
46896383	0.311546840958606
46896383	0.313840155945419
46896383	0.315789473684211
46896383	0.349206349206349
46896383	0.378066378066378
46896383	0.345191040843215
46896383	0.344202898550725
46896383	0.343333333333333
46896383	0.316923076923077
46896383	0.293447293447294
46896383	0.272486772486773
46896383	0.322660098522168
46896383	0.301149425287356
46896383	0.303225806451613
46896383	0.325940860215054
46896383	0.306186868686869
46896383	0.288175876411171
46896383	0.271708683473389
46896383	0.293650793650794
46896383	0.295795795795796
46896383	0.315315315315315
46896383	0.333333333333333
46896383	0.316666666666667
46896383	0.333739837398374
46896383	0.317847464188928
46896383	0.303063861203396
46896383	0.289288231148696
46896383	0.276430976430976
46896383	0.27890499194847
46896383	0.281221091581869
46896383	0.28339243498818
46896383	0.271825396825397
46896383	0.300952380952381
46896383	0.289150326797386
46896383	0.303670186023127
46896383	0.31736816642477
46896383	0.305613789890519
46896383	0.30662177328844
46896383	0.307575757575758
46896383	0.296783625730994
46896383	0.286549707602339
46896383	0.27683615819209
46896383	0.267608286252354
46896383	0.291621129326047
46896383	0.292966684294024
46896383	0.283666154633897
46896383	0.274801587301587
46896383	0.297115384615385
46896383	0.288111888111888
46896383	0.279511533242877
46896383	0.271290605794557
46896383	0.263427109974425
46896383	0.255900621118012
46896383	0.248692152917505
46896383	0.241784037558685
46896383	0.235159817351598
46896383	0.237813155621375
46896383	0.24036036036036
46896383	0.234035087719298
46896383	0.227956254272044
46896383	0.230658230658231
46896383	0.224818781780807
46896383	0.244198312236287
46896383	0.246399176954733
46896383	0.256649603533072
46896383	0.250465275737095
46896383	0.252438324727481
46896383	0.246498599439776
46896383	0.248518011855905
46896383	0.250467789361133
46896383	0.252351097178683
46896383	0.246680286006129
46896383	0.256013316687474
46896383	0.25038665038665
46896383	0.266682592769549
46896383	0.28245285959171
46896383	0.276443224281248
46896383	0.270623366927958
46896383	0.264985380116959
46896383	0.273267468499427
46896383	0.267690581387194
46896383	0.26228269085412
46896383	0.257037037037037
46896383	0.265148514851485
46896383	0.259949524364201
46896383	0.254901960784314
46896383	0.256410256410256
46896383	0.257875457875458
46896383	0.253009883198562
46896383	0.254511256098278
46896383	0.262143763701396
46896383	0.257333786385774
46896383	0.264776202390881
46896383	0.26000546000546
46896383	0.255362505362505
46896383	0.256742520016856
46896383	0.263934171712467
46896383	0.259344012204424
46896383	0.272113943028486
46896383	0.267462422634836
46896383	0.262929161234246
46896383	0.275316906423586
46896383	0.270728291316527
46896383	0.266253443526171
46896383	0.267353113850878
46896383	0.263005908747612
46896383	0.269516566133403
46896383	0.265204301075269
46896383	0.266285714285714
46896383	0.262092238470191
46896383	0.257997047244095
46896383	0.253997093023256
46896383	0.250089445438283
46896383	0.246271285965942
46896383	0.242539902845246
46896383	0.238892686261107
46896383	0.235327123779598
46896383	0.241717339229777
46896383	0.238162672476398
46896383	0.234685845140976
46896383	0.231284601008498
46896383	0.227956765022764
46896383	0.224700239808154
46896383	0.221513002364066
46896383	0.232477607964572
46896383	0.229226172888145
46896383	0.226042476042476
46896383	0.232120051085568
46896383	0.238072744449693
46896383	0.234833659491194
46896383	0.231660231660232
46896383	0.233024971280005
46896383	0.229917971662938
46896383	0.240117733627667
46896383	0.236958289764146
46896383	0.242575392730192
46896383	0.252412075941488
46896383	0.253456221198157
46896383	0.250206782464847
46896383	0.259758288420709
46896383	0.256470208820447
46896383	0.253244168457925
46896383	0.250078616352201
46896383	0.246972049689441
46896383	0.243923012038954
46896383	0.249110050746043
46896383	0.250137163948327
46896383	0.247105198324711
46896383	0.248144091517586
46896383	0.249164321958493
46896383	0.246198080030415
46896383	0.243284493284493
46896383	0.240422322775264
46896383	0.241509001261323
46896383	0.242576726052858
46896383	0.239772370838374
46896383	0.237016366575864
46896383	0.238117131910235
46896383	0.242987012987013
46896383	0.244007875363808
46896383	0.245011532194926
46896383	0.245998367961835
46896383	0.243265052762259
46896383	0.240577041129527
46896383	0.237933337380851
46896383	0.238975960287436
