27395672	0.666666666666667
27395672	0.222222222222222
27395672	0.277777777777778
27395672	0.433333333333333
27395672	0.288888888888889
27395672	0.206349206349206
27395672	0.238095238095238
27395672	0.259259259259259
27395672	0.207407407407407
27395672	0.16969696969697
27395672	0.141414141414141
27395672	0.11965811965812
27395672	0.102564102564103
27395672	0.0888888888888889
27395672	0.119444444444444
27395672	0.105392156862745
27395672	0.093681917211329
27395672	0.0838206627680312
27395672	0.108771929824561
27395672	0.0984126984126984
27395672	0.0894660894660895
27395672	0.0816864295125165
27395672	0.0748792270531401
27395672	0.0688888888888889
27395672	0.0635897435897436
27395672	0.0588793922127256
27395672	0.0784832451499118
27395672	0.0960591133004926
27395672	0.0896551724137931
27395672	0.0838709677419355
27395672	0.0786290322580645
27395672	0.0738636363636364
27395672	0.0695187165775401
27395672	0.065546218487395
27395672	0.0804232804232804
27395672	0.0760760760760761
27395672	0.0720720720720721
27395672	0.0683760683760684
27395672	0.064957264957265
27395672	0.0780487804878049
27395672	0.0743321718931475
27395672	0.101882613510521
27395672	0.112403100775194
27395672	0.107407407407407
27395672	0.102737520128824
27395672	0.0983657107616405
27395672	0.0942671394799054
27395672	0.0904195011337869
27395672	0.0868027210884354
27395672	0.0964705882352941
27395672	0.105580693815988
27395672	0.114175133043058
27395672	0.109946424411833
27395672	0.118069584736251
27395672	0.113852813852814
27395672	0.121553884711779
27395672	0.117362371445856
27395672	0.124683421001364
27395672	0.131638418079096
27395672	0.138251366120219
27395672	0.144544332804513
27395672	0.161119644990613
27395672	0.156084656084656
27395672	0.151282051282051
27395672	0.146697746697747
27395672	0.142318709482889
27395672	0.147936786654961
27395672	0.143648763853367
27395672	0.139544513457557
27395672	0.145003353454058
27395672	0.159494001043297
27395672	0.155124302384576
27395672	0.15093175367148
27395672	0.146906906906907
27395672	0.143040935672515
27395672	0.139325586694008
27395672	0.135753135753136
27395672	0.140755166071622
27395672	0.153902953586498
27395672	0.150102880658436
27395672	0.162701997390344
27395672	0.158781467332746
27395672	0.155000956205776
27395672	0.151353874883287
27395672	0.163337893296854
27395672	0.167245834447118
27395672	0.171020550330895
27395672	0.174668028600613
27395672	0.17819392426134
27395672	0.188929588929589
27395672	0.199315177576047
27395672	0.195028829671186
27395672	0.197971478685274
27395672	0.193803658081374
27395672	0.189766081871345
27395672	0.185853379152348
27395672	0.182060453047198
27395672	0.17838246409675
