33695151	0.666666666666667
33695151	0.222222222222222
33695151	0.277777777777778
33695151	0.433333333333333
33695151	0.288888888888889
33695151	0.206349206349206
33695151	0.154761904761905
33695151	0.12037037037037
33695151	0.0962962962962963
33695151	0.0787878787878788
33695151	0.121212121212121
33695151	0.205128205128205
33695151	0.175824175824176
33695151	0.152380952380952
33695151	0.175
33695151	0.193627450980392
33695151	0.246187363834423
33695151	0.290448343079922
33695151	0.26140350877193
33695151	0.3
33695151	0.272727272727273
33695151	0.306982872200264
33695151	0.281400966183575
33695151	0.258888888888889
33695151	0.238974358974359
33695151	0.221272554605888
33695151	0.205467372134039
33695151	0.214285714285714
33695151	0.2
33695151	0.187096774193548
33695151	0.175403225806452
33695151	0.184974747474748
33695151	0.193701723113488
33695151	0.239775910364146
33695151	0.226455026455027
33695151	0.214214214214214
33695151	0.20293978188715
33695151	0.209626630679262
33695151	0.215811965811966
33695151	0.205284552845528
33695151	0.195509097948122
33695151	0.186415651531931
33695151	0.177942212825934
33695151	0.17003367003367
33695151	0.162640901771337
33695151	0.155720012334258
33695151	0.149231678486998
33695151	0.170351473922903
33695151	0.17687074829932
33695151	0.209150326797386
33695151	0.201106083459025
33695151	0.218674407353653
33695151	0.235266713254135
33695151	0.226711560044893
33695151	0.218614718614719
33695151	0.2109440267335
33695151	0.203670094777173
33695151	0.208065458796026
33695151	0.201129943502825
33695151	0.227322404371585
33695151	0.252247488101534
33695151	0.244239631336406
33695151	0.257440476190476
33695151	0.259775641025641
33695151	0.262004662004662
33695151	0.254183627317956
33695151	0.25651155984782
33695151	0.249076442171071
33695151	0.241959972394755
33695151	0.23514419852448
33695151	0.228612415232134
33695151	0.222349061390157
33695151	0.216339627298531
33695151	0.228348348348348
33695151	0.248654970760234
33695151	0.259512417407154
33695151	0.252858252858253
33695151	0.246456778102348
33695151	0.256962025316456
