13498,0,1,1,0,0,0
13512,1,0,1,1,0,0
13517,1,0,1,1,1,0
13518,1,0,0,0,0,0
13553,0,0,0,0,0,0
13554,1,0,0,0,0,0
13600,0,1,1,0,0,0
13964,0,0,0,0,0,0
14016,0,1,0,1,1,1
14112,0,0,0,1,0,0
14170,0,0,0,1,0,0
14178,0,0,1,1,0,0
14181,0,0,0,0,0,0
14185,1,1,0,0,0,0
14214,0,0,0,1,0,0
14256,1,0,0,1,1,1
14260,0,0,1,0,0,0
14271,0,0,0,1,1,1
14297,0,0,0,1,0,0
14312,1,1,1,1,0,0
14313,1,0,1,1,0,0
14371,1,0,1,1,1,0
15460,1,0,1,0,0,0
15461,1,1,1,0,1,0
15463,0,0,0,0,1,0
15464,0,1,0,0,0,0
15466,1,1,1,0,0,0
15467,0,0,1,0,0,0
15468,0,0,1,1,1,1
15469,1,1,1,0,0,0
15471,0,0,1,1,0,1
15473,0,1,1,0,0,0
15475,1,1,1,0,0,1
15476,0,0,0,1,0,1
15477,1,0,1,1,0,0
15481,1,1,0,1,1,0
15482,0,0,1,0,0,1
15487,1,0,1,0,0,0
15494,0,1,1,0,0,0
15516,0,0,0,1,1,1
15532,1,1,1,1,0,1
15533,0,1,0,1,0,0
15534,0,0,0,1,0,1
15536,1,0,1,0,0,0
15538,0,0,0,0,0,0
15541,1,0,1,0,0,0
15543,1,1,0,1,0,0
15545,0,0,0,1,0,0
15547,1,1,0,0,0,0
15570,0,1,0,1,1,0
15571,1,1,1,1,1,0
15572,0,1,1,1,0,0
15573,0,1,0,1,0,0
15574,1,0,1,1,0,0
15575,0,0,0,1,0,1
15577,1,0,0,0,0,0
15582,0,0,0,1,1,0
15589,1,1,0,1,0,0
15592,0,0,1,0,0,0
15593,0,1,0,0,0,0
15608,0,0,1,1,0,0
15610,0,0,0,1,0,1
15612,0,0,0,1,1,0
15613,1,1,0,1,0,0
15615,0,0,1,0,0,0
15619,1,0,0,1,0,0
15620,0,0,0,1,0,1
15622,1,1,0,0,0,0
15624,1,0,0,1,0,1
15631,1,1,0,1,0,0
15632,0,1,0,0,0,0
15633,0,1,0,1,1,1
15634,0,0,1,0,0,0
15636,1,1,0,1,0,0
15641,0,1,0,0,1,1
15642,0,1,0,0,0,0
15643,0,0,0,1,0,1
15644,0,1,0,0,0,1
15647,1,0,1,1,1,1
15648,0,0,1,0,0,1
15649,0,1,0,0,0,0
15651,0,0,0,1,1,0
15652,1,1,0,1,1,0
15653,1,0,1,0,0,1
15654,0,1,0,1,0,0
15656,0,1,1,1,1,1
15657,1,0,0,1,0,0
15658,0,1,0,1,1,1
15659,0,0,1,0,0,0
15660,0,0,1,0,0,0
15662,0,0,1,1,1,1
15663,1,1,0,0,0,0
15665,0,0,0,1,1,1
15666,1,0,0,1,1,0
15667,1,0,0,1,1,0
15669,1,0,0,1,0,0
15670,0,0,1,1,1,0
15731,1,0,0,1,1,1
15732,0,0,1,1,0,0
15733,0,0,0,0,1,0
15735,1,0,0,0,0,0
15740,0,1,1,1,1,0
15741,1,0,1,1,1,0
15743,1,1,0,0,0,0
15744,1,1,0,1,0,0
15745,0,1,1,0,0,1
15746,1,0,0,1,0,0
15749,1,0,0,1,1,0
15750,0,0,1,0,1,0
15751,0,1,1,0,0,0
15753,0,1,0,0,0,0
15754,0,1,1,1,0,1
15755,1,1,0,1,0,1
15756,1,1,1,0,0,0
15757,0,0,1,1,1,1
15762,0,1,0,0,0,0
15763,0,0,0,0,0,0
15764,1,1,0,0,1,1
15765,0,1,0,0,0,0
15767,1,0,1,0,0,0
15768,1,1,0,0,0,0
15771,0,1,1,0,0,0
15773,1,0,1,0,0,0
15775,1,1,0,0,0,0
15776,0,1,1,0,0,0
15777,0,0,0,1,1,0
15779,1,0,0,1,1,1
15780,1,1,0,0,0,0
15781,1,1,1,1,0,0
15782,0,0,0,1,1,1
15783,1,0,1,0,0,1
15784,0,0,0,1,0,0
15785,0,0,0,1,1,0
15787,1,1,0,1,0,1
15791,0,1,0,0,0,0
15794,0,1,0,1,0,1
15796,1,0,1,0,0,0
15797,0,0,1,0,0,1
15798,1,0,1,0,0,0
15803,1,1,1,0,0,0
15805,1,1,0,0,0,0
15806,0,0,0,0,0,0
15807,0,1,1,0,0,0
15808,1,0,1,0,0,0
15809,1,1,1,0,0,0
15810,0,0,1,1,0,0
15811,1,0,1,1,0,0
15819,1,0,1,0,0,0
15820,1,1,0,1,1,1
15822,0,1,1,1,1,1
15824,0,1,1,1,1,1
15825,0,0,1,1,0,1
15832,1,1,1,0,0,0
15833,0,1,1,1,1,0
15835,0,0,0,0,0,0
15837,1,1,1,0,0,1
15839,1,0,1,1,1,0
15840,1,0,0,1,1,1
15845,1,0,1,1,0,0
15846,0,1,1,0,0,0
15847,1,1,0,1,1,0
15848,0,0,0,0,0,1
15849,1,1,0,1,0,0
15852,1,1,0,0,0,0
15853,0,0,1,0,0,0
15855,0,1,0,0,0,0
15875,0,0,1,1,0,0
15877,1,0,1,0,0,0
15880,1,1,0,0,0,0
15881,0,0,1,0,0,0
15882,1,1,0,0,1,0
15888,1,1,1,0,0,0
15890,1,1,1,0,0,0
15891,1,1,0,0,0,0
15894,0,0,1,1,1,1
15900,1,0,1,0,1,1
15902,1,1,0,0,0,0
15903,1,1,1,1,1,0
15914,0,0,1,0,0,0
15915,0,0,1,0,0,0
15922,0,0,0,0,0,0
15924,0,1,0,0,0,0
15926,1,1,0,0,0,0
15927,0,0,1,1,0,1
15929,1,1,0,1,0,0
15930,1,0,1,0,0,0
15931,1,1,1,1,1,0
15932,0,1,0,1,1,1
15936,1,0,0,0,0,0
15937,0,1,1,0,0,0
15939,0,0,1,1,0,1
15945,0,0,0,0,0,0
15947,0,0,1,0,0,0
15948,0,0,0,0,0,0
15950,1,1,0,0,0,0
15951,1,1,1,0,0,0
15952,0,1,1,0,0,0
15955,0,0,1,0,0,0
15960,1,0,1,1,0,0
15962,1,0,1,0,0,0
15964,1,1,0,0,0,0
15965,0,0,0,1,0,0
15966,1,1,1,0,1,0
15967,1,0,1,1,1,1
15968,1,1,1,0,0,1
15974,0,0,0,0,0,0
15975,0,0,0,0,0,0
15976,0,0,1,0,0,0
15977,1,1,0,1,0,0
15978,0,0,0,1,0,0
15979,0,0,0,1,1,0
15980,0,1,0,1,0,0
15982,1,1,1,1,0,0
15983,1,1,0,0,0,0
15984,0,0,0,0,0,1
15986,0,0,0,0,0,0
15987,0,0,0,0,1,0
15990,0,0,0,1,0,0
15993,0,0,0,0,0,0
15994,1,1,1,0,0,0
15995,1,0,0,1,0,1
15996,0,0,0,0,0,0
15997,0,0,0,0,0,1
16002,0,0,0,0,0,1
16003,0,0,0,1,0,1
16004,0,0,0,0,0,0
16007,0,0,0,0,0,0
16008,1,0,1,1,1,1
16009,0,0,0,0,0,0
16010,0,0,0,1,0,0
16011,0,1,0,1,0,0
16012,0,1,0,0,0,0
16016,0,0,0,1,0,0
16020,0,0,0,1,0,1
16021,0,0,1,1,0,1
16022,0,0,0,0,0,0
16023,0,0,0,0,0,0
16024,1,0,0,0,0,0
16025,0,0,0,0,0,1
16028,0,0,0,0,1,0
16029,0,0,0,0,1,0
16030,0,0,0,1,0,1
16031,0,0,0,0,0,0
16033,0,0,0,1,0,0
16038,0,0,0,0,0,0
16042,0,0,0,1,1,1
16043,0,0,0,1,1,1
16048,0,0,0,1,0,0
16049,0,0,0,1,0,0
16050,1,1,0,1,0,0
16051,0,0,0,0,0,0
16054,0,0,0,0,1,1
16055,1,0,1,1,0,1
16056,1,0,1,1,0,0
16058,1,0,1,1,1,1
16059,0,0,0,1,0,1
16060,1,1,0,1,0,0
16076,0,1,0,1,0,0
16078,0,0,0,0,0,0
16079,1,1,1,0,0,0
16080,0,0,0,1,0,0
16086,0,0,0,1,1,0
16090,0,0,0,1,0,1
16091,0,0,0,0,0,0
16092,0,0,1,0,0,0
16094,0,0,0,1,1,0
16097,1,1,0,0,0,0
16098,0,1,1,1,0,0
16099,0,0,0,0,0,0
16103,0,0,0,0,0,0
16104,0,0,1,0,0,0
16105,0,1,0,0,0,0
16106,0,0,0,0,0,0
16110,1,0,1,1,1,1
16112,0,0,1,1,1,1
16119,0,1,0,1,1,0
16120,0,1,0,1,1,1
16121,1,0,0,1,0,0
16123,0,0,0,1,0,1
