15448,0,0,0,1,1,0
15453,0,0,0,0,0,0
15454,0,0,0,0,0,0
15455,1,0,1,0,0,0
15456,0,0,0,0,1,1
15457,0,1,0,0,0,0
15458,1,0,1,0,0,0
15469,0,0,0,0,0,0
15478,0,0,0,1,0,1
15479,1,1,1,0,0,0
15535,0,1,1,1,0,1
15537,1,0,0,1,0,1
15538,0,1,1,0,0,1
15540,1,0,1,0,0,0
15541,0,0,0,1,0,0
15542,0,0,0,0,0,0
15543,0,0,0,0,0,0
15544,1,0,1,0,0,0
15545,1,1,1,0,0,0
15547,0,0,0,0,0,0
15548,0,0,0,1,0,0
15549,0,0,0,0,1,0
15555,0,0,0,0,0,1
15556,0,0,0,1,0,1
15557,0,0,0,0,0,0
15558,0,0,0,0,0,1
15560,1,0,0,1,0,0
15561,1,0,1,0,0,0
15562,0,0,0,0,0,0
15563,0,1,1,0,0,0
15564,0,1,1,0,0,0
15565,1,0,0,1,0,0
15566,1,0,0,0,0,1
15567,0,0,0,0,0,0
15573,1,0,0,0,0,0
15574,1,0,0,1,0,1
15575,1,0,1,0,0,0
15576,1,0,0,0,0,0
15577,0,0,0,1,0,0
15578,0,1,0,0,0,0
15579,0,1,1,1,0,1
15580,0,0,0,0,0,1
15585,1,0,0,1,0,0
15586,0,0,0,0,0,0
15587,1,0,0,0,0,0
15588,0,0,0,1,0,0
15589,0,0,0,1,1,0
15590,0,0,0,1,1,0
15591,0,0,0,1,1,0
15592,0,0,0,1,1,0
15593,0,0,0,1,1,0
15594,1,0,0,1,0,0
15596,1,0,0,0,0,0
15597,1,1,1,0,0,0
15598,0,0,0,0,0,0
15601,0,0,0,0,0,0
15604,0,0,1,0,0,1
15609,0,1,1,0,1,0
15610,0,0,1,0,0,0
15613,0,0,0,0,0,0
15614,1,0,0,0,0,0
15615,0,0,1,0,0,0
15616,0,1,1,1,0,0
15617,0,0,0,1,0,0
15618,0,0,1,1,0,0
15620,1,0,0,0,0,0
15621,0,0,1,1,0,0
15624,0,0,0,1,0,1
15625,1,0,0,1,0,0
15626,0,0,1,1,0,0
15627,1,0,0,1,1,0
15628,1,0,1,1,1,0
15629,0,0,0,0,1,0
15630,1,0,1,0,0,0
15631,0,0,1,0,0,0
15632,0,0,0,1,1,1
15633,1,0,0,1,0,1
15634,0,0,0,1,1,1
15635,1,1,0,1,1,1
15636,1,0,0,0,0,0
15637,1,0,0,0,0,0
15638,1,1,1,0,0,0
15639,0,0,1,0,0,0
15642,0,0,0,0,1,0
15643,0,0,0,0,1,0
15644,0,1,1,1,1,1
15645,1,0,1,0,0,0
15646,0,0,1,0,0,0
15647,1,0,0,0,1,1
15649,0,0,0,0,1,1
15651,0,0,0,0,1,1
15652,0,0,0,0,1,1
15656,0,0,0,0,0,0
15657,1,0,0,0,0,0
15664,0,1,0,0,0,0
15665,1,0,1,1,0,1
15667,1,0,0,0,0,0
15668,0,0,0,1,0,1
15679,1,0,0,0,0,0
15680,1,0,1,0,0,0
15686,0,0,0,0,0,1
15688,0,0,1,0,0,0
15691,1,0,1,0,0,0
15695,0,0,1,1,0,1
15701,0,0,1,0,0,0
15702,1,0,1,0,0,0
15708,1,0,1,0,0,0
15709,1,1,0,0,0,0
15710,1,0,1,1,0,1
15711,0,0,0,1,0,1
15720,0,0,0,0,0,0
15722,0,1,1,0,0,0
15723,0,0,0,1,0,1
15724,0,1,1,1,0,0
15726,1,0,1,0,0,0
15727,1,0,1,0,0,0
15728,0,0,0,1,0,0
15729,0,0,0,1,0,0
15735,0,0,0,0,0,0
15736,0,0,0,0,0,0
15737,0,0,0,0,0,0
15738,0,0,0,1,0,1
15739,0,0,0,0,0,0
15740,1,0,1,1,0,1
15741,0,0,0,1,0,1
15742,1,1,0,1,0,1
15743,1,0,1,0,0,0
15745,1,0,1,0,0,0
15746,0,0,0,1,1,0
15747,1,0,1,0,0,0
15748,1,0,1,0,1,1
15750,0,0,0,1,1,0
15751,1,1,0,0,0,0
15757,0,0,0,0,0,0
15758,0,0,0,0,1,0
15759,0,0,0,0,0,0
15762,0,0,0,1,0,1
15763,1,0,0,0,0,0
15764,0,1,1,1,1,1
15767,0,0,0,1,0,0
15768,1,0,1,0,0,1
15770,0,0,0,1,0,0
15772,0,0,0,1,0,0
15773,1,1,1,1,0,0
15774,0,0,0,1,0,0
15775,0,0,0,0,0,0
15776,0,1,1,1,0,0
15777,0,0,0,1,0,1
15778,0,0,0,1,0,0
15783,0,0,0,0,0,1
15785,1,0,0,0,0,1
15788,0,0,0,1,0,0
15790,0,0,0,0,0,1
15791,0,0,0,1,0,0
15792,1,0,1,1,0,1
15793,0,0,0,0,0,0
15794,1,0,1,1,0,0
15795,1,0,1,0,0,0
15796,0,1,1,0,0,0
15797,0,0,0,0,0,0
15801,0,0,0,0,0,0
15802,1,0,1,0,0,0
15804,1,0,1,0,0,0
15805,0,0,0,0,0,0
15806,0,0,1,0,0,0
15807,0,1,0,0,0,0
15808,0,1,0,0,0,0
15809,0,0,0,0,0,0
15812,1,0,0,0,0,0
15813,1,1,0,1,0,1
15814,0,0,0,1,1,0
15815,0,1,1,0,0,0
15816,0,1,1,0,0,0
15819,1,0,0,0,0,0
15820,0,0,0,1,0,0
15821,1,1,0,0,0,0
15822,0,1,1,0,0,0
15823,0,0,0,0,0,0
15825,0,0,0,0,0,0
15827,1,0,1,1,0,0
15830,1,0,1,0,0,0
15831,0,0,0,0,0,0
15833,1,1,0,0,0,1
15834,0,0,0,1,0,0
15837,0,0,1,1,0,0
15838,0,0,1,1,0,0
15839,1,0,0,1,0,0
15840,0,0,0,0,0,0
15841,0,0,0,0,0,0
15842,0,0,0,0,0,0
15843,0,0,0,1,0,0
15844,0,0,0,1,0,0
15845,0,0,0,0,0,0
15846,0,0,0,0,1,1
15847,0,0,0,0,0,0
15848,1,1,0,0,0,0
15849,0,0,0,0,0,0
15850,0,0,0,0,0,0
15851,0,1,1,1,0,0
15854,0,1,1,1,0,0
15855,0,0,0,1,0,0
15856,0,0,0,1,0,0
15859,0,0,0,0,1,1
15860,0,0,0,0,0,0
15861,0,0,1,0,0,0
15862,0,0,1,0,0,0
15863,1,1,1,0,0,0
15864,0,0,1,0,0,0
15865,1,1,1,1,0,0
15866,1,1,1,0,0,1
15867,1,0,0,0,0,0
15868,0,0,0,1,0,0
15869,0,0,0,0,0,0
15871,0,0,0,0,0,0
15872,1,0,0,0,0,0
15873,0,0,0,1,0,0
15874,0,0,0,1,0,1
15875,0,0,0,0,1,1
15876,1,0,0,0,0,0
15877,0,0,0,0,0,0
15879,1,1,1,1,0,0
15880,0,0,0,0,0,0
15881,0,0,0,1,0,0
15882,0,0,0,0,0,0
15884,0,1,0,1,1,0
15885,0,1,1,0,0,0
15893,0,0,0,1,1,1
15894,0,0,0,1,0,0
15896,0,0,0,0,0,0
15897,0,0,0,0,0,0
