15073,1,0,1,0,0,0
15074,0,0,0,1,0,1
15075,0,1,0,1,0,1
15076,1,1,1,1,0,1
15077,1,0,1,1,0,1
15078,1,1,0,1,0,0
15079,0,1,0,1,0,0
15080,1,0,1,0,0,0
15081,1,0,0,1,1,1
15082,0,0,1,1,0,1
15083,1,1,1,1,0,1
15084,1,1,0,0,1,1
15085,1,0,0,1,0,1
15086,1,1,0,1,0,1
15087,0,1,1,1,0,1
15088,0,1,0,1,0,1
15089,1,1,0,1,0,1
15090,0,0,1,0,0,1
15091,0,1,1,1,1,1
15092,0,0,1,1,1,0
15093,1,0,1,0,1,0
15094,0,1,1,1,0,1
15095,1,0,0,1,0,1
15096,1,0,0,1,0,1
15097,0,0,1,1,0,1
15098,0,1,0,1,0,1
15099,0,0,1,0,0,0
15100,0,1,0,1,1,0
15101,1,0,0,1,0,1
15102,0,1,1,0,0,1
15103,1,1,1,1,1,1
15104,1,0,1,1,0,1
15105,1,0,1,0,1,1
15106,0,0,1,1,0,0
15107,0,0,0,1,1,0
15108,0,1,0,1,0,0
15110,1,0,0,0,0,0
15111,1,1,1,1,0,0
15112,0,1,0,1,0,1
15113,0,1,0,0,0,0
15114,1,1,1,1,1,1
15115,0,1,0,0,1,0
15116,0,1,0,1,1,1
15117,1,1,1,0,0,1
15118,1,0,1,0,0,1
15119,0,1,0,1,0,1
15120,1,0,1,0,0,1
15121,1,1,1,1,0,1
15124,0,1,1,0,0,0
15125,1,1,1,0,0,0
15127,1,0,1,0,0,0
15128,1,1,1,1,0,1
15129,1,0,1,1,1,1
15130,1,1,1,0,0,1
15131,0,0,0,0,0,0
15132,1,0,1,0,0,1
15133,1,1,1,1,0,1
15134,1,0,1,0,0,1
15135,1,0,0,0,0,0
15136,0,1,1,1,0,1
15140,1,0,0,0,0,0
15141,0,0,1,1,1,1
15142,1,1,0,0,0,0
15144,0,1,1,1,0,1
15145,1,1,1,1,0,1
15147,1,0,1,1,0,0
15148,1,1,0,1,1,0
15149,0,0,1,1,0,0
15150,0,0,0,1,1,0
15151,0,1,0,0,0,1
15153,1,0,0,1,0,1
15154,1,1,1,0,0,0
15155,0,0,1,0,0,0
15156,1,1,1,1,0,0
15157,1,0,1,0,0,0
15158,0,0,0,0,0,0
15160,1,0,1,1,0,0
15161,1,1,1,1,0,0
15162,0,0,0,1,1,1
15163,0,1,0,1,0,1
15164,1,0,1,1,0,1
15165,1,1,1,0,0,1
15167,1,0,1,1,0,1
15168,0,0,0,1,1,1
15169,1,0,1,0,0,0
15170,0,1,1,1,0,1
15171,1,1,0,1,0,1
15172,0,1,1,0,0,1
15173,0,1,1,1,0,1
15174,1,1,1,1,1,1
15175,1,1,1,0,0,0
15177,1,0,1,1,0,1
15178,1,1,1,1,0,1
15186,1,1,1,1,0,0
15187,0,1,1,0,0,0
15192,1,0,1,1,0,0
15193,1,0,1,1,0,0
15194,0,0,0,1,0,1
15195,1,0,1,0,0,0
15196,1,1,0,0,0,0
15199,1,0,1,0,0,0
15200,1,0,1,0,0,0
15202,0,1,0,1,0,0
15203,1,1,1,0,0,0
15206,0,1,1,0,0,1
15210,1,1,0,1,0,1
15211,0,0,0,1,1,1
15212,1,0,1,0,0,0
15215,1,1,1,0,0,0
15216,1,0,1,0,0,0
15217,1,0,1,0,0,0
15219,1,0,1,0,0,0
15220,1,0,1,1,0,1
15221,1,0,1,0,1,1
15222,1,1,0,0,0,0
15223,0,0,1,0,0,0
15225,1,0,1,0,0,0
15226,0,1,1,1,0,0
15227,1,0,1,0,0,0
15228,1,0,1,1,1,0
15229,1,1,1,1,0,1
15230,1,0,1,1,0,1
15231,0,0,0,1,0,0
15232,1,0,1,1,1,1
15233,0,0,1,1,1,0
15234,1,1,1,0,0,0
15235,1,0,1,1,0,1
15238,1,0,1,1,0,1
15239,1,0,1,1,1,0
15240,1,0,1,1,0,0
15241,1,0,1,1,0,0
15244,1,1,0,0,0,0
15246,1,0,1,1,1,1
15247,0,0,0,0,0,0
15248,1,1,1,0,1,0
15249,0,1,1,1,1,1
15250,1,0,0,0,0,0
15251,1,1,1,0,0,0
15252,0,1,0,0,0,0
15253,0,1,1,1,0,1
15254,1,0,0,1,1,1
15255,0,0,0,1,0,1
15256,1,0,1,1,0,0
15257,1,0,1,0,0,0
15258,1,0,1,0,0,0
15259,1,1,1,1,0,1
15260,0,1,1,0,0,1
15261,0,0,0,0,1,1
15262,0,0,1,0,0,0
15263,1,1,0,0,0,0
15264,0,1,1,0,0,0
15265,0,0,1,1,0,1
15266,0,0,1,0,0,0
15267,1,0,0,0,0,0
15268,0,0,0,0,0,0
15270,0,1,0,0,0,0
15272,0,0,0,0,0,0
15273,0,1,1,1,0,1
15274,0,0,0,0,0,1
15275,0,1,0,0,0,1
15276,0,0,0,1,0,1
15277,1,0,1,0,0,0
15279,0,0,0,0,0,1
15280,1,1,1,0,0,0
15281,0,0,0,1,0,0
15282,1,1,0,0,1,0
15284,1,0,0,0,0,1
15285,1,1,1,0,0,0
15286,0,0,0,1,1,1
15287,1,1,0,0,0,1
15288,0,0,0,0,0,0
15289,1,0,1,0,0,0
15290,0,0,0,0,0,0
15291,0,0,0,1,0,0
15292,1,1,0,1,0,1
15293,0,1,1,1,1,1
15294,0,1,0,1,0,0
15295,0,0,1,1,0,1
15296,1,1,0,1,0,0
15297,1,0,1,1,1,1
15298,1,1,0,1,0,0
15299,0,0,0,1,0,0
15300,0,1,0,1,0,0
15301,0,1,0,0,0,0
15302,1,0,0,1,0,1
15303,1,0,1,1,0,0
15304,0,0,0,1,0,0
15305,0,0,0,0,0,0
15306,0,0,0,1,1,0
15307,0,0,0,1,1,0
15308,0,1,0,1,0,0
15309,1,0,1,0,0,1
15310,0,0,0,0,0,0
15311,1,0,1,1,0,1
15312,1,0,0,1,0,0
15313,1,0,1,1,1,1
15314,1,0,0,0,0,0
15315,1,1,1,1,1,0
15316,0,0,1,0,0,0
15317,0,1,0,1,0,1
15318,0,0,0,0,0,1
15319,0,0,0,0,0,0
15320,1,0,0,1,0,0
15321,0,0,0,1,0,1
15322,1,0,0,1,0,0
15323,1,1,0,0,1,0
15324,1,0,0,1,0,0
15325,1,0,0,1,0,0
15326,1,0,1,0,0,0
15327,1,0,0,0,0,1
15328,1,0,0,1,1,1
15329,1,0,0,1,0,0
15330,1,0,0,1,0,0
15331,1,0,0,1,0,0
15332,1,0,0,0,0,0
15333,1,0,0,0,0,0
15334,1,0,0,1,0,0
15335,1,1,0,1,0,0
15336,1,0,0,0,0,0
15337,1,0,0,1,0,0
15338,1,1,1,0,0,1
15340,0,1,0,1,0,0
15341,1,0,0,1,0,0
15342,1,0,1,0,0,0
15343,1,0,0,1,1,0
15344,1,0,0,0,0,0
15345,1,0,0,0,0,0
15347,0,0,0,1,0,1
15348,1,0,0,1,0,1
15349,1,0,0,0,0,1
15351,1,0,0,0,0,0
15352,1,0,1,0,0,0
15353,1,0,0,0,1,0
15354,1,0,1,1,0,0
15355,1,0,1,0,0,0
15356,1,0,0,0,1,0
15357,1,0,0,1,0,0
15359,0,0,0,0,0,0
15360,0,1,0,1,0,0
15361,1,1,1,1,0,0
15362,1,0,0,0,0,0
15363,1,0,0,0,0,1
15364,1,0,0,0,0,0
15365,1,0,0,1,0,1
15367,1,0,0,0,0,0
15368,1,0,0,1,0,0
15370,1,0,0,0,0,0
15371,1,0,0,0,0,0
15372,0,0,0,0,0,0
15374,0,0,1,0,0,0
15375,1,1,0,0,0,0
15377,1,0,0,0,0,0
15378,1,0,0,1,0,0
15379,0,0,0,1,0,0
15380,0,1,1,1,0,0
15382,0,0,1,0,0,0
15383,0,0,1,0,0,0
15384,1,0,0,1,0,0
15387,0,0,1,0,0,0
15388,1,0,0,0,0,0
15389,0,0,0,0,0,0
15390,1,0,1,1,0,0
15391,1,0,0,0,0,0
15392,1,0,0,1,1,0
15393,1,0,1,1,0,1
15394,1,0,1,0,0,0
15396,1,0,0,1,0,0
15397,0,1,0,1,0,0
15398,0,0,0,0,0,0
15401,0,0,0,1,0,0
15402,1,0,1,0,0,0
15404,1,0,0,1,1,0
15406,0,0,0,1,1,1
15407,1,0,1,0,0,1
15408,0,0,0,0,0,1
15409,1,0,0,0,1,0
15410,1,0,0,0,0,0
15411,1,0,0,0,1,0
15412,1,0,0,1,1,0
15413,0,1,1,0,0,0
15414,0,0,1,0,0,0
15415,0,0,1,1,0,0
15417,0,0,0,0,0,0
15418,1,1,0,1,0,0
15424,1,1,1,0,0,0
15425,1,0,0,0,0,0
15426,0,0,1,0,0,0
15428,1,1,0,0,0,0
15429,0,0,1,0,0,0
15432,1,0,1,0,0,0
15433,1,0,0,0,0,0
15435,1,1,1,0,0,0
15437,0,0,0,0,0,0
15438,0,0,0,0,0,0
15439,1,0,1,1,0,0
15440,0,0,0,0,0,0
15443,0,0,0,0,0,0
15444,0,0,0,0,0,0
15445,1,0,1,1,0,0
15446,1,0,0,1,0,0
15447,0,0,0,0,0,0
15450,0,0,0,0,0,0
15452,1,0,0,0,0,0
15453,1,1,0,0,0,0
15454,0,0,0,1,1,0
15456,0,1,1,0,0,0
15457,0,0,0,1,0,1
15458,0,0,0,1,0,1
15459,1,0,0,1,0,0
15460,0,0,0,0,0,0
15461,1,1,0,0,0,0
15463,0,0,0,0,0,0
15464,0,0,0,0,0,1
15465,0,0,0,1,0,0
15467,0,0,1,0,0,0
15468,1,1,0,0,0,0
15470,0,0,0,0,0,0
15471,0,1,0,1,0,1
15472,0,0,0,1,1,0
15473,0,0,1,1,0,0
15474,1,0,1,0,0,1
15475,1,0,0,0,0,0
15479,0,0,0,1,0,0
15480,1,0,1,0,0,0
15481,0,0,0,0,0,0
15482,0,0,0,1,0,0
15484,1,0,1,0,0,0
15485,0,0,0,1,0,0
15490,1,0,0,1,0,0
15493,0,1,1,0,0,0
15495,1,0,1,0,0,0
15496,0,0,0,1,0,0
15498,1,0,0,0,0,0
15504,0,0,0,0,0,0
15505,0,0,1,0,0,0
15507,1,0,0,0,0,0
15510,1,0,1,0,0,0
15514,0,0,0,0,0,1
15515,0,0,0,1,1,0
15517,1,0,0,1,0,0
15518,0,1,1,1,0,1
15519,1,0,0,0,1,1
15520,0,0,1,0,0,0
15522,1,0,1,1,0,0
15523,0,0,0,0,0,0
15524,0,0,0,0,0,0
15528,0,0,0,0,0,1
15529,0,0,0,1,0,0
15532,1,0,0,0,0,0
15534,0,1,1,1,0,1
15535,1,0,1,0,0,0
15536,1,0,0,0,0,0
15537,1,1,1,0,0,0
15538,1,1,0,1,1,1
15539,0,0,0,1,0,0
15540,1,0,1,1,0,1
15542,0,0,0,0,0,0
15544,0,1,0,1,0,1
15545,0,0,0,0,1,0
15551,0,0,0,0,0,0
15555,0,0,0,0,0,0
15556,0,0,0,0,0,0
15557,1,0,0,0,0,0
15563,0,0,0,1,1,0
15566,1,0,1,0,0,0
15576,0,0,0,1,0,0
15577,1,0,0,0,1,0
15579,0,0,0,1,0,0
15580,1,0,1,0,0,0
15581,1,1,1,0,0,0
15583,1,0,1,0,0,0
15584,0,0,0,0,0,0
15585,1,0,0,0,0,1
15586,0,0,0,1,0,1
15587,1,0,0,0,0,0
15588,1,0,1,0,0,0
15589,0,0,0,1,1,0
15590,0,0,0,0,0,0
15591,0,0,0,1,0,0
15594,0,0,0,0,0,0
15595,0,0,0,1,0,1
15596,1,1,0,0,0,0
15598,0,0,0,1,0,0
15599,1,0,0,1,0,1
15601,0,0,0,0,0,0
15602,1,1,1,0,0,1
15603,0,1,1,0,0,0
15604,0,0,0,1,1,0
15605,0,0,0,1,0,1
15606,0,0,0,1,0,1
15608,0,0,1,1,0,1
15613,1,1,1,0,0,0
15621,0,0,0,1,0,1
15622,1,1,0,0,0,0
15623,0,0,0,0,1,1
15625,1,0,1,1,0,1
15626,1,0,1,1,0,0
15628,0,0,0,0,0,0
15630,0,0,0,0,0,0
15632,0,0,0,1,0,0
15633,1,0,1,0,0,0
15634,1,0,1,1,0,0
15637,0,0,0,1,0,0
15638,0,0,0,0,1,1
15639,0,0,0,0,0,0
15640,0,0,0,0,0,0
15641,0,0,0,1,0,1
15646,0,0,0,0,0,0
15652,0,0,0,0,0,0
15653,1,0,1,1,0,1
15654,0,0,0,1,0,0
15655,1,0,0,1,0,0
15656,1,0,0,0,0,0
15693,1,0,1,0,0,0
15695,0,1,1,1,0,0
15696,1,0,0,0,0,1
15697,1,1,0,0,0,0
15703,1,0,0,1,0,0
15704,0,0,0,0,1,0
15706,1,0,1,1,0,0
15707,1,0,0,0,0,0
15708,0,1,1,0,0,0
15710,1,0,0,0,0,1
15711,1,0,1,1,1,0
15712,0,0,0,0,0,0
15713,1,0,0,0,1,0
15715,1,1,1,0,0,0
15716,0,0,0,0,0,0
15718,1,0,1,0,1,0
15719,1,0,1,1,0,0
15720,1,0,0,0,0,1
15721,0,0,0,0,1,0
15722,0,0,0,0,0,0
15723,1,0,1,1,0,0
15724,1,0,1,1,0,1
15725,0,0,0,0,0,0
15726,0,0,1,0,0,1
15727,1,0,1,0,0,1
15728,0,0,0,1,1,1
15730,0,1,1,1,0,0
15733,1,0,1,1,0,1
15734,1,0,1,1,0,0
15735,0,0,1,1,0,1
15736,1,0,1,0,0,0
