13962,1,0,0,1,1,0
13963,1,1,1,1,1,1
13964,1,1,0,0,1,1
13965,0,0,1,0,0,0
13966,0,1,0,1,1,1
13968,1,1,1,0,1,1
13970,1,0,1,0,1,1
13971,0,0,1,0,0,0
13972,1,1,0,0,0,0
13973,0,1,0,1,1,0
13974,1,1,0,1,1,1
13975,0,1,0,0,1,1
13976,0,0,0,0,0,0
13977,1,0,0,1,1,1
13978,0,0,0,0,1,1
13979,0,1,1,0,1,0
13980,1,1,0,0,0,0
13981,0,0,0,0,1,0
13982,1,1,1,0,1,1
13983,1,0,1,0,1,0
13984,0,1,0,0,1,1
13985,0,0,0,0,0,1
13986,1,0,0,0,1,1
13987,1,1,0,0,1,0
13989,0,1,0,0,0,0
13990,0,0,0,0,1,1
13991,0,0,1,0,0,1
13992,1,1,0,1,0,1
13993,1,1,1,0,1,0
13994,0,0,1,0,0,0
13996,0,0,1,0,0,1
13997,1,1,1,0,1,0
13998,0,1,1,0,1,1
13999,0,0,0,0,1,1
14000,0,0,1,0,1,0
14001,1,1,0,0,0,1
14003,0,1,1,0,0,1
14004,0,1,1,0,1,1
14005,0,0,1,0,1,1
14006,0,1,1,0,0,1
14007,0,0,1,0,1,0
14009,1,0,0,0,0,1
14010,0,1,1,0,1,0
14011,1,1,0,0,1,1
14012,0,1,1,0,1,1
14013,0,1,1,0,1,1
14014,0,0,1,0,1,1
14015,1,0,0,0,0,0
14017,0,1,1,0,1,0
14018,0,1,1,0,1,1
14019,1,0,1,0,1,1
14020,0,0,1,0,1,1
14021,0,0,1,0,0,0
14022,0,1,1,1,1,1
14023,0,1,1,0,1,1
14024,0,1,0,0,1,1
14025,1,0,1,0,1,0
14026,0,1,1,0,0,0
14027,1,1,0,1,1,1
14028,0,1,0,0,0,0
14029,1,1,0,1,0,1
14030,0,1,1,0,0,0
14031,0,1,1,0,1,1
14032,0,1,1,0,0,1
14033,0,0,1,0,1,0
14034,0,1,1,0,1,0
14035,1,1,0,0,0,0
14038,0,1,1,0,0,0
14039,1,1,0,0,0,0
14042,0,0,0,0,1,1
14043,1,0,0,0,0,0
14044,0,1,1,0,1,1
14045,0,1,1,1,1,1
14046,0,1,1,0,0,1
14047,0,1,1,0,1,1
14048,0,1,1,0,0,0
14049,0,1,0,0,0,0
14050,0,1,1,0,0,0
14052,0,1,0,1,1,0
14053,0,0,1,0,0,0
14054,0,1,1,0,0,1
14055,1,0,0,0,1,1
14056,0,1,1,0,1,1
14057,0,1,0,0,0,0
14059,1,0,1,1,1,1
14060,0,1,1,0,1,1
14069,0,1,1,0,0,0
14070,0,1,1,0,0,0
14073,0,0,0,0,0,0
14074,1,0,1,0,0,0
14077,0,1,1,0,0,0
14078,0,0,1,0,0,0
14079,0,1,1,0,0,0
14080,0,1,1,0,1,1
14081,0,1,1,0,0,0
14082,0,1,1,0,0,0
14083,0,1,1,1,1,0
14084,0,1,1,0,0,0
14087,0,0,0,0,0,0
14088,0,0,0,0,1,1
14089,0,1,1,0,0,0
14091,0,1,1,0,0,0
14092,0,1,1,0,1,1
14094,0,1,1,0,0,1
14095,0,0,0,0,0,0
14096,1,1,1,0,1,0
14097,1,0,1,0,1,1
14099,1,0,1,0,1,0
14100,0,0,0,0,1,1
14101,1,1,1,0,1,0
14102,0,0,0,0,1,0
14104,0,0,0,0,0,0
14105,0,1,0,0,0,0
14109,1,0,1,0,0,0
14110,0,0,0,0,1,0
14111,0,0,0,0,1,1
14115,0,0,0,0,0,0
14116,0,0,0,1,1,1
14117,0,0,1,0,1,1
14118,0,1,1,0,0,0
14119,1,0,0,0,1,1
14120,0,0,0,0,0,0
14121,0,1,1,0,0,0
14122,0,1,1,1,1,1
14123,0,0,1,0,1,1
14124,1,0,1,0,1,1
14125,1,1,1,0,1,1
14126,0,1,1,1,0,0
14127,0,1,1,1,1,0
14128,0,1,1,0,1,0
14129,1,1,0,0,1,1
14130,1,0,1,0,0,0
14131,0,0,0,0,1,1
14132,0,0,0,0,0,0
14134,0,0,0,0,1,1
14135,0,1,1,0,1,0
14136,0,0,0,0,0,0
14137,0,0,0,0,1,1
14138,1,1,1,0,1,1
14139,0,0,0,0,0,0
14140,0,0,0,0,0,0
14141,0,0,0,0,0,0
14143,0,0,1,0,0,0
14144,0,0,0,0,0,1
14145,0,1,1,0,0,1
14146,0,0,0,1,1,1
14147,0,0,0,0,0,0
14148,0,0,0,0,0,0
14149,1,0,0,0,1,1
14150,0,0,0,0,1,1
14151,0,0,1,0,0,0
14152,0,0,0,0,1,1
14153,0,0,0,0,1,0
14154,0,0,0,0,0,0
14155,0,0,0,1,0,1
14157,0,0,0,0,0,0
14158,0,0,0,0,0,1
14159,0,0,0,0,0,0
14161,0,0,0,0,0,0
14165,1,0,1,1,0,1
14166,1,0,1,0,0,1
14167,1,0,1,1,0,1
14168,0,0,0,1,0,1
14169,1,0,1,0,0,0
14171,1,0,1,0,1,1
14172,0,0,0,1,1,1
14173,0,0,0,1,1,0
14174,0,0,1,1,0,1
14175,0,0,0,0,0,0
14176,1,0,1,0,1,1
14177,0,0,0,0,1,0
14178,1,0,1,0,0,0
14179,1,0,1,0,1,1
14180,0,0,0,0,0,1
14181,0,0,0,1,1,1
14186,0,0,0,1,1,1
14187,1,1,0,0,0,0
14188,0,0,0,0,0,0
14189,1,0,0,0,1,0
14190,1,1,1,1,1,1
14191,0,0,0,0,1,0
14192,0,0,0,1,1,1
14193,0,1,0,1,1,1
14194,0,1,1,0,1,0
14195,0,1,0,1,0,1
14196,0,0,0,1,1,0
14200,1,1,1,0,0,0
14201,1,1,1,0,1,0
14202,1,0,1,0,1,1
14203,1,1,1,0,1,1
14204,0,0,0,0,1,1
14207,0,0,0,1,1,0
14208,0,0,0,0,0,1
14209,0,0,1,0,1,1
14210,1,0,1,0,1,1
14211,0,0,0,0,0,0
14213,0,0,0,0,0,0
14214,0,0,0,1,1,1
14215,1,0,1,1,0,1
14216,0,0,0,0,0,0
14217,1,1,1,0,1,1
14218,1,0,1,0,1,1
14219,1,1,1,0,0,0
14220,0,0,0,0,1,1
14221,1,0,1,0,1,1
14222,1,0,0,1,1,1
14223,1,0,1,1,0,0
14224,0,0,0,0,1,1
14225,0,1,1,0,1,1
14226,1,1,1,0,0,0
14228,0,0,1,0,1,1
14229,0,1,1,0,0,0
14230,1,1,0,0,0,0
14231,1,1,0,1,1,0
14232,0,0,0,0,1,0
14233,1,1,0,0,1,1
14234,0,0,0,0,0,0
14235,0,1,1,1,1,0
14236,0,1,1,0,1,0
14237,0,0,0,0,0,0
14241,1,1,0,0,0,0
14242,0,0,0,0,0,0
14243,0,0,1,0,1,1
14248,1,0,1,1,0,0
14249,1,0,0,1,1,0
14250,0,0,0,1,1,1
14251,1,0,0,0,1,1
14252,0,1,1,0,1,1
14253,0,1,1,1,0,1
14256,0,1,1,1,0,1
14257,0,1,0,0,0,0
14258,1,0,1,1,0,0
14259,1,0,1,0,0,0
14260,0,1,1,0,1,1
14261,1,1,1,0,0,0
14262,1,0,0,0,1,1
14263,1,1,0,1,0,1
14264,0,0,0,0,0,1
14265,1,0,1,1,1,0
14266,0,1,1,0,1,1
14267,1,1,0,0,1,1
14270,1,0,1,0,1,1
14271,0,0,0,0,1,1
14272,0,0,0,0,1,0
14273,0,1,1,0,0,1
14274,0,1,1,0,0,1
14275,1,1,1,0,0,0
14277,0,1,1,0,0,0
14278,0,1,1,1,1,0
14279,0,1,1,0,1,1
14280,1,0,1,1,1,0
14281,0,1,1,0,1,1
14283,0,1,1,1,0,1
14285,0,1,1,0,0,0
14286,0,1,1,1,1,1
14287,0,0,0,0,0,0
14288,0,0,0,0,1,1
14289,0,0,0,0,0,0
14290,0,0,1,0,1,0
14291,0,1,1,1,1,1
14292,0,0,0,0,1,1
14293,0,1,1,1,0,0
14294,0,0,1,0,1,0
14295,0,1,1,1,1,0
14297,0,1,1,0,1,0
14298,0,0,0,1,1,1
14299,0,0,1,0,1,1
14300,0,1,1,1,1,1
14301,0,1,1,0,0,0
14302,0,0,0,0,0,0
14305,1,1,0,0,1,1
14306,0,0,0,0,0,0
14309,1,0,0,0,1,1
14312,0,0,0,1,0,1
14313,1,0,1,0,0,0
14314,0,0,0,0,1,1
14315,0,1,0,0,0,0
14316,0,0,0,0,0,0
14317,0,1,1,0,0,0
14318,0,0,0,0,0,0
14319,0,0,0,0,1,0
14320,1,1,0,1,0,1
14321,0,0,0,0,1,1
14323,1,1,1,0,0,0
14324,1,1,0,0,0,0
14325,0,0,1,0,0,0
14326,0,1,1,0,1,1
14327,0,1,1,0,0,0
14332,0,0,0,0,0,0
14333,1,0,1,0,0,0
14334,1,0,1,0,0,0
14335,0,0,0,0,0,0
14336,0,0,0,1,0,0
14340,1,0,0,0,1,1
14341,0,1,1,0,1,1
14345,1,1,0,0,0,0
14346,1,0,1,1,1,0
14347,0,1,0,0,1,0
14348,0,0,0,0,0,1
14349,0,1,0,0,0,0
14350,1,1,1,0,0,0
14351,0,0,0,0,1,1
14352,0,1,1,0,0,0
14353,0,0,0,0,0,0
14354,0,0,0,0,1,1
14355,0,1,0,1,1,1
14356,0,1,1,0,1,1
14357,0,1,1,0,1,0
14358,0,0,0,0,0,0
14360,0,0,0,0,0,0
14361,0,1,1,0,0,0
14363,0,1,1,1,1,0
14367,1,1,0,0,0,0
14368,0,0,0,0,1,1
14369,0,0,0,0,1,1
14370,0,0,0,0,0,0
14371,0,0,0,1,1,0
14372,1,1,0,1,0,1
14374,0,0,0,0,0,0
14375,0,0,0,0,1,1
14376,0,0,0,0,0,0
14377,0,0,1,1,1,0
14378,1,0,0,1,1,1
14379,1,0,1,0,0,0
14381,1,0,0,0,1,0
14382,0,0,0,1,1,1
14383,0,0,0,0,1,1
14384,0,0,1,1,1,1
14385,0,1,0,0,1,0
14386,0,1,1,1,1,1
14387,1,0,1,0,0,0
14390,1,1,1,0,1,0
14391,0,0,0,0,1,1
14392,0,0,0,0,0,0
14393,1,0,0,0,0,0
14395,0,0,0,1,1,1
14396,0,1,0,1,1,1
14397,0,0,0,0,0,0
14398,0,0,0,0,0,1
14399,0,0,0,0,1,1
14400,0,0,0,0,0,0
14403,0,0,0,0,1,1
14404,0,0,0,0,0,0
14405,0,1,0,0,1,1
14406,0,1,1,1,1,0
14407,0,1,0,1,1,0
14408,0,0,0,0,1,0
14409,0,1,0,0,0,0
14410,0,0,0,1,1,0
14411,1,1,0,1,1,0
14412,0,0,0,1,1,0
14413,1,0,0,0,1,0
14414,1,1,0,0,1,1
14416,1,1,0,0,0,0
14417,0,0,0,0,1,0
14418,1,1,0,1,1,0
14419,0,0,0,0,0,1
14420,1,1,0,0,1,1
14421,0,1,0,0,0,0
14422,0,0,0,0,0,0
14423,0,1,0,1,1,1
14424,0,1,1,0,1,1
14425,0,0,0,0,1,1
14428,0,0,0,0,1,1
14429,0,1,0,0,1,1
14430,0,1,1,0,1,1
14431,0,1,1,0,0,0
14432,0,0,0,1,1,1
14433,0,1,0,0,0,0
14434,1,1,1,0,1,0
14435,1,1,0,0,0,0
14436,1,1,0,1,0,0
14437,1,0,1,1,0,1
14438,0,0,0,1,1,1
14439,0,1,1,0,0,0
14440,0,0,0,0,0,0
14441,0,1,1,0,1,1
14442,0,1,1,0,1,1
14443,0,1,1,0,0,0
14444,1,0,0,0,1,1
14445,0,0,0,1,0,0
14446,0,0,0,1,1,1
14448,1,1,0,0,1,1
14451,1,0,1,1,0,0
14452,0,1,1,0,0,0
14453,0,1,1,0,0,0
14455,1,0,1,1,1,1
14456,0,0,1,0,0,0
14458,1,0,0,1,0,1
14459,1,0,0,0,0,0
14461,0,0,0,0,0,0
14462,1,1,1,0,1,1
14463,0,0,0,0,0,0
14464,1,0,0,0,1,1
14465,1,0,0,0,1,1
14466,0,1,1,1,0,1
14469,1,0,1,0,0,0
14470,1,1,1,0,0,0
14476,1,0,0,0,0,0
14477,0,1,1,0,0,0
14478,0,0,0,1,0,1
14479,1,0,0,0,1,0
14480,0,0,0,0,0,1
14481,1,1,0,1,1,0
14482,0,0,1,0,0,0
14483,0,0,0,0,0,0
14484,0,1,1,0,0,0
14485,1,1,0,1,0,0
14486,1,1,0,1,0,1
14487,1,1,0,0,0,0
14489,0,1,1,0,0,0
14490,1,0,0,0,1,1
14491,0,1,1,0,0,0
14492,0,1,1,1,1,1
14493,0,1,1,0,0,0
14494,0,0,0,0,1,0
14495,1,1,0,0,1,1
14498,1,1,0,1,0,1
14499,1,1,0,0,1,1
14500,0,1,1,0,1,1
14501,1,0,1,0,0,0
14502,0,1,1,0,1,1
14505,0,1,1,0,0,0
14506,0,1,1,1,1,1
14507,1,0,1,0,0,0
14508,0,1,1,0,0,0
14509,0,1,0,0,1,1
14510,0,1,1,0,0,0
14511,0,1,1,0,0,0
14514,0,0,1,0,1,1
14515,1,1,0,0,1,0
14516,0,0,1,0,1,1
14518,1,0,0,0,0,0
14519,1,0,1,1,1,1
14520,1,1,0,0,0,0
14521,1,1,0,0,0,0
14522,1,0,0,0,0,0
14524,1,1,1,0,0,0
14525,1,0,1,0,0,0
14526,1,0,0,0,0,0
14527,0,0,0,0,0,0
14528,0,0,1,1,1,1
14529,0,1,0,0,0,0
14530,0,0,1,1,1,1
14531,1,0,0,0,1,1
14532,1,0,0,1,0,1
14533,0,1,0,0,1,1
14534,1,1,0,0,1,1
14535,0,0,1,0,0,0
14537,0,1,1,0,0,0
14538,0,0,0,0,1,0
14539,0,0,0,0,0,0
14540,0,1,1,0,0,0
14541,1,1,1,1,1,0
14542,1,0,1,0,0,0
14543,0,1,1,0,0,0
14544,0,0,0,0,1,1
14545,0,1,0,0,0,0
14547,0,0,0,0,1,1
14548,0,1,0,1,0,1
14549,0,1,1,0,1,1
14550,1,1,0,1,1,1
14551,0,1,1,0,1,0
14552,0,1,1,0,0,0
14553,0,1,1,0,1,0
14554,0,0,1,0,0,0
14555,1,0,0,1,0,1
14556,0,1,1,1,0,0
14557,1,1,0,0,0,0
14558,1,0,0,0,0,0
14560,0,0,0,0,0,0
14561,1,1,1,0,0,1
14562,0,0,0,0,0,1
14563,0,1,1,0,1,1
14564,0,0,0,1,1,1
14565,0,0,0,0,1,0
14568,1,0,0,0,0,0
14569,1,0,1,1,1,0
14570,1,0,1,0,1,0
14571,0,0,0,0,0,0
14572,0,0,0,0,1,0
14573,1,0,0,0,0,0
14574,0,0,0,0,0,0
14578,0,1,0,0,0,0
14579,0,0,0,0,0,0
14581,0,1,0,0,1,0
14582,1,1,0,0,1,1
14583,1,1,0,0,0,0
14584,0,0,0,0,0,0
14585,0,1,1,0,0,0
14586,0,0,0,1,1,1
14587,0,1,0,0,0,0
14588,0,0,1,0,0,0
14589,0,0,0,0,0,1
14591,0,0,0,0,1,0
14592,0,1,0,0,1,1
14596,0,1,0,1,0,0
14597,0,1,1,0,0,0
14598,0,1,1,0,1,1
14599,0,0,1,0,0,1
14600,0,1,1,0,0,0
14601,1,0,1,0,1,1
14602,0,1,0,0,0,0
14605,0,1,1,0,1,1
14606,0,0,0,1,1,1
14607,0,1,1,1,0,0
14608,0,1,1,0,0,0
14609,0,0,1,1,1,1
14610,0,1,1,0,0,0
14611,0,1,1,0,0,0
14612,1,0,0,0,0,0
14613,0,0,0,0,0,0
14614,0,1,1,0,0,0
14616,0,0,0,0,0,0
14618,0,0,0,0,0,0
14620,0,0,1,0,0,0
14622,0,1,0,0,0,1
14623,1,0,0,0,0,0
14625,0,1,1,0,0,1
14627,0,0,0,0,0,0
14631,0,0,1,0,0,0
14632,0,1,0,0,1,1
14633,0,0,0,0,0,1
14634,0,0,1,0,0,0
14635,0,0,0,0,0,0
14637,0,1,0,0,0,0
14638,0,0,0,0,0,0
14639,0,0,0,0,0,0
14640,0,0,0,0,1,0
14642,0,0,0,0,0,0
14644,1,0,1,0,0,0
14646,0,0,0,0,0,0
14647,0,0,0,1,0,0
14650,0,0,0,0,0,0
14651,0,1,1,0,0,0
14652,1,1,1,0,0,0
14658,0,0,0,0,0,0
14662,0,0,0,0,0,0
14665,0,0,0,0,1,0
14667,0,1,1,0,1,0
14668,0,0,0,0,0,0
14672,1,0,1,0,0,0
14674,0,0,0,0,0,1
14675,0,0,0,0,0,0
