13512,1,0,1,0,0,0
13513,1,0,0,0,0,1
13514,1,1,0,0,0,0
13519,1,1,0,1,0,0
13520,0,0,1,1,0,0
13521,1,1,1,1,0,0
13522,0,1,0,0,0,1
13523,1,1,1,1,0,1
13524,0,0,1,0,0,0
13525,1,1,0,0,0,0
13526,0,0,0,1,0,0
13527,1,1,0,0,0,0
13528,0,1,1,0,0,0
13550,1,0,0,0,0,0
13551,0,0,1,1,0,1
13553,0,1,1,0,0,1
13554,1,1,0,0,0,0
13555,0,1,1,0,0,0
13556,0,1,0,0,0,0
13557,1,1,0,0,0,0
13561,1,1,0,0,0,0
13563,0,0,1,0,0,0
13564,0,0,1,0,0,0
13565,1,1,0,0,0,0
13566,1,0,0,0,0,0
13567,0,0,1,1,1,0
13568,0,0,1,0,1,0
13569,1,1,1,0,0,0
13570,0,0,0,0,0,1
13571,0,1,0,0,0,0
13572,1,1,0,0,1,0
13573,0,1,0,0,0,0
13574,0,1,0,0,0,0
13575,1,1,0,0,0,0
13576,0,0,0,0,0,0
13577,0,1,0,0,0,0
13579,0,0,0,0,0,0
13585,0,0,0,0,0,0
13586,1,0,1,0,1,0
13588,0,0,0,1,1,0
13589,0,0,0,0,0,0
13590,0,0,1,0,1,1
13593,1,1,0,0,0,0
13594,1,1,1,0,0,1
13595,1,0,1,0,0,0
13596,0,1,0,0,0,0
13598,0,0,0,0,0,0
13599,1,1,0,0,0,1
13600,1,1,1,0,0,0
13601,0,0,0,0,0,0
13602,0,0,0,0,0,0
13604,0,0,0,1,0,0
13605,1,0,0,0,0,0
13606,1,0,1,0,0,0
13607,1,1,1,0,0,0
13608,0,0,0,0,0,0
13609,1,1,1,0,0,0
13612,0,0,0,1,0,0
13613,0,0,0,0,0,0
13614,1,1,0,0,0,0
13615,0,1,0,0,0,1
13619,0,0,1,0,0,0
13620,0,0,0,0,0,0
13621,1,0,1,0,0,0
13622,0,0,0,1,0,0
13623,0,0,0,1,1,1
13624,0,0,0,0,0,0
13625,0,0,0,0,0,1
13626,0,1,0,0,0,0
13629,0,0,0,0,0,1
13630,0,0,0,1,0,0
13631,0,0,0,0,0,0
13632,0,0,0,0,0,0
13633,0,0,0,0,0,0
13634,0,0,0,0,0,0
13635,0,0,0,0,0,1
13636,0,0,0,0,0,1
13637,0,0,0,0,0,1
13638,1,1,1,0,0,1
13639,0,0,0,0,0,0
13640,0,0,1,0,0,1
13641,0,1,1,0,1,1
13642,1,1,0,0,0,1
13643,0,1,1,0,1,1
13644,0,1,0,1,0,0
13645,0,1,0,0,0,0
13647,1,0,1,0,0,0
13648,0,0,1,0,0,0
13649,0,0,0,0,0,1
13650,1,0,1,0,0,0
13651,0,1,1,0,0,1
13653,0,0,0,0,0,0
13655,0,0,0,0,0,0
13656,0,1,1,0,0,1
13657,0,1,1,0,0,0
13658,0,0,1,0,0,0
13659,0,0,0,0,0,0
13660,1,1,0,0,0,0
13661,0,0,1,0,0,0
13662,0,0,1,0,0,0
13663,0,0,0,1,0,0
13664,0,0,1,0,0,0
13665,0,0,0,0,0,1
13666,0,0,0,0,0,0
13667,0,0,0,0,0,1
13668,0,0,1,0,0,0
13669,0,0,0,0,0,0
13670,1,0,0,0,0,0
13671,0,0,0,0,0,0
13672,0,1,0,1,0,0
13673,0,0,0,1,0,0
13675,0,0,0,0,0,0
13676,0,0,0,0,0,0
13677,0,0,0,0,0,0
13679,0,0,1,0,0,0
13680,0,0,1,0,0,0
13682,0,0,0,0,0,0
13683,0,1,1,0,1,1
13692,0,1,1,0,0,0
13693,1,0,0,0,0,0
13694,0,0,0,0,0,0
13695,0,0,0,0,0,0
13696,0,0,1,0,0,0
13697,0,0,0,0,0,0
13698,1,0,1,0,0,0
13699,0,0,1,0,0,0
13700,0,0,0,0,0,0
13701,0,1,0,0,0,0
13702,1,1,0,0,0,0
13703,0,0,0,0,0,0
13704,0,0,0,0,0,0
13705,0,0,0,0,0,0
13707,0,0,0,0,0,0
13708,1,0,1,0,0,0
13710,0,1,1,0,0,0
13711,0,0,0,0,0,0
13712,0,0,0,0,0,0
13713,0,0,0,0,0,1
13715,1,1,0,0,0,0
13716,0,0,0,0,0,0
13717,0,0,0,0,0,0
13723,0,0,0,0,0,0
13726,1,1,1,0,0,0
13728,1,0,1,0,0,0
13729,1,1,1,0,0,0
13730,0,0,0,0,0,0
13731,0,0,0,0,0,0
13732,0,1,0,0,0,0
13734,0,0,0,0,0,0
13735,0,0,1,0,0,0
13736,1,0,0,0,0,0
13738,0,0,0,0,0,0
13742,0,0,0,0,0,0
13745,0,0,0,0,0,0
13746,0,0,0,0,0,0
13747,1,1,1,1,0,0
13749,0,0,0,0,0,0
13752,0,0,0,0,0,0
13753,0,0,0,0,0,0
13755,0,0,0,0,0,0
13756,0,1,0,0,0,0
13757,0,0,0,0,0,0
13759,0,0,0,0,0,0
13760,0,0,0,0,0,0
13762,0,0,0,0,0,0
13767,0,0,0,0,0,0
13768,0,0,0,0,0,0
13769,0,0,0,0,0,0
13778,0,0,0,0,0,0
13787,1,1,1,0,0,0
13788,0,0,0,0,0,0
13789,0,0,0,0,0,0
13793,0,1,0,0,0,0
13795,1,1,1,0,0,0
13796,1,1,0,0,0,0
13797,0,0,0,0,1,0
13800,0,0,0,0,0,0
13802,0,1,0,0,0,0
13803,0,0,0,0,0,0
13814,0,0,0,1,1,0
13815,0,0,0,0,0,0
13823,0,0,0,1,1,1
13825,0,0,0,0,0,0
13827,0,1,0,0,1,1
13828,0,0,0,0,0,0
13829,0,0,0,0,1,0
13830,0,0,0,0,0,0
13832,0,0,0,0,0,0
13834,0,0,0,0,0,0
13835,0,0,0,0,0,0
13847,0,0,0,0,0,0
13892,0,0,0,0,0,0
13896,0,0,0,0,0,0
13899,0,0,0,0,0,0
13900,0,0,0,0,0,1
13901,0,0,0,0,0,0
13903,0,0,0,1,1,1
13904,0,0,0,0,0,0
13906,0,0,0,0,0,0
13907,0,0,0,1,0,1
13909,1,1,1,0,0,0
13910,0,0,0,0,0,0
13913,0,0,0,0,0,0
13918,0,1,1,0,0,0
13932,0,0,0,0,0,0
13938,0,0,0,0,0,0
13939,0,0,0,0,0,0
13940,0,0,0,0,0,0
13951,0,0,1,0,0,0
13953,0,0,0,0,1,1
13954,0,0,0,0,1,0
14013,1,1,1,0,0,0
14016,1,0,1,0,0,1
14017,0,0,0,0,0,0
14018,0,0,0,0,0,0
14020,0,0,0,0,0,1
14021,1,1,0,0,0,0
14022,0,0,0,0,0,0
14023,0,0,0,0,0,0
14025,0,0,0,0,1,0
14027,0,0,0,0,0,0
14028,0,0,0,0,0,0
14029,0,1,1,0,0,0
14031,0,0,0,0,1,1
14032,0,0,0,0,1,0
14033,0,0,0,0,0,0
14038,0,0,0,0,0,0
14040,0,1,0,0,0,0
14041,0,0,0,0,0,0
14043,0,0,0,0,1,0
14045,0,0,0,0,1,0
14046,0,0,0,1,0,0
14047,1,1,0,0,1,1
14048,0,0,0,0,1,0
14049,0,0,0,0,0,0
14050,0,0,0,0,0,0
14051,0,0,0,0,1,1
14052,0,0,0,0,0,0
14053,0,0,0,0,0,0
14055,0,1,0,0,0,1
14056,0,0,0,0,0,0
14057,0,0,0,0,0,0
14058,0,0,0,0,0,0
14060,0,0,0,0,1,0
14061,0,0,0,0,1,1
14062,0,0,0,0,1,1
14063,0,0,0,1,1,0
14065,0,0,0,0,0,0
14067,0,0,0,0,0,0
14068,0,0,0,0,0,1
14069,0,1,0,0,0,0
14070,0,0,0,0,0,0
14071,0,0,0,0,1,1
14072,1,1,1,0,0,0
14073,0,0,0,0,1,1
14074,0,0,0,0,1,1
14075,0,0,0,0,1,0
14076,0,0,0,0,0,0
14077,0,0,0,0,1,1
14079,0,0,0,0,1,0
14080,0,0,0,0,0,0
14081,0,1,0,1,1,1
14082,0,0,0,0,0,0
14083,0,0,0,0,0,0
14084,0,0,0,0,1,1
14085,0,0,0,0,0,0
14086,0,0,0,0,0,0
14087,0,0,0,0,1,1
14088,0,1,1,0,1,1
14089,0,0,0,0,0,0
14090,0,1,1,0,1,1
14091,0,0,0,0,0,0
14095,0,0,0,0,0,0
14096,0,0,0,0,1,1
14097,0,1,1,0,1,0
14098,0,0,0,1,1,0
14099,0,1,1,1,0,0
14100,0,0,0,1,1,0
14101,1,0,0,1,0,0
14102,0,1,1,0,1,1
14103,1,0,0,0,1,1
14104,0,1,1,0,1,0
14105,0,1,1,0,1,0
14107,0,1,0,0,1,1
14108,0,1,1,1,1,0
14109,1,0,0,1,1,0
14110,0,1,1,1,1,1
14111,1,0,0,1,1,1
14112,0,1,1,0,1,0
14113,1,1,0,1,0,0
14116,0,0,0,0,1,1
14117,0,1,1,0,1,1
14118,0,1,0,0,1,1
14119,0,0,0,0,1,1
14120,1,0,1,0,0,1
14121,0,1,1,0,0,0
14122,1,0,0,1,1,1
14123,0,0,0,0,1,1
14124,0,1,1,0,0,0
14125,0,0,1,0,0,1
14126,0,1,1,1,1,1
14128,0,1,1,0,1,1
14129,0,0,0,0,0,0
14130,0,0,0,0,1,1
14132,1,1,0,0,1,1
14133,0,0,0,0,1,1
14134,0,0,1,0,1,0
14135,0,1,1,0,0,1
14136,1,0,0,0,0,0
14137,0,0,0,0,1,0
14138,0,1,1,1,0,0
14139,0,0,0,0,1,1
14140,0,1,1,0,1,0
14141,0,0,1,1,1,1
14142,0,1,1,0,0,0
14143,0,0,0,0,0,1
14144,0,0,1,1,1,1
14145,1,1,1,0,0,0
14147,0,0,1,0,0,0
14148,0,1,1,0,1,0
14149,1,0,0,0,1,1
14150,1,0,0,0,0,0
14151,1,1,1,0,0,0
14152,0,0,1,1,1,0
14153,0,1,1,0,0,0
14154,0,1,0,0,0,0
14155,0,1,1,1,0,1
14156,1,0,1,0,0,0
14157,0,0,0,0,0,0
14159,1,0,0,1,1,1
14160,0,0,1,0,0,0
14161,0,1,1,1,1,1
14163,0,0,0,0,0,0
14164,0,0,0,0,0,0
14165,1,1,1,1,0,0
14166,1,0,1,1,0,0
14167,0,1,1,1,0,0
14168,1,0,0,1,1,1
14171,0,0,1,0,0,0
14172,0,0,0,1,1,1
14173,0,0,1,1,0,1
14174,0,0,0,1,1,0
14175,1,1,1,0,0,0
14177,0,0,0,1,0,0
14178,1,0,1,1,1,1
14180,1,1,0,1,1,0
14181,0,1,0,1,0,0
14184,0,0,0,1,1,1
14185,1,0,0,1,0,0
14186,0,0,1,0,0,0
14187,1,1,1,1,0,0
14188,1,0,1,0,0,0
14189,1,0,1,0,0,1
14192,0,1,0,0,0,0
14193,0,0,0,1,1,1
14194,0,1,1,0,1,1
14195,0,0,0,1,0,1
14196,0,1,1,0,0,0
14197,1,1,0,1,0,0
14199,0,0,0,0,1,1
14200,0,1,0,0,0,0
14201,1,1,0,0,0,0
14202,0,1,1,0,1,0
14203,0,0,0,0,0,0
14206,1,0,0,0,0,0
14207,1,0,1,0,0,0
14208,1,1,1,0,0,0
14210,0,0,0,1,1,1
14212,1,0,0,1,1,0
14214,0,0,0,0,0,0
14217,0,1,1,0,0,0
14219,1,0,1,0,0,0
14223,0,1,1,0,0,0
14228,0,1,1,0,0,1
14230,0,0,0,0,1,0
14231,0,1,1,0,1,1
14232,1,0,0,0,0,0
14235,0,0,0,0,0,0
14236,0,0,0,0,0,0
14237,0,0,0,0,0,0
14239,0,0,1,0,0,0
14240,1,0,0,0,0,0
14243,1,0,0,0,0,0
14244,1,1,1,0,0,0
14246,0,0,0,0,1,0
14247,1,1,0,0,0,0
14261,0,0,0,0,0,0
14262,0,1,0,0,0,0
14263,0,0,0,0,1,1
14264,0,1,1,0,0,0
14266,0,0,0,0,1,1
14267,0,0,0,0,0,0
14268,1,0,0,0,0,0
14270,0,1,1,1,0,1
14274,0,1,1,0,0,0
14275,0,0,0,0,0,0
14282,1,0,1,0,0,1
14283,0,0,0,0,1,1
14284,0,0,0,0,0,0
14287,0,1,1,0,0,0
14288,0,0,0,0,0,0
14289,0,0,0,0,0,0
14290,0,0,0,0,0,1
14296,1,1,0,0,1,1
14297,0,0,1,0,0,0
14304,1,1,1,0,0,0
14305,0,0,1,0,0,0
14309,1,1,0,0,0,0
14311,0,0,1,0,0,0
14313,0,0,0,0,0,1
14315,1,0,0,0,0,1
14321,0,0,0,0,0,0
14323,0,0,0,1,1,0
14324,0,0,0,0,0,0
14325,1,1,0,0,0,0
14328,0,1,0,0,0,0
14329,0,0,0,0,0,0
14333,1,0,1,0,1,0
14335,0,0,0,0,1,1
14336,0,1,0,0,0,0
14341,0,0,0,0,0,0
14346,0,1,0,0,0,0
14347,1,0,1,0,1,1
14348,0,0,0,1,1,1
14349,0,0,0,0,0,0
14350,0,0,0,0,0,0
14351,0,0,0,0,1,1
14354,0,0,0,0,0,0
14355,0,0,0,0,0,0
14358,1,1,0,1,0,0
14360,0,0,0,0,0,1
14361,0,0,0,1,0,1
14362,1,1,1,0,1,0
14363,0,0,1,1,0,1
14365,0,1,0,1,1,1
14371,0,0,0,0,0,0
14372,0,0,0,0,0,1
14373,0,0,1,0,0,0
14375,0,0,0,0,0,0
14382,0,0,0,0,0,0
14383,0,0,0,1,0,0
14396,0,0,0,0,0,0
14403,0,0,0,0,0,0
14405,1,0,0,0,0,0
14411,0,0,0,0,0,0
14412,0,0,0,0,0,0
14413,1,1,1,1,0,0
14415,0,0,1,0,0,0
14416,0,0,0,0,0,0
14417,0,0,0,0,0,0
14418,0,0,0,0,0,0
14419,0,0,0,0,0,0
14420,1,1,0,0,0,0
14421,1,1,0,0,1,0
14424,0,0,0,0,0,0
14426,0,1,1,0,0,1
14427,0,0,0,0,0,1
14428,0,1,0,1,0,0
14430,1,0,0,0,0,1
14431,0,0,0,0,0,0
14432,0,0,0,0,0,1
14433,0,1,0,0,0,0
14436,0,0,0,0,0,0
14438,1,0,0,0,0,1
14439,0,1,1,0,0,0
14440,0,0,0,0,0,1
14441,0,0,0,0,0,0
14442,0,0,0,1,1,1
14446,0,0,0,0,0,0
14447,0,1,0,0,0,1
14448,1,1,0,1,0,1
14461,0,0,0,0,0,0
14462,0,0,1,0,1,1
14463,1,0,1,0,0,1
14465,0,1,1,0,0,1
14466,1,0,1,0,1,1
14467,0,1,1,1,1,1
14468,1,0,0,0,0,0
14469,0,0,0,0,0,1
14471,0,0,0,1,1,1
14472,0,0,0,0,1,1
14473,0,0,0,0,0,0
14475,0,0,0,0,0,0
14476,0,0,0,0,0,0
14477,1,0,0,0,0,0
14478,0,0,0,0,0,1
14479,0,0,0,0,0,0
14483,0,0,0,0,0,0
14484,0,0,0,0,0,1
14486,0,0,0,0,0,0
14487,0,0,0,0,0,0
14488,0,0,1,1,1,1
14489,0,0,0,0,0,0
14490,1,1,0,0,0,0
14491,0,0,0,0,1,1
14492,0,0,0,0,0,0
14493,0,0,0,0,0,0
14494,0,0,0,0,1,1
14495,0,1,0,0,0,0
14496,0,0,0,1,0,1
14551,0,0,0,0,0,0
14553,0,0,0,1,1,1
14554,0,0,0,0,0,1
14557,0,0,0,0,0,0
14558,0,0,0,0,0,0
14559,0,0,0,0,0,0
14561,0,1,0,1,1,1
14576,1,0,1,0,0,0
14577,0,0,0,0,0,0
14578,0,0,0,0,1,0
14579,0,0,0,0,0,0
14580,0,0,0,0,0,1
14581,1,0,0,1,0,1
14584,0,0,0,0,0,0
14586,0,0,0,0,0,0
14588,0,0,0,1,0,0
14589,1,1,1,1,1,1
14592,0,0,0,0,0,0
14593,1,1,1,1,0,0
14594,0,0,0,1,0,0
14595,0,0,0,0,0,0
14596,0,0,0,0,1,0
14597,0,0,0,0,0,0
14598,0,0,0,0,0,0
14600,0,0,0,0,1,0
14601,0,0,0,1,1,0
14602,0,0,0,1,1,1
14603,1,0,1,0,0,0
14604,1,1,1,1,0,1
14605,1,1,1,1,0,1
14606,0,1,0,1,0,0
14607,0,0,0,0,0,1
14609,0,0,0,1,0,1
14611,0,0,0,0,1,1
14612,1,1,0,0,1,1
14613,0,0,1,0,0,0
14622,1,0,1,0,0,0
14623,1,0,0,0,0,1
14624,0,0,0,0,1,0
14626,0,0,0,0,0,0
14627,0,0,1,0,0,0
14628,0,0,0,0,0,0
14630,0,0,0,1,0,1
14631,1,1,1,0,0,1
14637,1,0,1,0,0,0
14641,0,1,1,1,0,1
14642,0,0,0,0,1,0
14643,0,0,0,0,0,0
14644,0,1,0,0,0,0
14645,1,0,1,0,0,0
14646,0,0,0,0,0,0
14649,1,1,1,0,0,0
14650,0,0,0,0,0,0
14651,0,1,0,0,0,0
14652,1,0,1,1,0,1
14658,1,0,1,0,0,0
14659,0,0,0,0,0,1
14660,0,1,1,0,1,1
14662,0,0,0,0,0,0
14663,0,0,0,0,0,0
14664,1,0,1,0,0,0
14665,0,1,1,1,0,0
14666,0,0,0,0,0,0
14667,0,0,0,1,1,0
14668,1,0,1,0,1,0
14669,0,1,1,0,1,0
14670,1,0,0,0,0,0
14672,1,1,0,1,1,1
14673,1,0,1,1,1,0
14674,1,0,1,0,0,0
14675,0,1,1,1,0,1
14676,0,0,0,0,0,0
14677,0,0,0,0,0,1
14678,0,1,1,1,1,1
14679,1,1,1,0,1,0
14680,0,0,0,1,0,0
14681,1,0,1,0,0,1
14682,0,0,0,0,0,0
14683,1,0,1,1,1,1
14684,1,0,1,1,1,1
14685,0,0,0,1,1,0
14686,0,0,0,1,0,0
14687,0,0,0,0,1,1
14688,0,0,0,1,0,0
14689,0,1,1,0,0,0
14690,1,0,1,0,0,1
14691,0,0,0,0,0,0
14692,0,0,0,0,0,0
14693,0,0,1,0,0,0
14694,0,0,1,0,0,0
14695,1,0,1,0,0,0
14696,0,1,0,0,0,0
14697,0,0,0,0,1,0
14698,0,0,0,0,0,0
14699,1,0,0,1,1,0
14700,0,0,0,0,0,1
14701,0,0,1,0,1,1
14703,1,0,1,0,0,0
14704,0,1,1,0,0,0
14705,0,0,0,0,0,0
14707,1,1,0,0,0,0
14708,1,1,1,1,0,1
14711,0,0,0,1,0,0
14713,0,1,0,0,0,0
14715,0,0,0,0,0,0
14717,0,0,0,1,1,0
14722,1,1,1,0,0,0
14724,0,0,0,0,0,0
14725,0,0,0,0,1,0
14726,1,1,0,0,1,0
14727,0,0,0,1,0,0
14728,0,0,0,0,1,1
14729,1,1,1,1,0,1
14730,0,0,0,0,0,0
14733,0,0,1,1,0,0
14734,0,0,0,0,0,1
14735,0,0,1,0,0,0
14736,1,0,1,1,0,0
14737,0,0,0,0,1,0
14738,1,1,1,0,0,1
14739,1,0,1,0,0,0
14740,1,1,0,0,0,0
14741,0,1,0,0,0,0
14742,1,1,1,0,1,1
14746,0,0,0,0,0,0
14747,0,0,0,0,0,1
14750,0,0,0,1,0,1
14754,0,1,1,0,0,0
14755,0,0,0,0,0,0
14757,0,0,0,0,0,0
14758,0,0,0,1,0,0
14759,0,0,0,0,0,0
14760,1,1,0,1,0,1
14761,0,1,1,0,0,0
14762,1,1,1,0,0,0
14763,1,0,1,0,0,0
14766,1,1,1,0,0,0
14767,1,0,1,0,0,0
14768,0,1,0,0,0,0
14769,0,0,0,0,0,0
14771,0,0,0,1,0,0
14773,0,0,0,1,0,0
14774,1,1,0,0,0,0
14777,0,0,0,0,0,0
14778,0,0,0,0,0,0
14779,1,0,0,1,1,0
14780,0,0,0,0,0,1
14781,0,0,0,0,0,0
14785,0,0,0,0,0,0
14786,0,1,0,0,1,1
14789,0,0,0,0,0,0
14791,0,0,0,0,0,0
14793,0,0,0,0,0,0
14796,0,1,0,1,1,1
14798,0,0,0,0,0,0
14803,0,0,0,1,0,0
14805,1,1,1,0,0,0
14806,0,0,0,0,0,0
14807,0,0,0,0,0,0
14808,1,0,0,0,0,0
14809,0,0,0,1,0,0
14810,0,0,0,0,0,0
14812,0,0,0,1,0,0
14813,0,0,0,0,0,0
14815,0,0,0,1,0,0
14819,0,0,0,1,0,0
14820,0,0,0,0,0,0
14821,1,1,0,1,0,1
14822,0,0,0,1,0,0
14823,1,0,1,0,1,0
14824,0,0,0,0,0,0
14825,0,0,0,0,0,0
14826,0,0,0,1,0,0
14827,0,0,0,1,0,0
14828,0,0,0,0,0,0
14829,0,0,0,0,0,0
14830,0,1,0,0,0,0
14831,0,0,0,1,1,1
14832,0,0,0,1,0,1
14833,1,1,0,0,0,0
14835,0,0,0,1,0,0
14836,0,1,1,1,0,1
14837,1,1,0,1,0,0
14838,0,0,0,0,0,0
14841,0,0,0,0,0,1
14842,0,0,0,0,0,0
14843,0,0,0,0,0,0
14844,0,0,0,0,0,0
14845,0,0,0,0,0,0
14846,0,0,1,0,0,0
14847,0,0,0,1,0,0
14848,1,1,0,0,0,1
14849,1,0,0,0,0,0
14850,0,0,0,0,0,0
14851,0,0,0,1,0,0
14852,0,0,0,0,0,0
14854,1,0,1,0,0,0
14855,0,0,0,1,0,1
14856,1,0,0,0,0,0
14857,0,0,0,1,0,0
14858,0,0,0,0,0,0
14860,0,0,0,0,0,1
14861,0,0,0,0,0,1
14862,0,0,1,1,0,0
14863,1,0,0,1,0,1
14864,0,0,1,0,0,0
14865,0,0,0,0,1,1
14867,0,0,0,0,0,0
14868,0,0,0,0,0,0
14869,0,0,0,0,0,0
14871,0,1,0,1,1,0
14872,1,0,0,0,0,0
14873,0,0,0,1,1,0
14874,0,0,0,1,1,0
14875,0,0,0,1,0,0
14877,0,0,0,1,1,0
14879,0,0,0,0,0,0
14880,0,0,0,1,1,0
14882,0,0,0,1,1,0
14883,0,0,1,1,1,1
14900,0,0,0,0,1,0
14901,1,1,1,0,0,0
14902,1,1,1,0,0,0
14903,0,0,0,1,1,0
14904,0,0,0,0,1,1
14905,0,0,0,0,0,0
14906,0,0,0,1,0,0
14907,0,0,0,0,0,0
14908,0,0,0,1,0,1
14909,0,0,0,0,1,1
14910,1,0,1,0,0,0
14911,0,0,0,0,1,1
14912,0,0,0,0,1,1
14915,1,0,1,0,0,0
14917,0,1,0,0,1,1
14918,1,0,1,1,0,0
14919,0,0,0,0,0,0
14920,0,0,0,0,0,0
14921,1,0,0,0,1,1
14931,0,0,0,0,0,0
14932,0,0,0,0,0,0
14933,0,0,0,1,0,0
14934,0,0,0,1,1,0
14935,1,1,0,1,1,0
14936,0,0,1,0,0,0
14937,0,1,1,0,1,1
14938,0,0,1,1,1,1
14939,0,1,1,0,0,0
14940,0,0,0,1,0,0
14941,1,1,1,1,1,1
14942,0,0,0,0,0,0
14943,0,0,0,0,0,0
14944,0,1,1,0,0,0
14945,1,1,1,1,1,1
14946,0,0,0,0,0,0
14947,1,1,1,1,1,1
14948,1,0,1,1,0,1
14949,1,0,1,1,1,1
14950,0,0,0,0,1,0
14951,1,0,1,1,1,1
14952,1,1,1,0,0,0
14953,0,0,0,0,1,1
14954,1,1,1,1,1,0
14955,1,1,1,0,1,1
14956,1,0,1,1,0,1
14957,1,0,0,0,0,1
14958,1,0,1,0,0,1
14959,1,0,1,1,1,0
14960,1,1,1,0,0,0
14966,1,1,1,0,0,0
14967,0,0,0,1,0,1
14968,0,0,0,1,1,0
14970,0,0,0,0,0,0
14971,1,1,1,1,1,1
14972,1,0,1,0,1,1
14973,1,0,1,0,0,0
14974,1,1,1,0,1,0
14976,0,0,0,0,0,0
14977,0,0,0,1,0,1
14978,0,0,0,1,0,1
14979,1,1,1,1,0,0
14980,0,0,0,0,1,0
14981,0,0,0,1,0,0
14982,0,0,0,1,0,1
14983,0,0,0,1,0,1
14984,1,0,0,0,0,1
14985,1,0,1,0,0,0
14986,1,0,0,0,0,0
14987,0,0,0,1,0,1
14988,0,1,1,0,0,0
14989,0,1,0,0,0,1
14991,0,0,0,0,0,0
14992,0,0,1,0,0,0
14993,1,1,1,1,1,1
14994,1,0,1,0,1,1
15032,1,1,1,1,1,1
15035,1,0,1,1,0,1
15036,0,1,1,0,0,0
15037,1,1,1,0,0,0
15039,1,1,1,0,0,0
15040,1,0,1,1,0,1
15041,0,0,0,0,0,0
15055,1,1,1,1,0,1
15058,1,1,1,1,0,1
15059,1,1,1,0,0,0
15061,1,1,1,0,0,0
15062,0,0,0,0,0,0
15068,1,1,1,0,1,1
15069,1,0,0,0,1,1
15070,0,1,0,0,0,0
15071,1,0,0,1,0,0
15075,0,0,0,0,0,0
15076,1,1,1,0,0,1
15077,0,1,1,0,0,0
15078,1,0,0,1,0,1
15082,1,0,0,0,0,0
15085,0,1,0,0,0,0
15088,0,0,0,0,0,0
15091,0,0,0,0,0,0
15094,0,0,0,0,0,0
15096,0,1,0,1,0,0
15099,0,0,0,0,0,0
15103,0,0,0,0,0,0
15107,0,0,0,0,0,0
15111,1,0,0,1,0,1
15113,0,0,1,0,0,0
15115,1,1,1,1,0,0
15116,1,1,1,1,0,0
15118,1,1,1,0,0,1
15120,0,0,0,0,0,0
15122,0,0,0,0,0,0
15124,0,0,0,0,1,1
15125,1,1,1,0,1,1
15127,0,0,0,1,0,1
15132,0,0,0,0,0,0
15133,0,0,0,0,0,0
15136,0,0,0,1,1,0
15138,0,0,1,0,0,0
15140,0,0,0,0,0,0
15141,0,0,0,0,0,0
15142,0,0,0,0,0,0
15143,1,0,1,1,1,1
15146,0,0,0,0,0,0
15149,0,0,0,0,1,0
15150,0,0,0,0,0,0
15153,0,0,0,0,1,1
15154,1,0,1,0,0,0
15160,0,0,0,0,0,0
15163,0,0,0,0,1,1
15164,0,0,0,0,0,0
15168,0,0,0,0,0,0
15169,0,0,0,1,1,1
15170,0,0,0,1,0,0
15173,0,0,0,1,1,0
15177,0,0,0,0,0,0
15178,0,0,0,0,0,0
15180,1,1,1,0,0,0
15184,0,0,0,0,1,1
15191,0,0,0,0,0,0
15192,1,1,1,0,0,0
15195,0,0,0,0,0,0
15197,1,1,0,0,0,0
15200,0,0,0,1,0,1
15201,0,1,1,0,1,1
15202,1,1,1,0,0,1
15204,0,0,0,0,0,1
15205,0,0,0,0,0,0
15208,0,1,1,0,0,0
15209,0,1,1,0,1,1
15214,1,1,1,0,1,1
15218,1,0,0,0,0,0
15219,0,0,0,0,0,0
15222,0,1,1,0,0,1
15223,0,1,1,0,1,0
15224,0,0,0,0,0,1
15225,0,0,0,0,0,0
15226,0,0,0,0,0,0
15227,0,1,0,0,0,0
15228,0,0,1,1,1,0
15229,0,0,0,0,1,1
15230,1,0,1,0,0,0
15232,0,0,0,0,0,0
15233,0,0,0,0,0,1
15237,0,0,0,1,0,0
15244,0,0,0,0,0,0
15245,0,0,0,1,0,1
15247,0,1,1,0,0,0
15249,0,0,0,0,0,0
15251,0,0,0,0,0,0
15252,0,0,0,0,0,0
15253,0,0,0,0,0,0
15254,0,0,0,0,0,0
15257,0,0,0,1,1,1
15260,0,0,1,0,0,0
15261,0,0,0,1,1,0
15262,0,0,0,0,0,0
15263,0,0,0,0,0,0
15264,0,0,0,0,0,0
15265,0,1,1,1,1,1
15266,0,0,0,1,0,1
15267,0,1,1,1,1,0
15268,0,1,1,0,0,0
15271,0,0,0,1,0,1
15272,0,0,0,1,1,0
15273,0,1,1,0,0,1
15274,0,0,0,0,0,0
15275,1,0,1,1,1,1
15277,0,0,0,0,0,0
15280,1,0,0,0,0,0
15283,0,0,1,1,0,1
15285,1,0,0,1,0,1
15286,0,0,0,0,0,0
15288,1,0,1,0,0,0
15292,1,0,1,1,0,1
15294,0,0,0,1,0,1
15295,0,1,1,1,1,1
15296,0,1,0,1,0,0
15298,1,0,1,0,1,1
15301,0,0,0,1,0,1
15304,0,0,0,0,0,0
15305,1,1,1,0,0,0
15306,0,0,0,1,0,1
15307,1,1,1,0,1,1
15309,0,0,0,1,1,1
15310,1,1,0,1,1,1
15311,1,0,1,0,0,0
15312,1,0,1,0,0,0
15314,1,1,1,0,0,0
15316,1,1,0,0,0,0
15317,0,0,0,1,1,1
15318,0,0,0,0,0,0
15319,0,0,1,1,1,1
15323,1,0,1,0,0,0
15325,0,0,1,1,0,0
15331,0,0,0,0,1,0
15333,0,1,1,0,0,0
15335,0,0,0,0,0,0
15336,0,0,0,0,0,0
15337,0,0,0,1,0,1
15339,1,0,1,0,1,1
15340,1,0,1,1,0,0
15341,1,1,0,0,0,0
15342,0,0,0,0,0,0
15343,0,0,0,0,0,0
15344,0,0,0,0,1,1
15345,1,0,1,1,0,0
15348,0,0,0,1,1,0
15349,0,0,0,1,1,0
15353,0,0,0,0,0,0
15354,1,0,0,0,0,0
15356,0,0,1,1,1,0
15357,0,0,0,0,0,0
15363,0,1,0,0,0,0
15366,0,0,0,0,0,0
15380,0,0,0,0,0,0
15383,0,0,0,0,0,0
15384,0,0,0,0,0,0
15385,1,0,1,0,0,0
15387,0,1,1,0,0,0
15394,0,0,0,0,1,1
15395,0,1,1,0,0,0
15397,0,0,0,0,0,0
15400,1,0,0,0,0,0
15401,0,0,0,0,1,1
15407,0,0,0,0,0,0
15408,0,0,1,1,1,0
15415,0,0,0,1,1,1
15419,0,0,0,0,0,0
15422,0,0,0,0,0,0
15423,0,0,0,1,1,0
15427,0,0,0,1,1,1
15428,0,0,0,0,0,0
15433,1,0,1,0,0,0
15440,0,0,0,0,0,0
15442,0,0,0,1,1,1
15443,0,0,0,1,0,1
15447,0,0,0,0,0,0
15453,0,0,0,0,1,1
15454,0,0,0,0,0,0
15455,0,0,0,1,1,1
15459,0,0,0,0,1,1
15464,0,0,0,0,0,0
15469,0,0,0,0,0,0
15470,1,1,0,0,0,0
15472,0,0,0,0,0,0
15473,0,0,0,0,1,1
15474,0,0,0,0,0,0
15475,0,0,0,1,1,1
15476,0,0,0,0,0,0
15477,0,0,0,1,1,0
15479,0,0,0,1,1,1
15481,0,0,0,0,1,1
15482,0,0,0,0,0,0
15484,0,0,0,1,1,1
15485,0,1,1,1,1,1
15486,0,0,0,0,0,0
15488,0,0,0,0,0,0
15489,0,0,0,0,0,0
15507,0,0,0,0,1,1
15510,1,0,1,0,0,0
15511,0,0,0,0,0,0
15512,0,0,0,0,0,0
15514,0,0,0,0,0,1
15517,0,0,0,1,1,0
15519,0,0,0,0,0,0
15524,0,0,0,1,1,1
15527,0,0,0,0,0,0
15534,0,0,0,0,0,0
15535,0,0,0,1,1,1
15538,0,0,0,1,1,0
15539,0,1,1,1,0,1
15540,0,0,0,0,0,0
15544,0,0,1,0,0,0
15547,0,1,1,0,0,1
15552,0,0,0,0,0,0
15554,0,0,0,0,0,0
15557,1,0,0,0,0,0
15558,0,0,0,0,0,0
15561,1,1,1,1,1,1
15562,0,0,0,0,1,0
15563,1,1,1,0,1,0
15564,1,1,1,0,0,0
15565,0,0,0,1,0,0
15566,0,0,0,0,1,0
15567,0,0,1,0,0,0
15568,0,0,0,1,1,0
15569,1,1,0,0,0,0
15570,0,0,1,1,0,0
15571,1,1,1,1,1,0
15572,0,0,0,0,0,0
15573,1,0,0,0,0,0
15574,1,1,1,1,0,0
15575,1,1,1,1,0,0
15576,1,0,1,0,0,0
15580,0,0,0,1,1,1
15581,0,0,0,0,0,0
15582,0,0,0,0,0,0
15586,0,0,0,1,1,1
15587,1,1,1,0,1,0
15588,0,1,1,1,0,1
15589,1,1,1,0,0,0
15593,0,0,0,0,0,0
15597,1,0,0,0,0,0
15600,1,1,1,0,0,0
15602,1,1,1,0,0,0
15606,0,0,0,0,0,0
15608,1,0,1,1,1,1
15610,1,1,0,0,0,0
15613,0,0,0,0,0,0
15614,0,0,1,0,1,1
15615,1,1,1,1,1,1
15617,1,1,1,1,0,0
15618,1,1,1,0,0,0
15621,0,0,1,0,0,1
15622,1,0,0,1,0,1
15623,1,1,1,0,0,0
15624,1,1,1,0,1,0
15625,0,0,0,1,0,0
15627,1,1,1,0,0,1
15628,0,0,0,1,0,1
15629,0,0,0,0,0,1
15630,0,1,0,0,0,0
15631,0,0,0,0,0,0
15632,0,1,0,1,1,1
15633,1,0,1,1,1,1
15634,0,0,1,0,1,1
15635,0,1,1,0,0,0
15636,1,1,0,0,1,1
15638,0,0,0,1,1,1
15639,0,0,0,0,0,0
15640,0,0,1,0,0,0
15641,0,0,1,1,1,0
15642,0,0,1,0,0,0
15643,1,0,1,0,0,0
15644,0,0,1,0,1,1
15645,0,0,0,1,0,1
15646,0,0,0,0,1,1
15647,0,0,0,1,1,1
15648,0,0,1,0,0,0
15649,0,0,0,0,1,1
15650,1,1,1,0,0,0
15651,0,0,1,0,0,0
15654,0,0,0,0,1,0
15656,1,0,0,1,1,1
15658,0,0,1,1,1,1
15660,0,0,0,1,1,1
15662,0,1,0,0,0,1
15663,1,1,1,0,0,1
15664,0,1,0,1,0,1
15665,0,1,0,0,0,1
15666,0,1,0,1,0,1
15668,1,0,1,0,0,0
15669,0,0,0,0,0,1
15670,1,1,0,1,1,0
15672,0,0,0,0,0,0
15673,0,0,0,0,0,0
15674,1,0,1,1,1,1
15675,1,0,0,1,1,1
15676,1,1,0,1,1,0
15679,0,0,0,1,1,0
15681,1,1,0,1,0,0
15682,0,0,0,0,0,0
15683,0,0,0,0,0,0
15685,0,0,1,0,1,1
15687,0,0,0,0,0,0
15688,0,0,0,0,1,1
15689,0,1,0,0,0,0
15692,0,0,1,0,0,0
15693,1,0,0,1,0,1
15694,0,0,0,0,0,1
15695,1,0,0,0,1,0
15697,1,1,0,0,0,0
15700,0,0,0,0,0,1
15701,0,0,0,0,1,0
15702,0,0,0,0,1,1
15703,0,0,0,0,0,0
15705,1,1,1,0,1,1
15706,0,0,0,0,0,0
15707,0,0,0,1,1,1
15708,0,0,0,0,0,0
15709,0,0,0,1,1,1
15711,0,0,0,0,0,0
15712,0,0,0,0,0,0
15713,0,0,0,0,0,0
15716,0,1,1,1,1,1
15717,0,0,0,0,0,0
15718,0,0,1,0,0,0
15719,0,0,0,0,0,0
15720,0,0,0,1,1,1
15721,1,1,0,0,0,0
15726,0,0,0,0,0,0
15727,0,0,0,0,1,0
15728,0,0,0,0,1,0
15730,0,0,0,1,1,1
15731,0,0,0,0,0,0
15738,1,0,0,0,1,0
15739,0,0,0,0,0,0
15741,0,0,0,0,0,0
15746,1,0,0,0,0,1
15750,0,0,1,0,0,0
15751,0,0,0,0,0,0
15754,0,0,0,1,0,0
15757,0,0,0,0,0,0
15759,0,0,0,0,0,0
15770,0,0,0,0,0,0
15777,1,0,0,0,0,0
15779,0,0,0,0,0,0
15782,0,0,0,0,0,0
15783,0,0,0,0,0,0
15784,0,1,1,0,0,0
15785,1,1,1,0,0,0
15786,1,1,0,0,0,0
15787,0,0,0,0,0,0
15789,0,1,0,0,0,0
15790,0,1,0,1,1,0
15802,0,0,0,0,0,0
15803,0,0,1,1,0,0
15804,0,0,0,0,0,1
15805,0,0,0,0,0,1
15806,0,0,0,0,0,1
15807,0,0,0,1,0,1
15808,1,1,1,1,0,1
15809,0,0,0,0,0,1
15810,0,0,0,1,0,0
15811,0,0,0,1,0,0
15812,0,0,0,0,0,1
15813,0,1,1,1,0,1
15814,0,0,0,0,0,1
15815,0,0,0,0,0,0
15816,0,0,0,0,0,0
15818,0,0,0,0,0,0
15819,0,1,1,1,0,0
15820,0,0,0,1,0,1
15821,0,0,0,0,0,0
15823,0,0,0,0,0,0
15824,1,0,0,0,0,0
15825,0,0,0,0,0,0
15826,0,0,0,1,0,1
15827,0,0,0,1,0,1
15828,0,0,0,1,0,1
15829,0,0,0,0,0,1
15830,0,1,0,0,0,1
15831,0,0,0,1,0,1
15832,1,0,1,0,0,1
15833,0,0,0,0,0,1
15834,0,0,0,0,0,0
15835,0,0,0,1,1,0
15837,0,0,0,0,0,1
