0.875752472671413	0.861785309783209	0.843250053138499	0.771489786026585	0.768330644851582	0.766410573420283	0.766285870571679	0.765207681548292	0.756982588932698	0.756598405379103	0.738254684372673	0.724738492929178	0.71800044728725
0.857468651766454	0.838422520555267	0.824737135262317	0.800179316528938	0.798425489300176	0.798121727667464	0.791131722113445	0.790374615147427	0.787247076231816	0.78581442600457	0.768931600657317	0.762647761333372	0.758334944747293
0.847140106109684	0.846347003390411	0.842705026723784	0.833069715993728	0.831022377312941	0.827351743012589	0.81660743023233	0.81110448210859	0.810966632539065	0.809586117169533	0.801131160447964	0.799490960778008	0.79640443870814
0.857468651766454	0.838422520555267	0.824737135262317	0.800179316528938	0.798425489300176	0.798121727667464	0.791131722113445	0.790374615147427	0.787247076231816	0.78581442600457	0.768931600657317	0.762647761333372	0.758334944747293
0.88006176584424	0.829214734685757	0.81763479328403	0.792404459184716	0.791681915404925	0.788247463138736	0.780204618189111	0.779998635622808	0.7754388751116	0.774047274947739	0.763112018457375	0.756729487981566	0.752005208129714
0.910256190849457	0.884599617301255	0.861461142811361	0.796542646888916	0.792677255583749	0.788598659841291	0.782775137761442	0.773952554573793	0.773140678768907	0.767914806240759	0.749194811566902	0.735910026261491	0.729381260782574
0.855966182383452	0.835015438051146	0.822214914185283	0.801287296182316	0.800026362775274	0.799097240371081	0.791885382877925	0.790735155054982	0.787896048065415	0.786993984963082	0.771359794952369	0.765553985708586	0.761432655530012
0.892195568021732	0.852597583410783	0.838232543318746	0.828820994001981	0.827645367063798	0.824069569593257	0.818590969916842	0.813155445968193	0.809991537171433	0.805434546193608	0.791978121639906	0.785070231061342	0.781378692352534
0.857468651766454	0.838422520555267	0.824737135262317	0.800179316528938	0.798425489300176	0.798121727667464	0.791131722113445	0.790374615147427	0.787247076231816	0.78581442600457	0.768931600657317	0.762647761333372	0.758334944747293
0.857468651766454	0.838422520555267	0.824737135262317	0.800179316528938	0.798425489300176	0.798121727667464	0.791131722113445	0.790374615147427	0.787247076231816	0.78581442600457	0.768931600657317	0.762647761333372	0.758334944747293
0.955005529663513	0.854627674145475	0.852352598139836	0.847504790382216	0.845890725585204	0.838546351693383	0.837188832420925	0.835481111318613	0.829569873255691	0.828203847801246	0.825612253059808	0.823805851327752	0.823456742129883
0.891745742762317	0.82564460225629	0.82121795256955	0.795805304531361	0.795495590883356	0.792502191917636	0.786405977259579	0.783576527037741	0.781464560015562	0.780341601996808	0.768116235636307	0.762181795935509	0.757486283114941
0.862786512740311	0.838648422252001	0.83391035647602	0.798774344094922	0.79796092449393	0.794874254839727	0.78415113853468	0.775382155771367	0.763363347569058	0.762938190474586	0.75847082454209	0.753726550916765	0.748941446289648
0.857922885849873	0.85297873542706	0.850892169847145	0.84502283106925	0.843396652782945	0.840826558238097	0.834508725498565	0.829856021576956	0.81890808401637	0.811607231344755	0.80796438488823	0.801119770111926	0.796424653508519
0.852202996032582	0.843396652782945	0.836635919090511	0.818628115078045	0.817618267867757	0.811345341298928	0.804745374683528	0.801674414871699	0.800813974374206	0.798938144688446	0.788060901894104	0.781998385410663	0.777853550183104
0.857468651766454	0.838422520555267	0.824737135262317	0.800179316528938	0.798425489300176	0.798121727667464	0.791131722113445	0.790374615147427	0.787247076231816	0.78581442600457	0.768931600657317	0.762647761333372	0.758334944747293
0.862784487381359	0.841833743049053	0.826779819226808	0.8097831294847	0.808585852668381	0.80291465590238	0.796295255003169	0.792994129628753	0.79207588724567	0.789294271708525	0.777740287647778	0.77039778026044	0.765967109891629
0.899966210166401	0.863105597082505	0.842450885182798	0.773765250127076	0.769935829199806	0.769146844382787	0.756413278632817	0.754363766868502	0.750101822352058	0.735132750036751	0.734845339706191	0.723724115378412	0.717723733332332
0.874840161888035	0.836529580424934	0.824949639023207	0.792795572856316	0.791074719531173	0.788069057693407	0.780204618189111	0.778996623206739	0.777899976675956	0.777075180618734	0.759905872931408	0.753890041286811	0.749383533318536
0.850937345677053	0.824748915261671	0.817190377723908	0.804480832691577	0.803711174122723	0.802830557611549	0.794953774466022	0.792573024020942	0.790961555022278	0.78739609205578	0.775314691959863	0.770374879710426	0.766422380290894
0.857468651766454	0.838422520555267	0.824737135262317	0.800179316528938	0.798425489300176	0.798121727667464	0.791131722113445	0.790374615147427	0.787247076231816	0.78581442600457	0.768931600657317	0.762647761333372	0.758334944747293
0.865662302623499	0.84920241058396	0.835902706472347	0.762497650418169	0.755719351558555	0.755660075606722	0.750764619446389	0.750587110711773	0.74872644465258	0.748460355177134	0.73504190589449	0.727920296803968	0.721286760011893
0.969429492439976	0.922418119671404	0.898788059434484	0.860147594017818	0.859046278913399	0.854126192946346	0.854054159893177	0.848351113382425	0.843050943957436	0.841331010173064	0.841151784924848	0.838854927263108	0.836250671330279
0.869064538434515	0.842876108019132	0.829442908161141	0.812062538649234	0.811192345639193	0.805524349626064	0.799296565005779	0.794296352286956	0.792215166491448	0.789688490513004	0.782662836957705	0.774985229477011	0.7706148271283
0.895198159283838	0.864420967710287	0.861683368298857	0.857473759757182	0.856259103191376	0.850654356462387	0.848453789159922	0.845796104649913	0.839731081094647	0.837843251815151	0.832850529825435	0.821761803289517	0.817559412017421
0.872677437249763	0.867399679253044	0.8638593999662	0.862166642977985	0.851837443267514	0.851183502606751	0.843197347810749	0.842019918520794	0.834317868877346	0.823042726618335	0.821641858618235	0.820518394686241	0.817705639462781
0.861023425344815	0.855877194908027	0.854164468388695	0.847421201513008	0.846039466929716	0.844533263203829	0.841298892701783	0.828192918512879	0.823153551379821	0.819386886448227	0.814135349915008	0.811238138100132	0.807706362084089
0.899353285463029	0.895231669164063	0.894918964716202	0.892994318911659	0.892956602070252	0.892667386040416	0.887733943727941	0.887508037504993	0.887406565412993	0.876583597456925	0.871741786801307	0.869189500478913	0.83897342161906
0.849982491475163	0.82670388666149	0.821865223485008	0.801148182154286	0.799778016679744	0.799604173010695	0.791889545210882	0.791394660696622	0.78755659123978	0.787247076231816	0.771283216977402	0.765617700294753	0.761379444241938
0.876488088289769	0.850299657874387	0.83438881907694	0.807973554257498	0.806500249867048	0.805196084487657	0.798825854449679	0.798300693827922	0.793830398449254	0.792234527476717	0.775202300332292	0.768976842086848	0.764656925194075
0.896370051498336	0.853065293409352	0.850438547281286	0.78712583969073	0.785936865539563	0.785707459925643	0.783103941714353	0.780649839841855	0.774685958224632	0.774326096987937	0.756908730828619	0.747446341809933	0.742115024148183
0.964504032400797	0.828159321319248	0.82706696377193	0.825644863950581	0.824511885099384	0.818419694009786	0.81709232427483	0.798906217150825	0.794057958540709	0.788088458939673	0.782435219685827	0.780756153879674	0.770965517395705
0.9441943423953	0.888623326450381	0.859964886285918	0.842991535041358	0.842210475911931	0.839914736835099	0.831310403114337	0.822620001682856	0.811820904576226	0.807372037498026	0.798483053322879	0.798451269166318	0.792138431145558
0.879429396468388	0.856987641197687	0.853636847242679	0.847866857527374	0.847821544262392	0.845693797454562	0.838563915434113	0.835133528495893	0.832728067839794	0.832118567283097	0.821554157361694	0.818124565473394	0.815926953683551
0.911779970430174	0.853606226101534	0.832359989815525	0.784802395722108	0.78371532763912	0.783148917885653	0.776928555419547	0.77293834492754	0.772652015518038	0.770289596754428	0.770202079244261	0.755792398530347	0.748391291315132
0.988016965286934	0.968876847709348	0.948553677109514	0.931228416391209	0.930840748010442	0.928168555168485	0.926940501435418	0.926812035127181	0.926545400896534	0.920462257147747	0.906677444928079	0.891223116310653	0.885083763589911
1.00432389327206	0.896065160136214	0.886821697965839	0.882869803381473	0.87918014792472	0.874426874822562	0.868420332745018	0.862019888684101	0.86187430727634	0.857695356115809	0.83852818039456	0.83787444446488	0.832169570908123
0.919669706604525	0.855169140642066	0.836956339006608	0.801639482693096	0.801042587668271	0.798474854394106	0.793034174790147	0.791452113749201	0.7815790988425	0.781084826470207	0.779405771959558	0.774692830939271	0.773377066067858
0.943200072190556	0.835992037346772	0.832531073878738	0.831352555669823	0.829671383894131	0.82946472664958	0.826702412397632	0.825013835812432	0.822679720147165	0.819257241397464	0.813114288726669	0.812833851055783	0.812279140570506
0.996230367342409	0.879874452024645	0.8791093352649	0.866662387528815	0.860310769083845	0.859557704990915	0.852080154947979	0.841829890181888	0.827708318672915	0.826267354902215	0.82474839215859	0.819294281254356	0.817761008265523
1.00432389327206	0.896065160136214	0.886821697965839	0.882869803381473	0.87918014792472	0.874426874822562	0.868420332745018	0.862019888684101	0.86187430727634	0.857695356115809	0.83852818039456	0.83787444446488	0.832169570908123
1.00432389327206	0.896065160136214	0.886821697965839	0.882869803381473	0.87918014792472	0.874426874822562	0.868420332745018	0.862019888684101	0.86187430727634	0.857695356115809	0.83852818039456	0.83787444446488	0.832169570908123
1.00432389327206	0.896065160136214	0.886821697965839	0.882869803381473	0.87918014792472	0.874426874822562	0.868420332745018	0.862019888684101	0.86187430727634	0.857695356115809	0.83852818039456	0.83787444446488	0.832169570908123
1.00776273323742	0.948387709351817	0.942239668675697	0.929722835673715	0.925449063169947	0.921913659750275	0.920568752003385	0.918011165932908	0.910639475701502	0.901753967592972	0.900265562825952	0.899745611400305	0.897058519358281
1.00776273323742	0.948387709351817	0.942239668675697	0.929722835673715	0.925449063169947	0.921913659750275	0.920568752003385	0.918011165932908	0.910639475701502	0.901753967592972	0.900265562825952	0.899745611400305	0.897058519358281
1.00432389327206	0.896065160136214	0.886821697965839	0.882869803381473	0.87918014792472	0.874426874822562	0.868420332745018	0.862019888684101	0.86187430727634	0.857695356115809	0.83852818039456	0.83787444446488	0.832169570908123
0.909607438458094	0.834356778168559	0.830313398010098	0.803676219521203	0.802506917623157	0.800580129873464	0.796132740636759	0.79446119902735	0.786711884005156	0.786626964916755	0.784583239285802	0.781529183485147	0.77935872626356
0.907310640415173	0.892972816819546	0.884589897570136	0.880451207419164	0.878570590951537	0.869749946521208	0.868498639319442	0.866116192141944	0.865835807522547	0.859967165722009	0.840816192093177	0.828620807379996	0.823585243661288
0.889006006686281	0.876055507738206	0.869531467311821	0.862659794517435	0.858717841459955	0.854290348552463	0.852626152117547	0.845066365010553	0.844864859359171	0.842493336653072	0.819586268642648	0.808545193563605	0.803789931148298
0.864199778782288	0.860635739004823	0.858559565132321	0.857101084774166	0.857101084774166	0.85708194379132	0.85517521042231	0.852819316977723	0.851748076697671	0.848849296687199	0.838327918863729	0.831713421855247	0.79774426530126
0.862249211051113	0.862249211051113	0.856184140813422	0.827731400724147	0.825196910091517	0.824608324079753	0.824288959407978	0.824102471520979	0.819819571721312	0.819115763607693	0.814861042567206	0.812262633640304	0.809579788184835
0.860677132447227	0.860677132447227	0.852590372130306	0.843355543794339	0.842930817181823	0.839983307934248	0.838895769401096	0.83711365576274	0.833352216819482	0.832579386197093	0.831945091704248	0.829699933429031	0.826205137275918
0.880055563827746	0.876398132320484	0.875270211090986	0.874117950368545	0.874113955247146	0.871217298117908	0.865223594729798	0.857354464306773	0.855852155276315	0.849985136737256	0.848393247109954	0.842506498705601	0.837074716726374
0.930250284796886	0.908280303600882	0.882088497788611	0.881480569895223	0.879565412980413	0.878159740358408	0.875971375629504	0.86972035099779	0.868777578123627	0.866452846222917	0.861837091715165	0.856599207292981	0.851728088162182
0.959323434602575	0.942986538033358	0.938927613409175	0.91653842014667	0.914573055141734	0.91176760073201	0.908195776984589	0.896960614891026	0.892174690850181	0.889144345552633	0.889048087816565	0.879125040785278	0.873234864137934
0.959323434602575	0.942953140309292	0.94121928902451	0.938927613409175	0.937904061822699	0.930609132966071	0.927370920227008	0.916318419492823	0.91255506298003	0.911688777699099	0.904360301127099	0.904354421050467	0.901785449431747
0.959323434602575	0.942953140309292	0.94121928902451	0.938927613409175	0.937904061822699	0.930609132966071	0.927370920227008	0.916318419492823	0.91255506298003	0.911688777699099	0.904360301127099	0.904354421050467	0.901785449431747
0.959323434602575	0.942953140309292	0.94121928902451	0.938927613409175	0.937904061822699	0.930609132966071	0.927370920227008	0.916318419492823	0.91255506298003	0.911688777699099	0.904360301127099	0.904354421050467	0.901785449431747
0.959323434602575	0.942953140309292	0.94121928902451	0.938927613409175	0.937904061822699	0.930609132966071	0.927370920227008	0.916318419492823	0.91255506298003	0.911688777699099	0.904360301127099	0.904354421050467	0.901785449431747
0.959323434602575	0.942986538033358	0.938927613409175	0.91653842014667	0.914573055141734	0.91176760073201	0.908195776984589	0.896960614891026	0.892174690850181	0.889144345552633	0.889048087816565	0.879125040785278	0.873234864137934
0.959323434602575	0.942953140309292	0.94121928902451	0.938927613409175	0.937904061822699	0.930609132966071	0.927370920227008	0.916318419492823	0.91255506298003	0.911688777699099	0.904360301127099	0.904354421050467	0.901785449431747
0.944376228130114	0.939433615315292	0.938502494604982	0.938343120208971	0.938189790098426	0.937822021773683	0.937290233037127	0.933806453345763	0.921705534379546	0.912347076011821	0.907613241818424	0.902174566313766	0.901170328480063
0.944445477332032	0.940765692535621	0.938840235014061	0.938796718209018	0.935377953275365	0.923096577728385	0.920189910127355	0.918933417084838	0.914134377091391	0.908015284842924	0.889309260391703	0.887058359799503	0.879267140738558
0.959866754028656	0.956115268998158	0.943286890966363	0.939881881806759	0.939820381560882	0.935278379109561	0.92451780367309	0.918552953834197	0.915630993111526	0.91553835967318	0.894091914241449	0.88822753485666	0.88560214427567
0.925510203976779	0.914628862101673	0.911804353192598	0.906075465219582	0.903772200531778	0.902866710259529	0.901176803766793	0.897138458995589	0.894696482102562	0.891180861038409	0.886129406686265	0.874886393737708	0.870552841676969
0.925510203976779	0.914628862101673	0.911804353192598	0.906075465219582	0.903772200531778	0.902866710259529	0.901176803766793	0.897138458995589	0.894696482102562	0.891180861038409	0.886129406686265	0.874886393737708	0.870552841676969
1.09521854097456	1.02266387648779	0.991487289037721	0.937623510371292	0.937361728780367	0.935420193473422	0.930092257577479	0.923861820117213	0.920321689446674	0.909976191120172	0.902053464293349	0.902020897928861	0.895874494353279
1.09521854097456	1.02266387648779	0.991487289037721	0.937623510371292	0.937361728780367	0.935420193473422	0.930092257577479	0.923861820117213	0.920321689446674	0.909976191120172	0.902053464293349	0.902020897928861	0.895874494353279
0.922737708431365	0.92253398986678	0.922343312589209	0.919912198626069	0.916590861622874	0.916020303660449	0.914557064530396	0.906770219489264	0.903518227372528	0.900102400462909	0.884531440723174	0.858595687267197	0.833403323297099
1.0266890045837	1.01827235226604	1.01089815130878	0.998097140704405	0.996858997605646	0.992000122244283	0.989019985067522	0.982384083144301	0.978787286231164	0.972108252638363	0.957027614699198	0.938845635014032	0.934580081288388
0.902790959127805	0.900809280539483	0.898696648005774	0.893982283990345	0.882280452043035	0.882059094734886	0.876162366106825	0.875866939817977	0.874257208198179	0.869048035860481	0.791986893839916	0.773658806784151	0.734158854065221
0.991281369266148	0.954490001202409	0.952605406490212	0.945326855633754	0.94481353507682	0.941570505082309	0.938439559704095	0.935911949317773	0.929502008122497	0.927807449510298	0.923889144796811	0.923287694797533	0.921771423232595
0.991281369266148	0.954490001202409	0.952605406490212	0.945326855633754	0.94481353507682	0.941570505082309	0.938439559704095	0.935911949317773	0.929502008122497	0.927807449510298	0.923889144796811	0.923287694797533	0.921771423232595
0.991281369266148	0.954490001202409	0.952605406490212	0.945326855633754	0.94481353507682	0.941570505082309	0.938439559704095	0.935911949317773	0.929502008122497	0.927807449510298	0.923889144796811	0.923287694797533	0.921771423232595
