0.891951920853489	0.874446968498551	0.839284117555764	0.785217661114193	0.778301576223659	0.776582754279776	0.77344037705011	0.771999331431429	0.77097758046711	0.766326096743641	0.751694836065719	0.735185723795803	0.727302429459461
0.917341970918772	0.893538535857582	0.8524040218069	0.800058231140481	0.792830359584803	0.79128741087782	0.790056103233364	0.773830291207976	0.773010086322523	0.768343818128796	0.75460343123238	0.738796229325348	0.730177721788129
0.9382610888962	0.913769532561383	0.872200728941321	0.777068291832358	0.773379409214845	0.772611956919185	0.769810056705187	0.768389235998918	0.76229224422928	0.762174154013355	0.744125069950554	0.728055120789307	0.719271390344678
0.893163045349423	0.881521970828704	0.871240350426343	0.830988579152613	0.828262479266433	0.825017729128617	0.820163997156447	0.812821526887808	0.81232576063343	0.807078645048802	0.797958948290108	0.789672369820105	0.783143764680547
0.896122093236588	0.881474702638061	0.837082434760893	0.795705683157987	0.795243644759701	0.793308981372477	0.78823773223648	0.78615221491505	0.784502202547137	0.779579013301796	0.766731174271858	0.753757659409767	0.747178596153589
0.91010606859573	0.894796735526247	0.835321031856462	0.809768169785632	0.801810991314406	0.80066915852053	0.797606897649391	0.795296066316661	0.789036049833838	0.788728283367346	0.769601279607455	0.756945594316783	0.750161485026739
0.898307209627681	0.890561101686083	0.857988860298765	0.771325858033986	0.767543259909281	0.76552609789404	0.763947444468581	0.763876540211033	0.760427110478482	0.753666833037199	0.735635889835298	0.718559457686978	0.710156535373568
0.937795455747149	0.905159342516228	0.871836181752483	0.84434923893653	0.838692999251013	0.836363802604825	0.833186961136202	0.831184433730281	0.829717505764706	0.829039611879599	0.815508583641425	0.796330016635723	0.788024300997498
0.905679515011104	0.885589876691203	0.85571030739821	0.833130949500906	0.829395179146661	0.826982392533164	0.818793748183948	0.812695755645594	0.805448754014133	0.802983297041188	0.798625846865027	0.781085809780955	0.773474478944761
0.902138888602849	0.892281701161348	0.866349049969931	0.837051890555568	0.831590904340098	0.829300696272163	0.823341257886291	0.813204819978427	0.81018073125838	0.80572385280088	0.796962503515551	0.784428230013044	0.776851671954102
0.888508511870849	0.881943853852222	0.860360569858065	0.808893619969049	0.804046782120949	0.803276581521643	0.795971950849546	0.794214137050244	0.792670122427389	0.791935865829468	0.774904930584829	0.758522728794302	0.751321327705906
0.871375032334657	0.863059979105571	0.84763673647343	0.837068411996508	0.830475046980014	0.818064145261637	0.813805352996557	0.805374977278391	0.804485626605005	0.798945825069075	0.790962138183935	0.78053850339577	0.774765590705216
0.948441531734958	0.922267276946948	0.876658359359388	0.827373140208927	0.81968524331364	0.814767684858914	0.813044325834888	0.812387155370721	0.810007087275136	0.809709538717605	0.795026818259899	0.779414919856088	0.771661939879459
0.915588367866355	0.907139350059354	0.874528057991789	0.84062683443176	0.835579387009226	0.829869700463226	0.824194816606858	0.814041026250768	0.813453785080669	0.809344897708743	0.799384981494008	0.783970800553341	0.777020266845726
0.907974080295432	0.893479315071217	0.86140004607946	0.779241083710486	0.77885438479609	0.768937683025492	0.766363716526896	0.755089152595534	0.753921865569472	0.751629816136407	0.750024967406946	0.741456750152069	0.734596839576214
0.91434058029701	0.903636621328799	0.879418535406555	0.789037113716177	0.787646294159683	0.786476995459459	0.782660993217209	0.781295055574938	0.778840779806516	0.778069080213538	0.770154323269522	0.757550701470909	0.751057405128501
0.920165625959259	0.894116701590394	0.870549950828843	0.78129564189909	0.780950592345611	0.77413847306313	0.772066163587069	0.769728215809377	0.767698474714652	0.759884140704835	0.755308506175641	0.747702419294942	0.741943666960725
0.90739851630825	0.89591897880123	0.865159222722692	0.747577000418804	0.737954979798023	0.735733403590568	0.735716827206936	0.733531703601339	0.72898349734316	0.728496321894915	0.72175600072844	0.718540736149299	0.711528424690112
0.913891265690987	0.901808856697772	0.869700786164606	0.808295438565894	0.807102408189143	0.794819126694629	0.794310801251864	0.785115714885438	0.783224631838578	0.772941923236983	0.755228878804678	0.737422226112156	0.729485141293385
0.912173958654361	0.901589589250809	0.847930371299479	0.790681623002924	0.790563836387106	0.786685734284267	0.784512084455969	0.779361313521762	0.776265820659231	0.772710812596241	0.760606155738677	0.746903692788392	0.739340667925043
0.912945641387309	0.88394860708979	0.85842560199559	0.778077222294315	0.766223922360774	0.766120725779435	0.765318089735427	0.763234155736491	0.760800750320414	0.758911307963531	0.747181886294148	0.732427561447972	0.724397280073606
0.906464531757839	0.896965483110782	0.867277383153503	0.827323530353084	0.826127687093042	0.825428591142635	0.817031273180341	0.813085085997832	0.811622949090583	0.801306421361696	0.783441776127073	0.765454634110748	0.757618649429528
0.911228618858562	0.899551572711424	0.879739400553017	0.801220779040469	0.797305312345915	0.794499522677387	0.794023656037581	0.793092598269564	0.790001852605404	0.787804459621981	0.776728469809002	0.763204601197029	0.756338095462375
0.904584300020811	0.89472711257931	0.868794461387893	0.843485919215455	0.837550626716021	0.830817145202984	0.825714756686544	0.815177362296338	0.814622729766757	0.810582438828219	0.800908684935834	0.786416930280935	0.779850249674203
0.903748110734638	0.888640467818996	0.85558156776877	0.79330725036527	0.792334302455887	0.779258010409325	0.778039876087369	0.770370871290931	0.768446795651579	0.759960772284244	0.744366945270768	0.72962072611019	0.722158860546984
0.874091926300946	0.859370689337545	0.831945167808613	0.752086418106997	0.741792559204384	0.731921324607999	0.725542488698518	0.71265902040745	0.709398937235303	0.70886292271733	0.708801594103652	0.70226734390668	0.696297042966275
0.911333800323599	0.901982999443548	0.876515848538446	0.838739802694522	0.838301159188255	0.834309423570415	0.826603977041683	0.825158800945366	0.822377341665832	0.814704541535742	0.800993593277826	0.785208830862525	0.777941920201929
0.903064086013806	0.893217098985865	0.873452758042316	0.804531181300958	0.80383440512889	0.80162487608418	0.797260703210298	0.796879284148529	0.794946379676722	0.791269472309687	0.7797730225898	0.767549169167148	0.761497272119573
0.903465769909461	0.878514268785194	0.845605702807669	0.752580797347494	0.746959568722533	0.7452783047216	0.743391120600697	0.743211753287623	0.735323124971197	0.730077868417641	0.716710383339597	0.698974437186368	0.692579278458955
0.919124659001035	0.908056687825233	0.869891689181696	0.807224524561739	0.80637730104634	0.792465447032156	0.791893876509743	0.783449164045171	0.781193723868725	0.771861360835846	0.755462794799538	0.738794987568587	0.731409701561229
0.886954378916363	0.875723077658688	0.843846929489508	0.729691054361932	0.719105518492152	0.716230860406985	0.714160508304162	0.710037141005052	0.709405539974652	0.703486364984104	0.694339590763385	0.689892570579319	0.682316461498303
0.884021817561017	0.873391260556864	0.843142606310015	0.745869506603773	0.725838024490367	0.721556510003839	0.720252877428962	0.71843680696581	0.714196976349598	0.708809122922829	0.704480159964609	0.694355519029323	0.686250692803792
0.937795455747149	0.905159342516228	0.871836181752483	0.84434923893653	0.838692999251013	0.836363802604825	0.833186961136202	0.831184433730281	0.829717505764706	0.829039611879599	0.815508583641425	0.796330016635723	0.788024300997498
0.914813641850051	0.889065421616285	0.869100391581082	0.791219998426722	0.785865349793292	0.781504092345653	0.781465430563553	0.779900746806949	0.779009689608608	0.778149317911051	0.761480438798758	0.743585538911609	0.736329014499667
0.903613881540803	0.890799467658527	0.8565078256601	0.779093600335138	0.778772449587564	0.764877817954801	0.764424479341558	0.749453048006892	0.748638901703471	0.743444474208201	0.741620209633033	0.729498005068538	0.722384765348348
0.949277295485992	0.910664340998182	0.875934570014947	0.80219325750915	0.795200528523322	0.791387315442487	0.790795726638653	0.790067615316689	0.789599476637237	0.781189152246778	0.760209063776211	0.740907529229735	0.732897063234855
0.913745938401304	0.905892350644591	0.870927300233651	0.788855662558797	0.787219343946726	0.783205009874446	0.782357049027013	0.781955636330482	0.779272199172694	0.778863564657437	0.770435363653118	0.75691610614699	0.749912284351699
0.919487190994356	0.890426572353839	0.869284744326512	0.805772229579205	0.800269717496338	0.799712618148806	0.797796737345043	0.795921128041455	0.795446190673876	0.792168684705477	0.786795039732737	0.770885354213665	0.764626930535649
0.934813167819787	0.903303758673342	0.879612982620807	0.814606120155426	0.809408652374424	0.8078433085305	0.799594432132904	0.797367565028752	0.797180397487847	0.794191607766437	0.778236677855887	0.758204085678193	0.749807596891227
0.89648972263691	0.883247672765581	0.844954131692738	0.766126437619954	0.763244404605983	0.760125134530018	0.755213375730959	0.749115338059588	0.746695596252345	0.746105398826914	0.737458773355456	0.72541290494041	0.718220425031021
0.882022449284589	0.866611451570503	0.850231195461019	0.836561475899849	0.833742157609944	0.83164741583975	0.824874057204168	0.816433725061424	0.813541569551244	0.807648457839455	0.799247286738605	0.788975396770487	0.782713187175226
0.911954404146469	0.886149523712995	0.868406525455988	0.795169458638218	0.790579010037938	0.7868508807566	0.78333103514492	0.7829487080882	0.782929943822327	0.782675166980352	0.764733463203064	0.747441955239903	0.740383015714957
0.899493919378639	0.886937489700839	0.841788686762823	0.779571714359913	0.777251522391337	0.776511635966987	0.772807363195608	0.772608563597921	0.771608877179589	0.762537848523919	0.749368998627939	0.736313852225244	0.729118681415996
0.914871787221005	0.904581151186694	0.872419042899642	0.829304878435431	0.827239909837905	0.82713397525708	0.818379572923551	0.815488054038995	0.813889084644368	0.803131061234245	0.785040958929508	0.767169314080993	0.759411656342214
0.924504085739193	0.904774403647673	0.868503734355938	0.796826036751725	0.793053271784156	0.790535129533682	0.789066062391664	0.787298114079157	0.784578422968778	0.783028232824957	0.778317018608152	0.760259332282695	0.753137560748972
0.905680706012997	0.886779553983211	0.857309635183676	0.765942125770065	0.755759286729585	0.749088191208694	0.747296615904115	0.744127032513594	0.743925711144835	0.731517462556392	0.730744229426218	0.718608642310379	0.711354315406813
0.93194311720076	0.908694622288347	0.88451284613404	0.799572473825052	0.796840435608277	0.796221619783682	0.793848905512589	0.790751199468503	0.790692424290885	0.787212062405896	0.782674773741169	0.766230468204346	0.759722693331686
0.859052599899474	0.858386363591444	0.847931131741188	0.811250804158564	0.806110674462589	0.806099564028949	0.798667263508473	0.795448599555112	0.794054601675854	0.787277719672573	0.772179811278207	0.75811797577887	0.752028847906227
0.888303025227807	0.884094791174068	0.848102458687458	0.816873052089682	0.814462784584251	0.808101395896516	0.805443957535266	0.790743944602716	0.789677218355026	0.785133561319452	0.774824910887952	0.764496400531467	0.757568023605493
0.889453995645433	0.867164049989327	0.840399603464351	0.745631514794112	0.71348933056668	0.707492883082133	0.703702704335501	0.699825401256992	0.699348416512962	0.698713092306331	0.687784654997366	0.676971200379909	0.671463114335151
0.915759124155931	0.888562363130163	0.860793062493709	0.841229999212783	0.834472578201702	0.833888225195375	0.829198366935618	0.827541376240207	0.827485397041665	0.825492894946756	0.811919491007655	0.792749488582393	0.784339570420318
0.944937196052579	0.907745322381583	0.886982849811229	0.807802660561828	0.805240335614633	0.802345393582412	0.79536848671268	0.78634434824435	0.786246604579815	0.785817022748535	0.774819928447147	0.756812693808016	0.749057179911855
0.945074984050151	0.907721860079488	0.858376024719762	0.794089890073789	0.784971930072468	0.784204927157064	0.783509686410817	0.781193769142156	0.780810023889137	0.775835184914167	0.75901430794036	0.742984595321366	0.734261484367961
0.932797304640652	0.90339888847496	0.868113845093826	0.847431954965277	0.842656260831082	0.84108937982886	0.835816729270435	0.820843278643997	0.820543838275732	0.815050273366379	0.811040673631963	0.797770791543359	0.791311889846186
0.894400184853175	0.88524992767526	0.852719596004117	0.781130514019877	0.77348923993519	0.767570860908048	0.764596528389982	0.7546131313661	0.753517689030687	0.74672102380664	0.731508416859685	0.714716909256886	0.707975747761807
0.945882437721608	0.887912934947172	0.843574711601871	0.818032210095336	0.818016443003908	0.816088644706955	0.814206520892926	0.803146089371399	0.800524627769032	0.798763306284171	0.788662390306529	0.77588710445499	0.768623399362332
0.889712598848672	0.87973671222016	0.845792562500259	0.748172892101398	0.738167359734164	0.733444389267812	0.73137225680701	0.72922456327397	0.727230507928829	0.719978720010811	0.71371214275449	0.698408470307671	0.691359847700085
0.908885940929687	0.898544015304315	0.86496521168648	0.79948245430549	0.791798833867252	0.78542283481648	0.775805778366316	0.764795662634577	0.764599982968364	0.755508114223349	0.73938281446892	0.723819498777406	0.717470056420178
0.881672692603999	0.873997880997902	0.84800427301747	0.76630103320801	0.745557315990198	0.735235448835153	0.7258974829106	0.711944330285456	0.710259318513678	0.707424285937083	0.694622132486785	0.68259860461626	0.677334618768811
0.905466140719323	0.891368912285691	0.859930010289593	0.791664043238236	0.785009609820048	0.763090138666913	0.762741815415665	0.756219335636948	0.755031547042073	0.747153201469523	0.733215589229731	0.72091634971567	0.715237229183828
0.885010947548567	0.863964442056559	0.863107640987036	0.861786526744399	0.858792742938165	0.858084887207518	0.852512310503656	0.850874467643468	0.847097823215028	0.846335494218526	0.842287733418066	0.840482288933961	0.836844863744295
0.891812459434885	0.880572220567251	0.846590809424886	0.734482809111072	0.721108453883266	0.715245397672105	0.715230566952338	0.71232200344611	0.709993930794976	0.701217317636545	0.699782356009217	0.686322172756732	0.678770010088431
0.89524760314842	0.875246611422091	0.853608177275183	0.843244081111703	0.835659064921954	0.834190039081664	0.832878902908871	0.830809641161075	0.829425599968353	0.824381797628143	0.806400229321491	0.789427054680145	0.781734640642984
0.903996129283961	0.893536060790489	0.852357248367428	0.75454838988918	0.744767602668714	0.73722874195509	0.737025819673133	0.72613516496765	0.724354995518845	0.722934786186099	0.714417746918728	0.700740642629271	0.693694648515703
0.928428868598968	0.88096045498764	0.83919566558863	0.788321021023258	0.781134382791505	0.780646986503523	0.777802026445862	0.776780551514342	0.773632506826615	0.769921421125101	0.751113613430458	0.736283041656407	0.728785036067111
0.903708125576122	0.88824669585149	0.860642190754549	0.796372696162817	0.792789953104473	0.769438164381555	0.767231824369363	0.765598609206174	0.763975128262458	0.755121568472805	0.739803811146695	0.726461793181843	0.720428557434643
0.90367533639336	0.892876961916984	0.85784886769584	0.773551070432602	0.768490838296056	0.767601642798388	0.766411371591606	0.760228850512848	0.75941449243363	0.751521400467296	0.736572407951017	0.721198898020987	0.714644641676523
0.945018937322338	0.912815380851631	0.858790702427843	0.804581758543962	0.79821514035208	0.796626102556827	0.796528217689355	0.794705023301431	0.792006824355378	0.790037361785375	0.779484635828959	0.763620590548898	0.755276747955737
0.905504022033015	0.872283255290821	0.838381687052924	0.792211985036762	0.786392150649242	0.784811265355993	0.784568497376937	0.778786944802101	0.775160726296157	0.773279612268062	0.75574853681042	0.740738732860981	0.732117897901029
0.892991601469722	0.880095502876024	0.84750798729276	0.74318032753098	0.722200705032629	0.716035959548031	0.711058695462921	0.707808953338751	0.705749629416288	0.701860097134814	0.695460807497723	0.679506676662823	0.671624642084657
0.94225206148974	0.88800890757147	0.837793175456215	0.801095913916911	0.799196221903642	0.796636288609325	0.791184338548151	0.784076323754	0.783154138859889	0.780186392271471	0.768951534900038	0.756508600957023	0.749347620768545
0.883832291931553	0.860836035901175	0.829759831249419	0.732386456854965	0.732041617337009	0.731456532008383	0.73107686563203	0.73105525080629	0.73104196751709	0.7288780274268	0.725406468820042	0.72438809167448	0.718229140287398
0.939841731804107	0.893466129584559	0.846147373520955	0.811585400055931	0.808560320516087	0.808050439124726	0.804905184412438	0.793937528586922	0.791253606115051	0.79006522099038	0.77971884460393	0.765847616485282	0.757997413960917
0.892005874316696	0.850765527577283	0.827902167567265	0.739901371936249	0.738677678395431	0.735426659087644	0.734813435774816	0.725455377606373	0.725183956159025	0.7246852361477	0.72020105255878	0.71377345177759	0.709417436871557
0.944129421507788	0.89978788148405	0.837091794845831	0.811413522711962	0.811132812514391	0.809454374022175	0.804571965713976	0.797498770115055	0.794397234619079	0.793140865826364	0.781900235132723	0.767255489022497	0.759258890015796
0.906153383313898	0.883276015097201	0.878964467811034	0.878870204439676	0.874447356245383	0.872659895660245	0.872441418181634	0.86756199350434	0.867463690776053	0.862420135150086	0.862313023743166	0.856461351646687	0.851133010634316
0.902687105299359	0.887799855456716	0.865114866924682	0.790498971511153	0.782938941519413	0.763133607218052	0.762283616283209	0.757628038442609	0.755878661840046	0.747118521969717	0.73112997780969	0.718231637532593	0.712482034644562
0.926315598071211	0.902146717225596	0.816102374478102	0.801915959117954	0.792260949270645	0.791834579216539	0.788223805245725	0.788047916700441	0.784942841748138	0.782877516731564	0.769711648725939	0.756879204105121	0.749487764341178
0.89139433314976	0.868759851483687	0.853291678275436	0.813620775696932	0.808285466493527	0.793287204607754	0.788110292639746	0.784889152605861	0.784611526488523	0.776621833704117	0.76255437201227	0.753100390877616	0.748013894083343
0.911823794159466	0.897622764296341	0.856354637948225	0.755338466728338	0.745929947467281	0.741844810449793	0.741307174629643	0.738887796286373	0.736147139083136	0.730641590351271	0.714223687675681	0.696230563925863	0.687554719162802
0.938668624351603	0.908844831234347	0.851013537404653	0.783748105898384	0.775145410253143	0.773829931029549	0.771919703896506	0.771856327115985	0.768731685264081	0.762552024829888	0.742013806274312	0.724017728448833	0.715825650557569
0.874334703334432	0.843166557397438	0.831724348373689	0.819513753139008	0.816650327352632	0.811338783524545	0.81108120046956	0.810614790223617	0.807027474333447	0.800881643238556	0.792568321748559	0.784087413489285	0.779499201332527
0.906153383313898	0.883276015097201	0.878964467811034	0.878870204439676	0.874447356245383	0.872659895660245	0.872441418181634	0.86756199350434	0.867463690776053	0.862420135150086	0.862313023743166	0.856461351646687	0.851133010634316
0.910206914904475	0.886440680143649	0.865204413422608	0.78937097154209	0.785658959943096	0.784774072647528	0.783145090114589	0.780920427037051	0.775379727153495	0.773172787236299	0.759989965537482	0.747624921751584	0.741335721096737
0.910214633143412	0.896917871625077	0.862082647589777	0.801151156913581	0.79408080577388	0.788273697198909	0.779887440018176	0.768696155326536	0.768190373014984	0.759152724786214	0.744867998230083	0.730082302984885	0.72373613919723
0.933740894135205	0.898927017368354	0.851939499613634	0.800668532214453	0.798084943017117	0.797557877527438	0.795810182477641	0.786848387635205	0.783502326210131	0.782332538062671	0.767064104191625	0.752241796787786	0.743626419334849
0.907490135225372	0.89412258476141	0.857392646859944	0.811617679823875	0.809935360169552	0.798182099644047	0.795338624232915	0.785447023304061	0.785062252045934	0.776836737570297	0.761891547401213	0.746307724257414	0.739186710554523
0.923245647354655	0.901447490791534	0.874644828257287	0.838030151228556	0.831939349679808	0.829937389841704	0.828883451479369	0.816856636206807	0.814678847604207	0.810829827136123	0.802057680622827	0.789300620950934	0.782954348999386
0.878027677095878	0.84498793523945	0.839149958670924	0.756551389129409	0.74849872399739	0.745604292043674	0.743015844793429	0.742553488870022	0.740289722299598	0.740233113020958	0.736527892283742	0.735597489813133	0.730017304175061
0.89514054474223	0.860843974629431	0.843264509517547	0.759429844322836	0.752293952154738	0.750264583903324	0.747007563811418	0.745309672147376	0.74431642789067	0.742030911760584	0.739038243669724	0.735646344049934	0.729450914859561
0.897737877066071	0.879957085149368	0.852874385019935	0.794737791617603	0.786086200003398	0.785053388732971	0.78339135644063	0.783274664644549	0.780243505056157	0.77598801235446	0.767566309881406	0.757186609991799	0.749593343580741
0.899033282986947	0.873339635957664	0.840928847451412	0.752031324422458	0.744697878441664	0.743350191200892	0.742220326909442	0.741572776080194	0.738035357067229	0.733564514132522	0.722525751638623	0.712634021620488	0.704647984458084
0.891909089490675	0.868202888315962	0.841202507427865	0.736195558221289	0.726343863512161	0.725654405668488	0.725325929532694	0.723413576289636	0.719411792850687	0.717922130024514	0.710875324437085	0.703277722685685	0.69606254486646
0.974414983985625	0.917211809086456	0.873905942010534	0.832723149908053	0.82746599716265	0.820284333242325	0.819791468804494	0.815615341695324	0.81485236575087	0.808958438733219	0.793074776406527	0.776812311352842	0.768598798521844
0.9019858107625	0.863878510637168	0.846896348742964	0.759925376478534	0.752590912444862	0.751143587980434	0.747602461312523	0.745437462185434	0.745309672147376	0.742030911760584	0.741306341092454	0.739296768599421	0.733321941182127
0.877049135997982	0.869520095711227	0.828338529319349	0.771855981966218	0.763867129901961	0.762753841733597	0.761965850602632	0.758283420936775	0.756963089419242	0.755246779499027	0.748201739307947	0.737816570454623	0.729036135785199
0.889969948465155	0.85005401739171	0.842756546681052	0.759925376478534	0.752590912444862	0.751501151464975	0.747823287648186	0.745749574787008	0.745309672147376	0.742030911760584	0.74188644476671	0.740555618387443	0.735024751133092
0.912329813053213	0.876106501442258	0.842523248971331	0.737837567390861	0.735320481073719	0.729906204237587	0.727802339923905	0.72570561749359	0.72329511047891	0.722504995315321	0.713338371403023	0.70308125959182	0.695896497202968
0.907402969519336	0.878155016200734	0.848728831870171	0.74909851438752	0.743847458880481	0.741352468899614	0.73939707124963	0.737359824773897	0.736523283893712	0.736496415936912	0.730344512055185	0.724898064253491	0.718337250112808
0.884367299672872	0.8809003143817	0.845940049706307	0.773434888292436	0.768452590002615	0.762719367822992	0.760624770545101	0.757120326490935	0.755697393085951	0.753969304354892	0.735723873728735	0.719767906741019	0.711946501065527
0.869275928762764	0.842772407141284	0.801221833107974	0.762129098363193	0.754826491945439	0.751823028896325	0.751712739284147	0.751471416552764	0.748546308635905	0.748225844761781	0.740175106945111	0.734801720526645	0.727910059705407
0.864661143362195	0.844553635929616	0.818329234922059	0.731306386829006	0.724024525225705	0.722244924032305	0.718221672488766	0.717475738749696	0.714992346956465	0.712131271355768	0.710173917784555	0.709424508739781	0.703317976196498
0.911100485553568	0.898315772568611	0.865651491459858	0.799648521328737	0.798883052825492	0.789545788961602	0.789218226812299	0.788467518685719	0.787952719882438	0.780587093435313	0.767758483140963	0.756333846069295	0.748576127853363
0.899150113272873	0.87593636845316	0.840771968357145	0.763911677703431	0.755832833448264	0.753301875207489	0.75120689452927	0.750190483415884	0.74659288554438	0.74168969572427	0.725818617950043	0.710963772600527	0.70247506580956
0.890028627449138	0.885603477573546	0.840982473767076	0.800911634443442	0.795457209521725	0.795026457771474	0.791168068144425	0.789594486188678	0.787894588440296	0.784088272971625	0.772497477972738	0.762663985470645	0.756081299657616
0.909016518886079	0.879884325527908	0.860315177955646	0.814361534423231	0.811515533665334	0.810905844831902	0.805979997787016	0.805416346880103	0.797611196400232	0.796995040755374	0.77785459973624	0.767090417611281	0.760323469746519
0.943545631465875	0.940016004723747	0.925015694852374	0.871776926197866	0.871500021697381	0.858697100548143	0.855833360688433	0.855583776804215	0.853454076624263	0.852613452629243	0.840172042296888	0.829214040850793	0.822137764081464
0.938827352978714	0.9105769233036	0.897356443954367	0.848842502244379	0.848203423135232	0.847146600362816	0.841552837429259	0.837057664587696	0.83381840239009	0.833718334865129	0.823367710615031	0.81255543696841	0.805728316676766
0.965935994950615	0.874477810528647	0.874080621518176	0.836641626019378	0.832415079918139	0.831414481217177	0.824151855526509	0.820870911527872	0.803514601822868	0.803415727669779	0.797882060353481	0.792313597327419	0.785606391266064
0.862832367400075	0.85803447197015	0.827005825330772	0.792819175138874	0.792501812337218	0.792338730229308	0.782017398325259	0.781891402914221	0.78175212608168	0.77881635378411	0.775134999769113	0.770729849506206	0.764458195592192
0.906368581640085	0.887387677652024	0.831770650540224	0.786109494718344	0.781518780357915	0.776023667720083	0.774097842143846	0.762650292192166	0.760697693580984	0.759569739024754	0.75311358921922	0.745944830028585	0.739224992105886
0.892851550026231	0.861415460235721	0.827873821351563	0.759010384957014	0.750763391751721	0.74882097771817	0.747804872596728	0.747303489018943	0.744244062713409	0.741044039075029	0.735178429796796	0.72735994290368	0.719569272290104
0.878165442565953	0.868340848442967	0.850127274501052	0.80703370553414	0.806783218369203	0.791175418007636	0.785764296229285	0.78482890179086	0.780699102583444	0.779062847985215	0.771242158064376	0.762311967946401	0.75632677457983
0.843104828189017	0.823009349922422	0.812268354931019	0.760558873158549	0.754436182102662	0.747519927069546	0.745465993383332	0.744941538979006	0.742982358373002	0.739017655897867	0.731039323636381	0.728859297511584	0.72312951736788
0.881647961673329	0.855772967324005	0.833192608957079	0.750454222878767	0.7498371331883	0.745932246319361	0.738475135973728	0.733972416668285	0.733289019773478	0.727009746819246	0.717679069271185	0.709467734893838	0.702604630557424
0.936601765066285	0.889495217322252	0.851478147445851	0.787144660455488	0.779230437516815	0.777721880067606	0.775027604521855	0.75996853748336	0.75970435875524	0.756728826246303	0.755682323245803	0.755290307636689	0.754928931826371
0.903500356100401	0.873862761101959	0.854757828970979	0.767631793931967	0.759746535417099	0.759385836850282	0.759255053189976	0.758027369606628	0.757862150761837	0.753577304305186	0.753183525508375	0.750238814608181	0.74715411138101
0.91785867855613	0.89938724509931	0.855246442101775	0.771023834111251	0.759253306530048	0.758852630041566	0.756942275826054	0.745050724811313	0.744870647166645	0.744127597237268	0.74256413386434	0.733865354751578	0.725783322525873
0.940016004723747	0.928699477077453	0.888978553790489	0.88033012347848	0.879773745569304	0.867504098754015	0.866902301082978	0.865301034292327	0.863082277761002	0.86273203193786	0.850690493704907	0.841650957716923	0.835553061337819
0.920676709492581	0.886128186342025	0.854807281956171	0.782840923472776	0.772935027671131	0.772019650026382	0.771244280588844	0.770827936087425	0.767588231641262	0.764188366383595	0.754990113740931	0.743380293304009	0.735542754126588
0.920661551950013	0.911511106192914	0.860367446497601	0.81308666465802	0.809543009599838	0.807857450172508	0.806365573071597	0.786588072680024	0.784854730454094	0.784808106096598	0.773423916113794	0.764208338229911	0.757234055765123
0.889783182720523	0.884092686401485	0.854886898178548	0.826442972078905	0.821266596322088	0.817509101061982	0.814560708100352	0.801993524869135	0.801069152242267	0.795565535786815	0.782463388020365	0.771352591987149	0.764543870103717
0.836118848165334	0.834081525810749	0.786585369994045	0.774353835120565	0.769526223263573	0.768972169860446	0.768315533130736	0.764526446199037	0.761775157043379	0.759695416607182	0.755369514706235	0.750497833643902	0.743388218749998
0.906220200346665	0.869252906871657	0.843983462057526	0.779485907003103	0.775584399280695	0.775430551438621	0.771929045526502	0.77064581805636	0.768445864193115	0.766743165543069	0.75659713718283	0.747723364517507	0.741065597356067
0.885845209101922	0.874928993409716	0.859832626025582	0.809331696152121	0.808925382344978	0.791587800404136	0.787190642146329	0.786919419161798	0.781203500987482	0.779732745228255	0.769415576465763	0.763717420460716	0.758550858763733
0.943545631465875	0.940016004723747	0.925015694852374	0.871776926197866	0.871500021697381	0.858697100548143	0.855833360688433	0.855583776804215	0.853454076624263	0.852613452629243	0.840172042296888	0.829214040850793	0.822137764081464
0.914166222374884	0.870394865054004	0.858206546641821	0.768728033968286	0.762050834252351	0.757768663172251	0.757225565662934	0.75588632779916	0.755288447244237	0.749221541640127	0.742962258768222	0.73445861692628	0.72741270707741
0.919800030685439	0.887788935319941	0.871584466307564	0.795318684599644	0.789488489047301	0.788411543684311	0.787141586458894	0.78270564591096	0.781650352564708	0.778996643133414	0.772287552846757	0.762885977958787	0.755383034473239
0.884146474994217	0.864738695465979	0.841584364707975	0.751489793167363	0.745372413905563	0.744314830693865	0.742818360725488	0.741776316061309	0.741132133357382	0.735469487574328	0.725483265745952	0.717775376860366	0.710940064776545
0.868419459120428	0.828616548249446	0.81393968757025	0.777819909392729	0.771013156712425	0.767872045769457	0.763771093229772	0.763293856313281	0.761423898675625	0.756871309733487	0.752417898480458	0.747991831736599	0.741938461805521
0.89109192076964	0.871345929688364	0.838328823326133	0.737400766423125	0.689481742240264	0.685530917613112	0.684519866335915	0.684482196381496	0.680922050078803	0.677952999024808	0.673823736007401	0.666440933711392	0.660153491966796
0.923764558216815	0.895646075763848	0.858093052672786	0.773821838024599	0.763036127918179	0.762383377911585	0.760352672017008	0.760024112086713	0.758583047771009	0.755105446030743	0.742421468501566	0.728385903046556	0.719888037049986
0.897000705291017	0.842872369028334	0.832371429880842	0.7572665567732	0.754235085052058	0.753112973565965	0.752272318665785	0.751326038165557	0.745300789128794	0.741798621246618	0.737478127671942	0.733319221028805	0.731315490913487
0.882964783443014	0.847483955822174	0.840997315190478	0.758802741475374	0.751022914480999	0.749512311636656	0.74589927464264	0.74395718968523	0.743383898310772	0.741071787242505	0.738979417390246	0.737491742224902	0.73198401769165
0.848438485799921	0.846333370183503	0.813067278517613	0.785550708284111	0.778934076024395	0.775281026837493	0.775223326138591	0.774733956174766	0.774044072655664	0.770361498607092	0.763796906886025	0.760291709663451	0.754381229801374
0.851646910177467	0.816015691039727	0.792256570359651	0.791997840387935	0.784695326816134	0.782379122208161	0.779805825759797	0.773636454958727	0.772921228338407	0.769156679167624	0.756182879079266	0.751175888593921	0.74609421661033
0.896739064720038	0.889489792312473	0.860003166071774	0.82781831718543	0.825235417180534	0.825060331942446	0.818752168067217	0.813661108485404	0.812093127758924	0.802881882850633	0.78614155660719	0.770590169105701	0.762233536942226
0.864681899089346	0.849112068382163	0.843543199836037	0.808292905344245	0.801422216860592	0.798991542508109	0.796857081224549	0.784524652690265	0.783698729013863	0.783021287420354	0.781968910715126	0.781036636435277	0.778279641304115
0.860275880082989	0.826204662773158	0.812709845256265	0.723838730077223	0.721199935233337	0.718617931217442	0.716431745362928	0.71405925380086	0.711124919146753	0.709494305640906	0.709122179772184	0.7071951871366	0.705649256020726
0.900455809366728	0.882546336093129	0.862977188520867	0.794099561664205	0.78832211820233	0.784944654578657	0.783731578725135	0.781813235472154	0.781548409912394	0.77715811249451	0.77564344554807	0.770518401019175	0.765072480199936
0.889783182720523	0.884092686401485	0.854886898178548	0.826442972078905	0.821266596322088	0.817509101061982	0.814560708100352	0.801993524869135	0.801069152242267	0.795565535786815	0.782463388020365	0.771352591987149	0.764543870103717
0.858554477030231	0.84840048487232	0.822185536871148	0.773603882260295	0.763899962357495	0.761930655286606	0.759427670497883	0.755385431040298	0.751618670188456	0.749207680649483	0.740824332630732	0.737964286404256	0.734389049942581
0.88592778760571	0.876420388373426	0.867090329826483	0.834020559769505	0.83074992179038	0.820761087602989	0.820438014497156	0.807093398967072	0.806889264313362	0.799585632081219	0.786497090095737	0.775146498686637	0.769138249642525
0.939852857809236	0.903541239046731	0.862215771468837	0.780565911275961	0.773523246887218	0.773233662647997	0.771530335029443	0.758928810941027	0.758111591085805	0.755294194492791	0.754783794177454	0.752408531533408	0.745297975494826
0.866828661979305	0.819304133044779	0.807628179907727	0.764120035593093	0.756111240388134	0.753775370986908	0.752634262616509	0.751110592772154	0.749724742867108	0.748633484331958	0.745568591566856	0.744931022978557	0.742401896741464
0.907849658166377	0.889751493341505	0.834682329960543	0.808291582080979	0.802268565519153	0.800774821804339	0.800168185886144	0.79912770186771	0.79906251250471	0.793375668089566	0.776785286252203	0.76592843507982	0.759403577408659
0.901098481254535	0.895897518196025	0.859412051622818	0.823244414244826	0.818565388227971	0.812527840257896	0.807686984217578	0.791966137860054	0.7916363075101	0.786702687009928	0.775062447760478	0.763569275186411	0.757094600038515
0.902046718323789	0.886159254278342	0.84420282819908	0.801795993304643	0.801288483972715	0.800148684630235	0.798459134663289	0.784145751120186	0.781774857284504	0.781114012737788	0.76862107248541	0.757535065680307	0.750479482194559
0.92641957936382	0.909543694487477	0.865390695899698	0.845759109662749	0.838082067750805	0.834475945476654	0.830040837691764	0.808336666831935	0.807890439638945	0.805037695608607	0.803216021883678	0.799745247250454	0.79414807330053
0.943545631465875	0.940016004723747	0.925015694852374	0.871776926197866	0.871500021697381	0.858697100548143	0.855833360688433	0.855583776804215	0.853454076624263	0.852613452629243	0.840172042296888	0.829214040850793	0.822137764081464
0.874886793724262	0.848919055881064	0.813600742931715	0.760936098104943	0.752969048101506	0.751119296872525	0.748975180134261	0.748944185871321	0.74527215733876	0.743997293409309	0.736669332731696	0.729453551360418	0.721564627365031
0.888275821085338	0.860874279153996	0.835760757565591	0.769217289550977	0.762504204963893	0.761796078668995	0.760404035167361	0.759857652344228	0.758792340961357	0.755755371690784	0.754846964293803	0.750487582083385	0.747193039290273
0.879100347097356	0.867772575821507	0.862588855528763	0.854410352761194	0.852830307252514	0.833173780342258	0.831222758137361	0.81853012951355	0.81832182734032	0.814632767611425	0.804913112831561	0.792104743543979	0.786105908764775
0.890100463297284	0.87957581623148	0.846761396338697	0.818933327258252	0.813314143343382	0.805476807896246	0.801762961266977	0.794576122652291	0.792472839213953	0.782310622729393	0.766327328670925	0.753571290018547	0.746576158400256
0.879100347097356	0.867772575821507	0.862588855528763	0.854410352761194	0.852830307252514	0.833173780342258	0.831222758137361	0.81853012951355	0.81832182734032	0.814632767611425	0.804913112831561	0.792104743543979	0.786105908764775
0.898383926000779	0.882416784049639	0.882235259999074	0.881729082993371	0.867370923881881	0.857864476207472	0.854480343139348	0.840466119859061	0.838435637367075	0.831991898000621	0.819028295128731	0.804647034361534	0.798170978267064
0.892971647642501	0.883762581459923	0.855049964053738	0.818933327258252	0.813314143343382	0.804743417056444	0.801183910419219	0.793902177627499	0.79153637816298	0.78120514608765	0.764299612056961	0.750418037086023	0.743057703441332
0.877956323701219	0.872866860709732	0.858494544122344	0.806215607663047	0.805170936197818	0.804912445207141	0.798646948239744	0.794124843194282	0.793528499180058	0.787228783084225	0.777428413063342	0.765195937705755	0.758680879049258
0.954487212552676	0.88352809185557	0.849016994045278	0.817582903862177	0.812599458134854	0.811952841887336	0.811930371595209	0.807018731694297	0.806868855179708	0.801255611901304	0.791375953225232	0.777526527254007	0.770022231256487
0.917432267945725	0.899031865327006	0.870106968737105	0.785576108388847	0.784030820758066	0.782172205697516	0.778315813950351	0.767522846542938	0.765621325372994	0.760099408257094	0.743166535495481	0.728149074642836	0.721086232418526
0.905302867067204	0.88585024835802	0.848002521683381	0.752873619610468	0.744805033161014	0.742066361024106	0.738792315428293	0.731617729273684	0.731579637361742	0.727323167446368	0.716605317483581	0.7036728316502	0.695931956974845
0.906760755746418	0.900075343236323	0.866059578660541	0.809878442694729	0.802566985800127	0.802226989071784	0.79791812987678	0.797768569390974	0.793559159294121	0.789445841522477	0.76604130312564	0.748182723482904	0.740822092907231
0.905171719136482	0.882373788799282	0.843049781065702	0.755619953990888	0.747254568537013	0.746056086587639	0.744707148839215	0.73366445850656	0.733539654468521	0.72997252100569	0.720271250556272	0.707769309011176	0.700275581788819
0.900914072011297	0.890986471857023	0.882796659001208	0.817318674014529	0.814230563116538	0.813274669756487	0.805007285763053	0.802105421518099	0.79935322581322	0.798085471644609	0.775121693787914	0.759322359484723	0.752945985899411
0.902252915271485	0.879049612388511	0.853122694412344	0.791619263387099	0.788944123832342	0.782517483580001	0.781896045964381	0.78099557754366	0.779359134869848	0.771148816615677	0.753583023372501	0.740385719591517	0.733591125207686
0.914349925805722	0.889605393272559	0.85786040805424	0.806378238934033	0.801381590478647	0.79859676697268	0.79744928921365	0.794255167216941	0.79261022650782	0.790192729971517	0.778735826420011	0.767713812324277	0.761473017184771
0.952571074412716	0.894205870960038	0.842194377966168	0.809690986178961	0.805897712750901	0.805053992925442	0.801091265278087	0.797107706232993	0.796645710328292	0.794913481182693	0.783406148060089	0.770947463506028	0.763665596284432
0.94351226832775	0.89198382141714	0.846478783272117	0.811812877483415	0.809746020045436	0.808411984948198	0.802730509946553	0.800629187708975	0.798809567543292	0.798263862246471	0.782548610441205	0.767787423156404	0.760087835989609
0.898936110989763	0.891981616099903	0.884984138061883	0.873754307406296	0.870309211304971	0.858395860080543	0.856778892546249	0.852878994892331	0.851921331440946	0.84203394818267	0.818475934599101	0.802053564098516	0.796908061065165
0.895640651907339	0.884413288882446	0.845985864992668	0.746343470445489	0.745229136822174	0.743357805094418	0.73737702344315	0.736192834727352	0.733790019287239	0.733168961289665	0.722350806285137	0.709153795983165	0.701642640988629
0.91570680465036	0.898521096339676	0.850712223906232	0.815535935421546	0.814107700826625	0.812824455242626	0.811757533619347	0.807391687086491	0.806523530004247	0.805324808301014	0.791691866776324	0.774941545980099	0.766696602985963
0.941283432248817	0.904953171310282	0.878759957247207	0.846737701966399	0.8416607819044	0.84159069437856	0.838287459134216	0.835654332190518	0.831490710319933	0.828700249481573	0.816174494631832	0.801594986660686	0.795211523498528
0.883451699791306	0.872555963643326	0.851799947841989	0.794359844519484	0.785854702856161	0.784889961172472	0.784197813691472	0.783584773151004	0.782365886295725	0.774691167075533	0.756469671786777	0.741354226190648	0.734680806526684
0.907242110772324	0.894073452190207	0.866958705382593	0.808803065545769	0.800899436135696	0.799746205351877	0.793960508049215	0.793764230162596	0.791233228279099	0.789324654723852	0.768300859798544	0.750691480428271	0.742667377060384
0.924720339957822	0.898246739546423	0.883806611483971	0.841819115615771	0.841727782658494	0.841407483048716	0.825596568515235	0.823397257645739	0.80797065318107	0.804170507597188	0.802937498776566	0.790190765002139	0.784395271562332
0.898936110989763	0.885084071940874	0.883438887244763	0.880419519476115	0.874754124163139	0.863299366980077	0.862899352605994	0.859885800770026	0.859638050025543	0.851154706272827	0.830106067740385	0.811692412409029	0.805698180049216
0.824244690847508	0.808288806788131	0.797509108812711	0.765844487294873	0.758923314196589	0.751959363875535	0.751529235249941	0.75088755916451	0.750740922297763	0.748565990870557	0.747458675972545	0.745588106159918	0.743448869136328
0.910680557214179	0.902529329117779	0.841172590981832	0.770379790013128	0.770376880559415	0.76205713361439	0.761322929955124	0.74809062046451	0.746970712112634	0.744013743031546	0.740003946196485	0.727923631886259	0.720744787082017
0.921284794042235	0.896630302081471	0.852581007428897	0.765886202664567	0.754079109518882	0.753404642618364	0.751717230429835	0.740458315111319	0.739274231272585	0.737151706594665	0.730011201058077	0.718686024018367	0.710767016678744
0.922821395645773	0.912951178093355	0.856491684179293	0.788290615730555	0.785087173574258	0.784681262885766	0.781363591205604	0.779426928241967	0.777424919661824	0.774824728238157	0.759060971791201	0.743264376376947	0.735997130146976
0.906821800840475	0.896318979519695	0.858180371211763	0.781990406791067	0.779226825287852	0.778878090553223	0.778705814063466	0.775243607925824	0.772399318003762	0.770073507206906	0.755622503332092	0.741333505616989	0.734665775556561
0.848677351474623	0.839524571968383	0.838991785506477	0.83814055943193	0.836187330396223	0.835278354393747	0.832150375644607	0.832127309699485	0.830477158792424	0.828271948967874	0.827756243952667	0.827643769889945	0.826836497668724
0.931543311982434	0.913555350621984	0.868117102463983	0.818205703747666	0.817394467885819	0.810168420115328	0.806711872433731	0.783795888462452	0.783761104519358	0.782557260092367	0.774084146237048	0.767244682929665	0.760410266774253
0.888458049881365	0.879550518683642	0.836345559553948	0.820713433239856	0.815400285586218	0.814470782371459	0.811696372326881	0.798380198368497	0.795697752562857	0.795478776248065	0.788174290127067	0.782649286532724	0.776546801845107
0.917294533808968	0.897242415057347	0.861179210352169	0.807667997417066	0.806259593297843	0.797655838727671	0.788775734153658	0.769255382848837	0.767485888284761	0.767323509608195	0.759554326514047	0.747864302288295	0.741154516228344
0.878798376612493	0.846353401095431	0.846353401095431	0.793808137097271	0.785392430242039	0.781843385745875	0.779842036891276	0.77912838876545	0.77772709254395	0.773541266712552	0.770894919583781	0.76938030548259	0.764669968467239
0.878798376612493	0.846353401095431	0.846353401095431	0.793808137097271	0.785392430242039	0.781843385745875	0.779842036891276	0.77912838876545	0.77772709254395	0.773541266712552	0.770894919583781	0.76938030548259	0.764669968467239
0.83870473714174	0.814143597038124	0.80348217189965	0.763735597088353	0.756182100392944	0.750551723161158	0.749156747977325	0.745598220957215	0.743256298445503	0.742993626354974	0.738321373786852	0.737710613740451	0.732142886253623
0.889333818186925	0.856227199014907	0.856227199014907	0.792091365091212	0.782657490329669	0.781632258533595	0.777540079981313	0.776956478219126	0.775870828892692	0.773113147643206	0.767130830565691	0.763364797033304	0.758032736071642
0.833161707690706	0.806785218621313	0.806785218621313	0.770918482740328	0.765541578642249	0.762389392050441	0.758801859568328	0.757610415866051	0.757063025209226	0.75617479445805	0.749976630011516	0.748997716700704	0.743743375496264
0.838517455628869	0.816412429535615	0.804597335045072	0.761634447028616	0.755627549782429	0.7485412309583	0.746662086382564	0.744960539599461	0.743016559489821	0.740495810115667	0.733504289284797	0.73193155139649	0.726365107763082
0.88526269503051	0.863191615582498	0.85633853339375	0.782249890899595	0.772325534383328	0.770643123909216	0.768581065469352	0.765147244617686	0.764821913184927	0.764563863859064	0.753790010056541	0.74702282636486	0.740643490462935
0.853527947981166	0.831456868533154	0.810899868073416	0.764239598173897	0.759166992406874	0.756935769770662	0.752296010095902	0.752090394847581	0.751806954100279	0.747990002457271	0.740298027779544	0.737381737125803	0.731408987767639
0.95570886545582	0.897739362681384	0.853641255868989	0.816120118175372	0.814140974314014	0.813521641523165	0.8119212508464	0.801351058744129	0.798237162623609	0.797490062278489	0.786875989701691	0.773793774109998	0.766110199364817
0.881195647537487	0.861163850181013	0.86075961922741	0.842960851775436	0.837480677146338	0.834894492476637	0.831727163294676	0.831182009377154	0.828986464421897	0.827105537758646	0.82027657992036	0.814423760292686	0.80917760176146
0.952600914841915	0.915250937219464	0.858426836124483	0.809617689656374	0.803523681748913	0.80129672373212	0.801181683683516	0.792663594594988	0.788944696801673	0.788228980049844	0.774197511062863	0.757553033016602	0.749416485393534
0.898647168698537	0.87239396666811	0.869889610761538	0.857685402483712	0.85219953237764	0.848726704092286	0.848525448124135	0.845356509480378	0.843733303290614	0.843633684217562	0.839554377212238	0.834259701513966	0.834135069352338
0.967816764262469	0.886598779261499	0.857760034316613	0.835378208040921	0.832892024765291	0.82989033395891	0.829412453558676	0.828799771463238	0.82602039058502	0.82426090089803	0.823231003990433	0.821609986547239	0.817068010534752
0.898647168698537	0.87239396666811	0.869889610761538	0.857685402483712	0.85219953237764	0.848726704092286	0.848525448124135	0.845356509480378	0.843733303290614	0.843633684217562	0.839554377212238	0.834259701513966	0.834135069352338
0.941205866113501	0.90983248481627	0.858253408333244	0.826040500048222	0.822064100872304	0.82101084292852	0.812208963585899	0.811477030807401	0.802052887064752	0.797493040358078	0.797484068242879	0.787488181195175	0.780072079551067
0.93517014629205	0.901953649186917	0.879950246846985	0.828934302823029	0.825905792748092	0.824501101308546	0.815362256006438	0.814923258606232	0.806454180878766	0.805415369223304	0.800936483222338	0.792246616526121	0.785639834798725
0.946555518316208	0.889508003472819	0.848123108473549	0.810783485652994	0.810689143332617	0.806378246494857	0.806116545877108	0.801170618454002	0.799868869646662	0.794230991030807	0.780019995430657	0.767725925796763	0.760923133207836
0.898647168698537	0.87239396666811	0.869889610761538	0.857685402483712	0.85219953237764	0.848726704092286	0.848525448124135	0.845356509480378	0.843733303290614	0.843633684217562	0.839554377212238	0.834259701513966	0.834135069352338
0.900550155779445	0.882735093384	0.858676564200645	0.847045403435898	0.841602659894392	0.838171342906563	0.835668340785623	0.834440172958436	0.826916684070543	0.826500121868376	0.824443865955471	0.816316245365752	0.810289657774425
0.938375569991493	0.886847123080883	0.84445207517498	0.808983952626668	0.804861579284069	0.800110186251536	0.799481878991952	0.789618869916317	0.789200503906469	0.780373393599563	0.763796934817756	0.749872900765167	0.742454581192437
0.950226864822562	0.905938202015717	0.876600332229142	0.833031823546555	0.829845851607336	0.827519069269947	0.819390460659493	0.817835695923612	0.808271948048614	0.80804116911505	0.805251300405067	0.797219694135156	0.791017342376163
0.905214738817371	0.871998241712238	0.849494612865253	0.821556425157439	0.817012951138374	0.815343417552878	0.806816246766553	0.806813047769734	0.800215326525589	0.7988398408168	0.791464096982408	0.783582360823875	0.777558403709685
0.900550155779445	0.882735093384	0.858676564200645	0.847045403435898	0.841602659894392	0.838171342906563	0.835668340785623	0.834440172958436	0.826916684070543	0.826500121868376	0.824443865955471	0.816316245365752	0.810289657774425
0.95978920320224	0.909472285525545	0.865949949649454	0.789525099136239	0.783241470214693	0.779765080137257	0.779145910180201	0.776342453307476	0.771416758608739	0.76681790392721	0.756545623266352	0.745528121950807	0.738509348604928
0.950226864822562	0.905938202015717	0.876600332229142	0.833031823546555	0.829845851607336	0.827519069269947	0.819390460659493	0.817835695923612	0.808271948048614	0.80804116911505	0.805251300405067	0.797219694135156	0.791017342376163
0.950226864822562	0.905938202015717	0.876600332229142	0.833031823546555	0.829845851607336	0.827519069269947	0.819390460659493	0.817835695923612	0.808271948048614	0.80804116911505	0.805251300405067	0.797219694135156	0.791017342376163
0.895981767301019	0.881045207457533	0.822799907828362	0.812097067446451	0.811179818016359	0.810562845208608	0.809708469498068	0.80915873892048	0.8089334988404	0.80554396056567	0.792379402181464	0.779761912217773	0.772914659308586
0.88021915686972	0.860108625448899	0.84308687428019	0.841858244508733	0.836542025579702	0.833332356554129	0.832028486147264	0.828594467774247	0.825473141598338	0.822854787916864	0.820676076860383	0.818771495855627	0.813923709622377
0.93517014629205	0.901953649186917	0.879950246846985	0.828934302823029	0.825905792748092	0.824501101308546	0.815362256006438	0.814923258606232	0.806454180878766	0.805415369223304	0.800936483222338	0.792246616526121	0.785639834798725
0.917913879158059	0.866455179216826	0.827184567040729	0.768697965959756	0.765060793672038	0.763913052552874	0.758201813550593	0.749817189229623	0.749741025281363	0.745800569158115	0.741240716026652	0.735791868465603	0.729717418604692
0.917014066795061	0.885590954737683	0.849068526706689	0.76591967278781	0.757446599797054	0.75284971113346	0.752122220222035	0.741169022730976	0.737370620461826	0.732030525431054	0.727049701724092	0.720281071191352	0.713261643874947
0.900681865759045	0.860828106421914	0.838961912569129	0.815019512947846	0.811209041687291	0.809365052007743	0.807543337698843	0.802619345050959	0.802282630154116	0.791132925940691	0.786154789803293	0.78500060694251	0.783381362952465
0.9145107114574	0.858846397001883	0.829854530443604	0.777025256118358	0.767565899265637	0.766990523926443	0.7636765350582	0.750015112939401	0.746829998414222	0.742303662035653	0.741018022439278	0.739280379762491	0.734107685029933
0.913306406987556	0.875792457976478	0.875792457976478	0.82127348931427	0.819287967747106	0.81848521612043	0.815760406390996	0.808905794624648	0.80618379401302	0.802200743968423	0.790218121354299	0.7821440217861	0.777106521475618
0.899635863930616	0.874688680545927	0.854367734193182	0.787919927876733	0.779643212840353	0.776401133309076	0.774273502504248	0.771872189865949	0.769146716188655	0.765609460718383	0.755956482306812	0.744466005167579	0.736973661015562
0.891596358078569	0.877547931075583	0.841256523107667	0.792481460656284	0.789712105775573	0.787073290108051	0.782654403832755	0.779598001070298	0.77801210189861	0.77472876563126	0.773001559889099	0.769126795676053	0.766737702368716
0.885750251766696	0.882321831163375	0.86278907643715	0.806438417022456	0.805582856101706	0.804550381962906	0.800525488786829	0.796306398875346	0.793852247884879	0.79302934195824	0.785794709504703	0.774441817613517	0.768436128115835
0.886770673850695	0.886301797827992	0.861702969218061	0.855053949020723	0.854200273123686	0.852946760443425	0.849280352310945	0.837566671845913	0.837269482644127	0.835119488179083	0.827000527661474	0.814951646273613	0.807109654165238
0.88135812166686	0.875306725569516	0.848124048478521	0.79261255746806	0.791495248465873	0.78997050841939	0.787482208541941	0.778569869188444	0.776457278237111	0.773121678111947	0.760336725624736	0.744574302372218	0.737411231704384
0.892363824258449	0.876721261895606	0.84500629384224	0.763979487417238	0.759087906493889	0.756761302215675	0.755734836379757	0.75496295783714	0.75352430043921	0.747756045861193	0.744082336336844	0.733384668022782	0.725960948279478
0.91099375811178	0.902807888351049	0.870532457202489	0.780176531921212	0.777434689719459	0.774501917417321	0.771270656417436	0.767959950116976	0.767464647474322	0.760110794065338	0.744621243982457	0.728672701600442	0.721548471477669
0.892312014448645	0.886077346920888	0.837908593536179	0.83555737883649	0.83134990035717	0.826437992237812	0.822410271991806	0.814325045360209	0.813252736910012	0.812661321711209	0.804651952226745	0.79405074798135	0.786865736131815
0.904260977180916	0.892460011197051	0.840207611351087	0.784743981561392	0.782372573360493	0.781264267654137	0.774963566237417	0.773073009528041	0.77104393378966	0.764547121755949	0.750667447137306	0.739299693751623	0.73261043769217
0.883987030544105	0.871443695894961	0.835414808992882	0.773088062165808	0.761940878822483	0.760362704673594	0.760089256589461	0.757721583626441	0.757527640458301	0.757242667630773	0.756328647652523	0.752421956511261	0.744554261734149
0.91780620153703	0.91780620153703	0.863157134809709	0.843729921519256	0.83849800271734	0.829988555944249	0.827542132883813	0.826030893339074	0.824783031704587	0.822518963785312	0.816479974532335	0.80559529669703	0.799811262029178
0.901128413808424	0.895170134612328	0.854790240118653	0.80587715998215	0.803134833184128	0.796063654203174	0.793246684507151	0.783607400149307	0.78348391518043	0.780205519613026	0.77307816560878	0.759396473149683	0.752825784216659
0.855114757208695	0.84880876645504	0.84813742429238	0.839512328535806	0.838673828828427	0.838123467925631	0.833154887578289	0.832879843641343	0.829277916606044	0.827775426287113	0.826364029355086	0.81834678998201	0.812598710064258
0.951116521078023	0.950206966662445	0.920145789500235	0.895373735682206	0.88938630544964	0.887792292576333	0.886373719991408	0.883383031209798	0.880323716213381	0.874992857775206	0.863003062713423	0.849879592126657	0.844960792155656
0.964156852188014	0.934400479567337	0.872322734878462	0.816209700865785	0.814613842926442	0.811205357195842	0.807141771601482	0.806992190212234	0.806241013730715	0.799431658531991	0.7891091922582	0.772024235345499	0.765737687575066
0.901295216611917	0.887679909790535	0.874788872464859	0.818846863323386	0.813416211440491	0.810695465887866	0.810444430173218	0.810286622541381	0.801142156696961	0.800934339849013	0.786239051452574	0.773926626365674	0.767630803168661
0.931932573102247	0.923074013993614	0.891815943396255	0.874980965592444	0.874632064532798	0.872826183787278	0.868583768336139	0.855374389365446	0.853558477417432	0.849120012992701	0.841447017166627	0.835050642309127	0.828976651411131
0.928135928713037	0.870070835438807	0.862098914350222	0.813435369835034	0.804864106654361	0.804642364413232	0.80053390758508	0.800218843913858	0.795206711813419	0.793697004258171	0.792157012048085	0.78476831285043	0.780516543659402
0.975061981554211	0.932455917484562	0.916764036074874	0.898603827463767	0.894866512712941	0.894092639032758	0.893189646900788	0.884906599131236	0.870972274640157	0.862012629636725	0.859564480181642	0.841223245287163	0.834215105011121
0.932126267802941	0.891173338412961	0.862078941146195	0.787896956081266	0.783096241443998	0.78265356299998	0.781668477851144	0.77876537480619	0.777262274715024	0.773199063874888	0.750834878782201	0.733366146528078	0.725504138136464
0.964016334440083	0.916387119412836	0.890754898875157	0.86310317322309	0.861697985165606	0.860663980150315	0.860075849463113	0.854985980694031	0.854801982928828	0.847740533637385	0.847258942149905	0.839846225546157	0.835228007978219
0.925659999273891	0.921018188388025	0.898704840362053	0.893224528473334	0.889749501001134	0.881544191854403	0.869101974593611	0.862730066257265	0.861174760384033	0.861023679484691	0.858695772655531	0.85509673003145	0.854644313273681
0.988832653164127	0.968288272046006	0.951326786894192	0.950004235597108	0.94838168659233	0.942945642857253	0.939742636110506	0.939563039178188	0.933994078554499	0.920190437749963	0.906063994795078	0.901546305614454	0.891046309053765
0.894679544585818	0.892733281764323	0.855713855826923	0.823987569077779	0.820858211557592	0.820774720467758	0.81598621425312	0.811886333872986	0.807432881547397	0.803901582682525	0.803802284503825	0.800506258919088	0.796022098280974
0.94726933956463	0.937115786846384	0.922361691520793	0.920858408183458	0.920362629186491	0.915629983008871	0.914369449756778	0.907641451933777	0.906768891088492	0.903915870330879	0.89710101784293	0.884740327110301	0.881059090775207
0.94726933956463	0.937115786846384	0.923808930167872	0.908606843162616	0.906908730805212	0.9050804424397	0.899796354795279	0.897177602041296	0.89269255616638	0.887927967979802	0.879922846981458	0.860800074959159	0.854875012974907
0.925659999273891	0.921018188388025	0.898704840362053	0.893224528473334	0.889749501001134	0.881544191854403	0.869101974593611	0.862730066257265	0.861174760384033	0.861023679484691	0.858695772655531	0.85509673003145	0.854644313273681
0.919916912844427	0.906058165716183	0.8394375577498	0.822294732966861	0.815148038628378	0.814938651697513	0.806027703191666	0.805236153248296	0.802536691580004	0.793765086770517	0.78680252195408	0.7741344509207	0.76690860379818
0.917533200132495	0.891664863213129	0.855718312651117	0.774760023582152	0.765104388289323	0.763902327348998	0.761054122893162	0.753700945347949	0.751715708186738	0.742816304527611	0.74180362910702	0.731504961782158	0.725260526085326
0.944757104358215	0.941200748973922	0.898704840362053	0.874964206185193	0.874729567023904	0.866767400981986	0.859086576361558	0.848385597965347	0.844472658843098	0.84042781630422	0.835769024510542	0.822759640996066	0.817151095554235
0.931617939636281	0.895306320873776	0.853980853295882	0.77874047827335	0.767861779971746	0.764077438000395	0.762049955993281	0.748453146391312	0.74725127101734	0.745194119230999	0.739460035289194	0.730855697665533	0.723848275992653
0.922840222889753	0.90039305095179	0.855353133786577	0.769473456808704	0.755029308334051	0.75334519977904	0.751231847566956	0.740890091075738	0.739761967191932	0.737493684663584	0.729986212040464	0.718470247942651	0.710417422627605
0.931617939636281	0.895306320873776	0.853980853295882	0.77874047827335	0.767861779971746	0.764077438000395	0.762049955993281	0.748453146391312	0.74725127101734	0.745194119230999	0.739460035289194	0.730855697665533	0.723848275992653
0.920867808826334	0.887857246314966	0.837288354255058	0.774803738795434	0.766540143955012	0.765911981520092	0.763174384121578	0.754348302229579	0.753286128946559	0.751432215696708	0.751207248134693	0.748316534810763	0.741014772028004
0.973896290095577	0.961865409218676	0.914265570483577	0.902613782032586	0.897320289284932	0.897283680431458	0.891858662891814	0.889325739543827	0.883225633981999	0.878425020218844	0.877480033314578	0.861593846086348	0.854126014209155
0.942689916644795	0.890816175555502	0.84032538847195	0.785207667733653	0.777801146897207	0.776141509115062	0.776131582344401	0.76640975469459	0.763174851591432	0.762370721612331	0.759859885232145	0.7598077643398	0.755932649639572
0.917912944183913	0.900316048943132	0.853971288124396	0.78949555289489	0.787075825023435	0.778505119305326	0.775035719570719	0.770253214813582	0.767455947934002	0.761544991100992	0.748233254308406	0.735352966924481	0.727150880932799
0.912717000948193	0.90133516977934	0.848164045699067	0.81735605609336	0.809838183006264	0.809451189131706	0.805894115400826	0.800867859616851	0.798049115926924	0.797224437039018	0.775124106451825	0.75797172627486	0.750251142946608
0.916304971792517	0.901819911353978	0.833412605978971	0.829991170492075	0.821295214028176	0.82103398494992	0.815605026409491	0.810139885496955	0.809294924492316	0.801962305176163	0.787983897522057	0.772237341766192	0.764874258845321
0.919491542068681	0.904230800939719	0.903517140150359	0.886878751585327	0.886076548249545	0.87958473504647	0.879324027256925	0.872835726860888	0.868575745170084	0.855513538154141	0.831935111471162	0.810789975102063	0.802755970594112
0.928301480323134	0.916869249650011	0.904740968134336	0.887602224534063	0.884697138960437	0.880958061852877	0.877938266880462	0.871273830063012	0.867975197699816	0.854013305381569	0.828707248507245	0.805906018510349	0.797606148354144
0.912547117350802	0.900131351260626	0.840957775927329	0.826909023487757	0.818873085681125	0.81850687693285	0.812851327243273	0.808223354969085	0.806753341833998	0.798512550225998	0.786044706796502	0.770421218767051	0.762890369042799
0.902897286128014	0.882419248889098	0.815721853566042	0.804834961280733	0.800575390546718	0.798624128511852	0.79061027192449	0.788352354836659	0.779307092224653	0.773545252694741	0.764325382685474	0.760204721271905	0.752508504519478
0.921316273355014	0.906831212916476	0.875981346820178	0.838566207259384	0.837656784361587	0.834856477009261	0.823911300485365	0.819901263490806	0.812953215062552	0.807026298394239	0.795752926926162	0.777710264450124	0.769630827237082
0.90686808065468	0.899625550435411	0.864503478281927	0.811246127591114	0.804239847839413	0.802856239046121	0.801241848146204	0.799308275509694	0.796187564413942	0.791078178735006	0.768500222136256	0.75131398221106	0.743832737348889
0.904400950020505	0.889955318570923	0.833662076130823	0.833412605978971	0.82493481549421	0.823842017676149	0.817602890078418	0.813368978447835	0.812498363004006	0.805490024220729	0.794087544337395	0.780592749009066	0.773988725881711
0.915178046761195	0.885813561508314	0.854116922313679	0.823713834756214	0.818485402324158	0.806267275810594	0.804453235278412	0.791283440699057	0.789448919052148	0.779787416306352	0.763621309051459	0.749488085823354	0.741878795414049
0.852603100580331	0.848301034790261	0.848228797439229	0.840152392255706	0.837851105887001	0.830744284923754	0.828898367118316	0.82762364841433	0.825749038812481	0.819180678105841	0.81404748828759	0.804205821787561	0.798407503660181
0.944757488292971	0.881194977246196	0.868304886211623	0.840394717713773	0.838434498951516	0.838004886381144	0.828547034708784	0.826713765526652	0.821107885112707	0.809513058691696	0.804139668879158	0.784718782096148	0.777089533775626
0.871369926641538	0.858226622792122	0.825909434687463	0.773718986457309	0.768432532495812	0.735221795859164	0.724745082104009	0.71742262102943	0.717367471600255	0.716872901470168	0.716792706260453	0.714040701761538	0.713577614682814
0.915176416077529	0.895318532603486	0.839064319470022	0.837435016503393	0.833941213941632	0.830669044518089	0.823645460232135	0.82113124859008	0.814305668837384	0.809525742488616	0.806366346704681	0.802199421558794	0.796843756641258
0.915176416077529	0.895318532603486	0.839064319470022	0.837435016503393	0.833941213941632	0.830669044518089	0.823645460232135	0.82113124859008	0.814305668837384	0.809525742488616	0.806366346704681	0.802199421558794	0.796843756641258
0.915176416077529	0.895318532603486	0.839064319470022	0.837435016503393	0.833941213941632	0.830669044518089	0.823645460232135	0.82113124859008	0.814305668837384	0.809525742488616	0.806366346704681	0.802199421558794	0.796843756641258
0.922249398699916	0.901565054839952	0.837435016503393	0.828378848831814	0.822630795151003	0.82127246776833	0.812942498132327	0.811116564838736	0.807980712974974	0.797880835956214	0.797805799831089	0.787077470095223	0.779855209574949
0.970420650829531	0.932148022438154	0.918028361218631	0.867321558939385	0.866132734133963	0.862116213655172	0.852323326711191	0.842082974655133	0.833650905239442	0.823690056537583	0.823285255174755	0.822485015647728	0.817339900345032
0.908993294272009	0.891756341055372	0.813077626555757	0.811443521102411	0.809226084657697	0.804127518568077	0.802506644060259	0.795623679415126	0.792647946133935	0.787509261702542	0.777498629218227	0.776184342367011	0.768843197181451
0.915176416077529	0.895318532603486	0.839064319470022	0.837435016503393	0.833941213941632	0.830669044518089	0.823645460232135	0.82113124859008	0.814305668837384	0.809525742488616	0.806366346704681	0.802199421558794	0.796843756641258
0.952256322245763	0.900780902704014	0.872437279766842	0.833764904380399	0.831471152530782	0.830881669952062	0.816976037914319	0.816230801020385	0.81040756900415	0.808990255948201	0.796460712868422	0.783311432306696	0.777537401832059
0.915176416077529	0.895318532603486	0.839064319470022	0.837435016503393	0.833941213941632	0.830669044518089	0.823645460232135	0.82113124859008	0.814305668837384	0.809525742488616	0.806366346704681	0.802199421558794	0.796843756641258
0.929457514095352	0.888277178461953	0.841309546158267	0.815359651566081	0.812007521006879	0.809822567777097	0.802997970298195	0.801663139440209	0.800881870158389	0.79844811443146	0.782609286986406	0.771879896010683	0.766989578902455
0.919831566226973	0.884892832203786	0.860660882272837	0.788947855779347	0.780544297434811	0.779766649376318	0.77646567829753	0.771769736762125	0.76945242267706	0.756463238382015	0.755624631338618	0.741041236938027	0.73272007295269
0.937355438250299	0.894039619908473	0.868550078893738	0.799034782794216	0.794898865708124	0.791666328055163	0.78684572710794	0.785890473588138	0.785271705396549	0.773583390691306	0.770694332216325	0.756245243210285	0.749086006404518
0.890397331560751	0.876619650408153	0.823410854856893	0.821729061934001	0.820014502159309	0.81715372776424	0.810109637209772	0.807855912885015	0.80685617571238	0.803561514375381	0.795195058620379	0.786713778548559	0.781860527102025
0.928278636916893	0.897312780396725	0.876021182488316	0.802517065527641	0.800095135085167	0.797225464708771	0.791317261523831	0.790969259226591	0.790643087360629	0.786058096349721	0.770407184180525	0.752074056424332	0.745152136223696
0.95242017304992	0.898275400122637	0.866413473854219	0.816644020078866	0.808710270667182	0.806382691919262	0.803876781502755	0.799400421732893	0.788824794535647	0.782162661293331	0.774001458190755	0.767306562321306	0.759628181648284
0.973513290053015	0.890447229408817	0.881876550504464	0.841325187291175	0.840399677435571	0.840278677343306	0.824954276794091	0.822849283262468	0.809704217188981	0.804775005856655	0.804121770444622	0.790267738826476	0.78409154577002
0.929059101384611	0.888807089851918	0.834327095821476	0.80426433658545	0.797052477998613	0.794424994225984	0.793935138791188	0.79343565749368	0.789065288162079	0.776290370638457	0.774188157448584	0.762364384736302	0.755986296283515
0.95242017304992	0.898275400122637	0.866413473854219	0.816644020078866	0.808710270667182	0.806382691919262	0.803876781502755	0.799400421732893	0.788824794535647	0.782162661293331	0.774001458190755	0.767306562321306	0.759628181648284
1.02155813379591	0.967062742388112	0.919525798553073	0.871594423835643	0.869283303375221	0.868125821826986	0.865226824840241	0.859698826636005	0.859257584543359	0.852322715848055	0.851456070823678	0.843639785936409	0.838469892508523
0.9854953198296	0.930999928421798	0.901494391569916	0.864518372708274	0.85868510417167	0.855119308075703	0.852783802543442	0.850951415506133	0.85027301385946	0.841435653781667	0.84082062949214	0.828892847297578	0.822960263291537
1.0369863598264	0.965033803003714	0.927239911568316	0.87483101505984	0.871343935883282	0.869668644430035	0.866704697379702	0.865131220232481	0.863297466416138	0.862315228866898	0.85759763936563	0.853547416088864	0.853450705582392
0.977998734703548	0.925708719588479	0.891694569083622	0.859322199413871	0.855908730013255	0.854056494039335	0.853199390605463	0.847385142858033	0.847153554825308	0.841785834346449	0.840168725942571	0.833146555427536	0.827281908501815
0.989498692942743	0.925200930560723	0.897365257236073	0.857192950263636	0.851666989915473	0.851572428902154	0.847789516059408	0.847390566222345	0.844052552052391	0.842205525235703	0.839971388345329	0.837652661598462	0.83291287199715
0.974903428674412	0.896412875424944	0.869086431990767	0.85236519122044	0.848964934200155	0.841927556518093	0.84140460239178	0.835787314315168	0.833466363552348	0.829357392494957	0.824388116095236	0.814012099467574	0.80909503294417
1.04583259789706	1.02584901627172	1.00612990776543	1.00184558807313	0.999957120669902	0.987932706616044	0.981649806960996	0.975878735091892	0.970775372859345	0.957525350241881	0.937866486615082	0.919768478113471	0.913912434201501
0.945827084792339	0.945827084792339	0.888554615601568	0.882569065094775	0.873586638135757	0.853929605788774	0.848437618800642	0.838429993087569	0.83663778761833	0.833530218487616	0.831814210618186	0.827918725082017	0.824231102391246
0.899393147101966	0.899393147101966	0.858281446004965	0.856612704868458	0.851523713785618	0.840101680710319	0.837587004794006	0.816938354150198	0.81583782665142	0.815182452101654	0.813532918367582	0.803530453940276	0.796529078012566
0.905753626790565	0.860931145897939	0.841819964709709	0.823088184014197	0.816725993222816	0.81463665978311	0.811373840876405	0.805279628555071	0.801863394140163	0.798851384332209	0.779269961419326	0.764224444125127	0.75833755468058
0.905753626790565	0.860931145897939	0.841819964709709	0.823088184014197	0.816725993222816	0.81463665978311	0.811373840876405	0.805279628555071	0.801863394140163	0.798851384332209	0.779269961419326	0.764224444125127	0.75833755468058
0.949257884709932	0.8911158419275	0.865577392770811	0.835178335162178	0.833306181490744	0.83236965440186	0.830481172417401	0.822960402111681	0.821500926416876	0.816554731266184	0.800200199564439	0.782899145295103	0.776976200465546
0.949047216794176	0.915484589157135	0.899371975363919	0.859718843784074	0.858641139340773	0.857146143249887	0.856357577713204	0.856153373774304	0.849869297312471	0.84959644406435	0.823919774629786	0.8032610358224	0.796894648687732
0.919166765433811	0.872031822496878	0.855993126714885	0.811838418302312	0.811732189964539	0.808448980401101	0.799577890199342	0.798652784879266	0.795909603984184	0.794917519225229	0.777693521995762	0.762497679315349	0.755832979461235
0.905753626790565	0.860931145897939	0.841819964709709	0.823088184014197	0.816725993222816	0.81463665978311	0.811373840876405	0.805279628555071	0.801863394140163	0.798851384332209	0.779269961419326	0.764224444125127	0.75833755468058
0.921318364752873	0.909039609842768	0.858465521038632	0.819919201889436	0.814227427038219	0.812742694233742	0.812192470254079	0.81016469915334	0.808171097879299	0.79751070985258	0.778493705524866	0.761928027428461	0.755228722608931
0.898237790957666	0.897202043306699	0.872134352038727	0.84752705062273	0.84594922859691	0.840662562366953	0.831188684746899	0.83094307772735	0.829535895621393	0.818283638446505	0.799609219117975	0.780807878449624	0.772845427901792
0.897355323584962	0.896227734215841	0.870429522080984	0.856922873499285	0.856666596429888	0.847185357320899	0.839645175926646	0.837354468393514	0.837295911054315	0.823344965633213	0.805263579931231	0.790470474520642	0.783350912881495
0.891761314681173	0.888110228316762	0.882657621427985	0.876149021646303	0.875610053855846	0.867188800060491	0.864137134649703	0.845784299838478	0.844684230628262	0.842856126984033	0.833679829455443	0.823685883039085	0.817903856041998
0.916714360620578	0.910822422028917	0.906564879839249	0.903912656108989	0.90240605882757	0.895840359847499	0.874895560965047	0.874167315746354	0.873575729476455	0.869588415763119	0.86280745912548	0.858154225380486	0.788363698164197
0.912182049000173	0.897322437594775	0.892281070501963	0.881019808136935	0.879519538102778	0.873973616944988	0.870371887225087	0.857489781456751	0.856490723910646	0.855028724966346	0.84993779547007	0.840206670522302	0.834557535696739
0.879100347097356	0.87298215655113	0.867005839751106	0.855460716429955	0.847518898755942	0.838657012533037	0.837375201042086	0.830693032553821	0.829039670457216	0.82746396112001	0.822498802099507	0.813762569510291	0.809112505029732
0.906984833027952	0.878502482410802	0.856206104357867	0.844331680479682	0.838119068510748	0.827025521789929	0.826162317660378	0.817185137946528	0.814100957019767	0.812422239246796	0.799710439656098	0.786164161061235	0.779830303720566
0.906984833027952	0.878502482410802	0.856206104357867	0.844331680479682	0.838119068510748	0.827025521789929	0.826162317660378	0.817185137946528	0.814100957019767	0.812422239246796	0.799710439656098	0.786164161061235	0.779830303720566
0.934877359226238	0.923408673791198	0.915770163807887	0.908623917216424	0.907932104583202	0.906020579295037	0.905332657200471	0.901721549260335	0.899409764326636	0.888337839835769	0.868006902563501	0.847597943638422	0.840249171233826
0.835526699479196	0.8353627847195	0.833383574784371	0.816398333655875	0.803970289478916	0.801532376179998	0.801492241482088	0.797419374324406	0.79371558398205	0.787604124007238	0.784026498994378	0.782244490945262	0.779116001689523
0.972674527698318	0.919293687686618	0.881523797817904	0.830025292840993	0.830020265747847	0.828641543302067	0.827375010049433	0.82660032405523	0.825173606501192	0.824452033533039	0.816971851797597	0.797528819403212	0.790862159273762
0.943861963098418	0.897546688892342	0.893122645714854	0.885278853301348	0.884902401249331	0.881519094837315	0.879702760055156	0.875169574034529	0.873363136515249	0.869936792091315	0.865324190436419	0.852739765171933	0.847884528584424
0.939375025019285	0.923100361596655	0.910993709587237	0.907844360361469	0.901725786633873	0.901308044186523	0.900078166134133	0.897564249843242	0.892878661930048	0.888467710482322	0.878621491590937	0.873685277172607	0.861791145040903
0.939375025019285	0.923100361596655	0.910993709587237	0.907844360361469	0.901725786633873	0.901308044186523	0.900078166134133	0.897564249843242	0.892878661930048	0.888467710482322	0.878621491590937	0.873685277172607	0.861791145040903
0.872958289629159	0.853133316420653	0.851495492643928	0.844797412481855	0.844411274349253	0.843508708877951	0.841940766229619	0.841729781292448	0.840343041382946	0.833023311718078	0.828331329140064	0.816338027566605	0.811111104388822
0.943785981071713	0.92100950936239	0.907509087211993	0.869458237869857	0.86644889157047	0.866083582107837	0.863301411933315	0.858284059567309	0.856064526802217	0.848126475900062	0.844466918962923	0.837994413216118	0.833889449794852
0.915392247492514	0.883623198242623	0.87317430773919	0.839398135499984	0.836119706375405	0.833638703264216	0.832443954647407	0.827283201533837	0.822350071487209	0.814209738829883	0.812175485968459	0.802427510726701	0.796816106866596
0.918811601893591	0.904894667351771	0.881635509751417	0.874512029938185	0.870744855321216	0.867722471156714	0.863843680768806	0.859114363019842	0.857981368263093	0.855398044977876	0.843830986231039	0.828366530424413	0.823125446970917
0.897854576840285	0.897290535267674	0.887047828858327	0.858382265555465	0.854532274820714	0.851479929765959	0.848153737314468	0.8470846313309	0.843746289781173	0.839302741796807	0.830342621701003	0.815862047869401	0.810809010769075
0.962372134005653	0.942909977605442	0.882405154147878	0.858279067087229	0.858077574720428	0.855238183522248	0.85031432119819	0.845461675094361	0.843148319669739	0.832996867101065	0.832630645493235	0.813215088498193	0.805511368291344
0.880514620882445	0.870580298603444	0.8536537118495	0.837147785107938	0.833562541608536	0.833246653267276	0.828278293640781	0.8271503789651	0.826393058059031	0.820339812489232	0.816035905909302	0.805189248189484	0.79896909202254
0.90037865926372	0.855556178371094	0.836444997182864	0.834854402490711	0.829053648303782	0.820366917004351	0.813181808291681	0.807175608768813	0.804791346425456	0.803860277422146	0.791677994794478	0.779308703921939	0.774066281906932
0.91038180149344	0.87620298075286	0.85355214985919	0.845505970091522	0.838586275477062	0.83157795185076	0.830005321968859	0.820560809350788	0.817078268920509	0.816815221133509	0.804109430877902	0.79090654798862	0.784970627362004
0.91038180149344	0.87620298075286	0.85355214985919	0.845505970091522	0.838586275477062	0.83157795185076	0.830005321968859	0.820560809350788	0.817078268920509	0.816815221133509	0.804109430877902	0.79090654798862	0.784970627362004
0.866356381416494	0.866356381416494	0.862299204667791	0.859124074891777	0.859121300184199	0.855602545616103	0.851051302862435	0.848905299826631	0.84658265431383	0.841791697448226	0.840762462977507	0.836471328465358	0.831953888939984
0.879309879659297	0.87888425937421	0.875725934142403	0.875014984288126	0.873572314121353	0.867820143704494	0.863610079622893	0.852347845847704	0.850133977683568	0.832521441899528	0.828066007309461	0.819642824773963	0.813163252456094
0.975507041995002	0.894381476806293	0.879108323349459	0.857987533412596	0.852018631555429	0.849632513041306	0.84949912187746	0.843808893021256	0.843422731223427	0.836129789883955	0.822238556623681	0.809937121595463	0.802720557068234
0.975507041995002	0.894381476806293	0.879108323349459	0.857987533412596	0.852018631555429	0.849632513041306	0.84949912187746	0.843808893021256	0.843422731223427	0.836129789883955	0.822238556623681	0.809937121595463	0.802720557068234
0.951861948774592	0.891017774883061	0.879108323349459	0.851964090165953	0.849632513041306	0.84949912187746	0.845860984034523	0.838829450531876	0.838059990009464	0.830893744352621	0.81695527800535	0.804334041350399	0.797312627569372
1.02593278115593	0.965803469363671	0.943375583988351	0.943077923735809	0.939469057835757	0.935604363027188	0.933226639743421	0.931318993214013	0.929638204579529	0.927301613793593	0.923310488503497	0.921825676813883	0.919330913823832
0.841823867749939	0.839983528785086	0.838026167635194	0.833939678734775	0.830260102274901	0.828295105662231	0.825233228146127	0.823694899342338	0.82007582049488	0.817211051137277	0.764808471720107	0.743168060823923	0.662181294196553
0.880565906381438	0.869307204322401	0.869043646989118	0.86618987243949	0.862959573144572	0.860424050052718	0.860116309287715	0.853486399074003	0.853302631043187	0.853110245429031	0.849364061283122	0.829986136819921	0.774199654381636
0.907064143397164	0.90351974847207	0.89205621350415	0.879691398861337	0.878035258245429	0.874741002046576	0.874383537047304	0.873177431508081	0.870721262716617	0.868030652784813	0.853949260832112	0.843041173170284	0.838504525218675
0.907064143397164	0.90351974847207	0.89205621350415	0.879691398861337	0.878035258245429	0.874741002046576	0.874383537047304	0.873177431508081	0.870721262716617	0.868030652784813	0.853949260832112	0.843041173170284	0.838504525218675
0.923861907074165	0.918874173051959	0.866113818255129	0.847778444058695	0.845363081666853	0.844200310325096	0.835675255677634	0.834051312176727	0.830816659351718	0.830274552977498	0.814062684027937	0.794017815954857	0.786713859501136
0.901022578125482	0.887241951224309	0.884214249092602	0.868082127219659	0.859435125803393	0.854141430660739	0.849518942267574	0.847335333171178	0.846400769992718	0.842660270222251	0.833057323993977	0.815622044112735	0.809729735921109
0.92241763020297	0.908595109446093	0.894313920931651	0.867029027858454	0.857981197136862	0.857147747992197	0.855583759707712	0.854745129711864	0.852208085355736	0.850650238793133	0.842997030537265	0.825659454855307	0.818999691392203
0.906694743884393	0.898344116309992	0.885087859247257	0.88449636839693	0.879000061979878	0.877500843543768	0.877024844904778	0.87676386904057	0.868432677456223	0.863744126376436	0.852786521241498	0.843173283836008	0.83736232335919
0.906694743884393	0.898344116309992	0.885087859247257	0.88449636839693	0.879000061979878	0.877500843543768	0.877024844904778	0.87676386904057	0.868432677456223	0.863744126376436	0.852786521241498	0.843173283836008	0.83736232335919
0.929259354518575	0.906873857212903	0.853858909234326	0.843395297373896	0.838235802960092	0.833713762326928	0.833659432266344	0.832595086997156	0.827593785144405	0.827009702802284	0.807796654703032	0.790397600044103	0.78283869411609
1.00662994021948	0.992234936298597	0.976749799943732	0.953009025170181	0.946902029846784	0.946370090450244	0.937697918137966	0.935477553479343	0.926688361350936	0.919947501529185	0.907495294185645	0.876998359258869	0.867487391808137
0.950752295472766	0.947077844660514	0.941757401056358	0.93541308461705	0.934764116969577	0.932819270939174	0.931829945644125	0.920383642684953	0.916399002308904	0.902049881793248	0.899715395566977	0.898737513861191	0.882562038686512
0.976068709931635	0.931318539748913	0.91757779505537	0.88966355316982	0.887320266965016	0.885925109323708	0.883082959291901	0.871883429057585	0.871676815587605	0.868967549653583	0.86106008666819	0.839452640912275	0.832621879792446
0.976068709931635	0.931318539748913	0.91757779505537	0.88966355316982	0.887320266965016	0.885925109323708	0.883082959291901	0.871883429057585	0.871676815587605	0.868967549653583	0.86106008666819	0.839452640912275	0.832621879792446
0.945847783705319	0.928501690580147	0.915805428921711	0.912478266377465	0.908776326256234	0.901617436189645	0.889596205322289	0.879890270721884	0.878003099511222	0.87512961192287	0.870895148401402	0.870559689122332	0.866634193638651
0.945847783705319	0.928501690580147	0.915805428921711	0.912478266377465	0.908776326256234	0.901617436189645	0.889596205322289	0.879890270721884	0.878003099511222	0.87512961192287	0.870895148401402	0.870559689122332	0.866634193638651
0.979097113513943	0.965348745399305	0.927189348705027	0.918286582954199	0.91284001958062	0.910682722996019	0.909371858483903	0.904115579453393	0.90304338947141	0.898864156661847	0.890426671382054	0.886982200537299	0.883385630720898
0.951501137507927	0.944740548708778	0.941861998124857	0.913614695424915	0.911791465298563	0.898312907843629	0.897310816044577	0.893532325261866	0.893211281566823	0.890096336325557	0.886823231145135	0.879571970181723	0.859932181325527
0.941949839818886	0.932436758585797	0.930613198498559	0.927651910728434	0.926861943585674	0.926373941614458	0.923692739861707	0.913387004708169	0.902432138068846	0.902060011977284	0.897797092282259	0.892034009033277	0.882776805612315
0.998112709141262	0.987984166235148	0.960991815985924	0.936480233368112	0.934708575306098	0.929786790933614	0.928172000380043	0.92426187535027	0.916204310509103	0.903085773285093	0.900692516647707	0.900263768144769	0.894670104019637
0.98657289611562	0.972254099870186	0.971880130773405	0.963043771203895	0.960085290072375	0.958491047312623	0.953895322587876	0.952705451647486	0.948252635757766	0.940166824485874	0.93227716239952	0.907154128071845	0.899457591493181
0.9636584555347	0.961951931460845	0.958814374720239	0.957861130627584	0.95680802096984	0.955022622334974	0.947256262665878	0.940411725494775	0.940213656963977	0.939110004734747	0.936132673370317	0.93461074903674	0.933120375900318
