0.868453086907774	0.863334411138031	0.847471896283349	0.817300178979488	0.814090555062353	0.812869624357358	0.810471785817103	0.809433355149124	0.808889445954665	0.801198511433605	0.798244071160672	0.795843783884338	0.790707402745539
0.819160680700484	0.769949306451362	0.760996969676106	0.704891791646566	0.702433093571503	0.701085617119733	0.697200183786385	0.694702083004844	0.690613536171183	0.686461155181486	0.679883891254972	0.674371285326113	0.674358638942937
0.840756535929484	0.836577399214601	0.827856109423607	0.824179021752494	0.819219384715099	0.798195350587903	0.797475904363894	0.787992135214213	0.784364908391478	0.774771412925471	0.764290338744095	0.76038474301827	0.759118833549178
0.866060834400207	0.856687096478659	0.83027122337367	0.743988999800072	0.723581021934698	0.722461498225045	0.720066611517282	0.712887960692865	0.711628302803271	0.709432319329279	0.708852621211097	0.708147162999673	0.705988301312257
0.911866009287831	0.882806658655173	0.882806658655173	0.842372563766167	0.838659306179552	0.835263113614106	0.831943285006189	0.82942378605783	0.823223843099751	0.821611464446793	0.82076664932594	0.820051257158949	0.818103621994007
0.894520156486227	0.865959667237372	0.843213671218256	0.746149592596076	0.740606099402363	0.739904223347468	0.73566884965143	0.724327421527378	0.721559242524214	0.721140326134994	0.717246878164073	0.716945089316177	0.714518504198252
0.871519662816583	0.858598599109066	0.839164433859705	0.752052953908033	0.749356909018009	0.744307127423443	0.741683289489012	0.734356683750555	0.728584260219269	0.717213330744261	0.710471837997146	0.708452624972462	0.704170247448215
0.858171866858835	0.851079657887814	0.830683800584486	0.755508737610256	0.751923813846706	0.73931284942519	0.731781514883547	0.712134136444098	0.708592473633164	0.706400790361043	0.705019864739503	0.704934911306231	0.700449811808511
0.921429161559793	0.921324845346433	0.871020706008865	0.870360959366431	0.867208182526333	0.866341441829967	0.86013457077081	0.859004811047844	0.855478367723531	0.850251099928012	0.828282244526822	0.808924521699993	0.800483093764825
0.869772603929627	0.855013076244252	0.832484352974882	0.760900074899778	0.760723497645279	0.74972500080928	0.747366110363616	0.731680908936548	0.729359520434641	0.720898914594053	0.717447303880213	0.715237415114174	0.710152283128357
0.846936027264307	0.816029797350202	0.809142763315102	0.805793975786095	0.803880549361206	0.803724876881905	0.798587106986674	0.796910194610843	0.795732726279521	0.793813689435656	0.790560736530697	0.781399730748451	0.776388595385811
0.814384848182186	0.808156915899313	0.801945173871741	0.778308254026501	0.769707384683049	0.762803384148865	0.757365762179249	0.755735604704634	0.752479731877688	0.747234462196027	0.736177606729684	0.734187047067829	0.73401950822327
0.815553436042583	0.762224820767456	0.758209427477298	0.749419121742398	0.74653849312199	0.736897514975649	0.727326076407116	0.719122289546439	0.717259116926149	0.708639787514564	0.702294978805118	0.697336663281796	0.692367704236401
0.91507547405198	0.876998168977089	0.869830413377973	0.831195824076092	0.829730125966395	0.824466050212049	0.823287299804595	0.82293002118327	0.820992689225696	0.818616859865576	0.814819698985701	0.809302737825207	0.807349624008436
0.896633783481671	0.876998168977089	0.869432942243448	0.849031236688305	0.847512988256511	0.847107577783861	0.846838076857937	0.839116473748806	0.838603244712906	0.837757608887467	0.834975880234766	0.821786337850646	0.815757408329989
0.902071435346832	0.876998168977089	0.869432942243448	0.831837712579826	0.83089287078093	0.822401308007367	0.820710760728757	0.816160682135421	0.813748303040157	0.810343015471208	0.809890466145953	0.809668051029886	0.806500108575345
0.858849761921604	0.819913922863724	0.819913922863724	0.783082188208311	0.77907484358608	0.776417985225331	0.775260224183738	0.770826712798217	0.76949739711466	0.768303327282968	0.766960311065368	0.759623636812009	0.7578680634783
0.929777647300657	0.894774447724279	0.867532370381055	0.778486033523223	0.774575742795006	0.771268825723508	0.770667963132411	0.757844179374213	0.756644724329358	0.749071754655727	0.73857807881961	0.731966094274148	0.724970840219882
0.864590712699942	0.827693159767012	0.791237388901365	0.75378220620202	0.75156048976597	0.745960507771483	0.740405394499973	0.739221106518572	0.737785771717212	0.737410102760802	0.732060047593493	0.731764248907682	0.727264179755353
0.906440181046879	0.88442497937044	0.878687271961405	0.818531041224512	0.814127126949442	0.811935885569346	0.811374704136661	0.805826707492393	0.80086331995458	0.799145471323296	0.782461865547428	0.772993930314481	0.76645040986756
0.919506030190889	0.849384589995132	0.846210934049428	0.826279857164834	0.822295131970544	0.818619552328311	0.817074135924619	0.814422140207368	0.809892025845359	0.809807445123614	0.797250315653635	0.769488006629623	0.768972910064015
0.952468480049312	0.89583270333598	0.894063932104489	0.833682057533234	0.825983528791659	0.824139990555801	0.820990100616672	0.818110861149508	0.814031822787449	0.813908272266304	0.810402268809213	0.807332676821485	0.805503854644326
0.800775598772305	0.785094464632909	0.764249860897864	0.759235101763223	0.750338267674449	0.74810182339793	0.747655090177467	0.732639115605252	0.729290516628953	0.725632681065369	0.707915037885805	0.706379431520749	0.70267084516742
0.908805956307525	0.89161517314224	0.854404112431677	0.84873714299645	0.845730636647724	0.829806363646894	0.826503455968842	0.816494297320068	0.814565883901978	0.812538740992597	0.810471100027861	0.809969432053897	0.807565413642693
0.92102779869883	0.894305205105662	0.862810332893068	0.850336590805445	0.843719942761542	0.84144796635334	0.839142173871288	0.83841029356219	0.832843845940272	0.832399783855257	0.827680024309951	0.819646606677159	0.813737958023952
0.849006801235835	0.834326578522308	0.828966669919413	0.780289250023992	0.77642383405336	0.765516384390737	0.756559882881018	0.740471422152838	0.738262711725818	0.737809996525551	0.737171131334618	0.736260328963909	0.731741958017643
0.868055075194049	0.866173660517435	0.823211738497028	0.8133504072744	0.809043255606241	0.799627518753259	0.798904177921478	0.797414555703565	0.794449596891385	0.785954388953397	0.782593265818567	0.772367362523016	0.770189561321401
0.970321003843977	0.929449240470341	0.915299598135194	0.810625535836751	0.806079373227813	0.804258010735903	0.79788317342892	0.794997934283841	0.788347191122041	0.786893985129325	0.774615184088616	0.762950043501053	0.757168984549375
0.886670603987856	0.84392234354996	0.84392234354996	0.797620055860649	0.797314977030758	0.795089125493317	0.794888064827226	0.793948660737961	0.791079970811364	0.789784913136843	0.780128178276959	0.778979654098665	0.772885527370179
0.895949697860507	0.870488269953236	0.845080135110739	0.747428681468718	0.733534485314612	0.730171953891888	0.727656284247836	0.722758473502838	0.721150711532336	0.719551765876522	0.718903389108535	0.718304211145022	0.714941752128665
0.843471419905284	0.843471419905284	0.836479884259581	0.825375437024341	0.810690020567555	0.797809492952227	0.797510667006475	0.788845852355482	0.779821102325298	0.778976144979453	0.761990322752385	0.761550424073704	0.757944162477668
0.843471419905284	0.843471419905284	0.836479884259581	0.825375437024341	0.810690020567555	0.797809492952227	0.797510667006475	0.788845852355482	0.779821102325298	0.778976144979453	0.761990322752385	0.761550424073704	0.757944162477668
0.807868673561996	0.801314535417424	0.800800010776743	0.783899958108683	0.76832480189175	0.766461026271866	0.764556840383175	0.764310213814028	0.758494644678193	0.757576595676138	0.755229868735487	0.75360930042097	0.738432690542487
0.887806192362889	0.858829922501793	0.854933857942521	0.80577749452881	0.803877707758388	0.80249408623303	0.79982352592405	0.799744466327444	0.79863316764472	0.795449637847628	0.794830932876622	0.793289725854858	0.787070702418109
0.869585183198591	0.866920803013679	0.864667572001786	0.862454900174864	0.858584083489835	0.85744446526548	0.852876988734069	0.852082104742416	0.847556049100169	0.840512072105042	0.838733108467923	0.834369353030208	0.83339885387793
0.895281913161366	0.863278125039127	0.853328894129124	0.774742962691195	0.765215746126169	0.761340828441559	0.760293544171505	0.757746887080106	0.756797601953017	0.754991418879173	0.752637768653645	0.750997853262101	0.750927466672741
0.891627618164662	0.881963434501705	0.865141147552446	0.864650720834405	0.85316738393001	0.850456773993633	0.843666624720813	0.843022627221253	0.841995672876553	0.841737511941277	0.841566924546596	0.839832485704632	0.834493490994614
0.913616714970238	0.905518842268141	0.8697500831976	0.794897163719264	0.788999636427377	0.787855545709788	0.787854480149922	0.777169089600689	0.776758243346466	0.774877089280705	0.766054091309679	0.760579300216683	0.754332498288061
0.912410638483796	0.860549108452453	0.842552454916123	0.779058141174359	0.776915401579103	0.773315538146577	0.76358250024686	0.760752794679889	0.757694588958995	0.75585098402969	0.754745989023412	0.751802008635674	0.746495898061007
0.916817544595619	0.89480234291918	0.891088735776151	0.841157168365956	0.835860206692582	0.834260248768084	0.831463312768964	0.830170243689968	0.826390294168935	0.819837694655878	0.81860885158996	0.809362678489623	0.803516605978977
0.82870631075368	0.826512437793726	0.817948681964468	0.806449741050607	0.799829181341155	0.790784953362692	0.784232013085193	0.784071753754622	0.784068760401484	0.778997985935983	0.760893329022062	0.73824004112169	0.733635941491585
0.893659969874474	0.891088735776151	0.890511464681625	0.887544664160333	0.884443570439221	0.881599186523354	0.876317720553228	0.876264785779053	0.87478957512231	0.872086971608006	0.869378915933623	0.864420127947431	0.811348786939239
0.893659969874474	0.891088735776151	0.890511464681625	0.887544664160333	0.884443570439221	0.881599186523354	0.876317720553228	0.876264785779053	0.87478957512231	0.872086971608006	0.869378915933623	0.864420127947431	0.811348786939239
0.86676606851922	0.799567797997334	0.793479036537473	0.752236981624822	0.751163051966301	0.735649947418697	0.735479505824229	0.730031093470561	0.723359969398171	0.720405648178944	0.719507972349985	0.712385649553618	0.709526737337515
0.938934507342621	0.824599441757834	0.815729834979392	0.779814598295105	0.77495730408745	0.769323220192364	0.76298889904093	0.76221931682416	0.761223096307678	0.758410889483182	0.744981949942651	0.725667165588409	0.716451488260593
0.877860341398775	0.877860341398775	0.858366785351507	0.843818720595559	0.837787149184613	0.836561834570118	0.833921133861279	0.833817392503495	0.828837973165521	0.814081757298458	0.795764126869192	0.784245422845166	0.778260619678786
0.879039965755366	0.850610264951442	0.824875282895469	0.775910645341618	0.772686908519531	0.77046456649621	0.769806343785208	0.765162390586833	0.762241722031098	0.760701297968315	0.753396045027704	0.753211761560834	0.749333092538731
0.970420650829531	0.932148022438154	0.918028361218631	0.867321558939385	0.866132734133963	0.862116213655172	0.852323326711191	0.842082974655133	0.833650905239442	0.823690056537583	0.823285255174755	0.822485015647728	0.817339900345032
0.952274050890804	0.908983321071939	0.894907514362559	0.837395143257481	0.835501798155699	0.83267596216578	0.825597890247785	0.820208228570033	0.811865403447159	0.809921829319281	0.807246740408522	0.796256768645968	0.791058690154593
0.970420650829531	0.932148022438154	0.918028361218631	0.867321558939385	0.866132734133963	0.862116213655172	0.852323326711191	0.842082974655133	0.833650905239442	0.823690056537583	0.823285255174755	0.822485015647728	0.817339900345032
0.881814443764531	0.877275192862972	0.853496796008922	0.812761420879042	0.811036871272511	0.796948151484961	0.796599698052294	0.790528017372864	0.790322743493291	0.789999374427489	0.786750770416219	0.783291127131811	0.777469660139399
0.945097421229209	0.937097115207335	0.887387295549724	0.876185434255745	0.869079422475162	0.867048134486035	0.866869420377311	0.86568280422319	0.863616722718937	0.860977761122991	0.850845024558697	0.839255385272082	0.832715095521062
0.946208186043885	0.910353905249254	0.878033117430033	0.847548452503977	0.843976402951332	0.840597820228621	0.840240884591327	0.829015857150916	0.827214035156665	0.820467861009046	0.815538817305469	0.811035306717415	0.810293111301001
0.988016965286934	0.968876847709348	0.948553677109514	0.931228416391209	0.930840748010442	0.928168555168485	0.926940501435418	0.926812035127181	0.926545400896534	0.920462257147747	0.906677444928079	0.891223116310653	0.885083763589911
0.973884631170118	0.931901537052216	0.905601978272543	0.905518751425942	0.904512858269384	0.896796430144135	0.896429759459127	0.8872133158196	0.884054930417106	0.883872369956703	0.878542907839161	0.862547762357324	0.857217677422735
0.925055760825108	0.907858434356402	0.871405540246867	0.818963650012556	0.818239587395265	0.814221370493645	0.80883181259839	0.805284366745879	0.805039421248285	0.804974598184315	0.785286649046626	0.771799210612193	0.765427116390597
0.988016965286934	0.968876847709348	0.948553677109514	0.931228416391209	0.930840748010442	0.928168555168485	0.926940501435418	0.926812035127181	0.926545400896534	0.920462257147747	0.906677444928079	0.891223116310653	0.885083763589911
0.944500583730144	0.899736029077832	0.870844019384602	0.86952844142737	0.869242318508774	0.866417139708006	0.857788842564964	0.855462618682639	0.842689145809814	0.834106130015176	0.833401139611923	0.829060287128517	0.828765519229489
0.814587056231741	0.79825410824163	0.795922406549052	0.79553497983884	0.793154148089474	0.792859933837289	0.786855704344923	0.786049637194196	0.782118402346146	0.779613847995234	0.758694858600974	0.755968131944842	0.754138265307964
0.875143417536587	0.808387640243837	0.807126120992419	0.800821167604178	0.799651027142781	0.796319163450882	0.79577244820786	0.794445348605445	0.787733956572607	0.78354933275613	0.772483731786189	0.742608164874236	0.731759896267334
0.860709320677341	0.853276543688477	0.839174959900431	0.837334711337692	0.836546763618877	0.828447812000373	0.826770224956448	0.825668883764167	0.818708352433949	0.81867142404639	0.817544254382169	0.815916961288944	0.812800801357226
0.912553460967219	0.826091164167958	0.826091164167958	0.807105583555692	0.806430302886239	0.794186233629984	0.79236935817149	0.787387853373902	0.785034603337619	0.784211143519721	0.78338119162613	0.76516216356438	0.754488749673182
0.860709320677341	0.853276543688477	0.839174959900431	0.837334711337692	0.836546763618877	0.828447812000373	0.826770224956448	0.825668883764167	0.818708352433949	0.81867142404639	0.817544254382169	0.815916961288944	0.812800801357226
0.835972922603968	0.788200915498961	0.782021321806134	0.730022593413695	0.727065275992274	0.719865993519945	0.708257456536824	0.702774463487302	0.69233671287688	0.684979477225549	0.678701129872878	0.674969305192378	0.666648092008494
0.879474014213187	0.832392168489199	0.828046651451812	0.744046482285042	0.743969339893172	0.743661352274386	0.743146336364488	0.743127630209876	0.74184671105788	0.741280861312629	0.727818306590915	0.716079394430789	0.70148959801999
0.875623900966788	0.804168764657767	0.804168764657767	0.743936873838641	0.743574714576114	0.739453019988099	0.738607384938554	0.738251507242794	0.7376249871328	0.735737100994445	0.725963122132577	0.705931933350973	0.705259202093562
0.823117515781876	0.799024992846106	0.79816108015435	0.797615635482065	0.785118039794344	0.78043542922331	0.780195132500849	0.770251578249077	0.762799179294824	0.761454128550745	0.760722360902612	0.75290591177275	0.742825673457215
0.86121006962805	0.827953046587618	0.826423228491139	0.823917998324995	0.823917998324995	0.823451131103566	0.819060352652132	0.817432632497491	0.799713404990316	0.793701580889972	0.764918826371909	0.764585093999699	0.758141265293181
0.874250403208077	0.874250403208077	0.865377019442035	0.852303872415288	0.848062387052545	0.847245685445299	0.843040564464145	0.833486033751899	0.832502121515176	0.830215903261549	0.82808969523547	0.822093684072774	0.817701717029128
0.871613174265673	0.863156174441437	0.859028890097748	0.857383498632655	0.855844444357837	0.849842988153678	0.84178729739227	0.840486729060168	0.839276369423997	0.831458728872138	0.772649714011563	0.761964027371274	0.741553309222498
0.902856618043507	0.881934410503253	0.867627376378388	0.866737673494921	0.866733628027492	0.865397627185195	0.862175993198247	0.861649562205566	0.858518905222763	0.858277441218966	0.85538306706215	0.852181938808436	0.843982523599575
0.879541040619115	0.871245768850228	0.868565204954362	0.866117340595626	0.859891305460151	0.847029397437064	0.84121666535263	0.835201212209691	0.834906544044062	0.831651267331215	0.827213814312905	0.819690084093062	0.810796214590377
0.896272350519754	0.850673182853262	0.843752053765859	0.818955683800444	0.816277729680001	0.815509065246881	0.80087787513901	0.798586071700754	0.787480746000834	0.787081394466517	0.785711346557794	0.784668425606663	0.779486220500959
0.934118067775033	0.898086041916547	0.833962579991091	0.829905463025908	0.826373690089057	0.825920029378306	0.824553109087733	0.824087810489683	0.822210460593724	0.81496925330453	0.800803975308756	0.787195607986567	0.780952279321971
0.92648079071917	0.870025690494873	0.851285228946759	0.827276152227395	0.822874600258384	0.822386021849274	0.821768870848817	0.813980780546444	0.813683162290959	0.802134096459922	0.795665131877078	0.793164218395285	0.788454741713809
0.895638076712081	0.895091249487147	0.869476906871181	0.834443628063889	0.825327257711627	0.825148352509326	0.819576368010129	0.817586501405945	0.813660992471606	0.806183441372392	0.804782137505644	0.804493790240637	0.801847815121711
0.943785981071713	0.92100950936239	0.907509087211993	0.869458237869857	0.86644889157047	0.866083582107837	0.863301411933315	0.858284059567309	0.856064526802217	0.848126475900062	0.844466918962923	0.837994413216118	0.833889449794852
0.911728179310502	0.869658878621777	0.86689160787334	0.854485673979106	0.852956589835218	0.849264675373724	0.842336261325274	0.841505968981585	0.836727211951027	0.832816631239297	0.832008668261343	0.826665279026248	0.810550719890206
0.933415701485776	0.929354861578883	0.913725249567904	0.869451594066231	0.866435155682495	0.866062271333705	0.86102659026086	0.858885245066075	0.850563956165277	0.847340041363757	0.846806242632546	0.83759778184469	0.833073931122964
0.879309879659297	0.87888425937421	0.875725934142403	0.875014984288126	0.873572314121353	0.867820143704494	0.863610079622893	0.852347845847704	0.850133977683568	0.832521441899528	0.828066007309461	0.819642824773963	0.813163252456094
0.879309879659297	0.87888425937421	0.875725934142403	0.875014984288126	0.873572314121353	0.867820143704494	0.863610079622893	0.852347845847704	0.850133977683568	0.832521441899528	0.828066007309461	0.819642824773963	0.813163252456094
0.879309879659297	0.87888425937421	0.875725934142403	0.875014984288126	0.873572314121353	0.867820143704494	0.863610079622893	0.852347845847704	0.850133977683568	0.832521441899528	0.828066007309461	0.819642824773963	0.813163252456094
0.949335560857653	0.949335560857653	0.927424532032806	0.897854314799476	0.894430352281829	0.892900533071542	0.8906967055769	0.888422717180237	0.883907111516835	0.879871961875311	0.86230332076827	0.840147802091508	0.83180898468027
0.933982677742758	0.912090927802165	0.88910758630845	0.875983142655803	0.875981798966358	0.874989450037449	0.872214877287001	0.871837892708461	0.871828900183965	0.863016197484089	0.862816003105215	0.856644246128422	0.855040518621165
0.947513734217474	0.833494806468901	0.816787170245047	0.816714149029456	0.815973413493978	0.813219740864153	0.812344667143248	0.809926027358256	0.802850491808919	0.801102870428756	0.789299566701322	0.786194944684563	0.780051661347633
0.927928786669231	0.925730536328542	0.923579496838443	0.920102125686358	0.910885600775318	0.909435621411275	0.909408979222226	0.909132145631957	0.909016996559162	0.906030452309621	0.862681163056654	0.859968764270471	0.846359177609091
0.927928786669231	0.925730536328542	0.923579496838443	0.920102125686358	0.910885600775318	0.909435621411275	0.909408979222226	0.909132145631957	0.909016996559162	0.906030452309621	0.862681163056654	0.859968764270471	0.846359177609091
0.920124319750941	0.886650416463117	0.886274172284051	0.8845945477792	0.884404088320385	0.882403801020158	0.875053283158445	0.872468317747052	0.859519675036695	0.856986829466767	0.85428023337691	0.844412604823594	0.837396773600429
0.920124319750941	0.886650416463117	0.886274172284051	0.8845945477792	0.884404088320385	0.882403801020158	0.875053283158445	0.872468317747052	0.859519675036695	0.856986829466767	0.85428023337691	0.844412604823594	0.837396773600429
0.910695690727708	0.885666257167981	0.878057526607721	0.87307773539584	0.872009084524707	0.861131421092898	0.857680044577111	0.856391928013961	0.851617000745756	0.841834127040307	0.823418555883523	0.808934445698679	0.802442609366843
0.959323434602575	0.942953140309292	0.94121928902451	0.938927613409175	0.937904061822699	0.930609132966071	0.927370920227008	0.916318419492823	0.91255506298003	0.911688777699099	0.904360301127099	0.904354421050467	0.901785449431747
0.957185179078923	0.907015520987123	0.906594615906417	0.905223997602089	0.899380999387057	0.898300962306688	0.897638603071149	0.884588880885717	0.883665880319757	0.87646916472056	0.872812760252676	0.871383510525736	0.868252456015158
0.959323434602575	0.942953140309292	0.94121928902451	0.938927613409175	0.937904061822699	0.930609132966071	0.927370920227008	0.916318419492823	0.91255506298003	0.911688777699099	0.904360301127099	0.904354421050467	0.901785449431747
0.851623664889799	0.831227382426791	0.818833546084512	0.804369182917181	0.790221454444969	0.7891392950645	0.787462577570172	0.786603827559213	0.78321840632996	0.783215434593771	0.78273308525271	0.781098512177015	0.780824014024975
0.913023444174948	0.90713979157446	0.902987685663479	0.892268124384448	0.872064883204686	0.868329552303872	0.865399910884709	0.856157985843787	0.854517333183683	0.85290068136579	0.852200541170273	0.851643663123227	0.849572579792394
1.01613131087817	0.97061334105061	0.949547314429424	0.943408428699122	0.942574437671073	0.939636545713111	0.930551885637895	0.930272410402743	0.928555650881177	0.921594718837545	0.900022675006147	0.879582744080473	0.872318352937501
0.996345679740546	0.972008858617312	0.950468730516472	0.89930093795146	0.89896367829668	0.897101713656178	0.889192736529179	0.888887044308693	0.88713131981371	0.885641045857084	0.866056346109164	0.849614896628873	0.846036757840876
0.951283341508652	0.949973720811051	0.941575353997773	0.940465751228011	0.930231260279984	0.93007373765836	0.925249556835938	0.915240108685832	0.90882600462053	0.89855527823076	0.885331239330361	0.879589081355166	0.833533150559793
1.01712052649195	1.00301232597784	0.986198919937642	0.922857367076615	0.922759299193258	0.919734226000643	0.906445788681628	0.902120036402426	0.897986915981052	0.896958626439545	0.895307425134202	0.893705464960754	0.891844174640069
1.01810406079525	0.971459243560945	0.962534108124974	0.893682904910926	0.893138322088676	0.886799695087229	0.878981401958997	0.868458288720382	0.866032047286943	0.863721547031215	0.86257010073468	0.850940355293299	0.849318288628846
0.895141681538181	0.887968795441827	0.886183683885724	0.884394342076514	0.88274473487357	0.881672770011589	0.876799432706846	0.871648010287327	0.85979347436244	0.859083363710818	0.846851573753966	0.837534409491169	0.834531221624566
0.984761315487102	0.941549754607816	0.923626789670219	0.902382399745665	0.900042733159041	0.896116266888759	0.896055438081237	0.89599075602599	0.895844304161312	0.891590394996912	0.871482516338179	0.836790639094421	0.828810909529821
0.981014973615995	0.906924448109609	0.897007642288498	0.877562883587464	0.876572420031214	0.867563896801352	0.86025081315045	0.852579205023203	0.848902631217388	0.846851094740146	0.841814665681095	0.814680886212522	0.813603715250618
1.01908759509855	0.980202557324852	0.969109134954171	0.942507981895974	0.938818229928635	0.930718441707242	0.919271995844405	0.916961962060753	0.912953002747462	0.912366892499119	0.888641490136016	0.876605816079029	0.868707162194347
1.01908759509855	0.980202557324852	0.969109134954171	0.942507981895974	0.938818229928635	0.930718441707242	0.919271995844405	0.916961962060753	0.912953002747462	0.912366892499119	0.888641490136016	0.876605816079029	0.868707162194347
0.917942641676786	0.883877688570596	0.881141625477562	0.856265097105253	0.854928479280812	0.849554154227953	0.848902898838235	0.840086222363557	0.839802436128715	0.839177222191041	0.831340984934912	0.816865291607722	0.814288960936961
0.896540721140695	0.881791627876645	0.869790121728796	0.802831545487712	0.802441661998602	0.802431176748003	0.800416951296231	0.798367546285475	0.79432894232117	0.793827546188673	0.793815124423182	0.793692939644485	0.791500342518985
0.946422804018597	0.935861563309281	0.921289597993852	0.911387124712154	0.910191826336033	0.905077758124341	0.904051170114474	0.903922169214305	0.902414991486583	0.900915188304287	0.900645024978437	0.893739474276824	0.851026068938501
1.00689570191803	0.983899276940002	0.969991146025819	0.908550054735513	0.905500315262999	0.903834414859448	0.903265550023904	0.900427614589404	0.899637746004673	0.89639090970733	0.883118024785782	0.864267735258516	0.858028174167664
