0.882979079723134	0.851241436499062	0.836745271876361	0.743019097040774	0.737569679922736	0.737239964703407	0.732293062310598	0.729123235706578	0.725010014308343	0.723312323673198	0.718830953679267	0.717390683410456	0.713015464992474
0.874167385280765	0.865694047324284	0.856914094380989	0.802606878800368	0.79805191177058	0.795796766277391	0.793506394670083	0.790862955474094	0.789513084700293	0.784989013946415	0.774580317955227	0.768913702629933	0.763721672726259
0.87138092490552	0.851507122586973	0.849656997123823	0.788268968308734	0.782075666989761	0.77877329477428	0.778206289521406	0.778066609529412	0.770187470237141	0.767280487210358	0.751775634886583	0.746758240587996	0.741253863417638
0.938022180342644	0.911402857497085	0.859362763824199	0.836135509735321	0.832084206943074	0.831477559460863	0.83055381325882	0.828202684756612	0.826641591502808	0.823584079755472	0.810669874281773	0.795237481424662	0.787982265563709
0.890672633330089	0.877422388574314	0.864580931500006	0.797332223556529	0.7922952371489	0.791850856598497	0.788529587716552	0.78668457965677	0.784241903960267	0.782958662288894	0.768253235419615	0.757248286532113	0.750559798208135
0.84340843839999	0.822934842554353	0.822934842554353	0.797601654743819	0.789229703344474	0.786182490228555	0.784209879247466	0.777139855228093	0.77507570283726	0.772302344993541	0.769035740733709	0.768147186349438	0.764445890783036
0.868928556902394	0.862820721188399	0.852522692325723	0.80212958627901	0.790911147358034	0.789562832809247	0.786712855701699	0.785868000484454	0.781434334177202	0.777486104477149	0.76128668663354	0.751879226150395	0.745830416646355
0.898892087068945	0.881040898144025	0.84891219937961	0.759800324503427	0.756021607664432	0.751019086976608	0.748529315928626	0.743887745607047	0.742936956322006	0.739813875913181	0.731453084354317	0.724500348124543	0.717620925800312
0.897430131398769	0.88966140500892	0.867659563341839	0.779911336589894	0.778711666582474	0.772674703524916	0.772334920344231	0.768797588000549	0.766628457183171	0.763442203715452	0.75519592730301	0.747189487831659	0.741062783469772
0.887755378691277	0.85793055173126	0.843978725291129	0.743865689906951	0.729453520546365	0.72884324949325	0.728446752463117	0.716030615540029	0.713587960117208	0.712019310514773	0.706263573619398	0.696893620072973	0.690433727074507
0.912504074792247	0.897252036577134	0.863863849673359	0.780504350267375	0.77139609047247	0.770067011569876	0.767031391683535	0.76625023776579	0.765925336732732	0.759738351785738	0.745125781814745	0.732166303754122	0.724528521926264
0.838269737396356	0.826456878073466	0.811664870841017	0.810622502287898	0.800894203508612	0.800445595170451	0.799405645459124	0.795608951221069	0.791628849424946	0.790120447596895	0.786879570190008	0.78522972553058	0.785001775371394
0.834356599886388	0.826481360337795	0.819035877507114	0.786643427324423	0.786145376107863	0.782529562216401	0.780493110327676	0.771673289447025	0.770566978009464	0.76805335750979	0.764634159793168	0.763773581351815	0.760608931953789
0.883765210339489	0.860049478607645	0.851413478918085	0.77791918031336	0.774830578721956	0.774089072132263	0.769598876173771	0.76739998142824	0.766668388830631	0.757443434179345	0.738683260738572	0.724763382606122	0.718403566979625
0.873727377905662	0.827164326279505	0.827164326279505	0.798316632671694	0.789586691719338	0.784950673740928	0.784851367518559	0.783289248055371	0.780141584214696	0.776383967711747	0.775289540063828	0.772363950069854	0.770017948072332
0.879063833888523	0.862735781065519	0.854702945013819	0.780886389101157	0.773306997864466	0.773195647465597	0.769265870950975	0.767878067764657	0.763967699423211	0.75546423194739	0.752375778134201	0.747242195127644	0.741121690677657
0.865676203562902	0.85622591610459	0.853261739384187	0.816925054371185	0.807108751176153	0.806618485511564	0.803922768890557	0.802071375943974	0.797444218445765	0.792472481896863	0.790474901812706	0.787295593167532	0.78212761731266
0.879248707826852	0.843577842570148	0.832939472251727	0.748351994324042	0.72872119466475	0.726869136744981	0.721839383438787	0.716634392048338	0.715342524121979	0.707144639871455	0.696164677778986	0.689399372713696	0.683045812876616
0.872026667757163	0.862761037964342	0.850255860092284	0.772973205518566	0.771073470263571	0.762732698677848	0.761866838955684	0.761487495165476	0.761077600617703	0.752381050824958	0.734494265460692	0.722619879212682	0.716170840273509
0.859332488823655	0.849882201365343	0.834353299815684	0.814437330891381	0.809271599642523	0.808090980828206	0.805099259959337	0.79774962513658	0.795916453479527	0.787860573846285	0.784588761730495	0.78205367662591	0.780966159174795
0.873245649220669	0.854072371877346	0.839770631434888	0.743447531136266	0.722829730404998	0.718594435911565	0.718238596115036	0.712970980495862	0.710079797389756	0.710063369248357	0.700265766333624	0.693565944285568	0.688046175237243
0.891396166653058	0.860887511737792	0.838937074520096	0.771516613168367	0.762442126130421	0.762404331239742	0.759795500518703	0.755251993862602	0.753196868745843	0.751189346523588	0.737468619367354	0.727383123145946	0.721158700767593
0.876767889446452	0.868397817363058	0.857817442162418	0.78306863200751	0.777957501643021	0.775261887338102	0.774477446783142	0.768615005022974	0.767386197995744	0.765653593727502	0.75194618084956	0.741080563516507	0.734334661123517
0.893644827343233	0.856531528195989	0.84183219860023	0.799415111428828	0.793032970632482	0.790321455197232	0.788831580948384	0.788402116571299	0.787017220719184	0.784820648333198	0.773752477387521	0.759878202112315	0.753244024373299
0.873607676375082	0.850978482516624	0.833200710504568	0.730363877133046	0.720896067367506	0.720531731926153	0.717279101241091	0.700729511150512	0.698690849791639	0.69575636151134	0.692360843669163	0.687815884184967	0.682455284587696
0.877503807732854	0.856401612001844	0.8366323795223	0.73985195372575	0.729922747465136	0.729785527561127	0.729022397915483	0.711334976457054	0.71022500377417	0.706243877014197	0.703811322518036	0.698093108067922	0.692152195200693
0.866456038805798	0.844334885068081	0.828197552646522	0.739523252617237	0.734499911198535	0.734094238797612	0.732185050604472	0.725806154626005	0.72321662387221	0.720213091453494	0.712314655240462	0.71014250965675	0.704075199966515
0.874657330800979	0.84751105553167	0.836284404500885	0.762708851402782	0.758030778844546	0.757801110944271	0.757643040258264	0.750797606391438	0.750681178748216	0.747958789877606	0.733777147486889	0.725598426156273	0.718857381590309
0.872948313538419	0.852291904715001	0.834550084292773	0.732277510038375	0.727595276550229	0.726382583613623	0.724078411078907	0.707709513619948	0.707178912244278	0.70163560313929	0.700165467755187	0.694919544359453	0.688789678154666
0.87350751970873	0.838228450423971	0.825667012751499	0.794922993696374	0.794397793070744	0.793788180954952	0.782380543512278	0.772948251262313	0.764060697355174	0.762976030504574	0.758387848535809	0.75553080563174	0.749924202640174
0.868734280845983	0.852946090340306	0.83618946348099	0.740108661403646	0.732174196407553	0.730278479284376	0.72990770152335	0.71801781066651	0.714390621879303	0.713634791408445	0.700102033924729	0.691766262002914	0.685742120535813
0.879955825079686	0.86813774995603	0.857028407024405	0.786254070453793	0.771878282922951	0.765459797841785	0.7652110820953	0.746803289137499	0.746682908641765	0.742531322125496	0.729103155931561	0.718534159945189	0.712025718510003
0.86860569898113	0.852591606238838	0.844370605851567	0.784436585460036	0.771315676903389	0.770610836926099	0.768441252351894	0.751745271694406	0.751160272892064	0.750604747487443	0.749892886022005	0.746523310949484	0.746007368704367
0.859510969820727	0.84376049072354	0.831186796734913	0.827589177949097	0.815024450769468	0.812864469222348	0.812512307763932	0.811129208955355	0.810491727116673	0.809353740540105	0.808524167521274	0.804007581522141	0.799059626038949
0.862787267947324	0.846552894370753	0.843854777272397	0.798176075965272	0.79735359761604	0.789305220902289	0.787146732110781	0.786675854479657	0.783945365271812	0.782663718746449	0.781651019889271	0.781581507464408	0.78076738570527
0.871178773870649	0.83523802972883	0.827029656088926	0.756454774340887	0.733201358766107	0.728059684271063	0.723708573084734	0.721410772981214	0.718063701145781	0.715027754197382	0.703222291274607	0.696507365474494	0.690848343763392
0.870579012825871	0.854785041879212	0.841140570290823	0.750605537641477	0.744181027003111	0.74142837220379	0.738716068740641	0.730924255212704	0.730296723048194	0.725962971103898	0.71538788115463	0.708589079630088	0.702040193472392
0.876374471576468	0.853750976076579	0.834241346400282	0.738887004213974	0.726108125958064	0.72350548676422	0.719752569498225	0.703009724736979	0.700877166109799	0.697755980195661	0.694439048731009	0.689041104561451	0.683681036858142
0.899476930694001	0.865516996584882	0.849670274053291	0.738729245303044	0.738077168059545	0.738065763439207	0.736166245114432	0.726329709915022	0.724401869553266	0.72118111048667	0.711865693586319	0.704488519836269	0.697952941394529
0.891135294818111	0.863732365451969	0.860440544712993	0.815854476192093	0.809388770554191	0.806787484369106	0.805394210564578	0.804276666213848	0.799087262984925	0.797944289720539	0.795447428028001	0.792491649132609	0.786488765373657
0.884812570736892	0.859480582525787	0.830030581974475	0.756297313315504	0.753845584648569	0.750210867415987	0.748704316414111	0.740442217066704	0.740341453321835	0.737659643905356	0.729778287133501	0.722601914738369	0.716258869640832
0.828838046238939	0.767553268991859	0.76457000895651	0.7638900611876	0.759155178407437	0.75842886498024	0.7554112109911	0.751572249658431	0.751368387304899	0.747427931407111	0.735631678898817	0.735560746134581	0.733254842280624
0.890522879755623	0.867540370657363	0.843746007222877	0.763544819697026	0.757511429849412	0.752000830573338	0.749470627436379	0.749013113802913	0.748213472726698	0.743531753444577	0.737129937888026	0.727616292364066	0.721530845976595
0.880418406365972	0.847122088218894	0.833977516563434	0.739731622641131	0.721573702733693	0.718951467419559	0.71737169178961	0.701222754120642	0.700090002696984	0.697944913801773	0.695071863849556	0.691623663082095	0.686125058301298
0.886062418691521	0.857552989304836	0.839052852854245	0.744273228337367	0.731080710039603	0.729001638513743	0.72641167871449	0.71516489746763	0.712844011471326	0.710264166806493	0.702156664966835	0.695186662708942	0.689078369998522
0.870910393981012	0.85411643502189	0.838373147809017	0.749828434168933	0.743237260219454	0.737716543698002	0.736705947137622	0.718834478084134	0.71482310451375	0.714004973494476	0.703702285027883	0.695228135551277	0.68907845684539
0.832523691393199	0.815955922425589	0.79622756763342	0.721419862486949	0.718355382443542	0.717066076481873	0.716908907283432	0.708090424253573	0.704047439959954	0.703754575007588	0.69901073995035	0.694564931188354	0.689115857426288
0.845068523256682	0.834633525235786	0.83098323872149	0.804712923783338	0.795643111291401	0.790352771426291	0.788983769083995	0.787085076132615	0.783585344621994	0.782620463877003	0.778539521997654	0.77734692819837	0.772799517310175
0.896224862956404	0.884472386464415	0.856102417621345	0.760753871008847	0.75661796899697	0.750883352556479	0.749895965798435	0.748007338229198	0.740331930116252	0.739821055524288	0.721576622636998	0.70563406546835	0.697092013072395
0.877369766860308	0.860250764707604	0.841856459262676	0.777133182491088	0.7728887897935	0.764820479453615	0.761827109443359	0.761376842170534	0.760520112065612	0.757459607269197	0.751042783106375	0.744616052822614	0.73905742580691
0.878939048980399	0.860633156127091	0.840681194316695	0.747616991569831	0.742879722702321	0.737167741352268	0.737084882083526	0.730285593032031	0.726368196937065	0.726177794876539	0.713151614349921	0.703367132631417	0.697347065766123
0.855495658565967	0.83065908836043	0.82263337541635	0.772726389480663	0.771727458965137	0.770991849151684	0.764095070627563	0.763844442292256	0.760535595202996	0.760050241622803	0.757002836003563	0.751838503637088	0.751361997253024
0.886651984526651	0.871831052047767	0.848496981926025	0.768168275949584	0.766425659078276	0.762789634077508	0.762117931727068	0.758346311847788	0.757745371381029	0.751202680960286	0.73776809584086	0.728985606051596	0.722623906967915
0.86254069204901	0.861461621886104	0.858891652734871	0.857462865974002	0.853771630248971	0.853641042754287	0.853350715006933	0.850184998912641	0.832752373078156	0.828193107445511	0.813839480130432	0.79755871831336	0.794880581816721
0.870061811351949	0.859804487476841	0.839532957759524	0.782858624795309	0.772411257810343	0.768965627706335	0.765428546279438	0.765080101936145	0.764665919125893	0.7609774512318	0.760366607348477	0.755434227193163	0.750836040069124
0.871115544406264	0.860293283921801	0.837021723615243	0.805760773222012	0.798059604315932	0.797639873027904	0.788783838747162	0.786914548325776	0.777104175985718	0.773661065221805	0.772556075009447	0.768667724475882	0.762831703377864
0.864456798300181	0.853320670894146	0.83610427754962	0.76591856054871	0.764111343666108	0.760019239943054	0.756941311506601	0.749098540827507	0.747333875462046	0.743736009521118	0.731776288069913	0.724278841590329	0.718223780082555
0.883310954254308	0.851285310770943	0.840145522100663	0.771448969639291	0.76142795523842	0.76111409081929	0.761100556900147	0.756667557665958	0.75501232323159	0.752954818133164	0.747808597726354	0.743863580034811	0.742475045031974
0.878098542529361	0.853475506878166	0.8394206317587	0.739978993726275	0.731189181535844	0.727969158539164	0.724816252573094	0.718566289635537	0.718296797284069	0.711477526750519	0.701190151383803	0.695143956130313	0.688611617608688
0.906738534502498	0.887445799804859	0.864632435068197	0.788311653662402	0.782240833962138	0.780902179612217	0.770588578909213	0.769966392374125	0.756488731389877	0.756355828276063	0.753434660445534	0.741771115396753	0.735593775014068
0.912349340002246	0.888337876937177	0.84739652145549	0.800424061946047	0.794306467907476	0.79412217572687	0.790896037276554	0.789760895945513	0.780846080282168	0.779715137494878	0.777482672954208	0.766302015795981	0.759633407014899
0.841068210471972	0.832372378787891	0.817846055274245	0.797846495610834	0.789590065783015	0.788854037436869	0.78732375140401	0.781289829320155	0.771600311214998	0.769711385526059	0.768397706347863	0.765906434973375	0.763827594891633
0.880448218961162	0.867009899697436	0.854628776591479	0.783296182719854	0.779005896102087	0.775333576108388	0.769956178984616	0.76892961848145	0.768727922904003	0.761108026250067	0.746194651955027	0.736134459163621	0.729586011206725
0.884981285146997	0.847311253918537	0.840722038332583	0.751793250077576	0.749491759470479	0.747960287596379	0.747886872893327	0.747047852775796	0.740077721736143	0.73985698616749	0.734651593419306	0.729806149766836	0.726574676759407
0.857766646372746	0.84484971917064	0.823548842805618	0.771508968760288	0.757189219092289	0.756390474254656	0.756055811816757	0.755010616937328	0.753601715598039	0.753088192549094	0.751855659781204	0.746248576631706	0.741130014355222
0.890716543218605	0.87849903132703	0.848441175894623	0.774135777049966	0.772256733447188	0.768666538795693	0.76541895935942	0.764163610177267	0.763953214611296	0.755160401036905	0.738508164290005	0.725666745011461	0.718496351094138
0.888089525537955	0.871347220958258	0.852301921871229	0.75571148627682	0.747011995019792	0.746628706153848	0.745040852225961	0.744303870114643	0.743569633936847	0.737770419861821	0.725086225387973	0.718170478994285	0.712029486278076
0.877920531282483	0.849469089903415	0.837561863257114	0.781591847217577	0.779066373956108	0.771480679414271	0.771269234194337	0.770752568594741	0.768861192360898	0.764837739634052	0.75416402521034	0.749719057361728	0.744517566339203
0.876298683319934	0.866580262042287	0.847018568835996	0.769991320833838	0.768132195945779	0.767851173663059	0.760194587375984	0.759403771574857	0.757217783443697	0.75510325333672	0.736143313736587	0.728404044647096	0.722651132825335
0.868499159611156	0.858007749860965	0.847585819884066	0.766115202149835	0.765854174626304	0.763976406126571	0.755967786880296	0.752709363870873	0.750695481882792	0.739664795604699	0.728822334848698	0.727022169602187	0.721383781824497
0.888399338012906	0.875515074212004	0.849052011823295	0.766221262172701	0.759823024421854	0.751038302478845	0.745453808313946	0.735809851813679	0.735323599597591	0.729166854710178	0.716627805966699	0.704236758828716	0.696597472924509
0.870972597046933	0.8579597139443	0.815572951371946	0.757829686970168	0.754588384737404	0.754339144136798	0.74925162718523	0.748151800612368	0.743475599713784	0.741370599460702	0.735858351539323	0.730828302079243	0.725488140310652
0.88999985064402	0.870356814163564	0.854965712784118	0.80467217558601	0.80412089297042	0.803860293085779	0.792224604251346	0.788860084978075	0.782769742513708	0.777006939068561	0.768898051452726	0.755827222173393	0.749503940499951
0.89922371914877	0.885896093038389	0.869245341719941	0.798637535294601	0.794399461443758	0.793879575589737	0.785422555587217	0.782533455193257	0.770854743326397	0.765704018269257	0.760779410113277	0.742425660245676	0.734412886085599
0.890202175290194	0.871081650810985	0.848726219247768	0.802685850454918	0.802407916055712	0.80112855471913	0.795087186873097	0.795075580049547	0.791880086830188	0.790920543640223	0.772944110056668	0.758392509975658	0.751177457573239
0.854426348918489	0.831669925653831	0.822601406032595	0.750892166284184	0.743058915983529	0.738232743362662	0.735074633140738	0.725244645630397	0.722878111324799	0.722448552890802	0.713158638409886	0.706205683723444	0.700524406933569
0.887873945005262	0.877272866792296	0.848771838049581	0.827809510758519	0.825885603124597	0.825884708067445	0.824170765895107	0.816386289803054	0.816054800710639	0.807343911245101	0.786431949307984	0.76967340182092	0.761632774959188
0.897674617427445	0.880228943406913	0.841105570845785	0.783753091963848	0.780552383416381	0.776620846629602	0.769005248958193	0.767619702790003	0.760104042314764	0.751725765163909	0.748211412779539	0.733514752868301	0.726560991338063
0.868295346120778	0.849794179796271	0.838602878062461	0.747820578035561	0.732709602345518	0.728396076310193	0.727522189042281	0.718748022291243	0.716408437138246	0.71580199558183	0.706314734590697	0.701393538966194	0.695863156488052
0.889968814908348	0.868539400975413	0.851047755964086	0.782868922678936	0.77876907786442	0.775010238425865	0.772120633154196	0.771918881120137	0.771027269177705	0.762769110998146	0.742493482994389	0.726689447778538	0.71958811021402
0.888387638952453	0.884551152964811	0.852673334148009	0.819267327789344	0.811148473483411	0.809368304891053	0.807384100059401	0.806772043693776	0.806741896628626	0.804176193543303	0.80119734600833	0.795971135498259	0.790169698196474
0.905607057736625	0.876384665192576	0.844496534655315	0.780071345659003	0.773783359624881	0.771906191193344	0.770094338740546	0.768574257790223	0.766881145481238	0.760556321195264	0.745870071389303	0.734996063467074	0.728806629765357
0.915870185936898	0.891053488025797	0.867540395173238	0.827120998821676	0.8178358554472	0.817489133291843	0.81627544637544	0.812816907996927	0.808906918140509	0.801001556952994	0.798668850042548	0.783610850737039	0.775547988731852
0.920652071038403	0.902906612402942	0.871305685058044	0.768766803416582	0.766676189623485	0.762405961010575	0.757829772024602	0.753970783177569	0.753898234351755	0.753481235892076	0.737007040192563	0.719614235924564	0.71173587968428
0.890393302825737	0.875138250727359	0.850573665350532	0.768716437708826	0.759157692525368	0.756264257101039	0.754717793351924	0.749208950098948	0.747715172705762	0.745836391232281	0.733273764344799	0.72053715444475	0.713727840962753
0.872242740669017	0.843865389239278	0.829548452162613	0.772514940521334	0.762042991872484	0.761097539966837	0.76077780854707	0.759737219254248	0.756978085848338	0.755267637602587	0.745821476535193	0.740069665877305	0.734396827743319
0.887152292114046	0.864072649713453	0.841386386633077	0.771731135558432	0.768181628531088	0.76481333613905	0.76471848601389	0.758158592956762	0.757791857186094	0.750756706339046	0.736257769240362	0.727689566876144	0.721322547213211
0.913197452290884	0.884681691146139	0.867083199663319	0.829225212349192	0.82754203086819	0.826049211641444	0.817418337519975	0.815345417618267	0.80737555406517	0.802071061056503	0.797409184551061	0.781951213213591	0.774703768143218
0.888484712468699	0.876137789618416	0.855136256200378	0.789875451471019	0.785890888499938	0.783318235959244	0.782022829397474	0.775782139281776	0.773594496599597	0.768940515332714	0.754464440364588	0.74457967749786	0.738226580177079
0.909348272701604	0.909021259890344	0.883308477911932	0.842816326959768	0.837998915329601	0.836589045775367	0.832583533738743	0.831633485569952	0.826935315616188	0.823007862266002	0.821883027258782	0.813242065933367	0.806696974595407
0.898714008835475	0.863794327705811	0.844561528459127	0.82337356303563	0.820383552654858	0.819993667246063	0.80892374913829	0.807477145799006	0.802525412622453	0.799948700775386	0.788894173189654	0.780440295406843	0.774290976879794
0.907509849115906	0.888540881852379	0.859214829481419	0.784751026673281	0.781592248113808	0.779021939013254	0.770954955921607	0.767633003201553	0.766991031526893	0.762199287094	0.749856316946066	0.732319113239488	0.724385570066874
0.901673124101161	0.886456946366989	0.858088693091511	0.827017037321746	0.817326142163367	0.817149342745508	0.815791290519565	0.811509075837609	0.809755792265869	0.801892800906204	0.79667087733354	0.780632124054816	0.772366212789597
0.908796034315771	0.894091782909173	0.862703545409172	0.77660016147235	0.767894102080167	0.767335926385771	0.759461585598085	0.755188695471302	0.754384679137403	0.75129479045971	0.733801618449882	0.718067685555729	0.710844520505752
0.9080457965511	0.884574070529959	0.860414848571228	0.784017543618722	0.778878636221134	0.777470130025302	0.775228756819181	0.765088302883326	0.760672524324703	0.75928928987914	0.746191012728116	0.732875280229275	0.725401180615941
0.929317396852587	0.912808634497587	0.862890005512986	0.825781979052399	0.822959480925654	0.81908458852515	0.818088411532999	0.817226332642676	0.816186760761817	0.815828651488954	0.800599864023898	0.782824772548839	0.775486083452599
0.910667665043146	0.900954797636713	0.899046033848862	0.853343098021215	0.845928516811641	0.842714993213044	0.841288349744125	0.832902461574282	0.830732483531639	0.824567224894217	0.806263618892733	0.790394122995828	0.783174525009446
0.941885842947701	0.929458946338257	0.910973536012605	0.910243881930976	0.908402052311918	0.906824678168296	0.897041180729029	0.896045791148082	0.887525832412979	0.877353688579134	0.8749493380374	0.862223501978001	0.858317259403833
0.908214673405879	0.886586377256474	0.870866195224259	0.770885980363095	0.768672436412714	0.766012862947354	0.764839458873616	0.759784787023378	0.757611790895412	0.757160243194078	0.752558938310346	0.750755980400255	0.746250129504245
0.978536729323788	0.964296558185965	0.958700025365776	0.954192404595171	0.951625588414413	0.943203103206279	0.937080276726346	0.933448201966306	0.926692979895053	0.912612879303477	0.911992020398732	0.897586219466317	0.894208156221866
0.906060603312346	0.881502919864733	0.87193653055697	0.830823835616655	0.829937356691049	0.829706332190042	0.81965073038773	0.81091011813296	0.804477587208037	0.800216067581523	0.795155310644826	0.776565196072896	0.769962940677322
0.900892278272333	0.900798028602864	0.89864308557963	0.850378239541575	0.848426098628877	0.837457087678495	0.834409209710964	0.834380466435953	0.832937319105433	0.82892726633845	0.821366895702347	0.819379099049731	0.814876492644192
0.914490877251432	0.869869568085788	0.859699153728479	0.859328540876566	0.856872345070002	0.84513209652211	0.843513684645762	0.824893090457906	0.818730325349902	0.818166529730892	0.815290326301838	0.799726183701537	0.794605569964173
0.899246811379582	0.876516667736582	0.861038730806514	0.779143548301961	0.775356539825937	0.771421552281246	0.768346792554354	0.762841917608439	0.762620801304429	0.75593836843688	0.749059278166354	0.746134871107624	0.741540856214282
0.940026934271727	0.917963013483402	0.897728250560637	0.859753368511388	0.853595341387427	0.846814891346227	0.846281234234487	0.845989486161769	0.839255197607529	0.837881759861713	0.82903211955323	0.811889497412327	0.805380803231435
0.9058402002022	0.902481935040061	0.889151095718907	0.80390193033487	0.800641987061185	0.800617926901128	0.798580718601545	0.79852871725249	0.795397116706513	0.78519550935179	0.771475248151314	0.762036283866822	0.757533681047937
0.908341144217789	0.90175024073862	0.882630599007671	0.799892875057321	0.776923885175462	0.775404083319796	0.775232076692276	0.762917651562527	0.759185494882598	0.757902422627154	0.752007810566086	0.749676027657678	0.746504429545795
0.916576261622755	0.88642527063517	0.884850393484714	0.883591791286412	0.88248141064274	0.879430083046599	0.868276733732626	0.863006178818026	0.844605862748812	0.840684402757263	0.833179416545568	0.832774480880571	0.828151105430847
0.859374575915449	0.856196194009438	0.856196194009438	0.852589459337031	0.850339610244322	0.848976026003209	0.846821941728153	0.832069309099752	0.830117627075914	0.829605828727606	0.824489166475589	0.821362305915207	0.816455807392948
0.872360053280125	0.858245363755069	0.844179368973051	0.809093814238396	0.802723052080928	0.801693928377351	0.793223530198682	0.790747373093123	0.786884303876819	0.7802482151472	0.769776955423207	0.756721000500744	0.751681505453679
0.97103844742732	0.95069434457655	0.938345015998041	0.884611513411973	0.878188771923587	0.877234132556593	0.875978296971046	0.871219552571177	0.869833827402561	0.86566289288755	0.856917204814716	0.837981923518268	0.832442465693545
0.892607830620786	0.876341030635191	0.857776417895367	0.794032101766037	0.783211997364872	0.782164509501694	0.781477558038685	0.779066384255707	0.777392000049105	0.774326961041928	0.761482262371555	0.753475503819385	0.748224290482348
0.918196191717534	0.906678380647154	0.873404933705654	0.814621348282465	0.814582499117082	0.81078443137159	0.80747488749284	0.798682199159595	0.797065231458086	0.791208783085496	0.778436750098141	0.762321418147106	0.756032086952159
0.941411172133421	0.901835068728581	0.858087941979525	0.775106418164427	0.768510365371605	0.76597633297258	0.764932453721817	0.762530702090919	0.759825149624941	0.757316424157154	0.754472622409561	0.74742871984942	0.74217405875089
0.937720147549456	0.9224261741975	0.886154907337035	0.885441052628987	0.882771859805986	0.879914950644126	0.870401700054716	0.868844310024694	0.867828097495341	0.865333045617761	0.862259016144832	0.856332946278543	0.85344916900977
0.910358498133609	0.906619315920646	0.895696914617862	0.888163143845868	0.888131959785946	0.887292509057186	0.886788616231287	0.885034343394112	0.883313567250441	0.867178611869484	0.850242788970836	0.84509463309945	0.843286994346394
0.916428961915789	0.903944235957512	0.892588197951863	0.832014136051795	0.824515596279424	0.813694069231793	0.812289211590282	0.809938799512329	0.808425023048095	0.802475819766327	0.788600226774455	0.776864070149778	0.770576535873364
0.978536729323788	0.964296558185965	0.958700025365776	0.954192404595171	0.951625588414413	0.943203103206279	0.937080276726346	0.933448201966306	0.926692979895053	0.912612879303477	0.911992020398732	0.897586219466317	0.894208156221866
0.887436258606113	0.870415651396165	0.850212125675334	0.813416035970054	0.80715288662002	0.805747373725211	0.805357784962628	0.802166916510036	0.801700962740514	0.792733737844622	0.774824608455035	0.763986596252265	0.757741091253014
0.932337481951789	0.916695409289171	0.884846077339707	0.815041195367574	0.806943901955185	0.806535495223529	0.80196809579528	0.798363506075255	0.797504324085324	0.793444663332244	0.768719813512319	0.75004624684962	0.742387245345111
0.910188242513464	0.898690917366637	0.87140535515146	0.788918624615496	0.785340866322336	0.784983104036703	0.781294943657264	0.7808496873074	0.775991098956412	0.774419088824485	0.754958453541877	0.73894710690545	0.732142313424698
0.930326656949054	0.910960125589808	0.891827346974282	0.847910150684765	0.847476141146131	0.845063890236335	0.843860297063845	0.843190120177981	0.840312649622105	0.836823536516711	0.824775293207177	0.810851446512911	0.805401473806398
0.959858458917306	0.950287855381104	0.934461989596626	0.931823786968256	0.928974152179481	0.916980112132464	0.915662233133345	0.911731125726353	0.910936268301641	0.901567242181981	0.894764396577208	0.882265638669165	0.87883998609983
0.931227289071672	0.906842458033855	0.865920999322914	0.805564063734275	0.799758839213646	0.794363761670876	0.793366214970317	0.792027973422866	0.791734215252941	0.791238309080098	0.777864308468868	0.761236034602734	0.753329390730821
0.899480143276463	0.881000107119224	0.858627950379209	0.817334710921744	0.798135548906197	0.78847254473622	0.787982942600694	0.768892100530733	0.76761947041627	0.766335815935855	0.765693622643159	0.75878912986372	0.753190455122437
0.907195944914745	0.893614008719436	0.869714689480771	0.8017761925244	0.797426258747745	0.797225573380629	0.796943635500403	0.787929380761559	0.787270278530459	0.785923373846693	0.772139187932053	0.762184098178089	0.756307788131668
0.855624709258278	0.84374308429893	0.833412925387267	0.750852958061197	0.74746093492999	0.747356273506265	0.738722875392832	0.734922232905121	0.734260740910418	0.727416867959212	0.726265303293158	0.723437423589365	0.719416715413921
0.861698256573262	0.860877664437775	0.849218727846943	0.812046704577599	0.807720618424956	0.804650427211114	0.803083312972992	0.798346085431504	0.797178136362899	0.79307337622287	0.778541765361907	0.771653612306921	0.766269694269421
0.886792544490635	0.86096944464864	0.849824176848697	0.743903742204983	0.739826329568147	0.737666658692676	0.73711376021306	0.736136138882512	0.735623652681146	0.729015304209794	0.712687006473387	0.705061800985197	0.699253151384863
0.918067793706897	0.876119503181036	0.86400421022235	0.779839990408926	0.773424046585131	0.772479479358942	0.771561910146046	0.766988751001678	0.764034574462777	0.763809441646568	0.747705284306614	0.73638965918619	0.729862433296819
0.867433037346663	0.852762991237627	0.836158365404262	0.750556527259782	0.736533800138528	0.730080134019209	0.725043263659936	0.707649767034474	0.705491246941831	0.702127467276337	0.697759450396733	0.692508980326853	0.68744343707287
0.876594950846823	0.859709166806022	0.83946897646912	0.761563133290221	0.754524131985176	0.747826333819761	0.742081420953498	0.724668398706637	0.722351128557563	0.721222874464924	0.715224584861515	0.709413898154063	0.703740620836423
0.880043691085241	0.871415298035452	0.854928670603487	0.801186607424208	0.797039055321893	0.796508892748615	0.79619491069903	0.786565966151507	0.786358192142155	0.784932234544632	0.771240884325056	0.762262326544036	0.756835118743532
0.884204245384985	0.868236704702449	0.856620165479273	0.762170190484428	0.75737918748218	0.756036219851653	0.753491844482972	0.74587180967503	0.744802318100824	0.741037370791005	0.730706850492282	0.722975514329193	0.717053258616616
0.875691022477222	0.864192244642002	0.851698486122705	0.776072758499555	0.774788547240695	0.772450045208822	0.772219695506345	0.770320646678105	0.76740052236986	0.76069605618127	0.740294880630458	0.727311396570883	0.721652873293223
0.87680104107496	0.863933205367499	0.844905926853401	0.791065699025877	0.789150768686911	0.788160293641728	0.784724749288139	0.782005841548276	0.777930289361588	0.776245398621168	0.757066408608694	0.745743739605108	0.740182239018127
0.852808623515932	0.832583181212523	0.817636189529334	0.732835604500742	0.730504162723162	0.730452688035596	0.73002362337154	0.712188930703083	0.71122914922836	0.709748092423632	0.70943572338197	0.709259635127962	0.704340089137803
0.874414433870308	0.838731695379856	0.828605682344186	0.747685637708063	0.740357132675846	0.737363258809019	0.729568794795356	0.714130393549275	0.710266430878594	0.710069349952354	0.709722478800764	0.708641325139733	0.706907208506148
0.890051617920469	0.878547093854083	0.856564923944797	0.811346038453683	0.806636241932247	0.803014494756527	0.802593074146474	0.797270361858026	0.794532343444022	0.79241972782426	0.779266255690736	0.77174456332923	0.766227602762802
0.904176481006473	0.883366615331714	0.873975054279921	0.795215475543824	0.786945051386071	0.784373317432608	0.784327410109229	0.779865618893485	0.778536646423436	0.772522628476004	0.752672170915303	0.739850213220809	0.732950448705615
0.908717945984702	0.894511155213163	0.866473493372238	0.774827492706408	0.771371958975137	0.769046990257446	0.764786142203259	0.75763919885608	0.75636629699223	0.747504143255817	0.731004107225965	0.717039398846814	0.709562656940792
0.876802067584094	0.866919078191254	0.839276472053367	0.772617622766341	0.762229989002619	0.753792715288809	0.748760956850021	0.73206929128718	0.730339685181029	0.727126616360134	0.724563487995281	0.718860767340289	0.712991639509928
0.876946863988883	0.867409700245784	0.853795740321015	0.774265436010615	0.772871692550703	0.770638787462065	0.767194758183968	0.766445114800789	0.765341597366219	0.75750253272238	0.738998039108566	0.72616421833325	0.719791588995896
0.890184990008785	0.875942596229815	0.853741973387461	0.79855846388424	0.789931085187097	0.788404877684874	0.786048804655264	0.78045259277914	0.778917615958318	0.774613947810844	0.758298040564019	0.749630196790202	0.743448614308379
0.877044348379754	0.861973759033101	0.837303420374865	0.78379703643011	0.778151931333932	0.772334304827073	0.771435014374596	0.770777843043264	0.770567737849307	0.759402503642323	0.743800233635471	0.735121922137926	0.729370456815764
0.872325199221119	0.866483362278218	0.850419958467693	0.746742311926215	0.746131438216796	0.74585418523787	0.739925602691821	0.73905851692387	0.737017278861064	0.73538534747808	0.730616399955583	0.729282013690258	0.722935425170572
0.883065628843478	0.873204608215147	0.854362748292902	0.803004975582665	0.798927617525455	0.798918563199809	0.798301446400075	0.789005733754485	0.788119049023551	0.785923373846693	0.774087574740689	0.765182449514221	0.759930224827876
0.880043691085241	0.871415298035452	0.854928670603487	0.801186607424208	0.797039055321893	0.796508892748615	0.79619491069903	0.786565966151507	0.786358192142155	0.784932234544632	0.771240884325056	0.762262326544036	0.756835118743532
0.892395823675403	0.882232396677042	0.85892243688197	0.805077279395512	0.797397499930858	0.796528693695018	0.796198602585628	0.789565886499748	0.7879385861819	0.78672924533267	0.772233626598821	0.763499175581308	0.757536505633958
0.886857295227398	0.865644339223521	0.848728344884548	0.755944472354726	0.754290350914046	0.746110609642033	0.745684654552893	0.73803912504054	0.73550313346577	0.732049347832146	0.716972005787597	0.705879394725606	0.699185056528959
0.901128445169388	0.877796832488086	0.845242418538669	0.7846444786532	0.776437052252862	0.776124426537297	0.775961806813562	0.774004356534904	0.77271626110946	0.767241771452369	0.757833427877818	0.750228991660358	0.744155962953337
0.876914422161258	0.858126830070757	0.845921807229335	0.753850918707948	0.750338526829196	0.750003255120489	0.747817445921509	0.745898392555712	0.74299640276413	0.74019598584551	0.722494725959083	0.713148727406079	0.707711620964652
0.852130349095436	0.817384260209001	0.807334529513815	0.761585685976057	0.760479509940483	0.758708337633436	0.749424434870598	0.749214735383716	0.743943575012046	0.743719471977075	0.742669310001854	0.742106566896888	0.739954245593773
0.872583755974857	0.859363060603368	0.853270950272527	0.795487528432363	0.795381681332951	0.792461681345748	0.791338009843837	0.790651939197625	0.78950043789563	0.781734141168575	0.763602341945748	0.751947336734374	0.746128213571003
0.898924715688036	0.895735072487462	0.861272853074697	0.86126443558584	0.86006776798175	0.856020553254902	0.852791652042985	0.847802802435041	0.845600989494147	0.841792860832442	0.831906159335018	0.816213422027002	0.809393218718693
0.878611207027089	0.870291690649891	0.85183905286919	0.819881800975691	0.818664443543707	0.814255500165083	0.81268893167699	0.812465242058348	0.809071014523993	0.808495618318975	0.790386119812295	0.774135448417823	0.767333666642016
0.876245678523126	0.855693090249547	0.840694872028927	0.818244148031471	0.815383034733624	0.804649897512373	0.801209152266574	0.798534548477006	0.798205896783855	0.792468600678198	0.786021749109206	0.783331222949089	0.778594547536775
0.885607460542824	0.877777496146889	0.858214394317064	0.819354488407999	0.816233205168313	0.80960072116787	0.804975909796635	0.803119905026619	0.80154211793785	0.797192383601344	0.778642384346597	0.763029945506577	0.756503716202825
0.881730956830492	0.858399958074446	0.843988059428664	0.763510378069893	0.761312020553324	0.757493453927916	0.749818068970044	0.73730656078212	0.736923198623802	0.733703838603673	0.730823492876033	0.730489611563554	0.725860634978747
0.888052617126695	0.879096256738549	0.854642379451269	0.824489851959708	0.817323554055967	0.817000968357111	0.81544634956646	0.815089096819162	0.81100776481679	0.808568781669155	0.791363478371514	0.776351179238207	0.769088092655566
0.893322478330072	0.884129394335907	0.867826809477721	0.819354488407999	0.814199031947972	0.808752935876373	0.803905549064587	0.802116751109738	0.800725778281955	0.795988623892784	0.775999394706885	0.759214826145845	0.752662202774347
0.875619981072028	0.866881712385118	0.854942160406108	0.795208535440045	0.793075790633748	0.792494219049335	0.790685873605213	0.788699516867994	0.784806440873113	0.784619256060233	0.768975637997596	0.757269414561152	0.751514604666389
0.893776015630643	0.885941556747458	0.857615224379995	0.817143277692439	0.816728138978214	0.814434821799924	0.813013793622303	0.811320337440205	0.809113504241735	0.802779161588846	0.782505983845316	0.764470114946794	0.757272886638853
0.888514730624258	0.877428542549173	0.865735478293804	0.840120403725252	0.837981193965305	0.835938041176343	0.834805460877422	0.823049358260677	0.822740849319958	0.818218151049903	0.807409999254717	0.796491903695585	0.791027095174323
0.890297771722978	0.873425388798191	0.842140907669551	0.77922991148351	0.777092142181273	0.772990251037939	0.770013703987398	0.769170218097262	0.765108940313858	0.764876825425158	0.750899549880258	0.739352741177311	0.732692870212419
0.884736329944609	0.876250406257688	0.861201866388593	0.813400370337277	0.811584304950437	0.804288323059476	0.797695144960349	0.797094575186669	0.79625410436158	0.786464062359368	0.765057219254868	0.748105036639272	0.741184066469028
0.905686024299026	0.901208430621736	0.865281066713426	0.820166095311693	0.817167246951612	0.815085008610274	0.80570675829932	0.805440554681004	0.802627992310477	0.79678581628255	0.780766727766871	0.765696965246148	0.758669650069629
0.907248934088607	0.87749457232034	0.8284126349622	0.757497759873291	0.752590439527691	0.752158235795743	0.749186553634725	0.745016037768002	0.742952942009058	0.735633731351662	0.733182228266778	0.731325865118381	0.727213522106773
0.915963535481105	0.893772962252869	0.864571656664101	0.802652603902937	0.801282771786743	0.80111466745262	0.800341161772402	0.784581609674844	0.783316201653642	0.775658242886528	0.763239530536054	0.754237128540853	0.747807753479197
0.892019718715275	0.85909825590148	0.829760746030143	0.774098574932643	0.76826597201265	0.767184342817826	0.760942972988599	0.759130860023731	0.754194956863733	0.749574078047734	0.746934917622899	0.743972130180338	0.741498410812773
0.881503608120909	0.864057763619625	0.855344309347599	0.854611441345923	0.851038290219488	0.847917202335718	0.847234048308265	0.828977888406861	0.827038926484173	0.824811769002424	0.821765717012423	0.812537763387351	0.806536093580358
0.883460985959909	0.874021820047894	0.858253452235245	0.777347611265052	0.776576759994157	0.776531479264217	0.77338125083287	0.770847027532024	0.767757189723741	0.763941516808816	0.745598003989071	0.731832857166544	0.725431302447624
0.867593226794816	0.865604367428975	0.851655844063839	0.792723276934061	0.790201620067769	0.788705187404741	0.786958329403318	0.785735361082653	0.781947116364269	0.777306616981537	0.760785591358019	0.748210585475098	0.742202786140044
0.874657762467028	0.842735490732597	0.830885357874467	0.830084297948909	0.828802828078319	0.826918021877674	0.819400486112154	0.818215479197891	0.81653749642915	0.813289358867999	0.800466424218912	0.789625525773599	0.78375310956168
0.871789202288748	0.852451892618685	0.825932148731848	0.76258471647886	0.757289443575775	0.749524107100577	0.745017137594263	0.727341894725912	0.725920283676583	0.723016495608051	0.722237934780567	0.719123219450001	0.713971960923845
0.878517243975446	0.855429646113793	0.840407303885674	0.764333657861128	0.763576842779341	0.763470481736549	0.760473113645039	0.758771243746557	0.756820645984857	0.75379753193757	0.742171327430341	0.734018641642307	0.728332950976327
0.900177308869574	0.89217296787692	0.864494011205868	0.851922586266856	0.850732370432536	0.849120163011071	0.842715078132613	0.836753211007347	0.833195141036805	0.832085808554698	0.818975077490143	0.805080389773093	0.798257249498384
0.900177308869574	0.89217296787692	0.864494011205868	0.851922586266856	0.850732370432536	0.849120163011071	0.842715078132613	0.836753211007347	0.833195141036805	0.832085808554698	0.818975077490143	0.805080389773093	0.798257249498384
0.889655696279452	0.888663943623581	0.87849081743857	0.876553112357855	0.870213159860037	0.867151609284273	0.866591202535199	0.866553883403707	0.864820141369749	0.858928081636808	0.858216443631667	0.847649868960831	0.842231353348728
0.903649128764152	0.897026088878996	0.863764259441189	0.861447841569189	0.85805178857519	0.849885150954654	0.846320352261254	0.844099857368237	0.843111599584656	0.838671125977343	0.832638304890334	0.824759971442228	0.818948115623401
0.887648099070036	0.84835074794127	0.84032503499719	0.808798949348682	0.806328938244852	0.804609487066749	0.798558718714185	0.790154882793222	0.783337978305634	0.782884491280061	0.777757258478516	0.773397898531001	0.7681378665447
0.878966593244984	0.862570206526069	0.856419298198143	0.772518324425103	0.772413809600648	0.770275833137177	0.767954624253621	0.763005355323767	0.761560014790715	0.75894340595078	0.745791833078304	0.737348510354661	0.731084989569481
0.902453357272665	0.892414759447925	0.871773204949555	0.821914521729711	0.819864015590508	0.807503939095895	0.805543155285738	0.805284539218006	0.804967697110917	0.795573486420381	0.784260582636228	0.781039232608667	0.775694182191392
0.910474732653079	0.897036735284742	0.868808425990635	0.788668836368941	0.780656859589583	0.780034289088801	0.778144372367859	0.76961249743156	0.768706207118374	0.766640899058912	0.753416180662859	0.744585905508601	0.73797492756886
0.819305854071811	0.806757606790886	0.806757606790886	0.786843648818717	0.786671799077807	0.785407407960758	0.783297817510126	0.777532023716919	0.771511268183273	0.768190795454725	0.76467723022041	0.763321473530161	0.761499738194441
0.929768725449698	0.891540123284502	0.876912381132394	0.788951953415344	0.778400615040265	0.77756929342651	0.777019540680337	0.768642267547801	0.761515633427499	0.759664141964573	0.752339613871455	0.740810801834048	0.733790181484647
0.841254967820417	0.798282621772115	0.783606653904631	0.718346183207505	0.717440472096214	0.71706519982706	0.716676920541368	0.713389485141254	0.712068268096578	0.7101226096614	0.704488882149394	0.701261015316253	0.697085733967392
0.913777694902497	0.886993091801934	0.856033382298462	0.799093946897604	0.791325620358313	0.790238909536248	0.788623500003279	0.786196771926613	0.784835440580749	0.7776675507267	0.762049094234155	0.747466434938898	0.739759833113722
0.936321088773876	0.905045524177794	0.882361883761463	0.809632035933216	0.804662939296451	0.801688220973404	0.801018042701617	0.793733962887875	0.79269907965957	0.779025094668475	0.776363131920883	0.765791496955992	0.76020109769011
0.956509726463016	0.95420505198203	0.953495850670035	0.952936144867315	0.946241851650793	0.941757941204438	0.938698353114004	0.92697167658939	0.924185887427531	0.916751310022772	0.914781641766563	0.914503988093202	0.902951764562796
0.921801366712903	0.913620211397698	0.885437336589432	0.832492505043009	0.829950677639445	0.82786631440825	0.827443762197359	0.818028046945645	0.817429774221538	0.805771324992592	0.80545699770628	0.796629652246887	0.792482296417675
0.908309135952211	0.896815257297766	0.853629739290343	0.778211919490581	0.77275089714625	0.762466533930875	0.762348867154385	0.761687359692132	0.757827486359982	0.757422518702942	0.745957485220506	0.733934950988771	0.726893625467379
0.869923982390158	0.842120787302132	0.817571305359196	0.754562930504365	0.747896071122821	0.74764324891438	0.746127411508073	0.73923425017952	0.737795226369928	0.735932828831015	0.733965037982031	0.728916916825994	0.723037046069574
0.902342114868566	0.870408904840941	0.849414310546457	0.798299977467281	0.797600424004705	0.791847778732038	0.790626619749342	0.785503811056825	0.784427564958684	0.782634976620739	0.775429300399726	0.772314458385279	0.767879097451545
0.920715261333366	0.914122802400345	0.873796646265908	0.818012225946493	0.811203603379557	0.810641110368159	0.801148828648904	0.799811898787743	0.790938575625052	0.785077230477052	0.780780381537326	0.773721150650393	0.767515540179527
0.895183248287307	0.883769826340196	0.851613374751487	0.786289192872687	0.781168344482451	0.780995035463335	0.77773620352169	0.776479021401353	0.773427683765751	0.77247859347528	0.757608635844781	0.746608737854204	0.740011953328301
0.941236769979609	0.912848736740901	0.907681116683157	0.842733155927758	0.842699564982436	0.827068448500248	0.826089281078452	0.824413216293878	0.823521343385954	0.82325668928409	0.814943991100468	0.805742983151326	0.799405045088493
0.929591280481047	0.918981222321071	0.898375476844762	0.84666782576421	0.839955104723007	0.836748202617219	0.836545330129311	0.836400428998354	0.832692262173359	0.826326359550623	0.806263225218725	0.789740942120485	0.782036876892546
0.924313677417311	0.886666489328367	0.843410440647592	0.760859489805949	0.759575154157376	0.756344553059089	0.755032602840572	0.750345001997877	0.750209781532524	0.747281234269894	0.747070157156833	0.746668774223214	0.735875161693578
0.915527173598343	0.905945911153662	0.87599401301983	0.819171870801919	0.816227807692703	0.81474177689448	0.811667509656328	0.811661601932256	0.801327778710786	0.800119492882797	0.788459361817976	0.777300710160692	0.772297113481662
0.924128140740912	0.91835973917452	0.880792923485452	0.8110717442127	0.802393289987446	0.801551654807815	0.79888234845125	0.792142455871093	0.790938575625052	0.780780381537326	0.778916252291289	0.767445952976071	0.761379667564188
0.904769277797886	0.879913651715404	0.841426870158073	0.766595597479831	0.759678924488445	0.756331873855191	0.755606406971818	0.754618174047463	0.751925996184125	0.749598430601365	0.747024409760214	0.73886764428415	0.732326398426363
0.929855335808791	0.92326287687577	0.880329373231122	0.821212602747648	0.814725426738112	0.814647287510042	0.812573927124529	0.804020151490805	0.803185013756305	0.792405697490127	0.791553154475677	0.779891603905389	0.7747008488608
0.929344385237582	0.91043577739375	0.874702875775953	0.782694013689487	0.781672650356557	0.779342861983134	0.777592644584554	0.776536285102225	0.776509636700049	0.769696343150101	0.756735292063201	0.745540244882683	0.739665746874394
0.868274926502903	0.859150482250915	0.840897964378769	0.779649904072274	0.76848713723649	0.767808976006794	0.766079853307629	0.762349560265025	0.761460746367607	0.759358273186315	0.753058394330814	0.747814964624491	0.741776011998057
0.897230371560399	0.861820268143058	0.848791309761456	0.809203179665975	0.808433877583216	0.805435204659535	0.79669109919743	0.783156119974211	0.775579554723111	0.765350754562688	0.765091886540968	0.763604993618184	0.756997616065485
0.872753826686732	0.846706062216784	0.833495785552144	0.814406220887777	0.811969888663222	0.809906977291644	0.806702655977416	0.806520294961483	0.803898122351498	0.803687586858875	0.798734544460253	0.785521508698215	0.777967152116741
0.876548059833296	0.85881350547486	0.847932538567224	0.776689018389694	0.774654827983196	0.772795928901343	0.771001724366052	0.764844725939972	0.763578815919993	0.754443971158773	0.750087072381411	0.745087064182795	0.739834072443846
0.926805640649902	0.89191579254749	0.860578211647951	0.812015485909911	0.807301397255204	0.803139197365824	0.802476696232546	0.800797604024094	0.794869606427253	0.792630411416667	0.788993182006801	0.767599597395975	0.759518822539159
0.947577615613804	0.936159608205309	0.909094175834913	0.880203639516931	0.872870745452229	0.868806595586157	0.867663592034092	0.863862163470244	0.858307835769981	0.857202040410775	0.851298964587512	0.849809621920932	0.843673034401691
0.892679770805537	0.887054400500742	0.844380122684716	0.783263626510058	0.777586925335123	0.771880396233284	0.770529262185048	0.767339896102605	0.766886601839949	0.760677132387773	0.746377272172241	0.734533662825694	0.728284706550442
0.90336929469317	0.858231495203867	0.83493570237898	0.786339914228061	0.779622418186258	0.778658248664002	0.774384977306896	0.767610339338427	0.766058361715463	0.756673630160248	0.751212796220715	0.741506278813984	0.735626261205415
0.80687569757629	0.804944555070929	0.802354037499187	0.792151863248862	0.791031436687514	0.786722376442627	0.786525477489409	0.784180777907788	0.781421856731566	0.780770687845476	0.780761753234436	0.778414550066162	0.769147354353243
0.897562032609283	0.875162398505677	0.857554005788741	0.789169124079553	0.787045644212984	0.784791496685097	0.783112032388471	0.781198347547473	0.778503053002723	0.765972408569299	0.749802349810849	0.739670930653667	0.733617455644633
0.865139527668745	0.848727999141381	0.848727999141381	0.795946386857722	0.794882548336457	0.79466159730682	0.787748474792164	0.782780398145381	0.779851719601003	0.779059114880646	0.760517404191146	0.74904970888801	0.744028525857661
0.891277755523746	0.865062940209769	0.844735167126911	0.768696195630378	0.764294679394825	0.761376760267835	0.759280424344508	0.759191438105431	0.758049580910035	0.747067331926988	0.731292866188913	0.722487156624955	0.716886544752771
0.87664115172155	0.856136850750836	0.828516846083597	0.75343702653588	0.748162073114025	0.748107615055177	0.747803591899346	0.742162971695667	0.736555918657515	0.734323356064751	0.73123022988602	0.728077466919694	0.725038342208119
0.902724942980223	0.88135714269534	0.861991336114581	0.814526651738914	0.809444280780541	0.806916341811111	0.805883724292849	0.802300214811244	0.798500213961877	0.79810717404213	0.792110420497066	0.788465480377318	0.783279295914611
0.866215494697919	0.828957218257918	0.828793368201536	0.826441023901889	0.82629917356284	0.823325084116847	0.818760152275531	0.815776687324379	0.814892941533034	0.807438247401786	0.807346298946478	0.807104339312821	0.803899809868119
0.900634866494534	0.887762463170662	0.875926250314357	0.803068377630009	0.799320912786371	0.797515370136814	0.792644373540885	0.785207326080315	0.782868689794211	0.778034805214559	0.769230670758007	0.761519699825117	0.756144160387912
0.911906468707399	0.886454516689522	0.87358706892928	0.821650848231577	0.813128553506692	0.809843481822498	0.808965928019373	0.804456164227108	0.801952774202323	0.798699633055166	0.788143062808345	0.78052755644576	0.775055869563154
0.876505025869232	0.857557725123325	0.842935032171071	0.801709015845142	0.800085929580601	0.793615703880464	0.790719133076585	0.790067241501994	0.789600674868317	0.779896455781588	0.768500912431167	0.759371567017278	0.752379772222397
0.851787972438006	0.851787972438006	0.842649806941743	0.81309028490077	0.811114961401997	0.807841078974632	0.803294984005072	0.803143546582449	0.80030318801985	0.799132849368401	0.785531648055652	0.774336017616892	0.769864635702603
0.874180556152371	0.865987922257738	0.864135311807486	0.809469098626446	0.799692805917331	0.798668499319035	0.79579182546875	0.794757190451237	0.791121721059	0.78503779398231	0.766926271075989	0.755567429705926	0.7498173634916
0.875514473887492	0.850685377815222	0.849038612970553	0.79022129596526	0.786305285708036	0.784859313128976	0.778994261520773	0.76944768232285	0.765633490645563	0.764789258436757	0.76188048133907	0.752570904779333	0.74834105624152
0.884974507498075	0.872543709220188	0.870896944375519	0.800403196874839	0.797306875129425	0.797293312515523	0.793875718407576	0.793311674733813	0.792061497291743	0.783854746793176	0.765510882900962	0.752533761369532	0.746349790987946
0.891256283626725	0.863974685718684	0.862122075268432	0.800627916184475	0.800461323871939	0.798352614469199	0.796452684244077	0.791628586049021	0.790158771067315	0.788339586244482	0.771513502831132	0.759356559797584	0.754222590042257
0.878054897624756	0.869354937184827	0.859404934314856	0.813160748759777	0.803812357607853	0.793253232544778	0.791335336398456	0.788510986892203	0.788116567025559	0.77594118728972	0.759019612391915	0.747172844654891	0.74129523164113
0.860654773689054	0.847214816827766	0.846806834121707	0.846518225801731	0.846092226170437	0.84483549931468	0.843860310208234	0.842916425162015	0.840624430034634	0.838527288415384	0.826031315437392	0.810209460881847	0.80445369705517
0.874180556152371	0.865987922257738	0.864135311807486	0.809469098626446	0.799692805917331	0.798668499319035	0.79579182546875	0.794757190451237	0.791121721059	0.78503779398231	0.766926271075989	0.755567429705926	0.7498173634916
0.868617779203861	0.860425145309229	0.858572534858977	0.808402837301518	0.802162210715508	0.801244127028245	0.800120196226243	0.79881802621201	0.792822886743197	0.788678008591594	0.769807698915875	0.756846874734175	0.75121146295207
0.860654773689054	0.847214816827766	0.846806834121707	0.846518225801731	0.846092226170437	0.84483549931468	0.843860310208234	0.842916425162015	0.840624430034634	0.838527288415384	0.826031315437392	0.810209460881847	0.80445369705517
0.847440122412773	0.829879863187719	0.820018525032753	0.789661958227732	0.7870094308666	0.783958391422626	0.781153119200775	0.771008441861921	0.769396652268753	0.767672487471522	0.767650305180643	0.765566694073545	0.764357623115639
0.834988868598047	0.829713360660531	0.817022526988724	0.806507571472908	0.806372931120685	0.791765816964576	0.789644977685546	0.789417889621819	0.789285303719005	0.787175594406007	0.787034702919818	0.786696510583688	0.781684389794144
0.88223147717714	0.857169541920664	0.833646010980587	0.8183587822476	0.816184805287752	0.814762943589599	0.813612159628559	0.803477528910934	0.802825018045537	0.800826545400856	0.797549016409368	0.794547936156415	0.792966916318109
0.913046875432403	0.885317607374303	0.860342739347736	0.785882077511091	0.774627386827275	0.773256707114718	0.772713801814884	0.770597714397858	0.768765815780137	0.768242155486276	0.760004709619187	0.755803202787052	0.753839479142808
0.898419091023527	0.891222168487355	0.843246071927051	0.815094079648015	0.814314974547922	0.813710824857282	0.806813598026603	0.798293847208294	0.796619535682364	0.793474970457393	0.792089232973286	0.779774842777465	0.772024111532014
0.83961739678134	0.834341888843823	0.822508283057864	0.805528813271264	0.804270896865368	0.791799819313569	0.790834342137299	0.79026911681784	0.788876728507872	0.788701277389068	0.786950448836136	0.785423905799312	0.783953315043068
0.835176831804639	0.828582446882743	0.813790439650293	0.810829228958974	0.810606825718642	0.80355560464006	0.800451736933107	0.799140375688545	0.79637593496624	0.794582162293638	0.79222456136977	0.791765816964576	0.790717160385584
0.900868797848035	0.881838917781532	0.837427720679801	0.783048030096556	0.776460103296569	0.775101736158046	0.77374477079147	0.771225949871951	0.771149732493825	0.763879915027438	0.749333177828598	0.737364112949543	0.731383948231015
0.835264796755771	0.82900457825567	0.817170972469711	0.79893255347874	0.794785993303725	0.784748398832352	0.783959541059971	0.782297338570988	0.782214221684897	0.781629048124482	0.780010509074281	0.777600186570696	0.771880865907065
0.883050591995126	0.869931940882547	0.843921821511454	0.789282153554589	0.785485965358295	0.781884305117058	0.779168647828637	0.778306141300266	0.775538216788914	0.775340289445953	0.771610059808218	0.771234345235586	0.769496253029637
0.942987608119643	0.938717591549619	0.931440988225207	0.925400419575849	0.924994566548543	0.918250401351571	0.917473366430325	0.906958535718776	0.891914678656584	0.888777899615988	0.886128686310264	0.872812204950554	0.864164130315883
0.865247398335729	0.83937673451234	0.827961737611756	0.767205354487114	0.754172493425417	0.752044718849393	0.750876657985395	0.742184841232509	0.740864993016936	0.738293733598807	0.736942168666396	0.735932107723689	0.735808736486718
0.875958148776109	0.868675807536435	0.862589735265822	0.806561874362951	0.805005384439328	0.799816884431454	0.798129959483991	0.797632241038717	0.797086459013774	0.784412267870701	0.764088293949036	0.751236562430418	0.745265044240178
0.970420650829531	0.932148022438154	0.918028361218631	0.867321558939385	0.866132734133963	0.862116213655172	0.852323326711191	0.842082974655133	0.833650905239442	0.823690056537583	0.823285255174755	0.822485015647728	0.817339900345032
0.92222686793607	0.901410495665166	0.841157496182585	0.799902443468878	0.795281530120442	0.793703891068883	0.791923639594248	0.78947190087285	0.784769881496935	0.780454675778239	0.767702969911701	0.754821749225294	0.748554011322778
0.870496847611299	0.858720129106992	0.858720129106992	0.819795418699994	0.817227147548381	0.815038420719613	0.813433423090967	0.801089139924478	0.799113687085148	0.794930277777123	0.794698351568022	0.789834898973684	0.784288726310927
0.91208933543955	0.876989408929172	0.831099808494897	0.776798320073991	0.77477990124181	0.769938252396788	0.769410071286623	0.763020978380297	0.762962649682476	0.758793832328004	0.758528185580044	0.755977866619008	0.749493659192642
0.821507936346132	0.811911025114316	0.807161711709394	0.761573637468712	0.755923249812768	0.752520953389999	0.743750158808633	0.742606421995908	0.739420786059451	0.734831682561227	0.728829711692149	0.724286858430749	0.720478652535504
0.877637732471251	0.852600944275382	0.844767649987	0.81094336732511	0.810424275652267	0.809117398598976	0.808859891019516	0.80425610616435	0.798290127575311	0.793802229054315	0.772267616959836	0.762246039405328	0.756088447593758
0.894514725381084	0.872503364648685	0.855014330013557	0.852790512623552	0.848120765881246	0.846641532878721	0.845189369760219	0.842429191819667	0.839917257361834	0.838313108559369	0.837375767302778	0.833210410301917	0.823519062521048
0.88882300269001	0.841656481683888	0.84139488796617	0.836488780821148	0.834351374864644	0.833382229374848	0.825533744988695	0.824173370309649	0.820469107131483	0.814760471593863	0.808741320172871	0.80677363249496	0.803205703512148
0.900658993307881	0.848986126541881	0.828898503517357	0.76368627312573	0.759857749180225	0.758795230641641	0.757979161131357	0.757751814584868	0.754384637702563	0.748738652277145	0.746848456490438	0.744213867873466	0.737004140803294
0.908306882101585	0.905400165403442	0.866212444150293	0.863601148441726	0.861380765519744	0.860967951951869	0.858890126777585	0.858301474185533	0.854802027473956	0.847995436959703	0.835823936697369	0.826847141107142	0.821857286368081
0.902184158959407	0.88980814277816	0.883801428466597	0.834754138043041	0.834468110775941	0.832669586483636	0.828807617505309	0.828534602222167	0.82722592693829	0.8191821601038	0.805259279432629	0.794121182181726	0.789536202711541
0.943785981071713	0.92100950936239	0.907509087211993	0.869458237869857	0.86644889157047	0.866083582107837	0.863301411933315	0.858284059567309	0.856064526802217	0.848126475900062	0.844466918962923	0.837994413216118	0.833889449794852
0.904949834610127	0.897930241375043	0.895995233812409	0.893762175211491	0.89328873151632	0.893014464888506	0.891135199652667	0.887440078736342	0.88425106593577	0.873866529770075	0.872747604280067	0.859723899033011	0.853609304015166
0.921675062145438	0.91269964143326	0.912666301032641	0.912368646244972	0.90858632013725	0.904075743702305	0.899985333022427	0.897092907537011	0.896887660215368	0.893084314496912	0.892550362972609	0.872799991486372	0.815391630516635
0.934199849772971	0.932227617918809	0.927800656943526	0.882991271983138	0.876924557272133	0.875727221197937	0.875078830170282	0.872176787366582	0.86246955664361	0.855971884235865	0.855795369382539	0.851533329550357	0.845356733313156
0.879604529825242	0.871500126265123	0.867286959760736	0.840872507073826	0.839415277698889	0.837630395044512	0.835078909489396	0.833229052707505	0.826649490080531	0.82250346487524	0.819746995175323	0.819344311815802	0.81617855640234
0.894021663420577	0.889601132016773	0.854693791556935	0.823593051922913	0.817246225464578	0.816136352640032	0.806058231087261	0.804218623865252	0.793611001388304	0.79340450842495	0.784440443184423	0.781580604074874	0.778835095260779
0.908986251942868	0.903557385573915	0.861781759710167	0.798713858805379	0.791921118401912	0.790020092576212	0.788821799135497	0.788609143779624	0.782751174622959	0.774595894057384	0.773529845473864	0.764135590125522	0.759126847894128
0.94623715207035	0.934082688741787	0.910034270927519	0.861544430295036	0.851010482740852	0.849302388605632	0.848274627716764	0.847340684862438	0.843531171606895	0.842562657896812	0.823758111146977	0.807576289919418	0.800075603932628
0.89845592062121	0.89726718044953	0.896050220440979	0.895351461845607	0.892415564602982	0.891910735498588	0.887643208328569	0.882531472042938	0.870787702936733	0.865043279872591	0.864041127486703	0.858989200736304	0.796222767256067
0.892886754202083	0.890225515268005	0.861813642122601	0.849592535698647	0.840623121494797	0.832112838748667	0.830220836459821	0.827648486438225	0.807043213877421	0.80478455458642	0.715510205411425	0.702484809150592	0.593569040268207
0.874177461475245	0.873300132715837	0.869741871187767	0.8597226630938	0.849718525605864	0.848272801229493	0.837778221648849	0.8371311664593	0.834194513571598	0.833746878758703	0.822375409923077	0.812140596251786	0.811898914069984
0.865654886427085	0.865654886427085	0.845758137787102	0.840489208359466	0.829182125973476	0.828572740480166	0.823916801191614	0.812130408818853	0.811031838042035	0.810128737748532	0.807613702459248	0.806394375316067	0.802796268722008
0.896233604974887	0.846276091563717	0.841286310137669	0.787941486902815	0.785669559018557	0.780763898429526	0.780100253211732	0.778750241438224	0.775477072583369	0.770817476675414	0.770565551451978	0.760187953358825	0.755453858839932
0.979787411698761	0.946483845231177	0.946277333030372	0.934992399675045	0.933697282693387	0.928339133388142	0.926333618089568	0.910296879369562	0.899514925404854	0.890596866153508	0.883866403570643	0.863176174909971	0.856168043258868
0.979787411698761	0.946483845231177	0.946277333030372	0.934992399675045	0.933697282693387	0.928339133388142	0.926333618089568	0.910296879369562	0.899514925404854	0.890596866153508	0.883866403570643	0.863176174909971	0.856168043258868
0.979787411698761	0.946483845231177	0.946277333030372	0.934992399675045	0.933697282693387	0.928339133388142	0.926333618089568	0.910296879369562	0.899514925404854	0.890596866153508	0.883866403570643	0.863176174909971	0.856168043258868
0.914503429014065	0.887875117979264	0.876424986918393	0.857662497685562	0.852002537856821	0.850100259060433	0.844651947458909	0.841166733364775	0.826891765024164	0.823441800004568	0.822401874813309	0.805496420470974	0.79731211180972
0.943383481897846	0.919469162001193	0.904202320586698	0.86301255385569	0.856783158385303	0.85540395715101	0.853050941199341	0.849673528681507	0.842411797753008	0.842323648680924	0.822531762276826	0.806304204790036	0.799202548786553
0.949636045360567	0.9443925733308	0.934504814539965	0.897400803187126	0.896633836990199	0.895273104976802	0.888937436146584	0.882205195763556	0.879423118944354	0.869757344561589	0.86701588333071	0.862575083693826	0.862495207734287
0.997801007765506	0.976598837108183	0.97062853634367	0.954300716956025	0.953255953110972	0.952065439750034	0.945662764896074	0.945564403404659	0.935022763397915	0.932290333993409	0.930348149225481	0.908752428028714	0.902621011014172
0.997801007765506	0.976598837108183	0.97062853634367	0.954300716956025	0.953255953110972	0.952065439750034	0.945662764896074	0.945564403404659	0.935022763397915	0.932290333993409	0.930348149225481	0.908752428028714	0.902621011014172
0.941443524430611	0.933181303533931	0.892752491220018	0.87643962659007	0.871263394424767	0.866022220393305	0.862875824248903	0.862663552040508	0.861768907559868	0.855018281168754	0.833506788160006	0.812978294529006	0.805722104362569
0.958962333953773	0.952636468180176	0.95213871744203	0.952029724123303	0.951081983335424	0.949924575493309	0.946641239734794	0.945887926605729	0.945723410232129	0.941514594454869	0.929776059043308	0.909912593192366	0.903763695881848
0.98533529644768	0.970974249530932	0.962426810401602	0.926963045787435	0.92417745707057	0.922514236710976	0.9195540712952	0.913026431824513	0.912187408128732	0.906992257345136	0.890441922226268	0.874664652012175	0.867654364534013
0.82486178652504	0.824698010270041	0.823098981865771	0.821303314630216	0.821210932005025	0.819774348522587	0.817443518047535	0.814883001275217	0.811005282176214	0.806668395551113	0.806139532158957	0.806069081330883	0.804237482831876
0.979655568780768	0.969622651295991	0.967918036420769	0.967124570856578	0.960660248940145	0.96026742733137	0.959532045549442	0.952023483605924	0.945949513907074	0.945072150899659	0.941395371384157	0.933493403289259	0.929183895272461
0.952140541607601	0.950124498781302	0.949484781370033	0.948455076508524	0.947839634142572	0.942523421672503	0.936360372110781	0.917877021529651	0.914369903740099	0.903585027661887	0.896908154378053	0.891203328309607	0.884729733968697
0.86259802873233	0.860528738667002	0.845516760507787	0.83471814782869	0.834642373562336	0.827669566995326	0.801281149153613	0.787589092799358	0.784557227139682	0.783403273576461	0.753285453465307	0.727842658081528	0.727523661712444
0.971911197049041	0.968401412679209	0.940176533519735	0.930935820696371	0.929359134387399	0.926356502771409	0.923988161387874	0.920495453073057	0.912575519701883	0.907674754295081	0.904616513373556	0.896309280529485	0.887845426622839
0.969179052096739	0.968884302924941	0.963722727761465	0.96142770910652	0.958887572186643	0.952462344060813	0.94953083048872	0.94882553618407	0.944974808058666	0.937392204295102	0.928925895437516	0.926240096113287	0.890014049486401
0.927476373720084	0.914431411497548	0.913937086521342	0.913885910898479	0.913123448138082	0.911435805449586	0.910202118650313	0.909911933054598	0.909477430324797	0.906916436475756	0.904058568306296	0.903285704004479	0.903005321957801
