0.917143287195156	0.896649668387399	0.888691448572639	0.883705967908692	0.881655455634213	0.880054902334438	0.879545608653285	0.878898594925331	0.875069435270781	0.865677974222615	0.845835781211498	0.827291145786229	0.820397113976867
0.91336474913637	0.905829273690793	0.892709271970837	0.88442745391726	0.882336417193191	0.875861155106515	0.869170296382457	0.867005625524652	0.864128835055046	0.85654978074197	0.840170053819464	0.82519180608843	0.819506696162644
0.957656321476463	0.955277832025546	0.950206291166079	0.949334899455829	0.943952441024108	0.938018420456893	0.936856745986795	0.931375458516183	0.927243867799002	0.926148996117725	0.91562285592074	0.899600540199779	0.89509652371538
0.897019043215169	0.893102982687041	0.892413319096154	0.887665344115932	0.878522626656611	0.877743239756239	0.876720753204037	0.86371311521856	0.857425767945734	0.848653933144572	0.844605738468998	0.830726034960499	0.826589909441166
0.926428851282037	0.888059736970092	0.863346451045053	0.760696722086511	0.756094058194643	0.753380942790831	0.751437514312284	0.746216568310986	0.745298372491962	0.743086505243531	0.737248379485162	0.729494742546892	0.723734171824652
0.931545100132796	0.90961895596188	0.863232378801529	0.82121972808019	0.815507286092403	0.815002505655132	0.811337023830389	0.809065470499176	0.806673001250808	0.803000599957026	0.7959879761179	0.783257741367442	0.775910446932129
0.906398378926995	0.889701797313121	0.857096051129758	0.77843435516209	0.769611587603552	0.769330606431093	0.766499391488553	0.760909085358395	0.757976625230553	0.750029505444023	0.735744392916092	0.728448824509344	0.723770638192976
0.91231634747282	0.894988838141176	0.84658828015344	0.824528158946255	0.820017924856845	0.815020896760077	0.81386167088742	0.798686531450075	0.798183559167415	0.795959839266979	0.785422800966045	0.775076271120886	0.767881834173675
0.907330503161826	0.88491012887964	0.852569502143103	0.822475963550551	0.820048089855866	0.815842600334346	0.814251240645948	0.804925491411516	0.803416760629941	0.792407203524778	0.789232320143996	0.786547884981436	0.782646639125383
0.983492907461552	0.931208553747661	0.88448515540796	0.829562807510687	0.827601754531304	0.825219165131562	0.825056573380136	0.820239534801257	0.817828757321021	0.814638388144384	0.804732962145114	0.795037337469231	0.789578782583075
0.898941605704044	0.872679321828949	0.858177027200173	0.783696058197622	0.77676120847749	0.775531051728266	0.773145568174321	0.772170722633314	0.768941152073787	0.760601825201582	0.74604500657255	0.735301737405357	0.729192946441142
0.863776783378652	0.837762545650068	0.820769944811393	0.817790073673547	0.817299681647327	0.813909417088351	0.810956693573926	0.805170556341565	0.80457398650502	0.801133960009443	0.801056277890536	0.799943707420403	0.794360041105872
0.847785298871719	0.83691634217741	0.810477863577275	0.809417538931728	0.808511725722168	0.807750004219794	0.806715084215146	0.796585478366794	0.795004863767731	0.787926405966776	0.775637165205808	0.766280618132693	0.760154304626885
0.930292192065174	0.913081934531381	0.910970660280894	0.902157616202597	0.899063732573735	0.898904148143516	0.895654780100804	0.87978197219869	0.876741931622388	0.870545817928154	0.857010185246783	0.849252314527402	0.84412254149493
0.887840971231064	0.88214203452555	0.861142853655751	0.822792807897457	0.814682711713567	0.812408409913274	0.810966745047334	0.810807197991293	0.810642293770232	0.80215428862402	0.786978335639447	0.775959516150912	0.770306845282397
0.890064360081002	0.87384167009556	0.845462934993616	0.823017472870046	0.815663429506124	0.81534232632416	0.815205474643111	0.813697785009237	0.811957764021402	0.809100796447558	0.799463415332795	0.794529558099716	0.790322274261466
0.938097344672262	0.93297369619842	0.917606422907003	0.915358571086779	0.90877527624261	0.904758012598831	0.894969069111041	0.89233036695261	0.887129603133185	0.875659976438008	0.875022578184254	0.871795883083804	0.843720034270912
0.923757937036326	0.899601199453494	0.841757050547213	0.841350731067506	0.836721440708002	0.834372866865334	0.828851273745516	0.827183446174024	0.821657225560845	0.815270535895333	0.802978160738493	0.792868953456095	0.786355829637595
0.874130357343787	0.856315294948342	0.843321955650884	0.841859610689901	0.833729137129555	0.831829052311916	0.831626971014698	0.827591878767134	0.821306774062726	0.819478972543376	0.816636079002304	0.811684429052468	0.807443288164683
0.940545501745193	0.912050818217621	0.874531721191868	0.851030879564577	0.845548758030566	0.842645921444374	0.840914192380677	0.840272798932128	0.832507415488475	0.832020509393331	0.830453493587753	0.827194935901004	0.821780125183508
0.930105413648421	0.914240419324026	0.884429581367783	0.826696902477835	0.821620430621045	0.819477227699089	0.81663566680743	0.81611955041253	0.816100406322132	0.81322106613991	0.803426563791488	0.792207703217825	0.786391704826133
0.927065175478239	0.906399135983524	0.894180836430344	0.830890996523899	0.823587100653425	0.823532286187487	0.822353602010729	0.816830102448323	0.815994782496524	0.813065924801404	0.802374921616134	0.791288026602892	0.785749165163266
0.943455010251533	0.900247547818133	0.875341591300142	0.819210160268258	0.818720307592181	0.818291376724521	0.816352330113942	0.811271528790567	0.811134608513214	0.804325540500907	0.794597636441684	0.789985712207272	0.784363552454118
0.9203716241841	0.901375168499052	0.876362437148549	0.842436706403141	0.839206190519265	0.835446606059136	0.834332123555227	0.833937199561762	0.824277696584732	0.822643922649353	0.820369782689877	0.814110195462176	0.808709718256515
0.920672291504482	0.890589721570401	0.861395260261607	0.775028109386158	0.76582548855285	0.765129831809022	0.764496578873097	0.763352756843131	0.760935771406696	0.758737143873224	0.749904675450575	0.740282926721585	0.734436362395327
0.927427490077919	0.911113211063769	0.882682258658462	0.815958418997581	0.812639844001729	0.81001863811934	0.809802421713311	0.809590790090281	0.806942242497554	0.803940949289859	0.790785687066707	0.77828232333659	0.771868447525907
0.898647168698537	0.87239396666811	0.869889610761538	0.857685402483712	0.85219953237764	0.848726704092286	0.848525448124135	0.845356509480378	0.843733303290614	0.843633684217562	0.839554377212238	0.834259701513966	0.834135069352338
0.895181155189328	0.87689185814949	0.846898454089286	0.811059826676289	0.810089616459132	0.806554244716401	0.804680800640396	0.79229470392644	0.791818374893799	0.788604829999071	0.78447850081731	0.781229387199508	0.776683733510066
0.858893364641369	0.838270004925101	0.823441398735308	0.8208463921485	0.814868840067624	0.813583349929324	0.81000238685213	0.809716798181586	0.802925425246796	0.799751688218902	0.798457505915718	0.791866629868593	0.785427335877057
0.943189996037945	0.914310238800242	0.88085801510432	0.803532621567407	0.796257057131595	0.796158018768706	0.795508007546704	0.794378517759192	0.790223357403623	0.788216118480561	0.775480083876872	0.760136211423029	0.752498119785143
0.927909182906601	0.914431211723549	0.872347754789178	0.812300096902617	0.812236597503286	0.811539378387096	0.811277163133454	0.802710899720585	0.800002706315814	0.797399129970623	0.790572866647301	0.782303275527076	0.777385906953875
0.928421089102891	0.909838171112711	0.876841340749976	0.811416348767617	0.804024152965063	0.803962328118038	0.803457033769815	0.802824274141947	0.799807720245603	0.795900206981829	0.78134230570595	0.770131464709918	0.764447161465055
0.906132635172431	0.893068851572547	0.878097007144578	0.811268368628863	0.810848641302633	0.808364016657651	0.80704041203157	0.793774725474359	0.792658894630619	0.792490316043691	0.787805361913119	0.782138501534718	0.777885852557526
0.921265097870405	0.902979786883435	0.882081208560053	0.820764360263323	0.814384390020728	0.813680185371414	0.813095522630981	0.811159525779458	0.810643879597921	0.80183145111446	0.78618776500882	0.775679537463581	0.769997156941756
0.933083111469656	0.912613921289865	0.889590782198665	0.818025338423043	0.814151012413902	0.806924006416526	0.803157355765767	0.789452683569503	0.787718940490155	0.786158153741847	0.784601065606723	0.77881511126117	0.773683437599673
0.896716265674469	0.886005471596535	0.877402351861374	0.788046177870879	0.786727984925118	0.785345696583197	0.784816060657524	0.781249575570799	0.777351938582803	0.772567367758974	0.762428182674404	0.752406273462816	0.746559365880436
0.929799660189149	0.90161598693597	0.862838080188633	0.811199289861354	0.810246519532522	0.809097489141152	0.80493863466536	0.800286634347567	0.799158482994252	0.792219124926477	0.776600222921319	0.764315451133632	0.758179987123335
0.864333402260542	0.846852280704179	0.828064787243333	0.827830474992558	0.827528529836391	0.821436413420744	0.816920856093222	0.816585840835302	0.812832321818131	0.809493814131393	0.804261457572788	0.801446581801995	0.794416678203266
0.931560856197165	0.922980315075049	0.918724076506561	0.917325785324212	0.915756867133142	0.915284313494184	0.91410094918804	0.904026895800044	0.90348965341786	0.896236294085209	0.887294172493764	0.880069042305049	0.876938389827492
0.92081166944422	0.894824751770236	0.860125386403807	0.830351876380218	0.828106404547457	0.822846548225709	0.81781656051772	0.813503664142455	0.81263509224407	0.806341662825454	0.793436073872117	0.782433457375893	0.776432929513916
0.934850927372105	0.930718221477138	0.927032308037576	0.922871524483714	0.921156244110115	0.921138062365663	0.92094794701533	0.917151353862075	0.91531747902356	0.905638230518091	0.889358253239297	0.873121375225893	0.867504984340781
0.938192206262419	0.914304670690931	0.869557001092247	0.817777681386233	0.814196508990918	0.811611632030378	0.806086725835221	0.805876896839951	0.804005538378485	0.797593185529326	0.782273536818485	0.769245374115468	0.76320056259611
1.00971509730913	0.953447615966919	0.913604280309679	0.867772261932418	0.866199869133465	0.863670283993917	0.861002017083888	0.856135885351043	0.856116336312323	0.849869181771418	0.848581222944388	0.840684802859312	0.835484620296859
0.933690992290976	0.89605692711666	0.852457505138324	0.847878803924222	0.847221292309842	0.844385417196322	0.844222432609406	0.834824158804259	0.834499922590267	0.831564114241202	0.828725277796667	0.820848947636223	0.815870565583939
0.987814101460835	0.98244383479185	0.96682594131351	0.966760053760012	0.962059477755569	0.960289449787671	0.95025361635126	0.950244166203951	0.94685406369438	0.945896763329363	0.928496215024183	0.908257536815848	0.902441936797382
0.934450875786548	0.928037202494232	0.894836923407083	0.842724287132002	0.842355311679508	0.836162955992351	0.835128855693395	0.834787398594366	0.830558600039166	0.830434989113729	0.818702810434116	0.80519119787681	0.799963722495903
0.945815913487292	0.932881452439981	0.903606536542814	0.841475200839243	0.841345549314614	0.840572827970786	0.83673095022365	0.836263696274306	0.829277442540043	0.827202854896943	0.808082875203668	0.790792974764764	0.784951171966609
0.953465616743232	0.940525724525412	0.903075011407332	0.864748327407135	0.864661700996925	0.864175575787112	0.859039489284051	0.858293122595841	0.856179736221241	0.852568485322586	0.847855792576737	0.835414928777473	0.828904487713369
0.89088907008278	0.888106997818379	0.879561144398297	0.874094397568982	0.873850141793203	0.862692840842175	0.861864256624881	0.856126972724828	0.851843749940233	0.849191177796884	0.846386244179215	0.837394971138312	0.830754608732427
0.879114158569953	0.871055952187435	0.835099538850829	0.800172350074952	0.798925698401397	0.798553482145644	0.797828809550203	0.787146113274717	0.786602960613876	0.779267758028922	0.764270054239407	0.753802004758089	0.74807629739214
0.889519837593262	0.889211266497996	0.825680117245924	0.81956998315512	0.819131635337234	0.816400708615918	0.814935899518143	0.80972475945264	0.807740318432115	0.804106605005566	0.790299797090508	0.777895793787743	0.771174122507344
0.872698150752975	0.859753754812427	0.855809790222002	0.837270157785976	0.833236064454376	0.83046842044449	0.830229254233794	0.82815280984952	0.816857092892231	0.813955665236459	0.795179603923264	0.783088015627773	0.776520848731661
0.894274474858262	0.885738730379705	0.844117806129573	0.828162831258783	0.824250459246871	0.821569407531877	0.819383712501669	0.812834835215299	0.812700870218401	0.80452565150474	0.789337005153068	0.778510901644883	0.772544607458963
0.932976569106161	0.902511568103138	0.877286087584456	0.834036832924775	0.833071816472697	0.829365098667398	0.82677109781405	0.825377832083828	0.822143500387824	0.819645794637303	0.805657337753302	0.794306598602984	0.78889270908722
1.0369863598264	0.965033803003714	0.927239911568316	0.87483101505984	0.871343935883282	0.869668644430035	0.866704697379702	0.865131220232481	0.863297466416138	0.862315228866898	0.85759763936563	0.853547416088864	0.853450705582392
0.955526043565209	0.933093091621962	0.919400519465426	0.918945439550734	0.918617949021563	0.915718777882877	0.913112595596961	0.912228880725183	0.910403895627004	0.901545605663494	0.883000564505121	0.866623633074561	0.860900021763171
0.911243162157024	0.90202522929488	0.862361451116158	0.845929886883397	0.845344847933023	0.831046206649373	0.826771150200809	0.815384950988856	0.814615184696298	0.810136273627784	0.801535632811192	0.792199950338801	0.786710391019237
0.876035797958382	0.873385493575556	0.840210053113324	0.823908315722457	0.823290049747393	0.819414816495229	0.80809715248338	0.805320039144405	0.804696175372185	0.795964644250085	0.777862305241563	0.758525985105805	0.749890584632458
0.89122993153969	0.873484962273302	0.838861346202651	0.801676195972278	0.796564486813684	0.789830959644427	0.785724471352206	0.782144193517781	0.780234091712235	0.774158029710459	0.763743722680493	0.754051769052874	0.747167318947702
0.902094809145122	0.88754287518732	0.86773580959764	0.814468823620728	0.810195546005811	0.806366785538119	0.806225115157207	0.805690038046986	0.804295774692148	0.794897209987899	0.781063010504975	0.770583605573752	0.76539143889006
0.927303318448446	0.906773399741017	0.883989408943905	0.883938922446245	0.883064705279801	0.872461761183389	0.862998396167849	0.850009661689966	0.849374640891003	0.847850167770092	0.846151949714723	0.839823527766462	0.835683421621301
0.823862852027277	0.791824980161384	0.790905365187565	0.786940384321753	0.779180562606309	0.772331364313211	0.771984301000361	0.759534405093718	0.759098614486906	0.747550386174917	0.743395001670188	0.734876254722836	0.729416967186555
0.82782254829677	0.810932227686446	0.80892003805906	0.799976229581439	0.798605534556957	0.795060084662162	0.78935073058616	0.788408810470619	0.786237068541061	0.777223804863611	0.765216489018811	0.764618602955868	0.764140553249376
0.844929085006179	0.8446510251444	0.843795223684228	0.841188313666567	0.834926216564819	0.833104406744519	0.832965870321547	0.831478451432993	0.827293438100496	0.825934518954217	0.818771424721369	0.806192315515024	0.805700950891824
0.873072038312869	0.807212504679366	0.807210742993821	0.803457457346392	0.80330738147264	0.801311057648091	0.790510422253146	0.790271012240021	0.784388595733993	0.77624545495492	0.767253866122893	0.765896805225245	0.765702611851258
0.974095465599402	0.971860260063379	0.966114494057402	0.928190896947429	0.926364979367898	0.923747419659984	0.923740120977883	0.921184688617045	0.917167474207358	0.914616729447065	0.912219602679379	0.908485752456592	0.9060741262126
1.03369189806597	0.988529571972966	0.966114494057402	0.915373336706938	0.915244227816526	0.911949558680007	0.910610306026	0.909846622239306	0.907793350828134	0.907480359223337	0.89612710697868	0.878007968901142	0.870865574703303
0.901831973448759	0.896657859715945	0.877723536534655	0.859440613232762	0.858988041230025	0.858049180294938	0.857687163596575	0.856908294506416	0.846075535303595	0.845728432375833	0.832566781017711	0.822682405627196	0.816892393461367
0.901831973448759	0.896657859715945	0.877723536534655	0.859440613232762	0.858988041230025	0.858049180294938	0.857687163596575	0.856908294506416	0.846075535303595	0.845728432375833	0.832566781017711	0.822682405627196	0.816892393461367
0.925042833580036	0.899012266932722	0.877333941566007	0.876574579116777	0.875553096744756	0.869943748957181	0.869755609837418	0.869226010348034	0.860169004438628	0.856249416160456	0.84251506525594	0.833413422463852	0.827739517407501
0.891470876725396	0.885191313854082	0.85138219582222	0.844511701544331	0.841833263108107	0.824079450569097	0.816361425199859	0.800097772198249	0.797652125792739	0.788807147068515	0.786374333764686	0.784775820429142	0.781260441452112
0.901831973448759	0.896657859715945	0.877723536534655	0.859440613232762	0.858988041230025	0.858049180294938	0.857687163596575	0.856908294506416	0.846075535303595	0.845728432375833	0.832566781017711	0.822682405627196	0.816892393461367
0.925042833580036	0.899012266932722	0.877333941566007	0.876574579116777	0.875553096744756	0.869943748957181	0.869755609837418	0.869226010348034	0.860169004438628	0.856249416160456	0.84251506525594	0.833413422463852	0.827739517407501
0.925085237074466	0.912418137736848	0.877723536534655	0.858484037208321	0.856327343450945	0.855899787336636	0.854233962620273	0.854083896472059	0.844452560080874	0.841849440489074	0.82566251318016	0.811983150591532	0.805366266487559
0.925042833580036	0.899012266932722	0.877333941566007	0.876574579116777	0.875553096744756	0.869943748957181	0.869755609837418	0.869226010348034	0.860169004438628	0.856249416160456	0.84251506525594	0.833413422463852	0.827739517407501
0.930417052464939	0.927364260627348	0.915635690525944	0.91347046909733	0.912795802548097	0.911992072843185	0.910999841999518	0.908260034851411	0.906182834153863	0.901270952829432	0.893934967423741	0.881245585132931	0.876846775385121
0.958407042071442	0.944916184244943	0.939898624899991	0.938060656733866	0.933325659727038	0.932159418194442	0.930208595213817	0.929545525106812	0.927089367780742	0.926179051371694	0.916538648695828	0.905226528515068	0.900253061058377
0.9748240809422	0.9348969955532	0.912475754487458	0.894250752090309	0.888385945089338	0.884457238965274	0.881885858326551	0.881798464563109	0.87657251144568	0.87628288904218	0.859808803800781	0.844449958373451	0.838175901314472
0.958407042071442	0.944916184244943	0.939898624899991	0.938060656733866	0.933325659727038	0.932159418194442	0.930208595213817	0.929545525106812	0.927089367780742	0.926179051371694	0.916538648695828	0.905226528515068	0.900253061058377
0.958407042071442	0.944916184244943	0.939898624899991	0.938060656733866	0.933325659727038	0.932159418194442	0.930208595213817	0.929545525106812	0.927089367780742	0.926179051371694	0.916538648695828	0.905226528515068	0.900253061058377
0.958407042071442	0.944916184244943	0.939898624899991	0.938060656733866	0.933325659727038	0.932159418194442	0.930208595213817	0.929545525106812	0.927089367780742	0.926179051371694	0.916538648695828	0.905226528515068	0.900253061058377
0.922031257324452	0.913492290314448	0.911710164450785	0.909362282103167	0.905115743174979	0.899065498451889	0.897575082909284	0.896419320235646	0.895475225762657	0.889578170862139	0.889029797343912	0.874689249005527	0.868992532739319
0.913752776139971	0.906250095147446	0.905656002493312	0.897960318679963	0.890663625782211	0.888299237579017	0.873965552295906	0.861003413035329	0.859131948343499	0.858251340546892	0.856170640812652	0.856072009697451	0.853904009804999
0.950951027290047	0.944943559726531	0.923937161765731	0.917876290091729	0.913506200624613	0.913199710879054	0.913031083124071	0.904477293608885	0.901581298293413	0.895356485610648	0.879566987355408	0.862195415912486	0.856074948513584
0.938055558768081	0.934164290011952	0.921677514651119	0.920783441248386	0.918784840291451	0.913381508992954	0.913220309771582	0.909169396487292	0.906297655867581	0.897620742158689	0.881426158774859	0.866377169075486	0.861294792873677
1.02619092633885	1.02554070791805	0.985749798816151	0.969680897571346	0.966279405233501	0.961899745573521	0.961242838356222	0.956540299698601	0.953433707268457	0.947737336043124	0.935726329676353	0.920119118617009	0.915657911788011
0.933934676844291	0.928608199807108	0.921312324443825	0.91960476924657	0.913607816584559	0.909758051336496	0.906267569036192	0.895566792151264	0.893628732455069	0.880963435040523	0.867402097628309	0.86190240059396	0.85626287936111
0.946474663964078	0.919307053228037	0.880132504162775	0.861332757122184	0.855326503876778	0.848710120061267	0.84684628497147	0.845253519632088	0.844568394274545	0.841451655005222	0.836008974062675	0.82324281600734	0.817319234074649
0.962738101357745	0.961601104378418	0.95411970386428	0.951411673353062	0.949981976067678	0.948653553248857	0.948334214222103	0.944943559726531	0.941221317719244	0.936253187169993	0.926255206677343	0.920238700635762	0.80496507147516
0.962738101357745	0.961601104378418	0.95411970386428	0.951411673353062	0.949981976067678	0.948653553248857	0.948334214222103	0.944943559726531	0.941221317719244	0.936253187169993	0.926255206677343	0.920238700635762	0.80496507147516
0.962738101357745	0.961601104378418	0.95411970386428	0.951411673353062	0.949981976067678	0.948653553248857	0.948334214222103	0.944943559726531	0.941221317719244	0.936253187169993	0.926255206677343	0.920238700635762	0.80496507147516
0.949126701003851	0.944943559726531	0.944016403383485	0.94042591917907	0.937056625617195	0.93659092768217	0.936253187169993	0.931288455676353	0.929450897136022	0.925864674630086	0.910024793122365	0.890832932761847	0.88430172934653
0.907594436394239	0.901848218916875	0.891988224904253	0.890565447682137	0.884979673192562	0.883891412050953	0.883195357911506	0.878858261380531	0.87785874207486	0.874401096098804	0.853749110850696	0.83636459731132	0.829850528946105
0.930134115180432	0.898884100354391	0.895013615777587	0.882653354331901	0.881740706062956	0.875782605851098	0.866916677659459	0.865321839066863	0.864110379640032	0.858844181273312	0.851220208644117	0.841634428399336	0.835779211944364
0.95477710998516	0.925901824542127	0.925271485180016	0.919011109580695	0.916307453951161	0.916168325597402	0.915459499203578	0.913495861881132	0.913378321523517	0.911116469283307	0.903226619697091	0.890723133563373	0.884488655853178
0.934280324880074	0.914889527154536	0.907650276921125	0.901296006018393	0.888820595741239	0.888775794271405	0.884407227100545	0.878059994588232	0.877376837228832	0.871031498417977	0.86319216537905	0.855578574474529	0.850683497107795
0.956426635661614	0.945629316230225	0.937696800731993	0.93341950285401	0.933133815904615	0.931499260240691	0.929771426876828	0.92611810247867	0.921958702578808	0.914666263272297	0.898153330449386	0.883453041965434	0.879438973743909
0.983196466672818	0.973123394367683	0.963361932683963	0.961011551310489	0.960116519955711	0.959779143999169	0.955446906015855	0.942392548939639	0.934622904731476	0.931144355266928	0.926965604413836	0.924214754769555	0.805577466199839
0.968860232430519	0.964952153203578	0.962291412051249	0.951709066584309	0.9489266982415	0.941872396830646	0.9387998745665	0.937893398397164	0.929372828680637	0.919005975308613	0.907062475210909	0.902561047989919	0.878992608162426
0.986656099797228	0.952904330044542	0.922107473239014	0.917728381057176	0.914135632470855	0.913646257121681	0.908005527270579	0.907797300618428	0.907246612007708	0.904973076867495	0.887656676458691	0.869165488507339	0.864537770537998
1.09328833053254	1.05413440249013	1.03164857122162	1.00771865076071	0.99998253561019	0.99869044974716	0.997618805447059	0.996353371088467	0.988928363835178	0.977309641930974	0.956694898316119	0.936355837411425	0.93037822266478
0.97286270434164	0.950759078153578	0.945235841943953	0.945147057099439	0.943575293352481	0.942374887143842	0.939259114391731	0.936974560989124	0.933520050027841	0.932021643686106	0.931120718733192	0.923674552589643	0.914189586164376
