0.965914673706864	0.870794388998943	0.868785814644525	0.829741655662143	0.821779106453855	0.818200665533619	0.80992092944742	0.802506792368197	0.799619614485698	0.796941934266669	0.781406703716172	0.758298051380182	0.75635856530718
0.853614546505858	0.847392465137956	0.823289193065829	0.807529805816153	0.807100329746	0.796013931656178	0.784716406277316	0.769182086437497	0.753735831504008	0.747352825908708	0.721943851949833	0.716255121917462	0.710015163908277
0.833658463770056	0.829167805968132	0.824338178408345	0.807390785035476	0.798950136528379	0.798861365210042	0.787465909717602	0.763274226245803	0.747504736315027	0.747352825908708	0.716255121917462	0.715907135129812	0.704092013815528
0.833658463770056	0.829167805968132	0.824338178408345	0.807390785035476	0.798950136528379	0.798861365210042	0.787465909717602	0.763274226245803	0.747504736315027	0.747352825908708	0.716255121917462	0.715907135129812	0.704092013815528
0.857521601784381	0.847677240914232	0.845269132990739	0.838450434718465	0.837664331939129	0.837361289941697	0.825332123154043	0.817154370149761	0.800905613468108	0.781293177000936	0.76817533243898	0.714949452430513	0.712668110218402
0.884627522234278	0.882600521262796	0.873527812519848	0.871879994811457	0.871257379780293	0.870526664262083	0.869903670234478	0.865643050343867	0.861820651089986	0.847649465833846	0.831180315911423	0.798726530327492	0.789504031820262
0.884627522234278	0.882600521262796	0.873527812519848	0.871879994811457	0.871257379780293	0.870526664262083	0.869903670234478	0.865643050343867	0.861820651089986	0.847649465833846	0.831180315911423	0.798726530327492	0.789504031820262
0.884627522234278	0.882600521262796	0.873527812519848	0.871879994811457	0.871257379780293	0.870526664262083	0.869903670234478	0.865643050343867	0.861820651089986	0.847649465833846	0.831180315911423	0.798726530327492	0.789504031820262
0.884627522234278	0.882600521262796	0.873527812519848	0.871879994811457	0.871257379780293	0.870526664262083	0.869903670234478	0.865643050343867	0.861820651089986	0.847649465833846	0.831180315911423	0.798726530327492	0.789504031820262
0.884627522234278	0.882600521262796	0.873527812519848	0.871879994811457	0.871257379780293	0.870526664262083	0.869903670234478	0.865643050343867	0.861820651089986	0.847649465833846	0.831180315911423	0.798726530327492	0.789504031820262
0.884627522234278	0.882600521262796	0.873527812519848	0.871879994811457	0.871257379780293	0.870526664262083	0.869903670234478	0.865643050343867	0.861820651089986	0.847649465833846	0.831180315911423	0.798726530327492	0.789504031820262
0.884627522234278	0.882600521262796	0.873527812519848	0.871879994811457	0.871257379780293	0.870526664262083	0.869903670234478	0.865643050343867	0.861820651089986	0.847649465833846	0.831180315911423	0.798726530327492	0.789504031820262
0.884627522234278	0.882600521262796	0.873527812519848	0.871879994811457	0.871257379780293	0.870526664262083	0.869903670234478	0.865643050343867	0.861820651089986	0.847649465833846	0.831180315911423	0.798726530327492	0.789504031820262
0.884627522234278	0.882600521262796	0.873527812519848	0.871879994811457	0.871257379780293	0.870526664262083	0.869903670234478	0.865643050343867	0.861820651089986	0.847649465833846	0.831180315911423	0.798726530327492	0.789504031820262
0.884627522234278	0.882600521262796	0.873527812519848	0.871879994811457	0.871257379780293	0.870526664262083	0.869903670234478	0.865643050343867	0.861820651089986	0.847649465833846	0.831180315911423	0.798726530327492	0.789504031820262
0.884627522234278	0.882600521262796	0.873527812519848	0.871879994811457	0.871257379780293	0.870526664262083	0.869903670234478	0.865643050343867	0.861820651089986	0.847649465833846	0.831180315911423	0.798726530327492	0.789504031820262
0.884627522234278	0.882600521262796	0.873527812519848	0.871879994811457	0.871257379780293	0.870526664262083	0.869903670234478	0.865643050343867	0.861820651089986	0.847649465833846	0.831180315911423	0.798726530327492	0.789504031820262
0.884627522234278	0.882600521262796	0.873527812519848	0.871879994811457	0.871257379780293	0.870526664262083	0.869903670234478	0.865643050343867	0.861820651089986	0.847649465833846	0.831180315911423	0.798726530327492	0.789504031820262
0.884627522234278	0.882600521262796	0.873527812519848	0.871879994811457	0.871257379780293	0.870526664262083	0.869903670234478	0.865643050343867	0.861820651089986	0.847649465833846	0.831180315911423	0.798726530327492	0.789504031820262
0.884627522234278	0.882600521262796	0.873527812519848	0.871879994811457	0.871257379780293	0.870526664262083	0.869903670234478	0.865643050343867	0.861820651089986	0.847649465833846	0.831180315911423	0.798726530327492	0.789504031820262
0.884627522234278	0.882600521262796	0.873527812519848	0.871879994811457	0.871257379780293	0.870526664262083	0.869903670234478	0.865643050343867	0.861820651089986	0.847649465833846	0.831180315911423	0.798726530327492	0.789504031820262
