0.845516854287859	0.842587006024743	0.837534614853154	0.791785332901707	0.788619551565028	0.785923199651406	0.784975145869725	0.784959830094328	0.776605451196962	0.772034543393967	0.753889295009845	0.7474426543597	0.741887030984134
0.872569743436656	0.866268498807665	0.855965037432706	0.78650386354951	0.784037878860934	0.777850692994066	0.777001796204731	0.773855926663805	0.77325713811481	0.767149253110982	0.752743503468169	0.74656857175516	0.741334404019817
0.868209182142918	0.866719301126495	0.856415839751535	0.794293911009691	0.792372224767552	0.788331137918709	0.786577586239504	0.785661231438742	0.78400893029108	0.770177867483062	0.750641185430098	0.742012491135662	0.736380507640786
0.858851152413745	0.835810848965526	0.832838021457718	0.758924073689913	0.758919508270187	0.75843208364881	0.74579729849734	0.743086433692403	0.733960989464492	0.729723978008689	0.72576332399333	0.720960598180977	0.716460677068266
0.85653023896897	0.853898641530338	0.846456872231982	0.803933989372578	0.801725987240874	0.798551402018089	0.798169229385857	0.798033781864367	0.796068549026795	0.785927336227233	0.76775215048226	0.759633324122666	0.754584892463442
0.843098354433947	0.837052552291759	0.834548774562446	0.798627538926273	0.797124417292297	0.792376610500971	0.791699412747812	0.789801280983336	0.788519546181987	0.779495887766213	0.761623107220046	0.755455713652573	0.749882501003596
0.868190080389777	0.867489891409489	0.864087683192049	0.797009699279908	0.791883571802775	0.79146766326112	0.790748146508294	0.789669751373597	0.786109475285994	0.778362511489629	0.756791291414997	0.744803193199079	0.739243845160214
0.875415855642877	0.860200984190428	0.849609397254259	0.764860348317154	0.763275187418053	0.761415909436144	0.753513547306219	0.748849204424118	0.746879558166152	0.737418946262936	0.725300829446807	0.718354557522158	0.713241053682047
0.85085366562611	0.817835115966008	0.816557576629735	0.752957552549125	0.749181572314764	0.747198639410932	0.745428363584786	0.739750921479258	0.739699914759306	0.731405620100886	0.730994656993019	0.728309728832768	0.727154253545279
0.865495469164931	0.816144666453267	0.816033553565508	0.811948789036369	0.807316274379568	0.805381786194864	0.804701589451171	0.801370065075887	0.79352172765814	0.787866804183993	0.783415876287626	0.783352464844659	0.773749316323868
0.868931018825473	0.86080898109302	0.850098994940749	0.767726158560997	0.765004634773934	0.764936420322596	0.757180960656509	0.752801830878653	0.75007875469919	0.74363791771996	0.727741887435375	0.719608668051646	0.714788528687969
0.863348412511924	0.854555184299289	0.838199033180423	0.796915469625052	0.794419334557637	0.793263334847759	0.792276049833626	0.791607662495762	0.78580804855153	0.780943189002997	0.764477416084725	0.758723559201548	0.75393344224472
0.848258300221313	0.826844615586469	0.826844615586469	0.802639887849787	0.800459154073751	0.790686856856598	0.790622295378891	0.784602212179333	0.783557426137081	0.782291189524971	0.771625126049894	0.767750857095992	0.763251827062785
0.86528179728813	0.850739449036052	0.847767454229234	0.769446296757835	0.768807798758554	0.76824399697038	0.754228687039811	0.752799426993054	0.751734609147299	0.740799290762623	0.7320267029702	0.725114028125779	0.720430062622596
0.855103822853686	0.848314989165522	0.833927009700286	0.823933691628478	0.821664747847273	0.819443935373291	0.817727735151206	0.817087128442964	0.813993769216373	0.808630867586389	0.794868299955971	0.789510750516197	0.784880242812897
0.868791233958459	0.851418359387303	0.849206697764671	0.791018611279823	0.789882993513823	0.788295142229025	0.777551063897228	0.771290044128562	0.765629678657842	0.759595630254388	0.756645222050593	0.750627371353441	0.746247914145988
0.88498542334127	0.856736062591985	0.853919312646508	0.792035381640738	0.791164697663542	0.789270772901944	0.779179239876186	0.775173777779163	0.76759233267887	0.763316400466593	0.758984819585563	0.758428825372988	0.754022412994419
0.816609129955444	0.771824894162557	0.771264473802342	0.771264473802342	0.769871927251022	0.769547575674794	0.767978994431911	0.760971146170504	0.760751739113105	0.759079465600344	0.755797816337075	0.755019694623671	0.752845679708409
0.896633783481671	0.876998168977089	0.869432942243448	0.849031236688305	0.847512988256511	0.847107577783861	0.846838076857937	0.839116473748806	0.838603244712906	0.837757608887467	0.834975880234766	0.821786337850646	0.815757408329989
0.868471556345423	0.867487720063334	0.861142842635833	0.823004723720485	0.820498908345232	0.818340862497904	0.812631963149565	0.809107545633939	0.808700215402459	0.794592301087006	0.774239008595036	0.763929297162636	0.759038056277902
0.853419584054229	0.848581545436025	0.843245429018939	0.813244561318273	0.806883368443631	0.800964507818416	0.796804075920943	0.787896033443794	0.787102073359271	0.78119684691796	0.770084247806443	0.765423216271034	0.760574468051783
0.872098915862974	0.871841773283585	0.827162321992109	0.807447356001264	0.806682825894298	0.802946369209242	0.798316988363403	0.792362487686265	0.79109135986193	0.781935437039571	0.769028322130596	0.766595403446826	0.762318355501855
0.858879314107588	0.843239481069707	0.841006950280201	0.778852564015414	0.774820120385915	0.772148767714986	0.771159130640082	0.766763150786138	0.759330054498763	0.746881586335149	0.731358568417963	0.723167141235756	0.719152544988197
0.840889821738339	0.840531934880168	0.835479543708578	0.801401872760614	0.795515899927469	0.795336268308182	0.79496091456692	0.793846046359129	0.79013673365668	0.782931857665746	0.762166271293257	0.751033308754855	0.745189097991066
0.877616587202494	0.874346493206137	0.850785478875319	0.842672098491118	0.841576005695959	0.840774865634924	0.83663506447094	0.832848109146946	0.831815864399203	0.825227930418396	0.8223780948796	0.821575371776166	0.78021669629302
0.869543056147864	0.8649567031641	0.83922837940323	0.770950138087405	0.768200242292964	0.766808718591492	0.763078636021367	0.749042514241612	0.747463396224615	0.740804362663679	0.733592232729359	0.73238911791022	0.727695080552977
0.877616587202494	0.874346493206137	0.850785478875319	0.842672098491118	0.841576005695959	0.840774865634924	0.83663506447094	0.832848109146946	0.831815864399203	0.825227930418396	0.8223780948796	0.821575371776166	0.78021669629302
0.856793830646224	0.837433919542021	0.818318514639728	0.802828449026187	0.793395538886496	0.791941073074843	0.789668836060119	0.782890318780865	0.781874142112509	0.780742973839135	0.779551664431128	0.77588745431717	0.77532949517165
0.861854477821652	0.851425429714234	0.817449075103154	0.813272955060633	0.808370852749031	0.807223564024248	0.805363963290039	0.799753270413998	0.79939337456449	0.795490867988568	0.783787538527347	0.778882315714783	0.772809274999535
0.877616587202494	0.874346493206137	0.850785478875319	0.842672098491118	0.841576005695959	0.840774865634924	0.83663506447094	0.832848109146946	0.831815864399203	0.825227930418396	0.8223780948796	0.821575371776166	0.78021669629302
0.883473306833615	0.86264127878165	0.841768183084189	0.780504432162254	0.775168519045332	0.775154861339091	0.77378523244142	0.76442986969383	0.757511425460986	0.745281766093308	0.733422506679496	0.72536372859456	0.720254247617118
0.829020222863181	0.829020222863181	0.828737268454754	0.825021663984312	0.82285351237501	0.822392266693734	0.822299859441599	0.814507887909896	0.813421820039359	0.804879267640214	0.790885418522619	0.783638513958971	0.779593854119688
0.925871570940045	0.901432709892856	0.900621114438826	0.898658694842502	0.897905940079622	0.896973242947498	0.896370594809505	0.89434972364856	0.886908153780786	0.86800970073943	0.854858169942824	0.852859657087251	0.85039575705372
0.873090609697696	0.866841415596846	0.844845635091002	0.805158019195268	0.798350990235192	0.797852709171136	0.797505031901722	0.79651760843957	0.795780251634728	0.786013799074176	0.767708182817824	0.761200234175456	0.757357538415403
0.905694210570761	0.885775937921883	0.885488094161864	0.885128881960674	0.879610162964487	0.87177626824397	0.870390976714079	0.863358557484334	0.863295113215878	0.850710232842181	0.829557414728035	0.814678179675333	0.810082012915066
0.925871570940045	0.900621114438826	0.89699103302801	0.89478127663137	0.890005616579357	0.888414276647406	0.882399912154834	0.881691718221036	0.872807171065023	0.871656112709202	0.853388643172617	0.839030837173463	0.833483423589602
0.831228409847833	0.794742260403806	0.794742260403806	0.757690916750317	0.753481803226929	0.749031361067889	0.747851082787029	0.745061981649038	0.744244928205937	0.744169629170768	0.743946191344486	0.741628245961275	0.737889098654796
0.868928754591592	0.845491156642781	0.831158544813769	0.785564477494044	0.779127561974438	0.774012725412976	0.772634958696672	0.764320576460644	0.758586191856916	0.755212107213666	0.752364812492855	0.751530051865066	0.74939775119446
0.859576882975715	0.826579334602748	0.800736473823291	0.747085758175867	0.743824882185525	0.741091263730874	0.740211938290751	0.739639867494979	0.734430833942614	0.73396432032921	0.727126826375254	0.71804466802696	0.714355407054248
0.88904905252133	0.821910452814346	0.821910452814346	0.774305974500462	0.77410251829097	0.772816775260579	0.763192079994204	0.755535982683558	0.749962173837199	0.745771787788495	0.744965587581161	0.740996351938298	0.739165205501822
0.837751832980912	0.818161072873675	0.794965773614387	0.762340959228542	0.749942568747709	0.735062935744737	0.729342177142129	0.729272208214197	0.72793445210211	0.71418501489734	0.713813867531233	0.708300465745874	0.702390803877316
0.825996424123259	0.822660582687737	0.816529209433245	0.809241158620908	0.798683874472795	0.79228029032341	0.79207089672765	0.778650070532462	0.773488775592171	0.761326196810683	0.752094272940589	0.748086210894598	0.746845844168215
0.876524116067627	0.857026832091374	0.852106908446818	0.813852992543808	0.813494882074749	0.809558412916227	0.799511161900813	0.794221817914598	0.782866377356564	0.777293237773727	0.776039126096039	0.773261172313373	0.765434771931523
0.87851067754132	0.87851067754132	0.868169298203333	0.866938784351282	0.865455196838536	0.865422307827535	0.862283181458734	0.860949498749667	0.856782775079926	0.847500694595284	0.832910411866054	0.82596725123029	0.821899433101907
0.890340782474641	0.888808562221015	0.884812670561349	0.883519335690819	0.881032536069448	0.877950894242742	0.866018305767949	0.862919250797746	0.858926641405823	0.855293761858804	0.854399701389959	0.852427246941295	0.844434788588555
0.846959517349822	0.845852099419611	0.845852099419611	0.845852099419611	0.839191632305612	0.827691411731744	0.824715521946449	0.817443988460743	0.815887934981303	0.807369716098647	0.795189862291019	0.790431983263858	0.786806915327991
0.920365797626256	0.873823047996549	0.839846693385468	0.822881585335178	0.818388395088658	0.8169591711182	0.814495267101009	0.812649552500569	0.804223449516503	0.802146295848085	0.797843838814183	0.795542409336605	0.789882035768576
0.854660621227924	0.834054898429856	0.829029546489579	0.800291201288754	0.790892625975188	0.786140180814257	0.784812717802952	0.779159465345472	0.773943730180954	0.772704824226871	0.75859716212123	0.758257763955833	0.755224946442337
0.862301359593015	0.855265278975148	0.855265278975148	0.81426579357608	0.813492824310261	0.808498170856917	0.806187557141116	0.806007334408463	0.80446411926009	0.799985181269398	0.785322508679445	0.781467181496084	0.776981846094189
0.878277035946788	0.867926904413038	0.826769365432078	0.809271423606183	0.799661695648361	0.798853260076494	0.798628453481048	0.790481754981571	0.78822718645212	0.782977217859946	0.781121683827027	0.778900121723409	0.774556014135814
0.855211519022289	0.846131192006449	0.823777190099982	0.753585437005891	0.746978381736301	0.744287534848723	0.740064148241548	0.724222442166451	0.719363180149144	0.714855326856304	0.711361306617171	0.710776771990556	0.709814912204024
0.860850426496272	0.856264073512507	0.830535749751638	0.770615701700565	0.767781814819123	0.766631170077707	0.76119036281865	0.749872962361455	0.747674467812095	0.741430646030586	0.734727951178217	0.73328522887718	0.728686278608042
0.88771357697275	0.875789059214961	0.841821448621469	0.779841752357	0.775926681859448	0.773176308475069	0.770986658689223	0.757705294725073	0.756641071192671	0.755955238066321	0.754401201680097	0.752721178385671	0.752458257027049
0.898202943853719	0.878094029763839	0.855437587510928	0.783431409327211	0.781699494875996	0.776654213025668	0.772606402880566	0.771730238869304	0.77131856853456	0.763290709400738	0.747251603997214	0.735790310714927	0.728969043971373
0.91045090199263	0.898008910893092	0.876641146626204	0.807252114504124	0.802947054167734	0.796181468939971	0.795075235718011	0.794409156759525	0.789281913665106	0.783942496745842	0.766773400851603	0.754460810316578	0.748500140006824
0.87924342218583	0.87924342218583	0.848170403623053	0.841789096471511	0.840396465686349	0.835403609856255	0.831990378732021	0.830982390445249	0.827456098641852	0.823710576243032	0.801481949919085	0.792732479894482	0.788654095979339
0.874632471468195	0.867496295242261	0.867414657031327	0.86724896147128	0.860184736075741	0.85547688187739	0.854941386303622	0.853634326144719	0.84922295096052	0.848924048815064	0.826154399223062	0.811680802536081	0.807559778910938
0.870788709606678	0.868960773276673	0.86640724722345	0.857132958690926	0.850890739105501	0.850578454366717	0.850280740213252	0.841658988172299	0.841208611163139	0.838343207355759	0.830806809511013	0.828198541421456	0.826125274524414
0.879600325236619	0.856920195721271	0.853164529127302	0.830625846402602	0.830399275655252	0.821177987812002	0.814586534376803	0.804071219557872	0.794768996221021	0.794343298769903	0.790867254550658	0.781668898254253	0.777761932127554
0.860676926538041	0.854408338019691	0.848969278936404	0.847802714988741	0.845388002025059	0.843817101141593	0.839892973717505	0.829939256846879	0.828052191976366	0.823242426430879	0.82308613027307	0.817253608234451	0.81255346667506
0.914034697850113	0.898015859895752	0.896275677001109	0.89371278608208	0.8878595130576	0.881989466351028	0.879276794296857	0.878007360617427	0.874286629228135	0.872493345596479	0.855412191696242	0.844986619874556	0.841022757465113
0.892234095189393	0.890525165526453	0.887153843035241	0.886407144130903	0.884762338984768	0.880167453881407	0.879555069856305	0.878317085084108	0.870981115476715	0.862128910975039	0.856534721100902	0.852633012453994	0.835886541900596
0.939375025019285	0.923100361596655	0.910993709587237	0.907844360361469	0.901725786633873	0.901308044186523	0.900078166134133	0.897564249843242	0.892878661930048	0.888467710482322	0.878621491590937	0.873685277172607	0.861791145040903
0.868703265053569	0.863688906057772	0.834491674004155	0.808836441447297	0.807759673408361	0.807392665103557	0.799374707353769	0.78240286276288	0.776373280314514	0.769146970379438	0.758485089738478	0.750135418585948	0.745160857735654
0.857040929163667	0.849673676217604	0.832685498912064	0.815518853824614	0.814396609546412	0.812498032627913	0.808762508321122	0.795145931771087	0.787794672886463	0.779634032769137	0.770796886348904	0.76337705370516	0.758420527376109
0.918163595509722	0.914586486573268	0.907979535054776	0.895355909540888	0.891284809324534	0.890557778803031	0.88356995814707	0.882752845051607	0.880893395998777	0.874269362989985	0.861069952290739	0.848648868061916	0.842688761377252
0.885963850803532	0.871229344911406	0.843420358100828	0.841493344246289	0.839397397797416	0.836554946125058	0.829792761249488	0.818187441765663	0.809600109424135	0.801762273155398	0.796436555437709	0.789588244489037	0.784955794345184
0.890471987296558	0.878193232386454	0.849879603543887	0.843420358100828	0.839397397797416	0.836521110923203	0.829452132394027	0.817510808937218	0.808746630915685	0.800829209911659	0.794717184148334	0.787519295809706	0.783028760430102
0.845988296071578	0.838892351586577	0.838892351586577	0.833419312094727	0.832178144157418	0.826726225153949	0.824341669525104	0.823518714281942	0.822376014412224	0.81440666515869	0.79676593786168	0.78581035801765	0.780815482783484
0.889896343562101	0.880494420444981	0.823411612853679	0.814431198167777	0.814098037933958	0.812663921704167	0.804521567247542	0.804353312261322	0.803749285039167	0.800947782088218	0.795157683995961	0.787779245281441	0.78223811300771
0.951642470884652	0.938981051301647	0.938613839868925	0.937678607699392	0.933120323501694	0.931781164721072	0.926233298441258	0.924814317897119	0.920242916605726	0.916965802835941	0.897273557162903	0.87821555888489	0.871252617036298
0.885963850803532	0.871229344911406	0.843420358100828	0.841493344246289	0.839397397797416	0.836554946125058	0.829792761249488	0.818187441765663	0.809600109424135	0.801762273155398	0.796436555437709	0.789588244489037	0.784955794345184
0.85912124884417	0.846842493934065	0.824645728192994	0.824567618664235	0.824514289381995	0.820528245070265	0.818528865091498	0.81070760737051	0.802716109990606	0.795592142012927	0.78943867213404	0.782590754524028	0.777962048901493
0.862962940647569	0.856823563192516	0.828947569110913	0.815518853824614	0.812259669763306	0.811841017148059	0.806729846127379	0.792120625467916	0.784980863264666	0.776802000235582	0.767134016710487	0.758917301341968	0.753673651878922
0.885963850803532	0.871229344911406	0.843420358100828	0.841493344246289	0.839397397797416	0.836554946125058	0.829792761249488	0.818187441765663	0.809600109424135	0.801762273155398	0.796436555437709	0.789588244489037	0.784955794345184
0.892430136861894	0.874012004496737	0.844888693405872	0.841493344246289	0.840991065379841	0.840202504601225	0.834611895820329	0.82163341864457	0.814698053702846	0.809991264842497	0.809670185968971	0.805973606570497	0.800884306386027
0.951642470884652	0.938981051301647	0.938613839868925	0.937678607699392	0.933120323501694	0.931781164721072	0.926233298441258	0.924814317897119	0.920242916605726	0.916965802835941	0.897273557162903	0.87821555888489	0.871252617036298
0.893089326372141	0.868531816551931	0.84622728337809	0.841651191941482	0.841493344246289	0.840395955172092	0.83783208213967	0.824704351484165	0.81802108490277	0.81695594218127	0.814765454654741	0.813969028990031	0.810203825782794
0.859844170971876	0.855576298732598	0.83323657308686	0.819032363177381	0.81456889290563	0.810960713678043	0.801775464859097	0.785702739728252	0.780267540652069	0.773315007996158	0.763304516793171	0.757402600391481	0.75367819271425
0.931159973809949	0.90660246398974	0.876544623506341	0.874524022082733	0.872818361561875	0.872708432373835	0.863476617970233	0.863199451459383	0.862057486383102	0.853041110529877	0.84556721731801	0.829245751744818	0.821701518958041
0.890471987296558	0.878193232386454	0.849879603543887	0.843420358100828	0.839397397797416	0.836521110923203	0.829452132394027	0.817510808937218	0.808746630915685	0.800829209911659	0.794717184148334	0.787519295809706	0.783028760430102
0.884841671421626	0.866423539056469	0.844384370405389	0.841493344246289	0.839590848368283	0.837030349453335	0.832063037655716	0.820167993487956	0.811831493741473	0.804195580731562	0.799272463725906	0.793164678110016	0.788934543204773
0.890471987296558	0.878193232386454	0.849879603543887	0.843420358100828	0.839397397797416	0.836521110923203	0.829452132394027	0.817510808937218	0.808746630915685	0.800829209911659	0.794717184148334	0.787519295809706	0.783028760430102
0.877899993624659	0.873730191830257	0.851393518026897	0.823943038786032	0.813502500595522	0.811999447183252	0.810266121817821	0.790429992951488	0.789983138871344	0.789243887544723	0.788786118666286	0.787587016715666	0.785492012876497
0.974853164678927	0.941496568951513	0.937290624507771	0.925356476766113	0.924838889069089	0.918715645167136	0.913911676336014	0.902617375944485	0.900870197933225	0.897632390279029	0.896026057769815	0.89048141689867	0.885336015464451
0.974853164678927	0.941496568951513	0.937290624507771	0.925356476766113	0.924838889069089	0.918715645167136	0.913911676336014	0.902617375944485	0.900870197933225	0.897632390279029	0.896026057769815	0.89048141689867	0.885336015464451
0.887203833632871	0.887010976698329	0.859497541006877	0.857674411617546	0.854201767116469	0.853501388229722	0.841948156688319	0.824944881807924	0.823145266977127	0.815531197537711	0.799922323103918	0.7883838912014	0.784256347517416
0.985387758039009	0.984369499407665	0.980406172429585	0.976348472555159	0.974043205710881	0.973951740345358	0.972767765763854	0.969332390172436	0.959316220966764	0.938036635409312	0.927188663290978	0.925093428208898	0.913012669761694
0.90969167544141	0.908766815461662	0.885033952814657	0.885022756055567	0.884982930003259	0.87989660606586	0.879344761023084	0.876163901709101	0.872369628918208	0.86636353141396	0.841025875428771	0.823382831388601	0.818178620711539
0.928618265097265	0.926681949293705	0.92589597456154	0.924154706651208	0.9183830986445	0.917191299537308	0.911328132850267	0.908293666564557	0.894409465526978	0.874463686052606	0.867860704723834	0.863733707441325	0.860816986876098
0.934763595380215	0.933688203434827	0.928323005656736	0.926935035681264	0.926558604009929	0.920560131287269	0.92044426589283	0.919417734228763	0.911950845687519	0.889319327285902	0.87778856311123	0.875116820275808	0.860098706570082
0.886474952211242	0.878946948433157	0.878868606470851	0.877457261804214	0.876507176183439	0.87044633555469	0.860520578168092	0.858829528577705	0.851436544954065	0.840671677172078	0.839716507659046	0.837384249378382	0.804310295617411
0.938317090675232	0.927900656865228	0.896604331575994	0.895866669557754	0.888932580660771	0.888558053608277	0.888256904824244	0.884712534471149	0.882571467426273	0.875609496302459	0.867755219204366	0.852989134020572	0.84519263440242
0.938317090675232	0.927900656865228	0.896604331575994	0.895866669557754	0.888932580660771	0.888558053608277	0.888256904824244	0.884712534471149	0.882571467426273	0.875609496302459	0.867755219204366	0.852989134020572	0.84519263440242
0.931965959954981	0.929703925606788	0.928454289848796	0.928069651949651	0.927455082601472	0.919435108270671	0.917802569588093	0.898021607500156	0.892197777258859	0.886851326724045	0.884052625743039	0.870809882447444	0.844097261337528
0.901839771070967	0.89743697778293	0.897410398172907	0.891593365368767	0.890317910378534	0.883397348419892	0.88162333298326	0.879764111769376	0.872184508137538	0.86298880039834	0.854848040042563	0.851278553832474	0.832510273195087
0.902433229741009	0.900847927330134	0.899111790242171	0.898167067314781	0.891724103948904	0.885790490049478	0.884740659224518	0.882035379871715	0.868150078202639	0.866549702778876	0.828829462792151	0.811413109599442	0.724908239047362
0.972092745459529	0.966396550593109	0.949258766630704	0.946612753481885	0.945283716481307	0.940356982424074	0.939895705190603	0.936634404889454	0.928399735335419	0.911133780585885	0.897724283015668	0.891876129145564	0.890452568331152
0.972092745459529	0.966396550593109	0.949258766630704	0.946612753481885	0.945283716481307	0.940356982424074	0.939895705190603	0.936634404889454	0.928399735335419	0.911133780585885	0.897724283015668	0.891876129145564	0.890452568331152
0.972092745459529	0.966396550593109	0.949258766630704	0.946612753481885	0.945283716481307	0.940356982424074	0.939895705190603	0.936634404889454	0.928399735335419	0.911133780585885	0.897724283015668	0.891876129145564	0.890452568331152
0.976509439812547	0.964702376596392	0.96283682053924	0.962741687275663	0.959851269719024	0.95834111817506	0.94948299767929	0.94158157815782	0.928341137278737	0.904136204734666	0.885946173703265	0.879640650146891	0.843649427182641
0.955959520963814	0.949109807982578	0.941780049056328	0.935395855320144	0.933016866196846	0.927821985495219	0.927452227677115	0.926966992068479	0.917134283403269	0.914118558856034	0.899066131481014	0.894559721051168	0.893102040781742
