0.869209445735957	0.851724364841542	0.829094737082831	0.77199963244858	0.771546360871915	0.770421159770425	0.766025023579644	0.760961727299053	0.760090020537557	0.759348287850321	0.748496081050885	0.741470560766268	0.736084092170214
0.871536004922903	0.856124363299722	0.828348518834613	0.800695477265485	0.799842796482977	0.796926297140718	0.795187383304503	0.793032122179311	0.792516589982898	0.784265303215623	0.768273214369643	0.759467908275699	0.753519564739235
0.850944447223601	0.829654984821062	0.827793976135285	0.824333342624959	0.820796955671307	0.819919021758469	0.81917332484196	0.818795139565689	0.810263081313628	0.809636428742126	0.794207728928375	0.785952024342675	0.780467451363194
0.861111443301279	0.842610357898018	0.835574430522724	0.835020461789361	0.83440777519937	0.830895231085399	0.827408736629807	0.826302037983055	0.818123289968656	0.817623510052437	0.802918032874377	0.795103745577342	0.789919579420225
0.861111443301279	0.842610357898018	0.835574430522724	0.835020461789361	0.83440777519937	0.830895231085399	0.827408736629807	0.826302037983055	0.818123289968656	0.817623510052437	0.802918032874377	0.795103745577342	0.789919579420225
0.936729024614374	0.916776824194112	0.873156770989187	0.845504544450493	0.844315003486333	0.843727405260878	0.842948873508781	0.840119547649304	0.834091215948932	0.825922723995727	0.803759548752551	0.789979186001811	0.784560429625127
0.876810044495364	0.856060041395313	0.854384308793582	0.853747542604086	0.851634661211412	0.847416783430423	0.843856548709357	0.840661557191427	0.840103815842135	0.838089528115206	0.821233988612096	0.809693335389136	0.804074562812876
0.861111443301279	0.842610357898018	0.835574430522724	0.835020461789361	0.83440777519937	0.830895231085399	0.827408736629807	0.826302037983055	0.818123289968656	0.817623510052437	0.802918032874377	0.795103745577342	0.789919579420225
0.880300436162038	0.862559217493256	0.840865925784606	0.823869861311142	0.821075265454935	0.820070890914701	0.815818227611927	0.813522480677723	0.810769221925159	0.809121587937712	0.788473876113494	0.775974922997359	0.769895557410765
0.909205734663878	0.87697298241968	0.862036173749147	0.838952467783689	0.837552380760769	0.836597503271672	0.829606955176823	0.827768656092265	0.825184044966028	0.819445667317428	0.804199448016262	0.792199785144512	0.786744840948629
0.881008280203035	0.865445876827156	0.845906560230804	0.787814974356423	0.787788782266014	0.784060979061348	0.781590624365106	0.772514549168157	0.771571933967068	0.770380460411443	0.760972404212584	0.752180862650737	0.746388903810484
0.917918574546887	0.907367336553551	0.903365505662704	0.899651041642449	0.89556795455369	0.891269641159515	0.881753749787759	0.878977162820117	0.868208377793981	0.849584581997615	0.838040401461141	0.837247943098475	0.832960486344368
0.823078692418847	0.81662719989966	0.804111398461242	0.803999035317854	0.796312667321728	0.796159301128368	0.795318581681455	0.787672578424332	0.785651493836103	0.785320237449144	0.78344116147775	0.782205052972315	0.780913638750409
0.833063052694986	0.815724955868908	0.80293251913685	0.794806346034117	0.794478386010943	0.791883681227544	0.790495312126339	0.782451036694577	0.780009079483725	0.778367469854321	0.778103070474527	0.776344305895556	0.773106385828403
0.839458870023974	0.816341407589203	0.799284825279793	0.796250993884535	0.794504606146501	0.79349289491094	0.791575755527212	0.786107516769699	0.783908079285368	0.78367946231149	0.781779984419105	0.780520118493471	0.779894272746754
0.931266288669795	0.929265207378614	0.92600500700476	0.925865669971913	0.924085196838124	0.923265168473499	0.919366388035055	0.915313583732347	0.912727910505311	0.902531383526589	0.87707439646083	0.86096755545926	0.856666519962788
0.823078692418847	0.81662719989966	0.804111398461242	0.803999035317854	0.796312667321728	0.796159301128368	0.795318581681455	0.787672578424332	0.785651493836103	0.785320237449144	0.78344116147775	0.782205052972315	0.780913638750409
0.822160459064903	0.814096093415919	0.807354876187863	0.806631961185565	0.798372593875567	0.796409112225262	0.7926068593453	0.791645062628515	0.791418707461364	0.789802570099628	0.788511219951804	0.786471771272653	0.782712323838346
0.881957587937201	0.877349378994925	0.85541690317572	0.815053649681762	0.8122717429403	0.811721531644345	0.80823178883736	0.807720071582366	0.806201371721083	0.798981469409038	0.783341322780292	0.774211954822209	0.769831032077268
0.960098705106531	0.921040321473072	0.915662227810241	0.900980781765197	0.898872169741715	0.894847769838355	0.894463838913826	0.892559040377087	0.890575397569503	0.878390580456547	0.852505929370742	0.832628724712133	0.826076769099758
0.827423152132765	0.825326862734574	0.824298450000194	0.821742899624013	0.821511653156949	0.815104997871975	0.813027237197873	0.810812414081391	0.801544828958142	0.796164461754837	0.754139093037917	0.723287634700537	0.702659396652815
0.916303222852264	0.908890842224591	0.90779339010061	0.907699297617377	0.905688611525651	0.902504030124763	0.900665782825944	0.899261620383333	0.89545610713412	0.894085224242749	0.874850815331653	0.861242942002301	0.856785353513426
0.893458501848916	0.877960907919871	0.851383621954445	0.810285327719586	0.808368646934234	0.808039851342846	0.804440656549114	0.803958282711064	0.802276020215586	0.792557832479344	0.775024909179068	0.763734753352225	0.758655825645364
0.945827412086979	0.945751534867597	0.943995466197809	0.941800631325392	0.940628612193388	0.940219708672222	0.938996974145407	0.938597816798703	0.930734679134528	0.921359758049609	0.915640003297054	0.883859363446226	0.870620891048411
0.945827412086979	0.945751534867597	0.943995466197809	0.941800631325392	0.940628612193388	0.940219708672222	0.938996974145407	0.938597816798703	0.930734679134528	0.921359758049609	0.915640003297054	0.883859363446226	0.870620891048411
0.916151370478096	0.914653973197595	0.912490650692821	0.909090266454736	0.908398010212187	0.907376327656593	0.906413037251184	0.900136288335919	0.889748339701508	0.880880558735036	0.876754521815519	0.867148632667402	0.858354241883715
0.945827412086979	0.945751534867597	0.943995466197809	0.941800631325392	0.940628612193388	0.940219708672222	0.938996974145407	0.938597816798703	0.930734679134528	0.921359758049609	0.915640003297054	0.883859363446226	0.870620891048411
0.877298298239824	0.863337688951254	0.862813401676006	0.86106825752311	0.856023170818309	0.855453667123962	0.850330243898104	0.847102749010257	0.84181586090226	0.838487309323884	0.834189841958083	0.826488535716821	0.822566168961681
0.945827412086979	0.945751534867597	0.943995466197809	0.941800631325392	0.940628612193388	0.940219708672222	0.938996974145407	0.938597816798703	0.930734679134528	0.921359758049609	0.915640003297054	0.883859363446226	0.870620891048411
0.945827412086979	0.945751534867597	0.943995466197809	0.941800631325392	0.940628612193388	0.940219708672222	0.938996974145407	0.938597816798703	0.930734679134528	0.921359758049609	0.915640003297054	0.883859363446226	0.870620891048411
0.889622302184166	0.867663207248079	0.862143492707406	0.83726436975156	0.837166110105687	0.832540292120174	0.82756211462011	0.827414161462557	0.824310790768328	0.816755734182835	0.798958603436461	0.788575331224377	0.783069759624659
0.945827412086979	0.945751534867597	0.943995466197809	0.941800631325392	0.940628612193388	0.940219708672222	0.938996974145407	0.938597816798703	0.930734679134528	0.921359758049609	0.915640003297054	0.883859363446226	0.870620891048411
0.945827412086979	0.945751534867597	0.943995466197809	0.941800631325392	0.940628612193388	0.940219708672222	0.938996974145407	0.938597816798703	0.930734679134528	0.921359758049609	0.915640003297054	0.883859363446226	0.870620891048411
0.911101251300396	0.901411601005014	0.893260247940099	0.893029396503204	0.889411549826502	0.888845841644675	0.886520138305165	0.883187219112597	0.875618813962831	0.868620170122004	0.856427978661563	0.855868749393318	0.85092688813791
0.940223009053264	0.910916572707367	0.910134497354118	0.906803247368564	0.905253588821513	0.904164572438239	0.903977147819816	0.901272848396542	0.900508326844857	0.896992520074139	0.889621081676976	0.883859363446226	0.870620891048411
0.945827412086979	0.945751534867597	0.943995466197809	0.941800631325392	0.940628612193388	0.940219708672222	0.938996974145407	0.938597816798703	0.930734679134528	0.921359758049609	0.915640003297054	0.883859363446226	0.870620891048411
0.897793114168477	0.866569329486937	0.863594787967467	0.860891726059643	0.856402020689511	0.855948949013692	0.853637937211365	0.851677323400296	0.845521134631387	0.842543826056198	0.823834040109501	0.80995614636356	0.803856831816326
0.945827412086979	0.945751534867597	0.943995466197809	0.941800631325392	0.940628612193388	0.940219708672222	0.938996974145407	0.938597816798703	0.930734679134528	0.921359758049609	0.915640003297054	0.883859363446226	0.870620891048411
0.945827412086979	0.945751534867597	0.943995466197809	0.941800631325392	0.940628612193388	0.940219708672222	0.938996974145407	0.938597816798703	0.930734679134528	0.921359758049609	0.915640003297054	0.883859363446226	0.870620891048411
0.906311078368799	0.885021615966261	0.867706129391842	0.867230102344449	0.863178614508177	0.857428415867706	0.857070995163105	0.856728526532668	0.854271472103671	0.846689403967832	0.822888615647029	0.809008031857491	0.803920757996466
0.945827412086979	0.945751534867597	0.943995466197809	0.941800631325392	0.940628612193388	0.940219708672222	0.938996974145407	0.938597816798703	0.930734679134528	0.921359758049609	0.915640003297054	0.883859363446226	0.870620891048411
0.945827412086979	0.945751534867597	0.943995466197809	0.941800631325392	0.940628612193388	0.940219708672222	0.938996974145407	0.938597816798703	0.930734679134528	0.921359758049609	0.915640003297054	0.883859363446226	0.870620891048411
0.908990225809448	0.879935186388361	0.878436628842539	0.851018771653636	0.846575515860273	0.845260799764802	0.841986690501171	0.840198375695414	0.83769794688077	0.830495546776713	0.813963098356977	0.802072210437715	0.795972448773885
0.945827412086979	0.945751534867597	0.943995466197809	0.941800631325392	0.940628612193388	0.940219708672222	0.938996974145407	0.938597816798703	0.930734679134528	0.921359758049609	0.915640003297054	0.883859363446226	0.870620891048411
0.928342275281989	0.882107350412446	0.87358733729841	0.872912048077082	0.872264278744969	0.870252768784808	0.870034867436319	0.866012505246026	0.858809195639568	0.856553164308993	0.842517187217979	0.834403305096938	0.830769115455965
0.920013126231332	0.890001898131418	0.883575887961247	0.8812603749448	0.875005577257628	0.873720469209436	0.872757968715592	0.872641111718304	0.867973485095432	0.860901782321021	0.853832832729391	0.838861620175626	0.832426959684749
0.972274218298639	0.914290601125951	0.907226531506518	0.904079079967067	0.903502121576571	0.901698717919835	0.900812806467294	0.900374041378219	0.894761619469237	0.882627239134377	0.872207042796311	0.869569361709763	0.864072858555366
0.902571634442425	0.889526241105691	0.889140938298293	0.885675503525508	0.880780544256034	0.874319912955214	0.871378642179966	0.870877002582047	0.865733941596221	0.862021070507744	0.860808508501059	0.858095475310288	0.857512581197942
0.928342275281989	0.882107350412446	0.87358733729841	0.872912048077082	0.872264278744969	0.870252768784808	0.870034867436319	0.866012505246026	0.858809195639568	0.856553164308993	0.842517187217979	0.834403305096938	0.830769115455965
0.917281526302772	0.911180385497302	0.907819531668357	0.905613847755442	0.905342440979011	0.90180156569727	0.899631686780543	0.891093990880039	0.888611934024637	0.87859042771964	0.878582154960238	0.873514106310256	0.863834642680206
0.938405151346617	0.892671691201345	0.868017400539389	0.835654252848465	0.832454878333262	0.831568744287731	0.828570442222213	0.826976939691683	0.825881416659385	0.824848572800252	0.820320926844621	0.815648754168608	0.814168111499001
0.945827412086979	0.945751534867597	0.943995466197809	0.941800631325392	0.940628612193388	0.940219708672222	0.938996974145407	0.938597816798703	0.930734679134528	0.921359758049609	0.915640003297054	0.883859363446226	0.870620891048411
0.843248868167842	0.829378390706979	0.816967318711445	0.797699392640337	0.796987678238527	0.793504122899434	0.789607901214858	0.77916705470706	0.776950883302609	0.776072895682117	0.771750053195425	0.767665854882121	0.763264309794556
0.945827412086979	0.945751534867597	0.943995466197809	0.941800631325392	0.940628612193388	0.940219708672222	0.938996974145407	0.938597816798703	0.930734679134528	0.921359758049609	0.915640003297054	0.883859363446226	0.870620891048411
0.917281526302772	0.911180385497302	0.907819531668357	0.905613847755442	0.905342440979011	0.90180156569727	0.899631686780543	0.891093990880039	0.888611934024637	0.87859042771964	0.878582154960238	0.873514106310256	0.863834642680206
0.945827412086979	0.945751534867597	0.943995466197809	0.941800631325392	0.940628612193388	0.940219708672222	0.938996974145407	0.938597816798703	0.930734679134528	0.921359758049609	0.915640003297054	0.883859363446226	0.870620891048411
0.945827412086979	0.945751534867597	0.943995466197809	0.941800631325392	0.940628612193388	0.940219708672222	0.938996974145407	0.938597816798703	0.930734679134528	0.921359758049609	0.915640003297054	0.883859363446226	0.870620891048411
0.945827412086979	0.945751534867597	0.943995466197809	0.941800631325392	0.940628612193388	0.940219708672222	0.938996974145407	0.938597816798703	0.930734679134528	0.921359758049609	0.915640003297054	0.883859363446226	0.870620891048411
0.945827412086979	0.945751534867597	0.943995466197809	0.941800631325392	0.940628612193388	0.940219708672222	0.938996974145407	0.938597816798703	0.930734679134528	0.921359758049609	0.915640003297054	0.883859363446226	0.870620891048411
0.945827412086979	0.945751534867597	0.943995466197809	0.941800631325392	0.940628612193388	0.940219708672222	0.938996974145407	0.938597816798703	0.930734679134528	0.921359758049609	0.915640003297054	0.883859363446226	0.870620891048411
0.940223009053264	0.910916572707367	0.910134497354118	0.906803247368564	0.905253588821513	0.904164572438239	0.903977147819816	0.901272848396542	0.900508326844857	0.896992520074139	0.889621081676976	0.883859363446226	0.870620891048411
0.912326820863279	0.885714992860106	0.883092517154917	0.872462849730441	0.86448388447456	0.863975200001549	0.860407735741874	0.859045380108882	0.857970043108051	0.852451922663127	0.838675327947198	0.828970190316624	0.823189723965293
0.945827412086979	0.945751534867597	0.943995466197809	0.941800631325392	0.940628612193388	0.940219708672222	0.938996974145407	0.938597816798703	0.930734679134528	0.921359758049609	0.915640003297054	0.883859363446226	0.870620891048411
0.913834586377213	0.875406170239062	0.87290975655528	0.865828199796455	0.865043450890986	0.862263854404492	0.861326016124305	0.857383855786686	0.855669863355275	0.854542994919879	0.834303625118623	0.823012700493912	0.817229525784564
0.945827412086979	0.945751534867597	0.943995466197809	0.941800631325392	0.940628612193388	0.940219708672222	0.938996974145407	0.938597816798703	0.930734679134528	0.921359758049609	0.915640003297054	0.883859363446226	0.870620891048411
0.917281526302772	0.911180385497302	0.907819531668357	0.905613847755442	0.905342440979011	0.90180156569727	0.899631686780543	0.891093990880039	0.888611934024637	0.87859042771964	0.878582154960238	0.873514106310256	0.863834642680206
0.928342275281989	0.882107350412446	0.87358733729841	0.872912048077082	0.872264278744969	0.870252768784808	0.870034867436319	0.866012505246026	0.858809195639568	0.856553164308993	0.842517187217979	0.834403305096938	0.830769115455965
0.95301710884177	0.883664721537456	0.883134243438565	0.882888602430252	0.882396059501767	0.881276914458574	0.877787859374217	0.872420653430774	0.868323376341604	0.86810751978688	0.857802703002454	0.853979962249062	0.852222461320142
0.917281526302772	0.911180385497302	0.907819531668357	0.905613847755442	0.905342440979011	0.90180156569727	0.899631686780543	0.891093990880039	0.888611934024637	0.87859042771964	0.878582154960238	0.873514106310256	0.863834642680206
0.945827412086979	0.945751534867597	0.943995466197809	0.941800631325392	0.940628612193388	0.940219708672222	0.938996974145407	0.938597816798703	0.930734679134528	0.921359758049609	0.915640003297054	0.883859363446226	0.870620891048411
0.945827412086979	0.945751534867597	0.943995466197809	0.941800631325392	0.940628612193388	0.940219708672222	0.938996974145407	0.938597816798703	0.930734679134528	0.921359758049609	0.915640003297054	0.883859363446226	0.870620891048411
0.945827412086979	0.945751534867597	0.943995466197809	0.941800631325392	0.940628612193388	0.940219708672222	0.938996974145407	0.938597816798703	0.930734679134528	0.921359758049609	0.915640003297054	0.883859363446226	0.870620891048411
0.945827412086979	0.945751534867597	0.943995466197809	0.941800631325392	0.940628612193388	0.940219708672222	0.938996974145407	0.938597816798703	0.930734679134528	0.921359758049609	0.915640003297054	0.883859363446226	0.870620891048411
0.945827412086979	0.945751534867597	0.943995466197809	0.941800631325392	0.940628612193388	0.940219708672222	0.938996974145407	0.938597816798703	0.930734679134528	0.921359758049609	0.915640003297054	0.883859363446226	0.870620891048411
0.945827412086979	0.945751534867597	0.943995466197809	0.941800631325392	0.940628612193388	0.940219708672222	0.938996974145407	0.938597816798703	0.930734679134528	0.921359758049609	0.915640003297054	0.883859363446226	0.870620891048411
0.945827412086979	0.945751534867597	0.943995466197809	0.941800631325392	0.940628612193388	0.940219708672222	0.938996974145407	0.938597816798703	0.930734679134528	0.921359758049609	0.915640003297054	0.883859363446226	0.870620891048411
0.945827412086979	0.945751534867597	0.943995466197809	0.941800631325392	0.940628612193388	0.940219708672222	0.938996974145407	0.938597816798703	0.930734679134528	0.921359758049609	0.915640003297054	0.883859363446226	0.870620891048411
0.911778250156027	0.911767162181688	0.90902755778955	0.907176310640391	0.907165176245495	0.903791249299843	0.901611163231834	0.901459508696148	0.892680116416322	0.883756105959304	0.878626922986897	0.864225827136463	0.857548771586323
0.945827412086979	0.945751534867597	0.943995466197809	0.941800631325392	0.940628612193388	0.940219708672222	0.938996974145407	0.938597816798703	0.930734679134528	0.921359758049609	0.915640003297054	0.883859363446226	0.870620891048411
0.945827412086979	0.945751534867597	0.943995466197809	0.941800631325392	0.940628612193388	0.940219708672222	0.938996974145407	0.938597816798703	0.930734679134528	0.921359758049609	0.915640003297054	0.883859363446226	0.870620891048411
0.945827412086979	0.945751534867597	0.943995466197809	0.941800631325392	0.940628612193388	0.940219708672222	0.938996974145407	0.938597816798703	0.930734679134528	0.921359758049609	0.915640003297054	0.883859363446226	0.870620891048411
0.923225007717496	0.905483789048713	0.882882507398468	0.881545643256748	0.879407993112393	0.878407547374158	0.874966752127032	0.871338147889759	0.869476807766417	0.860588454450443	0.840968624531152	0.826123671425736	0.820643512536269
0.920013126231332	0.890001898131418	0.883575887961247	0.8812603749448	0.875005577257628	0.873720469209436	0.872757968715592	0.872641111718304	0.867973485095432	0.860901782321021	0.853832832729391	0.838861620175626	0.832426959684749
0.945827412086979	0.945751534867597	0.943995466197809	0.941800631325392	0.940628612193388	0.940219708672222	0.938996974145407	0.938597816798703	0.930734679134528	0.921359758049609	0.915640003297054	0.883859363446226	0.870620891048411
0.945827412086979	0.945751534867597	0.943995466197809	0.941800631325392	0.940628612193388	0.940219708672222	0.938996974145407	0.938597816798703	0.930734679134528	0.921359758049609	0.915640003297054	0.883859363446226	0.870620891048411
0.945827412086979	0.945751534867597	0.943995466197809	0.941800631325392	0.940628612193388	0.940219708672222	0.938996974145407	0.938597816798703	0.930734679134528	0.921359758049609	0.915640003297054	0.883859363446226	0.870620891048411
0.945827412086979	0.945751534867597	0.943995466197809	0.941800631325392	0.940628612193388	0.940219708672222	0.938996974145407	0.938597816798703	0.930734679134528	0.921359758049609	0.915640003297054	0.883859363446226	0.870620891048411
0.940223009053264	0.910916572707367	0.910134497354118	0.906803247368564	0.905253588821513	0.904164572438239	0.903977147819816	0.901272848396542	0.900508326844857	0.896992520074139	0.889621081676976	0.883859363446226	0.870620891048411
0.945827412086979	0.945751534867597	0.943995466197809	0.941800631325392	0.940628612193388	0.940219708672222	0.938996974145407	0.938597816798703	0.930734679134528	0.921359758049609	0.915640003297054	0.883859363446226	0.870620891048411
0.913282893828247	0.911030686291295	0.904072793546643	0.896516749193509	0.88780103650767	0.887284247188914	0.884021442254119	0.882333181842002	0.881738945793244	0.872420656909997	0.870391876601665	0.861306418857135	0.856299084720063
0.977539737786723	0.943787968034037	0.923100361596655	0.910630691292004	0.903126504238536	0.901308044186523	0.89593163628902	0.894669572147389	0.892589332858587	0.890572797869746	0.87718792618848	0.864332059753303	0.859126690888605
0.951642470884652	0.938981051301647	0.938613839868925	0.937678607699392	0.933120323501694	0.931781164721072	0.926233298441258	0.924814317897119	0.920242916605726	0.916965802835941	0.897273557162903	0.87821555888489	0.871252617036298
0.891901453198194	0.880083104519938	0.871576846794972	0.869551164477658	0.867191352033478	0.864036305199744	0.861694172767956	0.85809710280975	0.856610121219224	0.847108880304542	0.827549409962661	0.81273172835515	0.806548343742502
0.926918189142226	0.913746665272334	0.890067977159863	0.887140982648005	0.884560612278092	0.882723028346513	0.881468365274094	0.8762945056667	0.874317158872025	0.871557041023005	0.852791599123334	0.834951407251284	0.827827659682999
0.913691733922753	0.892397824085589	0.88847708215967	0.882038846321489	0.876607583572195	0.873953941645489	0.869382514861454	0.868364614326905	0.863282876532932	0.853353959928037	0.833368450707413	0.819038218005346	0.813062753075114
0.962197580783454	0.937292145200735	0.890158429091	0.856667099751888	0.853875971391945	0.852463043935753	0.851280914381766	0.850034391552607	0.849864118585929	0.837944979188387	0.815408300125417	0.79928401464395	0.79373599000217
0.942666499670869	0.912111502492452	0.881293639165007	0.838196843139768	0.836146825406382	0.834779769473908	0.83253379009556	0.830250852165611	0.830248881293453	0.828948855413175	0.82385656150868	0.819988081276215	0.819124816982478
0.937193246208852	0.914692066373729	0.873601581937135	0.844110232820553	0.841433124127519	0.839980731195871	0.837806688091957	0.834317391649884	0.833300899712925	0.832768461313216	0.829397001649227	0.824681320292347	0.824523325311789
0.942666499670869	0.912111502492452	0.881293639165007	0.838196843139768	0.836146825406382	0.834779769473908	0.83253379009556	0.830250852165611	0.830248881293453	0.828948855413175	0.82385656150868	0.819988081276215	0.819124816982478
0.937193246208852	0.914692066373729	0.873601581937135	0.844110232820553	0.841433124127519	0.839980731195871	0.837806688091957	0.834317391649884	0.833300899712925	0.832768461313216	0.829397001649227	0.824681320292347	0.824523325311789
0.956465577653253	0.922713807900567	0.86863390994275	0.866851747902813	0.866323032656053	0.86464866570462	0.864076114768796	0.860076760924383	0.859264756887765	0.855153830795876	0.850843181618377	0.848132527906854	0.832521441899528
0.942666499670869	0.912111502492452	0.881293639165007	0.838196843139768	0.836146825406382	0.834779769473908	0.83253379009556	0.830250852165611	0.830248881293453	0.828948855413175	0.82385656150868	0.819988081276215	0.819124816982478
0.892459222716978	0.874220406314212	0.85366115974797	0.838983569743277	0.837291543534449	0.835814952678189	0.834450014785307	0.83205486667459	0.830481663298746	0.830365648770961	0.828943740640417	0.824254524492912	0.819988081276215
0.942666499670869	0.912111502492452	0.881293639165007	0.838196843139768	0.836146825406382	0.834779769473908	0.83253379009556	0.830250852165611	0.830248881293453	0.828948855413175	0.82385656150868	0.819988081276215	0.819124816982478
0.942666499670869	0.912111502492452	0.881293639165007	0.838196843139768	0.836146825406382	0.834779769473908	0.83253379009556	0.830250852165611	0.830248881293453	0.828948855413175	0.82385656150868	0.819988081276215	0.819124816982478
0.942666499670869	0.912111502492452	0.881293639165007	0.838196843139768	0.836146825406382	0.834779769473908	0.83253379009556	0.830250852165611	0.830248881293453	0.828948855413175	0.82385656150868	0.819988081276215	0.819124816982478
0.93689904858087	0.918883427940412	0.913271478159196	0.912053687669628	0.910537478756438	0.90914548207503	0.90498221503096	0.903487928290215	0.901587789629381	0.898694719938327	0.88083767941388	0.865190991843497	0.857944393858605
0.944376228130114	0.939433615315292	0.938502494604982	0.938343120208971	0.938189790098426	0.937822021773683	0.937290233037127	0.933806453345763	0.921705534379546	0.912347076011821	0.907613241818424	0.902174566313766	0.901170328480063
0.944376228130114	0.939433615315292	0.938502494604982	0.938343120208971	0.938189790098426	0.937822021773683	0.937290233037127	0.933806453345763	0.921705534379546	0.912347076011821	0.907613241818424	0.902174566313766	0.901170328480063
0.944376228130114	0.939433615315292	0.938502494604982	0.938343120208971	0.938189790098426	0.937822021773683	0.937290233037127	0.933806453345763	0.921705534379546	0.912347076011821	0.907613241818424	0.902174566313766	0.901170328480063
0.944376228130114	0.939433615315292	0.938502494604982	0.938343120208971	0.938189790098426	0.937822021773683	0.937290233037127	0.933806453345763	0.921705534379546	0.912347076011821	0.907613241818424	0.902174566313766	0.901170328480063
0.944376228130114	0.939433615315292	0.938502494604982	0.938343120208971	0.938189790098426	0.937822021773683	0.937290233037127	0.933806453345763	0.921705534379546	0.912347076011821	0.907613241818424	0.902174566313766	0.901170328480063
0.944376228130114	0.939433615315292	0.938502494604982	0.938343120208971	0.938189790098426	0.937822021773683	0.937290233037127	0.933806453345763	0.921705534379546	0.912347076011821	0.907613241818424	0.902174566313766	0.901170328480063
0.89944416984636	0.896077815415668	0.892242311841107	0.889905905217666	0.888947906530655	0.882539658049518	0.881189115903677	0.873984424310127	0.871866051644829	0.85595949986756	0.84709470968995	0.843932433734169	0.813875600708022
0.890386966064	0.883935473544813	0.862589481562757	0.861110460500771	0.860213775088479	0.855113011054729	0.850986204937981	0.846739884393147	0.842317919332502	0.828292995816007	0.809279363059556	0.799896818812933	0.797009471282161
1.00923534689175	0.987632683118892	0.960604121781347	0.951786585748948	0.94934084828813	0.946475021778767	0.940865402640411	0.940401494111492	0.935766880397999	0.916091376304862	0.901001012944995	0.900222062795637	0.893381720927223
0.913828320942781	0.89250026435061	0.891041329987456	0.886566832908617	0.885401930377878	0.877146497831209	0.875100079881225	0.871117223089525	0.863876319389809	0.862500398713626	0.84509717535201	0.833593470085063	0.828361013319753
1.00923534689175	0.987632683118892	0.960604121781347	0.951786585748948	0.94934084828813	0.946475021778767	0.940865402640411	0.940401494111492	0.935766880397999	0.916091376304862	0.901001012944995	0.900222062795637	0.893381720927223
1.00923534689175	0.987632683118892	0.960604121781347	0.951786585748948	0.94934084828813	0.946475021778767	0.940865402640411	0.940401494111492	0.935766880397999	0.916091376304862	0.901001012944995	0.900222062795637	0.893381720927223
1.00923534689175	0.987632683118892	0.960604121781347	0.951786585748948	0.94934084828813	0.946475021778767	0.940865402640411	0.940401494111492	0.935766880397999	0.916091376304862	0.901001012944995	0.900222062795637	0.893381720927223
1.00923534689175	0.987632683118892	0.960604121781347	0.951786585748948	0.94934084828813	0.946475021778767	0.940865402640411	0.940401494111492	0.935766880397999	0.916091376304862	0.901001012944995	0.900222062795637	0.893381720927223
0.924135149584682	0.919664119021653	0.915494559350459	0.912856786141747	0.90808008491265	0.904040141919047	0.900049255317492	0.896877112909764	0.88883864609862	0.875214314008027	0.867586047180724	0.864179941434116	0.826751625834624
0.90169383914458	0.890941351612602	0.867565023663211	0.867000458076723	0.860324821267366	0.859298505262619	0.856421937509474	0.856420410601439	0.852407939167211	0.839699805185985	0.822534706607402	0.81619056499721	0.814107601665483
0.924135149584682	0.919664119021653	0.915494559350459	0.912856786141747	0.90808008491265	0.904040141919047	0.900049255317492	0.896877112909764	0.88883864609862	0.875214314008027	0.867586047180724	0.864179941434116	0.826751625834624
0.978788096753277	0.956286916918153	0.913495861881132	0.912710585787032	0.909652655323332	0.907598898938288	0.900485348621807	0.898085432142554	0.895775065971213	0.88724226805483	0.871138098679852	0.853097352476885	0.846526622534438
0.941437609512403	0.915052773550646	0.909045035413981	0.907492158946335	0.907356189296571	0.903491236526565	0.899104854351129	0.896909011375272	0.89511194148856	0.886514419368524	0.872560769270167	0.856169215861993	0.849886607462368
0.939164945799558	0.923036214501591	0.900621297123807	0.883402019680375	0.881270774672773	0.879101912052979	0.872213360106814	0.870660867233868	0.868220775259143	0.856289724419602	0.839835671880582	0.835084853651019	0.834303634367127
0.95995183236706	0.95315742364345	0.93912025764578	0.933253839492967	0.927539857310279	0.923678329505681	0.92142825518081	0.915251103782999	0.914277298227336	0.913850876716901	0.913537366482101	0.913417605492701	0.893655431965186
0.919107499920514	0.90908498623006	0.895993023167026	0.879690762063732	0.879241084729356	0.872937105879872	0.865461693168343	0.861937530248108	0.85902458972099	0.84587205617245	0.828802051951348	0.821129552256837	0.818952137538176
0.931338458538992	0.923289379863147	0.913645695404816	0.883265601411829	0.881220508258162	0.874416870061725	0.859051345414213	0.854040342324733	0.84811213501065	0.836050214449799	0.826198500644344	0.824413577181892	0.821837097265265
0.956467486107323	0.94871677385742	0.947848581808386	0.944112338276508	0.943037002531602	0.942880539514754	0.937782053905528	0.931428984559043	0.929914823058053	0.914507865503311	0.905833965943801	0.902029345713947	0.898267512196669
0.956467486107323	0.94871677385742	0.947848581808386	0.944112338276508	0.943037002531602	0.942880539514754	0.937782053905528	0.931428984559043	0.929914823058053	0.914507865503311	0.905833965943801	0.902029345713947	0.898267512196669
0.870596059802672	0.865669425687353	0.862601839149443	0.859160659560723	0.859156076085073	0.855468236757436	0.850767042851693	0.850491282815127	0.847115535096774	0.840326837838045	0.8389160770634	0.837370071035065	0.778190813675555
1.0083042908729	1.00622712210487	0.991000226076665	0.989403598982451	0.989398289315255	0.98903440505785	0.985059986057212	0.983989417924909	0.980447031463175	0.970782460064969	0.953257175144633	0.94294709589486	0.940852423187867
1.0083042908729	1.00622712210487	0.991000226076665	0.989403598982451	0.989398289315255	0.98903440505785	0.985059986057212	0.983989417924909	0.980447031463175	0.970782460064969	0.953257175144633	0.94294709589486	0.940852423187867
0.931123158283416	0.930368900562835	0.919218083971011	0.903329003255871	0.901228542899819	0.90050061589894	0.895727047815891	0.894285287802673	0.892619880223483	0.888659097435882	0.882138790897929	0.873176452786973	0.86996488148067
0.967985783057245	0.967698932598092	0.955954343701845	0.9547437691102	0.947505302880282	0.942763198315175	0.942193629969898	0.939237314877334	0.928736764946889	0.911833826083393	0.901651541068753	0.900112645248531	0.896837545817374
1.00867659033957	0.99772657569481	0.979735447905825	0.968338041593383	0.963085567197118	0.948357250995718	0.947163337665675	0.936434033095105	0.932420349515821	0.919413952858556	0.896899872958598	0.876583305910166	0.870651873918984
1.01956798971539	0.996116508421259	0.991691740447139	0.986072637930605	0.963915358442924	0.963671502115047	0.949596077719998	0.946509849614653	0.933569453300138	0.924064850146592	0.91260963420766	0.894141853402817	0.88883454076345
1.00867659033957	0.99772657569481	0.979735447905825	0.968338041593383	0.963085567197118	0.948357250995718	0.947163337665675	0.936434033095105	0.932420349515821	0.919413952858556	0.896899872958598	0.876583305910166	0.870651873918984
1.01956798971539	0.996116508421259	0.991691740447139	0.986072637930605	0.963915358442924	0.963671502115047	0.949596077719998	0.946509849614653	0.933569453300138	0.924064850146592	0.91260963420766	0.894141853402817	0.88883454076345
1.01956798971539	0.996116508421259	0.991691740447139	0.986072637930605	0.963915358442924	0.963671502115047	0.949596077719998	0.946509849614653	0.933569453300138	0.924064850146592	0.91260963420766	0.894141853402817	0.88883454076345
0.968860232430519	0.964952153203578	0.962291412051249	0.951709066584309	0.9489266982415	0.941872396830646	0.9387998745665	0.937893398397164	0.929372828680637	0.919005975308613	0.907062475210909	0.902561047989919	0.878992608162426
1.09328833053254	1.05413440249013	1.03164857122162	1.00771865076071	0.99998253561019	0.99869044974716	0.997618805447059	0.996353371088467	0.988928363835178	0.977309641930974	0.956694898316119	0.936355837411425	0.93037822266478
1.09328833053254	1.05413440249013	1.03164857122162	1.00771865076071	0.99998253561019	0.99869044974716	0.997618805447059	0.996353371088467	0.988928363835178	0.977309641930974	0.956694898316119	0.936355837411425	0.93037822266478
1.09328833053254	1.05413440249013	1.03164857122162	1.00771865076071	0.99998253561019	0.99869044974716	0.997618805447059	0.996353371088467	0.988928363835178	0.977309641930974	0.956694898316119	0.936355837411425	0.93037822266478
1.09328833053254	1.05413440249013	1.03164857122162	1.00771865076071	0.99998253561019	0.99869044974716	0.997618805447059	0.996353371088467	0.988928363835178	0.977309641930974	0.956694898316119	0.936355837411425	0.93037822266478
1.09328833053254	1.05413440249013	1.03164857122162	1.00771865076071	0.99998253561019	0.99869044974716	0.997618805447059	0.996353371088467	0.988928363835178	0.977309641930974	0.956694898316119	0.936355837411425	0.93037822266478
1.09328833053254	1.05413440249013	1.03164857122162	1.00771865076071	0.99998253561019	0.99869044974716	0.997618805447059	0.996353371088467	0.988928363835178	0.977309641930974	0.956694898316119	0.936355837411425	0.93037822266478
1.09328833053254	1.05413440249013	1.03164857122162	1.00771865076071	0.99998253561019	0.99869044974716	0.997618805447059	0.996353371088467	0.988928363835178	0.977309641930974	0.956694898316119	0.936355837411425	0.93037822266478
1.09328833053254	1.05413440249013	1.03164857122162	1.00771865076071	0.99998253561019	0.99869044974716	0.997618805447059	0.996353371088467	0.988928363835178	0.977309641930974	0.956694898316119	0.936355837411425	0.93037822266478
1.09328833053254	1.05413440249013	1.03164857122162	1.00771865076071	0.99998253561019	0.99869044974716	0.997618805447059	0.996353371088467	0.988928363835178	0.977309641930974	0.956694898316119	0.936355837411425	0.93037822266478
1.09328833053254	1.05413440249013	1.03164857122162	1.00771865076071	0.99998253561019	0.99869044974716	0.997618805447059	0.996353371088467	0.988928363835178	0.977309641930974	0.956694898316119	0.936355837411425	0.93037822266478
1.09328833053254	1.05413440249013	1.03164857122162	1.00771865076071	0.99998253561019	0.99869044974716	0.997618805447059	0.996353371088467	0.988928363835178	0.977309641930974	0.956694898316119	0.936355837411425	0.93037822266478
1.09328833053254	1.05413440249013	1.03164857122162	1.00771865076071	0.99998253561019	0.99869044974716	0.997618805447059	0.996353371088467	0.988928363835178	0.977309641930974	0.956694898316119	0.936355837411425	0.93037822266478
0.876672511590768	0.876219361178777	0.854406520249394	0.830458617964239	0.829838436197664	0.827077256620176	0.820264846822019	0.816449867432946	0.810398159692204	0.804596405180066	0.754139093037917	0.723287634700537	0.555989616217972
0.959086260056918	0.953085239870994	0.941171682359528	0.939079936077299	0.938362990300399	0.937521606922191	0.936954339345183	0.936329761945225	0.934436973432524	0.925669348326074	0.921860841411238	0.917253437525362	0.915006617730973
