15422	0	0	0
15423	0	0	0
15424	0	0	1
15425	1	0	1
15426	0	0	1
15427	1	0	1
15428	0	0	1
15429	1	0	1
15430	1	0	0
15431	1	0	1
15432	1	0	1
15433	1	1	1
15434	1	1	1
15435	1	1	1
15437	1	0	1
15438	0	0	0
15439	1	1	1
15441	1	1	1
15442	0	1	1
15443	1	0	1
15444	1	0	1
15445	1	0	1
15446	0	0	0
15447	0	0	1
15448	1	0	1
15449	1	0	1
15450	1	1	0
15451	1	0	1
15452	0	0	1
15453	1	0	1
15454	1	0	1
15455	0	0	0
15457	1	0	0
15458	1	0	0
15459	0	1	1
15460	1	0	1
15461	0	0	1
15462	1	0	1
15463	1	0	1
15464	1	0	1
15465	1	0	1
15466	0	0	0
15467	1	0	1
15468	1	0	1
15469	1	0	1
15470	1	1	0
15471	0	0	0
15472	1	0	0
15474	1	1	0
15475	0	0	1
15476	0	0	0
15477	1	1	0
15479	1	0	1
15491	1	0	1
15492	0	0	1
15493	0	0	1
15495	0	0	0
15496	1	0	0
15497	1	0	0
15498	1	0	0
15499	0	0	0
15500	0	0	0
15502	1	0	1
15503	1	0	1
15504	0	1	1
15505	0	0	0
15506	0	0	0
15507	0	0	0
15508	0	0	0
15509	0	0	1
15511	1	0	1
15512	1	0	1
15514	1	0	1
15515	1	1	1
15516	1	1	1
15517	1	0	1
15518	1	1	1
15519	1	1	1
15520	1	0	1
15521	0	0	0
15522	1	0	1
15523	1	0	1
15524	1	0	1
15525	1	0	1
15526	1	1	1
15527	1	1	1
15528	1	0	1
15529	1	0	1
15530	1	1	1
15531	1	1	1
15532	1	0	1
15533	1	1	1
15534	1	1	1
15535	1	0	1
15536	1	0	1
15537	1	0	1
15538	1	0	1
15539	1	0	1
15540	1	1	1
15541	1	0	1
15542	1	0	1
15543	1	0	1
15544	1	1	1
15545	1	0	1
15546	1	1	1
15547	1	0	1
15548	1	0	1
15549	0	0	0
15550	1	1	1
15551	0	1	1
15552	1	1	1
15553	1	0	1
15554	1	1	1
15555	1	1	1
15556	1	1	1
15557	1	1	1
15558	1	0	0
15559	1	0	1
15560	1	0	1
15561	0	0	0
15563	1	0	1
15565	1	0	0
15566	0	0	0
15567	0	0	0
15568	1	0	0
15569	0	0	0
15570	1	0	0
15571	0	0	0
15572	1	0	0
15573	0	1	0
15574	0	1	0
15575	0	0	1
15576	1	0	1
15577	1	0	1
15578	0	1	0
15579	0	1	0
15580	1	0	1
15581	1	0	0
15582	1	0	0
15583	0	0	0
15584	1	0	0
15585	1	0	0
15587	0	0	0
15588	0	0	0
15589	1	1	1
15590	1	1	1
15591	1	0	1
15592	1	0	0
15593	1	0	1
15594	0	1	1
15595	1	0	1
15596	1	0	0
15597	0	0	0
15601	0	0	0
15602	1	0	1
15603	1	0	0
15604	1	0	1
15605	1	1	1
15607	0	0	0
15608	0	0	0
15609	0	0	0
15610	1	0	0
15611	1	0	0
15612	0	1	1
15614	0	0	0
15615	1	0	1
15616	0	0	0
15618	1	1	1
15619	1	1	1
15620	1	0	0
15622	0	0	0
15623	0	1	0
15624	1	1	0
15625	1	0	1
15626	1	1	1
15627	1	1	1
15630	1	1	1
15631	1	1	1
15632	0	1	0
15635	0	0	1
15636	1	1	1
15637	0	0	0
15638	0	1	1
15642	0	0	0
15643	1	0	1
15644	0	0	0
15645	0	0	0
15646	1	0	0
15648	1	1	1
15649	0	0	1
15650	1	0	1
15651	1	1	0
15652	1	0	1
15653	0	0	0
15654	1	0	1
15655	1	0	1
15657	0	0	0
15658	0	0	1
15659	1	1	1
15660	1	1	1
15661	1	0	1
15662	1	1	1
15663	1	1	1
15664	1	0	0
15665	0	0	0
15666	1	0	1
15667	0	1	1
15669	0	1	1
15670	1	0	1
15671	1	1	1
15672	0	0	0
15673	0	0	0
15674	0	1	1
15676	0	0	0
15677	1	0	0
15678	1	1	1
15679	1	1	1
15680	1	1	0
15681	1	0	0
15682	0	0	0
15683	0	0	0
15684	1	0	0
15685	1	0	1
15686	0	1	0
15687	0	0	0
15688	1	1	1
15689	0	0	0
15691	1	0	1
15692	1	1	1
15708	1	1	0
15710	1	0	1
15711	1	0	0
15712	0	0	0
15713	1	1	1
15714	1	1	0
15715	1	0	1
15716	0	0	0
15717	1	1	1
15718	0	0	0
15719	1	1	0
15721	1	1	1
15722	1	0	1
15723	1	0	0
15725	0	1	0
15727	0	0	0
15728	1	1	0
15729	0	0	0
15730	1	1	1
15732	1	1	1
15733	1	1	1
15734	1	0	1
15735	1	1	0
15736	1	0	0
15737	1	0	0
15738	1	0	0
15740	0	0	0
15742	1	1	1
15743	1	0	0
15744	0	0	0
15745	1	1	1
15746	1	1	1
15747	1	0	1
15748	0	0	0
15749	1	0	0
15751	1	0	1
15754	0	0	0
15755	1	1	1
15756	0	0	0
15758	0	0	0
15760	0	0	0
15764	1	1	0
15765	1	0	1
15766	0	1	1
15767	1	1	0
15768	1	1	1
15769	1	1	1
15770	1	1	1
15771	1	0	1
15773	0	0	0
15774	0	0	0
15775	1	0	1
15776	0	0	0
