15066	1	0	1
15067	1	0	0.5
15068	0.5	0	0.5
15069	1	0.5	1
15071	0	0.5	1
15072	0.5	0	0
15073	0.5	0	0
15074	0	0	0
15075	0	0	0
15076	1	0	0
15077	0	0	0.5
15078	1	0	0
15083	0	0	0
15084	0	0	0
15089	0.5	0	0.5
15090	0.5	0	0
15091	0	0	0
15092	0.5	0	0.5
15097	0	0	0
15098	1	0	0.5
15100	0.5	0	0.5
15101	0	0.5	1
15103	1	0	1
15104	1	1	0
15106	1	0.5	0
15108	0	0	0
15109	0	0	0
15112	0	0	1
15117	0	0	0
15121	1	0	0.5
15125	1	0	0
15127	1	0.5	0
15128	0	0	0
15129	0.5	0	0.5
15130	0	0	0.5
15131	0	0	0
15135	0	0	0
15140	0	0	0
15141	1	0	1
15142	0	0	0
15144	1	0	1
15154	0	0	0
15158	0	0	0
15160	0	0	0
15163	0	0.5	0
15164	0	0	0
15172	0.5	0	1
15180	0	0	1
15181	0	0	0
15182	0	0	0
15184	0	0	0
15187	0	0	0
15189	0	0.5	1
15190	0	0	0
15192	0	0	0
15193	0	0.5	1
15194	1	0	0
15195	0	0	1
15196	0	0	0.5
15197	0	0	0
15200	0	0	0
15201	1	0	0
15203	0	0	0
15206	0	0	0
15209	0.5	0	1
15210	0	0	0
15211	1	0	0.5
15212	1	0	0.5
15213	1	0	0.5
15215	0.5	0	1
15216	0	0	0
15217	0	0	0
15218	0.5	0	0.5
15219	1	0	0.5
15221	0	0	0
15223	1	0.5	0.5
15224	1	0	0
15225	0	0	0
15226	0	0	0
15227	0	0	0
15228	0	0.5	1
15230	0	0	0.5
15231	0	0	1
15235	0.5	0	0.5
15236	0.5	0	0.5
15237	0	0	1
15238	0	0	0
15239	0	0	0
15240	1	0	0.5
15241	1	0	0
15242	1	0	0.5
15243	0	0	0
15244	0.5	1	1
15246	0	1	1
15250	0.5	0.5	0.5
15251	0.5	0	0.5
15252	0	0	0
15253	0	0	1
15254	0	0.5	1
15255	0	0	0.5
15256	0.5	1	1
15257	0	1	1
15258	1	1	0.5
15259	1	0	1
15260	0	0	0
15261	0	0	0
15263	0	0	0
15264	1	0.5	0.5
15271	1	1	1
15272	0	1	1
15273	1	0.5	1
15274	0	1	0.5
15275	0	0	0
15276	0.5	0	1
15278	0	0.5	1
15279	0	0.5	1
15280	0	0	1
15282	1	0.5	1
15283	0	0.5	1
15285	0	0	0
15286	0	1	0
15288	1	1	1
15289	0	0	0
15290	0	0	0.5
15291	1	0	1
15292	0	0.5	0.5
15293	1	0.5	0
15294	0	1	1
15295	0	0	0
15297	0	0	0
15298	0	0	0
15299	0	1	1
15300	1	1	1
15302	0	0	0
15303	0.5	0	1
15304	0.5	1	0
15307	0	0	1
15308	0.5	0.5	0.5
15310	0	0	0
15311	0	0	0
15313	0	0.5	0
15314	0	0	0
15315	0	0	0
15316	1	0.5	1
15317	0	0	0
15318	0.5	1	1
15319	0	0	0.5
15320	0.5	0	0
15322	0	0	0
15324	0.5	0	0.5
15325	0	0	0
15326	1	0	0.5
15327	0.5	1	1
15328	0	0	0
15329	0.5	1	1
15330	1	0	0.5
15331	0.5	1	1
15335	0	0	0
15339	0	0	0
15341	0	0	0
15344	0.5	0	0
15345	1	0	1
15346	0	0	0
15347	0	1	0
15349	0.5	0	0
15350	1	0	1
15351	0.5	0.5	0
15352	0	0	0
15353	1	0.5	1
15355	0.5	0	0
15356	1	0	0
15358	0	0	0
15363	0.5	0	0.5
15364	0	0	0
15366	1	0.5	0.5
15367	1	0	0.5
15368	1	0	0
15370	0	1	0
15371	0.5	0	1
15372	1	0	0.5
15419	1	0	1
15420	0	0	1
15421	0	0	1
15422	0	0	0
15424	0	0	1
15425	0	0	0
15427	0	0	1
15429	1	0	1
15433	0	0	0
15435	0	0	1
15436	1	0.5	1
15438	0	0	0
15440	0	0	0
15442	0	0	1
15443	1	0	1
15444	1	0	1
15445	1	0	0
15446	0	0	0
15447	1	0	0
15450	1	0	0
15451	0	0	0
15452	0	0	0
15453	0	0	0
15454	0	1	0
15460	0	0	0
15461	0	0	0
15463	1	0	0.5
15465	0	0	0
15466	1	0	1
15468	0	0	0
15469	0	0	0
15472	0	0	0
15478	1	1	1
15479	1	0.5	0
15481	0	0	0
15485	1	0	0
15486	1	0	0
15487	1	0	0
15489	0	0	0
15491	1	0	0
15492	1	0	0
15496	1	0	0
15497	0	0	0
15501	0	0	0
15503	0.5	0	0.5
15510	0	0	0
15514	0	0	0
15516	0	0	0
15518	0	0	0
15519	0	0	0
15524	1	0	1
15525	0.5	0.5	0.5
15526	0	0	0
15527	1	0	0.5
15530	0	0	0
15531	0	1	0
15535	0	0	0
15538	1	0	0
15539	1	0	0.5
15540	0	0	0
15542	1	0.5	0.5
15545	0	0	0
15546	1	0.5	1
15547	1	0.5	0.5
15548	0	0	0
15551	0.5	1	1
15552	1	0.5	0.5
15553	1	1	1
15554	0	0	0
15555	1	0	1
15556	1	0.5	0.5
15560	0	0	0
15561	0	0	0
15562	0.5	0	1
15563	0	0	0
15564	0.5	0	0
15567	1	0	0.5
15568	0.5	0.5	1
15570	0	0	0
15571	0	0	0
15572	1	0	0.5
15573	1	0	0
15574	1	0	0.5
15575	1	0	0.5
15576	1	0	0.5
15577	1	0	0.5
15579	1	0	0.5
15581	1	0	0.5
15583	0	0	0
15585	0	0	0
15588	0	0	0
15590	0	0	0
15591	1	0.5	1
15595	0	0	0
15597	0	0	0
15598	0.5	1	0
