15314	1	0.5	0
15317	0	0	0
15318	0	0	0
15320	0.5	1	0
15321	1	0.5	0
15322	0.5	1	0
15323	0.5	1	0
15324	1	0.5	0.5
15325	0	0	0
15327	1	1	0
15328	0	0	0
15330	0	0	0
15331	0	0.5	0
15332	0	0	0
15334	0.5	1	0
15341	0	0	0
15342	0	0	0
15343	1	0.5	0.5
15345	1	0.5	1
15346	0	0	0
15370	0	0	0
15373	0.5	0.5	0.5
15376	0	0	0
15378	0	0.5	0
15379	0	0	0
15381	0	0	0
15382	0.5	0.5	0
15386	0	0	0
15387	0	0	0
15388	0	0	1
15389	0	0	0
15391	1	0.5	0
15397	0	0	0
15400	0.5	0.5	0.5
15402	0	1	0
15406	0	0.5	0
15409	0	0	0
15410	0	0	1
15411	0	0	0
15412	0	0	1
15425	0	0.5	0.5
15428	0.5	0.5	0.5
15431	0.5	0.5	0
15434	0	0	0
15446	0	0	0
15447	0	0	0
15448	0	0	0
15449	0	0	0
15452	0.5	1	0
15456	0	0	0
15458	0	0	0
15465	0	0	0
15466	1	0	0
15468	0	0	0
15471	0	1	0
15472	0	0	0
15475	0	0	0
15476	0	0	0
15481	0.5	0.5	0.5
15482	0.5	0	0.5
15489	0	0	0
15495	0.5	0.5	0.5
15503	0	0	0
15504	0	0	0
15506	1	1	0
15507	0	0	0
15516	0	0	0
15525	0	0	0
15526	1	0	0
15527	1	0	0.5
15528	0	1	0
15529	0	0	0
15539	0	0	0
15544	0	0	0
15547	0	0	0
15549	0	0	0
15551	0	0	0
15552	0	0	1
15559	0	0	0
15565	0	0	0
15575	0	0	0
15578	0	0	0
15579	0.5	0	0
15582	0	0.5	0
15588	0	0	0
15589	0	0	0
15600	0	0	0
15603	0	0	0
15604	0	0	0
15605	0	0	0
15607	0.5	0.5	0
15608	0.5	1	0
15609	0	0	0
15610	0	0	0
15612	0	0	0
15614	0	0	0
15615	0	0	0
15621	0	0	0
15622	1	0	0
15623	0	0	0
15624	0	0	0
15628	1	1	0.5
15629	1	0	0
15632	0.5	0	0
15635	1	0	1
15637	0.5	0.5	1
15643	0.5	0.5	0.5
15644	0	0	0.5
15646	0.5	0.5	0
15647	0	0	1
15648	0	0	0
15657	0.5	0	0.5
15658	1	0	0.5
15660	1	0	0
15661	0	0	0
15666	0	0	0
15668	0	0.5	1
15669	0	0	0
15672	0.5	0	0
15673	0	0	1
15677	1	0	0
15680	0	0	0
15681	0.5	1	1
15683	0	0	0
15684	1	0	1
15687	0	0	0
15688	0	0	0
15690	0	0	0
15692	1	0.5	1
15693	0	0	0
15694	0	0	0
15696	0.5	0.5	1
15697	0	0	0
15698	0	0	0
15705	0	0	0
15708	0	0	0
15709	1	0.5	1
15712	0	0	0
15715	0	0	0
15716	0	0	0
15722	0.5	0	0
15723	0.5	0.5	0
15727	0	0	0
15728	1	1	1
15729	0.5	0.5	0.5
15731	1	0	1
15736	0	0	0
15744	0	0	0
15751	0	0	0
15752	0.5	0	0.5
15753	0.5	0.5	0
15754	0	0	0
15755	0	0	0
15756	0.5	0	0.5
15757	0	0	0
15759	0	0	0
15761	0.5	0	1
15762	0.5	0	1
15763	0.5	0.5	0.5
15764	0.5	0.5	0.5
15765	1	0	1
15768	0.5	0.5	0.5
15770	0	0	0
15776	0.5	1	0
15777	0	0	0
15778	0	0	0
15781	0	0	0
15782	0	0	0
15783	0	0	0.5
15791	0	0	0
15794	0	0	0.5
15795	0	0	0
15804	0	0	0
15807	0	0	0
15810	0	0	0
15812	0	0	0
15813	0.5	0.5	0
15817	0	0	0
15822	0	0	0
15823	0	0	0
15829	0.5	0	1
15830	1	1	1
15831	0	0	0
15832	0	0	0.5
15834	1	0.5	1
15835	1	1	0
15840	1	1	0
15841	1	0	0.5
15855	1	0	1
15857	0.5	0	0.5
15858	0.5	0.5	0.5
15864	0	0	0
15867	0.5	1	0.5
15868	0.5	1	1
15869	0.5	0	0.5
15870	0	0	0
15876	0.5	1	0
15877	0.5	0.5	0.5
15880	1	0	1
15881	1	0	1
15882	0.5	0.5	1
15883	0	0	0
15884	0	0	0
15885	0.5	0.5	0.5
15886	0.5	0	0
15888	1	0	1
15892	0	0	0
15894	0	0	0
15895	1	0.5	0.5
15896	0	0	0
15897	0	0	0
15898	1	0	1
15901	0	0	0
15903	0.5	0	1
15904	0	0	0
15907	0.5	0	0
15908	1	0	0
15910	0.5	1	0.5
15921	0.5	0.5	0
15922	0	0	0
15933	0	0	0
15938	0	0	0
15939	0	0	0
15940	0	0	0
15941	0	0	0
15942	1	0	0
15944	1	0	1
15945	0.5	0.5	0
15946	1	0.5	0.5
15947	1	0	1
15950	0.5	0	1
15951	0	0.5	0
15952	0.5	0	0.5
15956	0.5	0	0
15957	0.5	0.5	0.5
15958	1	0	0.5
15961	0.5	0	0.5
15962	0	0	0
15963	1	1	0.5
15965	1	0.5	0.5
15966	1	0.5	1
15967	1	0.5	0.5
15968	0.5	0.5	0
15971	1	0.5	0.5
15972	0	0	0
15974	0	1	0
15975	0	0	0
15980	1	0	1
15982	0.5	0.5	1
15983	0	0	0
15985	0	0	0
15986	0	0	0
15989	0.5	1	0.5
15990	0.5	1	0.5
15991	0.5	1	0.5
15995	0	0	0
15996	0.5	0.5	0
15998	1	0.5	0
15999	0.5	0	0.5
16001	0.5	1	0.5
16002	0.5	0.5	0
16003	0.5	1	1
16004	0	0	0
16005	0	0	0
16006	1	0.5	0.5
16007	0.5	0.5	0.5
16008	0.5	0	0.5
16009	0	0	0
16010	0.5	0.5	0.5
16011	0	0	1
16012	0	0	0
16013	0.5	0.5	0.5
16014	0.5	0.5	0.5
16015	0.5	1	1
16017	0	0	0
16018	0.5	0	0
16020	0.5	1	0
16021	0.5	0.5	0
16022	1	0	1
16023	0	0	0
16024	1	0.5	0
16025	0.5	0.5	0
16026	0.5	0.5	0
16027	0	0	0
16028	0	0	0
16029	0	1	0.5
16030	0	0	1
16032	0.5	0.5	0.5
16038	0	0.5	0
16039	0	0.5	0
16040	0	0	0
16041	0	0.5	0
16043	1	1	0
16044	0.5	0.5	1
16046	0.5	0.5	0
16047	0.5	0.5	0
16048	0.5	0.5	0
16050	0	0	1
16052	1	0	1
16056	0	0	0
16057	0	0	0
16059	0.5	0	0
16060	0.5	0.5	0.5
16063	0.5	0.5	0
16070	0	0.5	0.5
16076	1	0	0
16077	1	0.5	0
16078	1	0.5	0
16079	0.5	1	0
16081	0.5	0	1
16082	0	0.5	1
16084	1	0	0
16086	1	0	0
16090	1	0	1
16091	1	0.5	0.5
16092	0.5	0	0.5
16093	1	1	0.5
16094	0	0	0
16096	1	0	0.5
16097	0	1	1
16099	1	0.5	0.5
16100	1	0.5	1
16102	1	0.5	1
16104	1	0	1
16105	0.5	1	1
16106	0	0	0
