14596	1	1	0.5
14597	0.5	0.5	0.5
14598	0.5	1	0.5
14599	0	0.5	0.5
14600	1	1	0.5
14602	0	0.5	0.5
14605	0	0	0
14606	1	1	0.5
14607	0.5	1	0.5
14608	0	0	0
14609	0	0	0
14610	0	0	0
14612	0.5	1	0
14613	0	0	0.5
14615	0.5	0.5	1
14616	0	0	0
14617	0.5	1	0.5
14618	0	0.5	0
14619	1	0	1
14622	0	0	0
14623	0	0	0
14624	0	0.5	1
14625	0	0	0
14626	1	0.5	1
14628	1	1	0.5
14629	1	1	0.5
14633	1	0	1
14634	0	0	0
14635	1	0.5	0.5
14636	0	0	0
14637	0	0	0
14638	0	0	0
14639	0	0	0
14640	0	0	0
14641	1	0.5	0.5
14642	0	0	0.5
14643	1	1	0.5
14644	1	1	0.5
14645	1	1	0.5
14648	0.5	1	0
14649	0	0.5	1
14650	1	0.5	1
14651	0	0.5	0.5
14652	0	0.5	0.5
14653	0	0.5	0.5
14654	0.5	1	1
14655	1	0.5	1
14656	0.5	1	0.5
14657	1	1	0.5
14658	1	1	1
14659	0	1	1
14660	1	1	1
14661	1	1	1
14662	0.5	1	0.5
14663	0	0.5	1
14664	0.5	0.5	0.5
14665	1	1	0
14666	1	1	0.5
14667	0	0.5	1
14668	0.5	0.5	0.5
14670	0.5	0.5	0.5
14671	0.5	0.5	0.5
14672	1	0.5	1
14673	0	0.5	1
14674	0.5	0	1
14675	0.5	0.5	0.5
14676	0.5	0.5	0.5
14677	0.5	0.5	0.5
14678	0	0	0
14679	0.5	0.5	0
14681	0	0.5	1
14682	0	0	0.5
14684	0	1	0.5
14685	0	0	0
14686	0	0	1
14687	0	0.5	1
14690	0.5	0.5	0.5
14691	0.5	0.5	0.5
14692	0	0	1
14693	0.5	0.5	0.5
14702	0.5	0.5	0.5
14703	0	0.5	0
14704	0	0	0
14705	0	0	0
14706	0	0	0.5
14707	0	1	1
14708	0	0	1
14709	0.5	0	0.5
14710	0.5	1	0
14711	0.5	0.5	0.5
14712	1	1	0
14713	0	0.5	0
14714	0.5	1	0.5
14715	0	0	1
14716	0.5	0.5	0.5
14717	1	1	0.5
14718	0.5	0.5	0
14719	0.5	0.5	1
14720	0.5	1	0
14722	0.5	0.5	0.5
14724	1	0.5	1
14725	0	1	1
14726	0	0	0
14727	0	1	0.5
14728	0.5	0	1
14729	0.5	0.5	0.5
14730	0	0.5	0.5
14731	0.5	1	1
14732	0	0	1
14734	0	1	1
14735	0.5	0.5	1
14736	0	0	1
14738	0	0.5	0
14739	0.5	0.5	0.5
14740	0.5	0	0.5
14742	0	0.5	0
14743	0	0	0.5
14744	0	0	0
14746	0	0.5	1
14747	1	0	1
14751	0	1	1
14752	0	0.5	0.5
14753	0.5	0.5	0.5
14754	0.5	1	0
14756	0.5	1	0.5
14757	0	0	0
14760	0	0	0
14761	1	0.5	0
14762	1	1	1
14763	1	1	0
14764	0.5	0.5	1
14765	1	0.5	0.5
14766	0.5	0.5	1
14767	1	1	1
14768	0	0	0
14770	0	1	1
14771	0	0	0
14773	0	0	0
14775	1	1	0
14778	1	1	0
14779	1	1	1
14780	0	1	1
14782	1	1	0
14783	0	0	0
14784	0	0	0
14785	0	0	0
14789	0	0	0
14790	0	0	0
14791	0	0.5	1
14792	1	0.5	0.5
14793	0	1	0.5
14794	0.5	1	0.5
14795	0	0	0
14796	1	0.5	1
14797	0	0	0
14807	0	0	0
14808	1	0.5	0
14812	0	0	0
14813	0	1	1
14814	0	0.5	1
14816	1	0.5	0
14817	1	0.5	0
14818	0	0	0
14822	0	1	1
14826	1	1	1
14828	0.5	1	0.5
14838	0	0	0
14840	0.5	1	1
14841	0	0	0
14845	0	0	0
14851	0.5	1	0
14852	0.5	1	0.5
14853	0.5	0.5	1
14854	0.5	1	1
14855	0	1	1
14856	1	0.5	0.5
14857	0	0	0
14858	0	0	0
14859	0	0	1
14860	0	0	0
14861	0	0.5	1
14862	0	1	1
14865	0	1	0
14866	0	0	0
14868	0.5	1	0.5
14878	0.5	1	0.5
14883	0	0	0
14887	0	0	0
14888	0.5	1	0
14893	0.5	1	0.5
14894	0	0	0.5
14895	1	0	1
14896	0	0.5	1
14898	0	1	0
14899	0	1	1
14907	0	0	0
14908	0	0	0
14914	1	0.5	1
14915	0	0	0
14916	1	1	0
14917	0.5	0.5	0.5
14918	0.5	1	0.5
14920	1	1	0
14921	0.5	0	1
14922	0	0.5	0.5
14924	0	0	0
14925	0	1	1
14926	0.5	1	0.5
14927	1	1	1
14928	0	0.5	0
14929	0	0	0
14930	0	0	0
14931	0	0.5	1
14932	0	0.5	0.5
14934	0.5	1	1
14935	0	0	1
14937	0.5	0.5	1
14938	0	0	0
14939	0.5	0.5	1
14941	0.5	0.5	0
14942	0.5	0	1
14943	1	1	0
14950	0	0	0
14952	1	1	0
14953	1	1	0.5
14957	0.5	1	0
14960	0	1	0
14961	0	0.5	0
14962	0	1	1
14963	1	1	0.5
14965	0	0	0
14968	0	0	0
14969	0	0	0
14971	0	1	1
14972	0	0	0
14974	0	0.5	1
14975	0	1	0
14976	0	1	0
14977	1	1	0
14978	1	1	1
14979	0	1	0.5
14980	1	0.5	1
14981	0	0	0
14982	0	1	0.5
14983	0	0	0
14984	0.5	1	0.5
14986	0.5	0.5	0.5
14987	1	1	1
14988	1	1	0.5
14989	0.5	0.5	1
14991	0.5	1	0
14993	0.5	0.5	0
14994	0.5	0.5	0
14997	0.5	0	0.5
14998	0.5	0.5	0.5
14999	0	1	0.5
15000	1	1	0
15002	0	0.5	0
15003	0.5	0.5	0.5
15005	0.5	0.5	0.5
15006	0	0	1
15007	0	0.5	0.5
15008	0	0	0
15009	0	1	1
15010	0	0	0
15011	0.5	1	0.5
15012	0.5	0.5	0.5
15014	0.5	0.5	0.5
15015	0	1	0.5
15016	0	0	0
15020	0	0.5	0
15021	0	0.5	0
15023	0.5	1	0
15024	0	1	1
15025	0	0.5	0
15026	0	0.5	0
15032	0	1	0.5
15033	0	0.5	0.5
15034	0	0.5	1
15035	0	0.5	0.5
15037	0.5	1	0
15038	1	0.5	0.5
15039	1	1	0
15041	0	1	0
15042	0.5	1	1
15047	1	0.5	1
15049	0	0	0
15050	0	0.5	0.5
15051	0	0	0
15052	0	0.5	1
15054	0	0	0
15055	1	1	0
15056	0	0	0
15057	0	0	0
15058	0.5	1	0.5
15059	0	0	0
15062	0.5	0.5	0.5
15063	0.5	1	1
15064	0	0.5	0
15069	0	1	0.5
15071	0	0	0
15073	0	1	0.5
15074	0	0.5	0
15075	1	1	1
15076	0	1	0
15077	0	0.5	0
15079	0	0	0
15080	0	0	0
15081	0.5	1	0.5
15082	0	1	1
15083	0	0	0
15087	0	0	0
15089	0	0	0
15090	1	1	0.5
15093	0.5	0.5	0.5
15094	0	1	0
15095	0	0.5	0.5
15096	0	1	0
15097	0	1	0
15098	0	0.5	0.5
15100	0	0	0
15101	0.5	1	1
15102	0	0	0
15105	0	0	0
15106	0	0	0
15111	1	1	0.5
15112	0	0	0
15113	1	1	1
15114	0	0.5	0.5
15115	0	0.5	1
15116	0	0.5	1
15117	0	0.5	1
15118	0.5	0.5	0.5
15119	0	0.5	1
15120	0	0	0
15121	1	1	0
15123	0.5	1	0.5
15124	0	0.5	0.5
15125	0	0.5	1
15127	0	0.5	0.5
15128	0	0.5	1
15129	0	0	0
15130	0	0.5	0.5
15131	0	0.5	0.5
15132	1	1	0
15133	0	0	0
15134	0	0.5	0
15135	0	0	0
15137	0	0	0
15141	0	1	0
15146	0.5	0.5	0.5
15148	0	1	1
15150	0	0.5	1
15179	0.5	1	0
15180	0	0	0
15189	0	0.5	0
15190	0	0	0
15193	0.5	0	0.5
15194	0	0	0
15230	0.5	0.5	0.5
15231	0	0.5	0.5
15232	0	0.5	1
15237	0	1	0
15238	0	0.5	0.5
15239	0	0.5	0
15243	0.5	0.5	0
15245	0	0.5	0.5
15249	0	1	0
15250	0	0.5	1
15252	0.5	1	1
15253	0	0.5	0
15257	0	0	0
15260	0	0	0
15262	0	0.5	0.5
15264	1	1	1
15265	0	0.5	1
15266	0	0	0
15267	0	0.5	1
15268	0.5	0.5	0.5
15269	0.5	0.5	0.5
15270	0	0	0
15271	0.5	0.5	0.5
15274	0	0.5	0.5
15276	0	0	0
15277	0	0	0
15278	0	0.5	1
15279	0	0.5	1
15280	0	0.5	1
15281	1	1	0
15286	0	0	0
15288	0	0.5	1
15289	1	0.5	1
15290	0.5	0.5	1
15291	0	0	0
15292	0.5	0.5	1
15293	0.5	0.5	0.5
15294	0.5	0.5	0.5
15295	0.5	1	1
15297	0.5	0.5	0.5
15299	1	0.5	1
15300	0	0	0
15301	0	0	0
15302	0	1	1
15303	0	0	0
15304	0	0	0
15305	0	0.5	0
15306	1	0.5	0.5
15307	0.5	0.5	0.5
15308	0.5	0.5	1
15311	1	1	0
15312	0	0	0
15313	0.5	0.5	0.5
15314	0.5	0	1
15315	0	0	0
15316	0	0	0
15319	0	0	0
15320	0	0	0
15321	0	0	0
15322	1	0.5	0.5
15323	0	0.5	0.5
15324	0	1	1
15325	0	0.5	0
15326	0	0.5	1
15327	1	0	1
15328	0.5	0.5	0
15342	0	0	1
15344	0.5	0.5	0.5
15346	0.5	0.5	1
15348	0.5	0	0
15349	0	0	0
15351	0.5	0.5	1
15352	0	0	0
15353	1	0.5	0.5
15355	0.5	0.5	0.5
15358	0	1	1
15365	0	0	0
15366	0.5	0.5	0.5
15367	0	0	0
15368	0.5	0.5	0.5
15369	0	0	0
15371	0	1	0.5
15374	0	1	1
15378	0	1	1
15379	1	0.5	1
15381	0	0.5	0.5
15382	0	0	0
15383	0	0.5	0.5
15384	0.5	0	1
15385	0.5	0	1
15389	0.5	1	0.5
15390	1	0.5	0.5
15392	0	0	0.5
15395	0.5	0	1
15397	1	1	0.5
15400	1	1	1
15401	0	0	1
15404	0	0.5	0.5
15405	0.5	0	1
15406	0	1	0.5
15407	0	1	0.5
15408	0.5	1	0.5
15409	0	0.5	1
15410	1	0	1
15412	0	0	0
15413	0.5	1	1
15414	0	0	0
15415	0.5	0	1
15416	0	0.5	0.5
15417	0	0.5	0
15421	0	1	0.5
15422	0	0	0
15425	0.5	0.5	1
15426	0	0	0
15428	1	0	0
15429	0	0.5	0
15434	0	0.5	0
15435	0	0.5	0
15437	0	0	0
15438	0	0	0
15439	0	1	1
15440	0	0.5	0.5
15446	0	0	0
15447	0	0	0
15448	0.5	0.5	0.5
15455	0.5	0	0.5
15456	0	0.5	0.5
15457	0	1	0
15458	1	0.5	0.5
15461	0	0.5	0.5
15463	0	0.5	0.5
15465	0.5	1	0.5
15467	0	0.5	0.5
15468	1	0.5	1
15469	0.5	1	0.5
15470	0	0	0
15472	0.5	1	0.5
15473	0.5	0.5	0.5
15474	0.5	1	0
15475	0	0.5	0.5
15476	0	0	1
15477	0.5	0.5	1
15478	0.5	0.5	1
15479	0.5	0.5	0
15480	1	1	0
15481	1	0.5	0.5
15483	0	0	0
15484	0	0.5	0
15487	0.5	0	1
15488	0.5	1	0.5
15491	0.5	0	1
15492	0	0	0
15493	0.5	0.5	0
15494	0	0	1
15495	0	0	0
15499	0.5	0	1
15500	0	0.5	1
15502	0.5	0.5	0
15509	0	0.5	0
15510	0	0	0
15513	0.5	1	0
15516	0	0	0
15517	0.5	1	1
15519	0.5	1	0.5
15520	0	0	0
15521	1	1	1
15529	1	1	0.5
15530	1	0	0.5
15531	0.5	0.5	1
15532	0	0	0
15533	1	1	0.5
15537	0.5	1	0.5
15538	0	0	0
