14939	0	0	0
14946	0	0.5	0
14947	0.5	0	0.5
14949	0.5	0	0.5
14951	0	1	1
14955	0	0	0
14958	0	0	0.5
14960	0.5	0.5	0.5
15010	0.5	0	0
15011	0	0	0.5
15012	0	0	0
15013	0.5	0	0
15014	0.5	0	0
15015	0.5	0	0
15016	0.5	0.5	0.5
15017	0	0.5	0.5
15018	0.5	0	0.5
15020	1	0.5	0.5
15021	0.5	0	0.5
15022	0	0.5	0.5
15023	0	0	0
15024	0	0	1
15026	0.5	0	0.5
15029	1	0	0.5
15030	0.5	0	0.5
15032	0.5	0	0
15033	1	0	0
15035	0	0	0
15040	0	0	0
15042	0	0	0
15043	1	0	0
15044	0.5	0	0.5
15045	0.5	0	0.5
15048	0	0.5	0
15049	0	0	0
15051	0	0.5	1
15052	0	0	0
15053	0	0	0
15054	0	0	0
15059	0.5	0	0
15065	0.5	1	1
15067	0.5	0.5	0
15070	0	0	0
15075	0.5	0.5	0.5
15076	0.5	0	0
15079	0	0	0
15080	1	0	1
15081	1	0	0
15082	0.5	0.5	0
15083	0	0	0
15084	0	0.5	0
15085	0.5	0	1
15088	0	0	0
15089	0.5	0	0.5
15090	0.5	0	0
15091	0.5	0	1
15093	0	0	0
15094	0.5	0	0.5
15095	0.5	0	0.5
15096	0.5	0	0.5
15097	0.5	0	1
15099	0	0	0
15103	0	1	0.5
15104	0.5	0	1
15105	1	0	0
15106	0.5	1	0.5
15115	1	0	0.5
15116	0.5	0.5	0
15117	0.5	0	0.5
15118	1	0	0
15119	0	0	0
15120	0.5	0.5	0
15121	0.5	0	0.5
15122	0.5	0	0
15123	0.5	1	0.5
15124	0.5	0.5	0.5
15125	0.5	0	0
15126	0.5	0	0.5
15127	1	0	0
15128	0.5	0	0
15129	0	0.5	0
15130	0.5	0	0
15131	0.5	0	0
15132	1	0	0
15133	0	1	1
15134	0.5	0.5	0.5
15136	0.5	0	0.5
15137	1	0.5	0.5
15138	1	0.5	0
15139	1	0	0.5
15140	0.5	0	0
15141	1	0	0
15148	0.5	0.5	0
15190	0	0	0
15191	0.5	0.5	0.5
15192	0.5	0.5	0.5
15193	0.5	0	0.5
15194	1	0.5	1
15195	0	1	1
15196	0.5	0	0.5
15197	0	0	0
15199	0.5	0	0.5
15200	0	0	1
15201	0.5	0	0.5
15202	0.5	0	0
15203	0.5	0.5	0.5
15204	0.5	0	0.5
15205	0.5	0.5	1
15206	0.5	0	0
15207	0	0	0.5
15208	1	0	0.5
15210	0	0.5	0
15211	0	0	1
15212	0.5	0.5	0.5
15213	0.5	0	0
15214	1	0	0.5
15215	0.5	0	0
15216	1	0	0.5
15217	0.5	0.5	1
15218	0.5	0.5	0.5
15219	0.5	0	0
15220	1	0.5	1
15221	0.5	0	1
15222	1	0	1
15224	1	0	0.5
15226	1	0	0.5
15229	0.5	0	0.5
15230	0.5	0	1
15231	0.5	0	1
15232	1	0.5	0.5
15233	1	0	0.5
15234	1	0	0
15236	0.5	0	0.5
15237	0	0.5	0
15238	1	0	0
15239	0	0	0.5
15240	0	0	0
15241	1	0	0.5
15242	1	0	1
15243	0.5	0	0
15244	0.5	0	0.5
15245	0.5	0	0.5
15246	0	1	0.5
15248	1	0.5	0.5
15249	0.5	0.5	0
15250	0	0	0.5
15251	0	0	0.5
15252	0	0	0
15253	1	0.5	0
15255	0.5	0.5	0.5
15257	1	0	0.5
15258	1	0	0.5
15259	0	0	0
15260	0	0	0
15261	0	0	0
15262	0.5	0.5	0.5
15263	1	0	0
15267	0	0.5	0.5
15268	0.5	0	0
15269	1	0	0
15270	0.5	0	0
15271	0.5	0	0
15272	0.5	0	0
15273	0.5	0.5	0.5
15274	0	0	0.5
15275	0	0	0
15276	1	0	1
15277	0	0	0
15278	1	0	0
15279	1	0	1
15280	0.5	0.5	0.5
15281	0	0.5	0
15282	0.5	0.5	0.5
15283	0	0	0
15284	0.5	0.5	0.5
15285	1	0.5	0.5
15286	0.5	0	0
15287	0.5	0	0.5
15288	0	0	0.5
15289	0	0	0
15290	1	0	0.5
15291	0	0	0
15292	0.5	1	0.5
15293	0	0	0
15294	1	0	0
15295	0	0.5	1
15296	0.5	0	0.5
15298	0	1	0
15300	0	0.5	0
15301	1	0	0
15302	0.5	0	0.5
15303	0	0	0.5
15305	0.5	0	0
15306	0	0	0
15307	0	0	0
15308	0.5	0	0.5
15309	0	0	0
15310	1	0	0.5
15311	1	0	1
15312	0.5	0.5	0.5
15318	0.5	0	0
15319	0.5	0	0
15320	0.5	0	0
15323	0	0	0
15324	0	0	0
15325	0.5	0.5	0.5
15326	1	0.5	0.5
15331	0.5	0	0.5
15332	0	0	0
15333	0.5	0.5	0.5
15334	0	0	1
15336	0.5	0	0.5
15337	0.5	0	0
15339	0	0	0
15340	0	0	0
15343	0	0	0
15344	0.5	0	0
15345	0	0	0
15346	0	0	0
15347	0	0	0
15349	0	1	1
15350	0	0	0
15351	0	0	0
15352	0	0	0
15353	0	0	0
15354	0	0	1
15355	1	0.5	1
15356	0.5	0	1
15357	0.5	0	0
15358	0	0.5	0.5
15359	0.5	0	0
15360	0	0	0
15361	1	0	0
15362	0.5	0	0
15363	0.5	0	0.5
15364	1	0	0
15365	0.5	0	0.5
15366	0	0	0
15367	0	0	0
15368	0.5	0	0.5
15369	0.5	0.5	0
15370	1	0	0.5
15372	0	0	0
15376	0	0	0
15377	1	0	1
15380	0	0	0
15381	0	0	0
15383	0	0	0
15384	0	0.5	0.5
15385	0.5	0	0.5
15386	0.5	0	0.5
15387	0.5	0.5	0.5
15388	0.5	0.5	0.5
15389	0.5	0	0
15390	1	0.5	0.5
15391	1	0.5	0.5
15392	0	0	0
15393	0	0	0
15395	1	0.5	1
15396	0	0	0
15397	1	0	0
15398	0.5	0	0.5
15399	0.5	0	0.5
15400	0.5	0.5	0.5
15401	0.5	0.5	0.5
15404	0	0	0
15405	0	0	0
15406	0	0	0
15407	0	0.5	1
15408	0.5	0	0
15409	0.5	0	0.5
15410	0	0	0
15411	0.5	0	0
15412	0	0	0
15413	0	0	0
15415	0	0.5	0
15417	0.5	0	0.5
15418	0.5	0	0
15419	0	0.5	0
15420	0	0.5	0.5
15421	0.5	0	1
15424	1	0.5	0
15425	0	1	1
15426	0	0	0
15427	0.5	0.5	0.5
15428	0	0	0
15429	1	0.5	0
15430	0.5	0	0.5
15431	1	0	0
15432	1	1	1
15433	1	0.5	0.5
15434	1	0.5	0
15435	0.5	0.5	0
15436	1	0.5	0
15437	0.5	0	0.5
15440	0	0	0
15441	0.5	0.5	0
15446	0	0	0
15448	0.5	0	0.5
15449	0	0	0
15460	1	0	0
15461	0.5	0	0.5
15463	0.5	0.5	0.5
15464	0.5	0.5	0.5
15465	0	0	0
15468	0	0	0
15470	0.5	0	0.5
15471	0.5	0.5	0
15472	0.5	0.5	0.5
15473	0	0	0
15474	0.5	0	0
15476	0	0.5	0.5
15477	0.5	0.5	0.5
15478	0.5	0	1
15479	1	0.5	0.5
15480	1	0	0.5
15481	0.5	0.5	0.5
15482	0	0	0
15483	0.5	0	0.5
15484	1	0.5	0.5
15485	0.5	0.5	0.5
15486	0.5	0.5	0
15487	0.5	0.5	0.5
15488	0.5	0.5	1
15489	0	0	1
15491	0	0	0
15492	0	0	0
15493	0	0	0
15496	0	0	0
15497	0.5	0	0.5
15498	0	0	0.5
15499	1	0.5	0
15500	0	0	0
15501	0.5	0	1
15506	0.5	1	0.5
15507	1	1	1
15508	0	0	0
15517	0.5	1	0.5
15518	0	0	0
15521	0	1	1
15529	0	0	0
15532	0	0	0
15536	0	0	0
15540	0.5	0	0
15541	0.5	0	0
15555	0	0	0
15556	0	0	0
15558	0	0	0
15561	0.5	0	0
15562	1	0	1
15563	0.5	1	0
15564	0.5	0	0
15565	0.5	0	0.5
15566	0	0.5	0
15567	0	0.5	0.5
15569	0	0.5	0.5
15571	0	0	1
15572	0	0	0
15578	0	0	0
15579	1	0	0.5
15584	1	0	0.5
15585	0	0	0
15586	0	0	0
15587	0	0	0
15588	0.5	1	0
15590	0	0	0
15591	0.5	0	0
15593	0	0	0
15594	0.5	0	0.5
15595	0.5	0	0
15596	0	0	0
15598	0	0	0
15600	0	0	0
15603	0	0	0
15604	0.5	0	0
15606	0.5	0.5	0
15607	0	0	0
15610	0.5	0.5	0
15611	0.5	0.5	0.5
15613	0	0	0
15615	0	0	0
15616	0	0	0
15617	0	0	0
15618	0	0	0
15620	0	0	0
15621	0	0	0
15622	0.5	0	0
15623	0	0	0
15624	1	0	0
15625	0	0	0
15626	0	0	0
15631	0	0	0
15632	0.5	0.5	0.5
15636	1	0	1
15644	0	0	0
15647	0	0	0
15656	1	0	0.5
15659	0	0	0
15661	0	0	0
15664	1	0	1
15668	0.5	0	0
15669	0	0	1
15675	1	0	0
15676	1	0	0.5
15677	1	0	0.5
15680	1	0	1
15682	0.5	0.5	0.5
15683	1	0.5	0.5
15684	0.5	0.5	0
15685	1	0	0.5
15686	0	0	1
15687	0	0	1
15688	1	0	0.5
15689	1	0	0
15690	0	0	0
15691	0	0	0
15693	0.5	0.5	0
15696	0.5	0	0.5
15698	0	0	0
15699	0	0	0
15700	0	0	0
15708	0.5	0	0.5
15714	0	0	0
15716	0	0	0
15718	0.5	0.5	0
15719	0.5	0	0.5
15729	0	0	0
15730	0	1	1
15731	0	0	0
15732	0	0	0
15737	0.5	0	0.5
15738	0.5	0	0.5
15740	0.5	0	0.5
15741	0.5	0.5	0
15742	0	0	0.5
15743	0.5	0	0.5
15744	0	0	0
15745	0	0	0.5
15746	1	0.5	0.5
15747	0	0	0
15748	0	0	0
15752	1	0	0
15753	1	0	0.5
15756	0.5	0	0
15760	0.5	0	0.5
15761	0.5	0	0
15763	0.5	0	0.5
15764	0.5	0.5	0.5
15767	1	0	0.5
15773	1	0.5	0.5
15776	0.5	0	0
15777	0.5	0	0
15779	1	0	1
15780	0.5	0	0
15781	0.5	0	0.5
15782	1	0	0.5
15783	1	0.5	0
15784	1	0	0.5
