15532	0.5	0.5	1
15533	0.5	0.5	1
15534	0.5	0.5	1
15535	0.5	0.5	1
15536	0.5	0.5	0.5
15537	0.5	0.5	0.5
15538	0.5	0.5	0.5
15539	0.5	0.5	0.5
15540	1	0.5	0.5
15541	1	0.5	1
15542	0.5	0.5	1
15543	1	0.5	1
15544	0.5	0.5	1
15545	0.5	0.5	0.5
15546	0.5	0.5	1
15547	0.5	0.5	1
15548	0.5	0.5	1
15551	0.5	0.5	1
15553	0.5	0.5	1
15554	0.5	0.5	0.5
15555	0.5	0.5	0.5
15556	0.5	0.5	0.5
15557	0.5	0.5	0.5
15558	0.5	0	1
15559	0.5	0.5	1
15560	1	0.5	1
15561	0.5	0.5	0.5
15578	0.5	0.5	0.5
15579	0	1	0.5
15580	0.5	0.5	1
15581	0	0.5	0.5
15582	0.5	0.5	0.5
15583	0.5	0.5	1
15584	0.5	1	0.5
15585	1	0.5	0.5
15586	0.5	0.5	0.5
15587	1	0.5	1
15588	0	1	0.5
15589	0.5	0.5	0.5
15590	0	0.5	0.5
15591	0.5	0.5	0.5
15592	0.5	0.5	0.5
15593	0	0	0
15594	0.5	1	0.5
15595	0.5	0.5	0.5
15596	0.5	0.5	0.5
15597	0.5	0.5	0.5
15598	0.5	0.5	0.5
15599	0.5	0.5	0.5
15600	0.5	1	0.5
15601	0.5	0.5	0.5
15602	1	1	1
15603	1	1	1
15604	0.5	0.5	0.5
15605	0.5	0.5	1
15606	0.5	0.5	0.5
15607	0.5	1	0.5
15608	1	0.5	0.5
15609	1	0.5	0.5
15610	1	0.5	0.5
15611	0.5	0.5	0.5
15612	0.5	0.5	1
15613	0.5	0.5	0.5
15614	0.5	0.5	0.5
15615	1	0.5	0.5
15616	0.5	0.5	0.5
15617	0.5	0.5	0.5
15618	0.5	0.5	0.5
15619	0.5	0.5	0.5
15622	0.5	0.5	1
15623	0.5	1	0.5
15624	1	0.5	0.5
15625	0.5	0.5	0.5
15626	0.5	0.5	0.5
15627	1	0	0.5
15628	0.5	0.5	0.5
15629	0.5	0.5	0.5
15631	1	0.5	0.5
15632	1	0.5	0.5
15633	0.5	0.5	0.5
15634	0.5	0.5	0.5
15635	1	0.5	0.5
15636	0.5	0.5	0.5
15637	0.5	0.5	1
15638	0	0.5	0.5
15639	0.5	0.5	1
15640	0.5	0	1
15641	0.5	0.5	0.5
15642	0.5	0.5	1
15643	0.5	0.5	0.5
15644	1	0.5	1
15645	0.5	0.5	0.5
15646	1	0	0.5
15647	1	0	0.5
15648	0.5	0.5	0.5
15649	1	0	1
15651	1	0	0.5
15652	0.5	0.5	0.5
15653	0	0	0
15654	1	0	0.5
15655	1	0	1
15656	1	0	0
15659	0.5	0.5	0.5
15660	0.5	0.5	0.5
15662	1	0.5	0.5
15663	0.5	0.5	1
15664	0.5	0.5	0.5
15665	0.5	0.5	0.5
15666	0	0.5	1
15667	0.5	0.5	0.5
15668	0.5	0.5	0.5
15669	0.5	0.5	0.5
15670	0.5	0	0.5
15671	0.5	0	1
15672	0.5	0	0
15673	0.5	0	0.5
15674	0.5	0	0.5
15675	1	0	1
15676	0.5	0.5	0.5
15677	0.5	0	1
15678	1	0	1
15679	0.5	0.5	0.5
15680	0.5	0.5	1
15681	0.5	0.5	1
15682	0.5	0.5	1
15683	0.5	0.5	1
15684	0.5	0.5	0.5
15685	0.5	0	0.5
15686	0.5	0	0.5
15687	0.5	0	0.5
15688	1	0	0.5
15689	1	0	0.5
15690	0.5	0	0.5
15691	1	0	0.5
15692	0.5	0.5	0.5
15693	0	0	0
15694	1	0.5	1
15695	0.5	0.5	0.5
15696	1	0.5	0.5
15697	0.5	0.5	0.5
15698	0	0	0
15699	0.5	0.5	1
15700	1	1	0.5
15701	0.5	0.5	1
15702	1	0.5	0.5
15703	0.5	0.5	0.5
15704	0.5	0.5	0.5
15705	0.5	1	0.5
15706	1	1	1
15707	0.5	0.5	1
15708	0.5	0.5	1
15709	0.5	0.5	0.5
15710	1	0.5	1
15711	1	1	1
15713	0.5	0.5	1
15715	1	1	1
15716	0	0	0
15717	0.5	0.5	0.5
15718	0.5	0.5	0.5
15719	1	0.5	1
15721	1	0.5	0.5
15722	0.5	1	0.5
15723	0	0	0
15724	0.5	1	0.5
15725	1	0.5	1
15726	1	0.5	0.5
15727	1	1	1
15728	0.5	0.5	1
15729	0.5	0.5	0.5
15731	0.5	0.5	1
15732	0.5	0.5	1
15733	0.5	1	1
15734	0.5	0.5	1
15735	0.5	0	1
15736	1	0	1
15737	1	0	1
15738	1	0	1
15739	0.5	0.5	1
15740	0	1	1
15741	1	0.5	1
15742	0.5	0	1
15743	0.5	0.5	0.5
15744	0.5	0.5	1
15745	0.5	0.5	1
15746	0.5	0.5	0.5
15747	0.5	0.5	0.5
15748	0.5	0.5	0.5
15749	0.5	0.5	0.5
15750	0.5	0.5	0.5
15751	0.5	0.5	0.5
15752	0.5	0.5	0.5
15753	0.5	0.5	0.5
15754	0.5	0.5	1
15755	1	0.5	0.5
15756	0	0.5	1
15758	0	0	0
15759	1	0.5	1
15760	0.5	0.5	0.5
15761	0.5	0.5	1
15762	1	0.5	0.5
15763	0	0	0
15764	0	0	0
15765	1	0.5	0.5
15766	0.5	1	0.5
15771	0.5	0.5	0
15772	0.5	0.5	0
15773	0.5	0.5	0
15774	0.5	0.5	0
15775	0	0	0
15777	0.5	0.5	0
15778	0.5	0.5	0
15780	0.5	0.5	0
15781	0.5	0.5	0.5
15782	0.5	0.5	1
15783	0	0.5	0.5
15785	0.5	0.5	0
15786	1	0.5	0.5
15787	0.5	0.5	0.5
15789	0	0.5	0
15790	0	1	0.5
15791	0.5	0.5	0
15792	0	0.5	0
15793	0.5	0.5	0
15794	0	0.5	0.5
15795	0	1	1
15796	1	1	0
15798	0	0	0
15799	0	1	1
15808	0	1	0
15809	0	0	0
15813	1	0	0.5
15814	0	1	0
15820	0.5	1	0.5
15821	0	1	1
15823	0.5	0	0
15827	1	0.5	1
15828	0	1	1
15829	0.5	0.5	1
15830	0	0	0
15831	0	0	0
15833	0	0.5	1
15843	0	0.5	1
15846	1	1	0.5
15847	0.5	0.5	0.5
15848	1	0.5	1
15857	0.5	0.5	1
15858	1	0.5	1
15859	0	0	0
15860	0.5	1	0.5
15861	0.5	0.5	1
15862	0.5	0.5	1
