15694	1	1	0
15695	1	1	0
15697	1	1	0
15698	1	1	0
15699	0	1	0
15700	1	1	0
15701	1	1	0
15702	1	1	0
15703	1	1	1
15705	0	0	0
15706	1	1	1
15707	0	0	0
15708	0	0	0
15709	1	1	1
15710	0	1	1
15711	1	1	0
15712	1	1	1
15713	0	0	0
15714	1	1	1
15715	0	1	1
15716	1	1	1
15718	0	1	0
15719	0	1	1
15720	0	0	0
15725	0	1	1
15726	0	1	1
15727	1	1	1
15728	1	1	0
15729	0	0	1
15730	0	1	0
15731	0	0	0
15732	0	1	1
15733	1	1	0
15734	0	1	0
15735	0	1	1
15737	1	0	1
15738	1	0	1
15739	0	0	0
15740	0	0	0
15742	1	1	1
15743	0	0	0
15744	0	1	0
15747	1	1	1
15748	0	1	1
15754	0	1	1
15755	0	1	1
15756	0	1	1
15758	1	1	1
15759	0	1	1
15762	0	0	1
15776	0	0	0
15777	0	0	0
15778	1	1	1
15779	1	0	1
15780	0	1	1
15781	0	1	1
15783	0	1	1
15784	0	1	1
15786	0	1	1
15787	0	1	1
15788	1	1	0
15790	0	1	1
15791	0	1	1
15792	0	0	0
15793	0	1	0
15794	1	1	1
15795	1	1	0
15796	1	1	0
15798	1	1	1
15799	1	1	0
15800	1	1	0
15802	1	1	0
15803	1	1	0
15804	1	1	0
15805	0	0	0
15806	0	1	1
15807	1	1	0
15808	1	1	0
15810	1	1	1
15811	1	1	1
15812	0	1	1
15813	0	1	0
15814	1	1	1
15815	0	1	1
15816	0	0	0
15817	0	0	0
15818	0	0	0
15819	1	1	1
15820	1	1	0
15821	0	1	1
15822	1	1	0
15823	0	1	1
15824	0	1	1
15825	0	1	1
15826	1	1	1
15827	0	1	1
15828	0	1	1
15830	0	1	1
15831	1	1	1
15832	1	1	0
15833	1	1	1
15834	1	1	0
15835	1	1	1
15836	1	1	1
15837	1	1	0
15838	1	1	0
15839	1	1	0
15840	1	1	0
15842	0	1	1
15843	0	0	0
15846	0	1	0
15848	1	1	0
15849	0	1	0
15853	0	0	0
15854	1	1	1
15855	1	1	1
15858	1	1	0
15859	1	1	1
15860	1	1	1
15861	1	1	0
15862	0	1	1
15863	1	1	1
15864	0	1	0
15866	1	1	1
15867	0	1	1
15868	1	1	1
15869	0	1	1
15870	1	1	0
15873	0	1	0
15875	0	1	0
15876	1	1	0
15878	0	1	0
15879	0	1	1
15881	0	1	0
15882	1	1	1
15885	0	0	1
15891	0	1	0
15892	1	1	1
15895	1	1	0
15898	1	1	1
15899	0	1	1
15900	0	1	0
15902	0	1	0
15903	0	1	1
15904	0	1	1
15905	0	0	0
15906	0	1	1
15910	0	1	1
15912	0	1	1
15914	0	1	1
15915	1	1	1
15916	0	1	0
15918	0	0	0
15919	0	0	0
15922	0	0	0
15923	0	0	0
15924	0	0	0
15926	0	1	1
15927	1	0	0
15928	0	0	0
15930	0	1	0
15931	1	1	1
15934	0	1	0
15936	0	0	0
15937	0	0	0
15938	0	0	0
15939	0	1	0
15940	0	1	0
15942	0	1	0
15943	0	0	0
15945	1	1	0
15946	1	1	0
15947	0	1	1
15948	0	0	0
15950	0	1	0
15951	0	1	0
15952	0	0	0
15954	0	1	1
15955	0	1	1
15956	0	1	1
15957	0	1	1
15958	0	1	0
15959	1	1	0
15960	0	0	1
15961	0	0	1
15962	0	1	1
15963	0	0	0
15964	0	0	0
15965	0	1	1
15967	1	1	1
15968	0	1	1
15969	1	1	1
15970	0	0	0
15971	0	1	0
15972	0	1	1
15974	0	1	1
15975	1	1	1
15976	1	1	1
15978	0	1	1
15979	0	0	0
15980	0	0	0
15981	1	1	1
15982	1	1	1
15984	1	1	1
15985	0	0	0
15986	0	1	1
15987	1	1	1
15988	1	1	0
15989	1	1	1
15990	0	1	1
15991	0	1	1
15992	0	1	1
15993	1	1	0
15994	1	1	0
15995	0	1	0
15997	1	1	1
15998	0	1	1
15999	0	1	0
16001	0	1	1
16002	1	1	0
16003	1	1	1
16004	0	1	1
16005	1	1	0
16006	0	1	0
16007	0	1	1
16008	0	1	0
16009	0	0	0
16010	1	1	0
16011	0	1	0
16012	1	1	1
16013	1	1	1
16014	1	1	0
16015	0	1	1
16016	0	1	0
16017	0	0	1
16018	0	1	1
16019	0	1	1
16021	0	0	0
16022	1	1	1
16023	0	0	0
16024	0	1	1
16025	0	0	0
16026	0	1	1
16027	0	1	1
16028	0	1	1
16029	1	1	1
16030	1	1	0
16031	1	1	1
16032	0	0	0
16033	1	1	1
16034	1	1	1
16036	0	0	0
16037	0	1	1
16038	0	1	1
16039	1	1	0
16040	0	1	1
16042	1	1	1
16043	1	1	1
16044	1	1	1
16045	0	0	0
16047	0	1	1
16048	1	1	0
16049	0	0	0
16051	0	1	0
16052	1	0	1
16053	1	1	0
16054	1	1	1
16058	1	1	1
16059	1	1	1
16060	1	1	0
16061	1	1	0
16062	0	1	1
16063	0	0	0
16065	1	1	0
