15059	0.5	0.5	1
15060	0.5	0.5	1
15061	0	0	0
15062	0	1	0
15063	0	1	0
15064	0	1	0
15065	0	1	0
15066	0	1	0
15067	0	1	0.5
15068	0.5	0.5	1
15069	0.5	1	1
15071	0.5	0.5	0.5
15073	0.5	0.5	1
15074	0.5	0.5	0.5
15075	0.5	0.5	0
15076	1	0.5	0.5
15077	0	0	0
15079	0	1	0
15080	0.5	0.5	0
15086	0.5	1	1
15087	0	0	0
15090	0	0.5	0.5
15095	0.5	1	1
15096	0	0	0
15097	0.5	1	1
15099	0.5	0	0
15100	0.5	0.5	0
15101	0.5	0.5	0.5
15102	0	0	0
15103	0.5	1	0.5
15104	0.5	1	1
15105	0.5	1	0.5
15106	0	0	0
15107	0	0	0
15109	0.5	0.5	0.5
15110	0.5	0.5	0.5
15111	0.5	0.5	0
15112	1	0	0
15114	0.5	0	0.5
15115	0.5	0	0.5
15120	0	0	0
15122	0.5	0.5	0.5
15126	0.5	1	1
15127	0.5	1	0.5
15128	0	0	0
15130	0	0	0
15132	1	1	0.5
15133	0.5	0.5	0
15134	0.5	1	0
15137	0.5	0.5	0.5
15138	0.5	1	0.5
15139	1	1	0.5
15140	0.5	1	1
15141	0	0.5	0
15142	0	0.5	0.5
15143	0	0	0
15144	0.5	0.5	0.5
15146	0	0.5	0.5
15147	0.5	1	1
15148	0.5	1	1
15150	0.5	0.5	0.5
15151	0.5	0.5	0
15152	0	0.5	0.5
15153	0	0	0
15155	0	0	0
15156	0.5	1	0.5
15157	0.5	0	0.5
15158	0	0	0
15163	0	0.5	0
15164	0	0	0.5
15169	0	1	1
15170	0.5	0.5	0
15188	0	0	0
15189	0	0.5	0.5
15192	0	0	0
15193	0	0	0
15194	0	0	0
15197	1	0.5	0
15198	1	0.5	1
15199	1	0.5	0.5
15200	0	0	0
15201	0	0	0
15202	0	0	0
15203	0.5	1	1
15204	0	0	0
15205	0	0	0
15206	1	1	1
15207	0	0	0
15208	1	1	1
15209	0	0	0
15213	0	0	0
15215	0.5	0	1
15221	1	1	1
15222	1	1	1
15223	0	0	0
15242	0	0	0
15243	0	0	0
15245	0	0	0
15251	0	0	0
15252	0	1	1
15257	0.5	0	0
15258	0	0	0
15261	1	0.5	0.5
15262	0	0	1
15269	0	0	0
15272	0	0	0
15275	0	0	0
15276	0	0	0
15286	0.5	0.5	1
15294	0	0	0
15295	0	0	0
15304	0.5	0	0
15305	0	0	0
15308	0	0	0
15312	0	0	0
15314	0	0	0
15317	0.5	0.5	1
15319	1	0	0
15322	0.5	0	0.5
15328	1	1	0.5
15333	0	0	0
15337	0	0	1
15341	0	0.5	1
15342	0.5	0	0
15345	1	0.5	0.5
15346	1	0.5	1
15347	0	0	0
15350	0	1	0.5
15355	0	0	0
15356	0.5	1	1
15359	1	1	1
15360	0.5	1	1
15364	0	0	0
15370	0.5	1	0.5
15371	0	0.5	1
15373	0.5	1	0
15374	0	0	0
15379	0	0.5	0
15384	0	0	0
15386	0	0.5	0
15388	0.5	1	1
15389	0	0	0
15390	0.5	0.5	0
15392	0.5	0.5	0
15395	0	0	0
15411	0.5	1	0
15412	0	0.5	1
15416	0	0	0
15417	0	0	0
15431	1	1	1
15434	1	1	1
15435	1	1	1
15439	1	0	1
15444	0	0	1
15445	0	0	0
15447	0	0	0.5
15448	0.5	0	0
15449	1	0.5	0.5
15453	0	0	0.5
15457	0	0	1
15458	0	0	0
15460	0	0	0
15462	0	0	0
15463	0	0	0
15468	0	0.5	1
15469	0	0	0
15470	0	0	1
15471	0.5	1	1
15472	0	0.5	0.5
15474	0.5	1	1
15487	1	1	0.5
15490	1	0.5	0.5
15491	0	0	0.5
