14573	0.5	0.5	1
14575	1	0	0
14579	0	0	1
14581	0	0	0
14583	0	0	0
14586	0.5	0	0.5
14587	0.5	0.5	0.5
14588	0.5	1	1
14589	0	0	0
14591	1	0	0.5
14593	0.5	0	0.5
14594	0.5	0	0.5
14595	0	0	0
14605	0	0	0
14608	0	1	0
14621	1	1	1
14623	0	0.5	1
14624	0	0	0
14625	0.5	0	1
14628	0	1	1
14637	0	0	0
14640	0	0	0
14643	0	0	0.5
14645	0	0	0
14650	0	0	0
14656	0	0.5	1
15014	0	0	1
15170	0	0	0
15181	0.5	0	0.5
15284	0	1	0.5
15285	0	0	0
15289	0	0	0
15294	0	0.5	0.5
15296	0	0.5	0.5
15298	0	0	0
15301	0	0.5	0.5
15303	0	0	0
15305	0	0	0
15316	0	0	0
15416	1	1	1
15418	0.5	1	1
15421	0.5	0.5	0.5
15422	0	1	0
15425	0	1	0
15428	0	0	0.5
15429	1	0	1
15433	1	0	1
15435	0.5	0.5	0.5
15438	0	0	0
15439	0	1	0.5
15443	0	0	0.5
15449	1	0	0.5
15458	0	0	0
15462	0	0.5	0.5
15466	0	0	0
15468	0	0	0
15472	0	0	0
15476	1	1	1
15492	0.5	0.5	0
15507	0	0	0
15604	0	0	0
15769	0	0	0.5
15772	1	0	0.5
15776	1	0.5	0.5
15777	1	0	1
15778	0.5	0.5	0.5
15779	0	0	0
15782	0	1	0.5
15786	0.5	0.5	0.5
15787	1	0.5	0.5
15788	0	0	0
15790	0.5	0	0.5
15791	1	0	0.5
15792	0.5	0.5	0.5
15794	0	0	0
15795	0	0	0
15796	0.5	1	0.5
15797	0	0	0
15798	0	0	0
15805	1	0	1
15811	0	0	0
15813	0	0	0
15820	0	0	0
15821	1	0	0.5
15823	0	0	0
15826	0.5	0.5	0
