15435,0.306768717403056,0.270964073356601,0.768772150329091
15436,0,0,0
15437,0.25208601580411,0.195998602107238,0.809874868985934
15439,0.338627344877345,0.356161096047108,0.572841861859481
15441,0.227927331377229,0.34811891787763,0.744380507170379
15442,0.163055555555556,0.473699129684517,0.666666666666667
15443,0.274292574317104,0.467228944058962,0.588608582773981
15444,0.357142857142857,0.358143759879798,0.5
15445,0.403257575757576,0.669778440414397,0.684678678088461
15446,0.276888838524545,0.372148210136195,0.716016424848312
15447,0.411764705882353,0.328747705823593,1
15448,0.334278203990966,0.286202985895852,0.771553688186308
15449,0.386316888496269,0.23862632052857,0.848998537564777
15450,0.284855123836163,0.465146393354156,0.693296155867284
15451,0.26233164983165,0.487928402420801,0.665284937189087
15452,0.315875623705581,0.32204128918512,0.817023178477267
15453,0.333333333333333,0.535816384622937,1
15454,0.279108747208201,0.330786022339716,0.829647065126133
15455,0,0,0
15456,0.323247464855161,0.302384909636188,0.601096451750343
15457,0.369723603259649,0.310085178024461,0.7554247136279
15458,0,0,0
15459,0.225,0.358143759879798,0
15460,0.242692427848332,0.468481014045308,0.752911696095246
15464,0,0,0
15465,0.292645887871636,0.320566783171795,0.685374227811845
15467,0.196399872147416,0.366788980388133,0.799295912058966
15468,0,0,0
15469,0.251248778804059,0.162614684986299,0.670501566571165
15470,0.305796372502677,0.295273250905773,0.901941034272523
15471,0.394005847953216,0.15626625765255,0.743173059302682
15474,0,0,0
15475,0.437425648130126,0.210734854781001,0.94072812815314
15477,0.34375,0.234399386478825,1
15478,0.286237387245812,0.449736504896157,0.731655664556518
15479,0.29497243186704,0.124302704950892,0.885399256046839
15481,0,0,0
15482,0.45945945945946,0.730502290443006,0.661938298108593
15483,0.196969696969697,0.645219950947079,0.910912919362525
15484,0.247121439218962,0.131499082329437,0.879289321881345
15485,0.271146805519702,0.281305975727982,0.826876185250239
15486,0.241001101295219,0.277018428204629,0.916666666666667
15487,0.372391995259642,0.140639631887295,0.85
15488,0.25,0,1
15489,0.256614536310392,0.433937872566893,0.681231168750171
15490,0,0,0
15491,0.264377588155784,0.156546526582664,0.590278347776501
15492,0,0,0
15495,0.357142857142857,0.358143759879798,1
15498,0,0,0
15502,0.398935043131472,0.425921898869084,0.804968476543576
15503,0,0,0
15504,0.291618677607865,0.305039458588086,0.908207470813556
15505,0.363636363636364,0.527496690232737,0.597631072937818
15506,0,0,0
15507,0.350012732365674,0.527496690232737,1
15508,0.259615384615385,0,1
15509,0.271705058549354,0.222525766153019,0.870307657494132
15510,0.409114997350291,0.15626625765255,0.281766487206916
15512,0.363113275613276,0.430530870823752,0.947295372330527
15513,0,0,0
15514,0,0,0
15515,0.308471958088538,0.311329346544404,0.718661021381236
15516,0.439393939393939,0.766295767765478,1
15517,0.328581871345029,0.492496396531335,1
15518,0.338191132308779,0.117199693239412,0.211324865405187
15519,0.443577533577534,0.0781331288262749,0.6313620910651
15522,0.166499554367201,0.874293546181143,0.67146714678217
15524,0.382936628207823,0.05208875255085,0.532485179379313
15525,0.251545526807561,0.213532879765325,0.593173746052129
15526,0.324218384941512,0.238765568664098,0.781662008169625
15531,0.354359483832733,0.10303269735333,0.777530251596507
15532,0.270053860144235,0.288422467553499,0.798974588946791
15534,0.288584414674804,0.205315318561381,0.855333074052465
15535,0.278878015609826,0.18016088532152,0.84673400441135
15537,0.397727272727273,0.534894850118564,1
15538,0.372973391902381,0.302897089509004,0.912622655214678
15539,0,0,0
15540,0.214285714285714,0,0.422649730810374
15541,0.183150183150183,0.659080146153627,0.854569302380624
15542,0.257656274622839,0.305039203363096,0.786053168368317
15543,0.310518910913648,0.403176279926797,0.684900529394521
15544,0,0,0
15545,0.31305302486362,0.230421033279381,0.723959086889486
15546,0.226571063648131,0.357315759541973,0.751773288053824
15547,0.325170565302144,0.15626625765255,0.863917236512046
15548,0,0,0
15549,0.195833333333333,0.565819969969174,0.951887477567531
15550,0.258877125222889,0.300137402739167,0.804095345360773
15580,0.361111111111111,0.670180707431571,0.951887477567531
15586,0.204924242424242,0.541729130726843,0.874011842330258
15589,0.184526015621552,0.0334856266398321,0.522496926877189
15590,0,0,0
15591,0.329427189648985,0.296496933689906,0.723970402621536
15592,0.23190747328908,0.339237436643044,0.852671046436894
15593,0.382352941176471,0,1
15594,0.415688296404739,0.198692159703165,0.819417940854918
15595,0.416666666666667,0.328747705823593,0.5
15596,0.15183952213364,0.23095148037264,0.777680852597845
15597,0.287157287157287,0,0.750843616843728
15598,0.230769230769231,0,0.292893218813453
15599,0.388173479097392,0.308104177403401,0.89054042432197
15600,0.350521170006464,0.400996791571203,0.700611731009327
15601,0.5,0.812593696090265,0.422649730810374
15602,0.391304347826087,0,0.5
15604,0.15,0.534894850118564,1
15605,0.303878750015353,0.333348272573245,0.874148364680847
15606,0,0,0
15607,0,0,0
15608,0.260577943405256,0.460592161731186,0.844392049858744
15609,0,0,0
15611,0.277777777777778,0.831651436325605,1
15619,0,0,0
15620,0.195217391304348,0.327254594561981,0.848219399579507
15621,0,0,0
15622,0,0,0
15623,0.238694868866975,0.34537906934091,0.916415368849817
15624,0,0,0
15625,0.280301686727758,0.379794106061214,0.804779324811516
15626,0.322631340974944,0.484195259911577,0.76508572750329
15627,0.303202770491927,0.328351534516007,0.780455169777358
15628,0.269230769230769,0,0.292893218813453
15629,0.268793706293706,0.593139311118999,0.943656383018099
15630,0.34375,0,1
15631,0.240611781865652,0.517211838743187,0.720148161679274
15632,0.177257031467558,0.159597706958811,0.711050825409893
15633,0.265855460126466,0.323548451062946,0.710298589600562
15634,0,0,0
15635,0.321398124467178,0.50109500080813,0.8
15636,0.251452351883423,0.298745001923004,0.913314294800075
15637,0,0,0
15638,0.301844762843804,0.336019420467824,0.701087612593355
15639,0.267361111111111,0.779600775869728,0.727834473024091
15640,0.206570512820513,0.391351095135344,0.9
15641,0.249708132045089,0.34905189289211,0.845008804179374
15643,0.3,0,0.591751709536137
15644,0.206021423751687,0.47150373440451,0.838464492834959
15645,0.248586757485049,0.37821249705554,0.75938928349386
15646,0.298681498442031,0.330168775052359,0.702759963790648
15647,0.284172374166379,0.364509459372513,0.799177955148641
15648,0.303271486612279,0.478756784808886,0.951211244538591
15649,0.251188832392314,0.376023500381026,0.798465950635492
15650,0.289935501649057,0.522018134968065,0.614498158451945
15651,0,0,0
15653,0.258187533660413,0.453285945378977,0.864929035898109
15655,0.166666666666667,0.802732665869585,1
15656,0,0,0
15657,0,0,0
15658,0.230971850861557,0.530285602414055,0.826970303088258
15659,0.258187533660413,0.453285945378977,0.864929035898109
15662,0.411248196248196,0.567830183042713,0.602283760878379
15663,0.345120602832248,0.333180976547783,0.845447115047647
15664,0,0.705228201824453,1
15665,0.5,0.604158609688048,0.666666666666667
15666,0.357954545454545,0.15626625765255,0.597631072937818
15667,0.501515151515152,0.311529874671186,0.64984106144935
15672,0.226265896222037,0.341931794098028,0.941074434901121
15674,0.31652814235727,0.465671929275755,0.743458806831848
15676,0,0,0
15677,0.212798796658838,0.446666506669776,0.855225518115647
15678,0.337021977288162,0.250476348175333,0.836260936740883
15679,0.297061478671063,0.319939019591521,0.700244775677336
15680,0.390372315911677,0.468391371535625,0.773234337755748
15684,0.308373590982287,0.15626625765255,1
15685,0,0,0
15688,0.309086012027189,0.5489113297398,0.767461892698474
15689,0,0,0
15690,0,0,0
15691,0.433333333333333,0,1
15692,0.38113017485659,0.267447425059282,0.753049424928662
15693,0.343063186813187,0.42331313466243,0.501019551682212
15695,0.221611721611722,0.559916065564876,0.561167806357425
15696,0.26059784033063,0.531445901664502,0.672370257168016
15697,0.262175418455063,0.55422657292252,0.728479469532434
15699,0,0,0
15700,0.266666666666667,0.831651436325605,1
15701,0.259264765735354,0.629259429881299,0.913792947446407
15702,0.319005083663313,0.377241509451308,0.765554704308262
15703,0.305763088239503,0.512092881615787,0.84301996410805
15704,0.227944902319902,0.222525766153019,0.743705117115689
15705,0.178333333333333,0.362426483203279,0.863387110767802
15706,0.297695057780197,0.131499082329437,0.737867965644036
15707,0.281432748538012,0.566487195734688,0.882148869802242
15708,0.311178571428571,0.400525783593815,0.863397459621556
15709,0.286885865457294,0.319895143940379,0.756998866952968
15710,0.117406559877956,0,0.725028347623157
15711,0.236842105263158,0,0.5
15712,0.289924242424242,0.23456883489399,1
15713,0,0,0
15714,0.2,0,1
15715,0.294822552891438,0.195822150557064,0.915510776464367
15716,0,0,0
15718,0,0,0
15719,0.303811941798212,0.264592255160602,0.773411271996983
15720,0,0,0
15721,0.246230158730159,0.284029454932017,0.597631072937818
15722,0.526984126984127,0.15626625765255,0.448433153873583
15723,0,0,0
15724,0,0,0
15725,0.293535049371122,0.455955609908323,0.642390103395937
15726,0.204860630585814,0.42322904043386,0.616437800906017
15727,0.380123243629436,0.222525766153019,0.947562260500967
15728,0.353588737809691,0.0937597545915299,1
15729,0.270666468732935,0.350249476891919,0.780461797035738
15730,0.369474259227302,0.188243945854118,0.64905710118851
15732,0.306967586586861,0.241264615384413,0.764829734661833
15733,0.229569556535178,0.284387798658882,0.766390507196563
15734,0.289918720726713,0.292606043680246,0.650101658838851
15736,0.273952575110308,0.46599122631002,0.804201349725656
15740,0.41025641025641,0.487001526962004,0.666666666666667
15741,0.242959255227057,0.131499082329437,0.803109153775632
15742,0.318275946849725,0.291417949716496,0.777820951264992
15743,0.308037676397435,0.413038678200974,0.738536075076483
15745,0.15332674571805,0.613633109117985,0.281766487206916
15746,0.523809523809524,0.378705939909356,0.833333333333333
15747,0.252336786658187,0.386954476419323,0.722491835108384
15748,0,0,0
15749,0.46582627905773,0.281227899999721,0.976881946088171
15750,0.305608839993079,0.399970832974365,0.766141621703958
15751,0.308369859938042,0.36039493786221,0.780326424522364
15752,0.352443609022556,0.366358964098953,0.80857864376269
15753,0.338188100144622,0.256595946353561,0.865597054626812
15754,0.457226197082411,0.111618755466107,0.890260454636176
15756,0.255600423288727,0.426663622757155,0.809894850403709
15757,0.389880416130416,0.276376023378218,0.784529946162075
15758,0.396774686052225,0.211020760745673,0.824022029215374
15761,0.446100773850094,0.190221095979669,0.85293405823693
15763,0,0,0
15764,0.3,0.567612215665469,0
15765,0.508264323714806,0.210625207064793,0.884037809108808
15768,0,0,0
15769,0.436149032809998,0.219872063659131,0.905707868909726
15775,0,0,0
15776,0.418495080629862,0.173126654038995,0.82654789094388
15777,0.571428571428571,0.568058909864034,0.5
15778,0.379296703296703,0.404124866081637,0.75857864376269
15779,0.258816136870648,0.367704668574654,0.615057715026775
15780,0.332407407407407,0.357210923081958,0.54465819873852
15782,0,0,0
15783,0,0,0
15784,0.273813844086022,0.476562559724116,0.922540333075852
15785,0.36,0.534894850118564,1
15786,0.413452380952381,0.362426483203279,0.872540333075852
15788,0,0,0
15789,0.368452380952381,0.30984026877495,0.814107488058265
15791,0,0,0
15792,0.262039798146518,0.501616185735208,0.789943902111993
15797,0.325278829184592,0.580962333503559,0.839236109000433
15798,0.229289215686275,0.0937597545915299,0.868350341907227
15799,0,0,0
15800,0.239991866487764,0.398248258029417,0.749655472578963
15801,0.218002980773175,0.323832986832911,0.687790855646196
15802,0.267319932306059,0.364844234238128,0.733681956001366
15803,0,0,0
15804,0.24963924963925,0.219165137215729,1
15806,0.287166080107257,0.293502212062915,0.912233561271485
15807,0.272727272727273,0.328747705823593,1
15809,0.305555555555556,0,0.183503419072274
15810,0,0,0
15811,0.348510990934836,0.335653835664253,0.928571428571429
15812,0.331875647344922,0.330867641433011,0.87595314107046
15813,0.251407338382128,0.37059476542372,0.861033578809547
15814,0.324003281210967,0.305039203363096,0.85892769585365
15815,0.25,0,1
15816,0,0,0
15818,0,0,0
15820,0.279879443479165,0.209955891247855,0.898116406431854
15821,0,0,0
15827,0.312178927877728,0.428979075731489,0.830116335685208
15828,0.477272727272727,0.618951039126139,0.5
15833,0.477272727272727,0.618951039126139,0.5
15834,0.485714285714286,0.618951039126139,0.711324865405187
