15369	0.666666666666667
15370	0.222222222222222
15373	0.277777777777778
15374	0.433333333333333
15376	0.511111111111111
15378	0.365079365079365
15379	0.440476190476191
15382	0.416666666666667
15388	0.333333333333333
15389	0.454545454545455
15391	0.48989898989899
15392	0.414529914529915
15393	0.498168498168498
15396	0.476190476190476
15397	0.541666666666667
15398	0.517156862745098
15400	0.533769063180828
15401	0.54775828460039
15402	0.492982456140351
15403	0.541269841269841
15404	0.522366522366522
15405	0.534914361001318
15406	0.545893719806763
15415	0.502222222222222
15416	0.489230769230769
15417	0.477682811016144
15418	0.491181657848325
15419	0.503284072249589
15420	0.469731800766284
15424	0.482437275985663
15425	0.473118279569893
15426	0.464646464646465
15427	0.437314319667261
15428	0.469467787114846
15429	0.443386243386243
15431	0.437437437437438
15432	0.467045993361783
15434	0.443094916779127
15438	0.454273504273504
15440	0.432113821138212
15445	0.411536972512582
15449	0.392395717977113
15450	0.389711064129669
15451	0.372390572390572
15452	0.385185185185185
15453	0.397163120567376
15454	0.380614657210402
15455	0.378684807256236
15456	0.363537414965986
15457	0.349281045751634
15460	0.348667672197084
15461	0.36066763425254
15462	0.359655252737014
15463	0.38294051627385
15465	0.369264069264069
15466	0.379699248120301
15467	0.389594676346038
15468	0.398986947204364
15469	0.385687382297552
15472	0.383970856102004
15474	0.382337387625595
15475	0.391363713944359
15476	0.389550264550265
15477	0.377564102564103
15478	0.366122766122766
15481	0.365143977084276
15482	0.374012291483758
15483	0.382495026996306
15484	0.390614216701173
15485	0.379610999329309
15488	0.387584767866458
15489	0.395230847285642
15490	0.402566950512156
15494	0.391831831831832
15495	0.381520467836257
15496	0.371610845295056
15497	0.387723387723388
15499	0.377907605755707
15500	0.368459915611814
15502	0.359362139917696
15506	0.350597209675801
15509	0.342149084141444
15510	0.334002677376171
15511	0.341830065359477
15512	0.357136342909257
15513	0.364251982535864
15514	0.371125043538837
15515	0.362785154919986
15521	0.376945484810653
15526	0.390638990638991
15530	0.40388596910336
15536	0.416705625681783
15540	0.429116144284298
15545	0.44113475177305
15546	0.452777777777778
15547	0.457187857961054
15549	0.468265656778175
15550	0.465539751254037
15554	0.462895622895623
15555	0.4603300330033
15557	0.457839901637223
15558	0.455422298369186
15559	0.459484690067214
15560	0.457081807081807
15562	0.454746930218628
15563	0.458708046787751
15564	0.456386292834891
15567	0.454128440366972
15569	0.451932165693634
15570	0.455801255801256
15571	0.45956670956671
15573	0.463232195533081
15574	0.466801221342442
15575	0.458682939232138
15578	0.462268865567216
15580	0.460064839375184
15588	0.457916847747356
15590	0.455823007168969
15596	0.453781512605042
15597	0.451790633608816
15601	0.44984871065348
15602	0.447954151672664
15606	0.440729084710202
15608	0.433677419354839
15609	0.426793650793651
15614	0.420072490938633
15616	0.413508858267717
15617	0.407097868217054
15621	0.400834824090638
15622	0.404893325504013
15629	0.403809083198396
15631	0.397736766157819
15633	0.401750645269891
15635	0.405675327068362
15639	0.404611474219317
15641	0.403570917418062
15642	0.40738389929123
15643	0.415910749661141
15645	0.409969167523124
15656	0.404154002026343
15658	0.398461692138648
15659	0.40687481532552
15660	0.415112665112665
15664	0.409386973180077
15666	0.403778932451582
15670	0.398285341533874
15671	0.392903107188821
15674	0.387629239978233
15675	0.382460850111857
15677	0.377395143487859
15681	0.381201347740211
15682	0.376218323586745
15685	0.384319384319384
15686	0.379360424521715
15691	0.374496829335539
15694	0.369726169089226
15698	0.365046090999489
15699	0.364647188387337
15700	0.364255765199161
15705	0.368012422360248
15706	0.367584285458682
15708	0.367164028377389
15709	0.366751458925632
15711	0.370386794777039
15712	0.369940367530729
15713	0.369501959935551
15723	0.373039635015683
15724	0.372569737954353
15725	0.372108133194106
15758	0.375553262240569
15764	0.375062332834671
15765	0.378433481202671
15769	0.381746506322946
15770	0.377383689107827
15772	0.384458874458875
15773	0.387647663071392
15775	0.390782708055609
15779	0.386416420814764
15780	0.382122905027933
15781	0.38158379373849
15783	0.377390565235869
15785	0.373266078184111
15788	0.38007840342124
15789	0.375969447708578
15790	0.379095224256515
15792	0.37504072987944
15793	0.374597034171502
15794	0.37063304439191
15796	0.373749187784276
15798	0.376816386516028
15799	0.379835660267597
15800	0.375899539435809
15805	0.375460712568773
15806	0.375028636884307
15812	0.374603174603175
15813	0.374184191443075
15814	0.377138559879677
15816	0.376698306346548
15817	0.382931323283082
15818	0.379121061359867
15819	0.375367387485017
15821	0.374953258872685
15822	0.374545220387005
15824	0.374143153196238
15825	0.380219433262294
15827	0.376545815549615
15828	0.372925182707791
15831	0.375736105999264
15832	0.375332270069112
15833	0.371774618220116
15836	0.368267310501058
15840	0.371069182389937
15841	0.373831775700935
15844	0.373455046004492
15845	0.373083548664944
15846	0.372717187233316
15847	0.372355867472766
15848	0.375043637328418
15849	0.374664452746645
15850	0.377307006718771
15851	0.379913850502086
15852	0.382485624638091
15854	0.385022955370489
15855	0.387526455026455
15858	0.389996722386103
15866	0.392434343040557
15867	0.391915913130845
15872	0.391404274879338
15873	0.388000759445605
15874	0.384641445511011
15879	0.384199134199134
15882	0.386623748211731
15886	0.383319271731289
15891	0.388567618354852
15892	0.393749248707777
15893	0.39886528880307
15894	0.403916840998003
15895	0.408904984587977
15896	0.413830776383078
15900	0.418695251267866
15903	0.42349942274499
15904	0.428244283463139
15907	0.432930805729834
15909	0.437559942009591
15910	0.442132625407887
15912	0.443950714810792
15915	0.448434983239737
15921	0.450187848166861
15936	0.446586345381526
15939	0.443027888446215
15946	0.447448302029975
15949	0.443911161302466
15952	0.440415797827643
15953	0.436961556276054
15954	0.433547794117647
15955	0.430173881322957
15956	0.426839200072392
15958	0.423543144473377
15960	0.422849222849223
15961	0.427271834168386
15964	0.431643804899925
15971	0.428361342505249
