15192	0.666666666666667
15198	0.444444444444444
15199	0.388888888888889
15200	0.5
15201	0.666666666666667
15205	0.476190476190476
15209	0.523809523809524
15213	0.555555555555556
15214	0.511111111111111
15219	0.539393939393939
15220	0.560606060606061
15221	0.576923076923077
15222	0.58974358974359
15225	0.555555555555556
15226	0.569444444444445
15227	0.541666666666667
15228	0.555555555555556
15231	0.567251461988304
15232	0.57719298245614
15234	0.585714285714286
15235	0.623376623376623
15238	0.569169960474308
15239	0.577294685990338
15240	0.584444444444444
15241	0.590769230769231
15242	0.621082621082621
15243	0.624338624338624
15246	0.604269293924466
15247	0.608429118773946
15248	0.633691756272402
15250	0.61491935483871
15252	0.618055555555556
15254	0.640522875816994
15255	0.642016806722689
15257	0.643386243386243
15262	0.626626626626627
15263	0.611190137505927
15264	0.579847053531264
15266	0.584188034188034
15267	0.588211382113821
15268	0.591947348044909
15269	0.595422665190107
15271	0.598661028893587
15273	0.572053872053872
15274	0.576167471819646
15275	0.565834104224484
15282	0.570035460992908
15285	0.573979591836735
15286	0.591020408163265
15287	0.593986928104575
15288	0.57114127702363
15289	0.54958877600387
15290	0.553924994176567
15291	0.558024691358025
15295	0.561904761904762
15296	0.565580618212197
15297	0.546077838273846
15298	0.550165595168518
15299	0.554048964218456
15300	0.568670309653916
15301	0.571831482460779
15302	0.585424133811231
15304	0.59837962962963
15305	0.600480769230769
15306	0.612587412587413
15307	0.604251469923112
15308	0.606087211003805
15309	0.607843137254902
15311	0.6
15313	0.592488262910798
15314	0.594548774126239
15316	0.596524606798579
15317	0.598420338146366
15318	0.60024024024024
15319	0.610760233918129
15320	0.612212349054454
15321	0.605061605061605
15324	0.615060045439792
15326	0.608016877637131
15327	0.601234567901235
15328	0.602830472749172
15332	0.612400822803409
15333	0.605756358768407
15334	0.615032679738562
15335	0.600729594163247
15336	0.594582553684398
15337	0.59622082897945
15338	0.605294518215867
15348	0.599250936329588
15349	0.600732600732601
15350	0.602165949992037
15355	0.596384603397226
15356	0.604972165027072
15358	0.606270996640538
15362	0.600584795321637
15363	0.608820160366552
15364	0.616803422399888
15365	0.62454476740191
15369	0.632053872053872
15370	0.626138613861386
15372	0.620397333851032
15373	0.614823275588553
15374	0.622230520288773
15375	0.62942612942613
15380	0.636418089248278
15382	0.6307529536237
15383	0.631418022383755
15385	0.632064786499037
15387	0.632693911592994
15389	0.633306033306033
15392	0.633901758901759
15393	0.640381373788454
15394	0.634994566061171
15395	0.641342486651411
15396	0.641779110444778
15397	0.647902544454269
15401	0.642570862909846
15402	0.642975834401557
15403	0.648926237161532
15406	0.654729109274564
15409	0.649460326062413
15410	0.649740103958417
15420	0.650013113034356
15421	0.650279569892473
15426	0.650539682539683
15428	0.650793650793651
15429	0.651041666666667
15431	0.656451873385013
15432	0.656609024050885
15433	0.656762575846545
15434	0.656912637828668
15435	0.657059314954052
15436	0.657202708263195
15439	0.662281186659296
15441	0.652541757443718
15449	0.652747960498068
15455	0.648118763002927
15456	0.638793313175547
15459	0.634429599177801
15461	0.634886862546437
15462	0.630639629740619
15463	0.631143504382941
15464	0.631636881636882
15465	0.632120051085568
15466	0.632593292394899
15468	0.633056875718324
15473	0.633511062082491
15474	0.633956103754762
15475	0.629947800149142
15476	0.634849153789551
15477	0.635267805274776
15478	0.640035546382296
15480	0.644710409416292
15482	0.649294791230275
15485	0.653791011855528
15487	0.649708748434863
15488	0.654142814910371
15491	0.650107475519465
15492	0.654481132075472
15493	0.654632505175984
15494	0.658896301408379
15498	0.654901663763286
15500	0.646915058107636
15501	0.643114067504311
15503	0.635365705245223
15507	0.639732583026718
15508	0.640053226879574
15514	0.640368178829717
15515	0.64067757280427
15528	0.637082903336773
15531	0.633550931592547
15532	0.63008020791325
15536	0.626669324297389
15538	0.623316912972085
15540	0.620021645021645
15541	0.616782229070365
15543	0.61359741001714
15544	0.606741573033708
15549	0.611111111111111
15550	0.615408225905464
15551	0.612308501811264
15552	0.60925959286615
15557	0.606260394392967
15560	0.606913435174305
15561	0.603971713649133
15562	0.604642247906005
15563	0.60530208214814
15564	0.609478779691546
15567	0.606571985519354
15570	0.603710847800129
15571	0.607838859802211
15575	0.604994242947611
15576	0.60906646724712
15578	0.613076041942021
15579	0.613622885051457
15580	0.607393211091543
15581	0.601257926131023
15582	0.598565216655669
15583	0.595912897822446
15584	0.596616915422886
15585	0.594010147283385
15586	0.59472597506056
15592	0.59216330210245
15595	0.59289016419576
15597	0.593606440918778
15598	0.59109172490346
15599	0.591818407035798
15600	0.592534658324132
15604	0.593240677451204
15605	0.593936658391635
15606	0.594622790545173
15610	0.589039477957894
15611	0.58353443610782
15612	0.57810620879519
15613	0.57892621303474
15615	0.573590487568982
15617	0.568328189517891
15618	0.566182117771913
15619	0.570125916701259
15620	0.570999588646648
15626	0.571861454214395
15627	0.569722188556269
15628	0.573563954729874
15629	0.577354497354497
15630	0.578144870534251
15632	0.578924798253479
15633	0.576770487157689
15634	0.577555606629383
15637	0.578330485412316
15639	0.581981303720434
15642	0.582711349952729
15647	0.580570766119086
15648	0.581306628516929
15649	0.582033096926714
15650	0.582750330568578
15651	0.586271424825383
15652	0.586947015092957
15654	0.584824724869027
15657	0.585506741050674
15659	0.588946519133241
15662	0.589588834402112
15679	0.59022321985285
15682	0.59358204591963
15688	0.596899743503959
15691	0.60017698136165
15692	0.603414414710949
15700	0.603924513517043
15701	0.60442846655439
15702	0.604926372155288
15704	0.605418326693227
15705	0.605904424629524
15707	0.606384758558672
15708	0.606859419252435
15709	0.607328495702743
15710	0.607792075163399
15711	0.608250243190661
15715	0.608703083682724
15716	0.606576676344118
15722	0.601910701910702
15723	0.60240691620002
15724	0.60289744864633
15725	0.603382385665496
15727	0.601336559511465
15730	0.601829616923957
15738	0.599810847874403
15739	0.600311640524532
15741	0.600806827286787
15744	0.601296491520095
15745	0.59931157923723
15746	0.599808664753314
15747	0.597849287316403
15748	0.598353443941679
15749	0.598852080603906
15750	0.599345277593453
15755	0.595002195871761
15758	0.590706151136225
15760	0.588854548130449
15761	0.587022854834412
15765	0.582829834442738
15766	0.583426537874937
15767	0.586380959592136
15769	0.586948349748139
15775	0.587509746346157
15776	0.588065233506301
15780	0.58628389154705
15784	0.586844050258685
15786	0.58739837398374
15788	0.585640138408305
15789	0.586198942051466
15796	0.586751984832326
15797	0.587299345666808
15798	0.587841102124145
15800	0.588377330454366
15801	0.588908105615128
15805	0.589433501297908
15811	0.587708921042255
15815	0.586001702332799
15816	0.588770921715188
15817	0.587068004459309
15818	0.585382059800665
15819	0.583712862936643
15821	0.579859972752242
15822	0.582624051878872
15828	0.585360943341962
15834	0.588071002535805
15838	0.58423992108606
15839	0.586939661858229
15841	0.589613191554939
15847	0.592260848383617
15853	0.594882965114269
15854	0.597479869184049
15856	0.600051882799487
15858	0.598353038535371
15859	0.59878677585684
15860	0.599216395418927
15861	0.59543585033742
15863	0.591690970775549
15864	0.587981309516768
15866	0.584306426332288
15867	0.580665887850467
15868	0.577059267429036
15869	0.573486145030095
15870	0.56994610709781
15871	0.570541310541311
15873	0.571131036652509
15874	0.569676616448722
15875	0.56823549886875
15876	0.56883386463044
15879	0.569426790703387
15880	0.570014342824011
15882	0.568588553610211
15883	0.567175609344284
15884	0.565775356194518
15885	0.568367742127685
15886	0.570936981757877
15887	0.569526871084735
15888	0.570101662774569
15892	0.56870479947403
