15882	0.333333333333333
15884	0.777777777777778
15885	0.555555555555556
15886	0.733333333333333
15887	0.488888888888889
15888	0.444444444444444
15889	0.416666666666667
15890	0.324074074074074
15891	0.392592592592593
15892	0.442424242424243
15893	0.47979797979798
15894	0.405982905982906
15895	0.395604395604396
15896	0.387301587301587
15897	0.338888888888889
15898	0.377450980392157
15899	0.446623093681917
15900	0.434697855750487
15901	0.491228070175439
15902	0.444444444444444
15903	0.464646464646465
15905	0.511198945981555
15906	0.496376811594203
15907	0.456666666666667
15908	0.447179487179487
15909	0.414055080721747
15910	0.432098765432099
15911	0.425287356321839
15912	0.419157088122605
15913	0.413620071684588
15914	0.387768817204301
15915	0.404671717171717
15916	0.420083184789067
15917	0.434173669467787
15918	0.41005291005291
15919	0.405905905905906
15920	0.419630156472262
15921	0.415204678362573
15922	0.411111111111111
15923	0.423577235772358
15924	0.403406891211769
15925	0.384643779992617
15926	0.397463002114165
15927	0.37979797979798
15928	0.377777777777778
15929	0.404255319148936
15930	0.415189125295508
15931	0.425453514739229
15932	0.435102040816327
15933	0.431111111111111
15936	0.44017094017094
15937	0.436139332365748
15938	0.4446773817843
15939	0.452749719416386
15941	0.460389610389611
15942	0.444235588972431
15943	0.440411373260738
15944	0.436781609195402
15947	0.444444444444444
15948	0.451730418943534
15949	0.469416534461484
15950	0.465096432838368
15951	0.471395502645503
15952	0.456891025641026
15953	0.463247863247863
15954	0.469320066334992
15955	0.465320456540825
15956	0.480818414322251
15957	0.467080745341615
15958	0.453923541247485
15959	0.44131455399061
15960	0.429223744292237
15961	0.426632111563618
15964	0.424144144144144
15965	0.421754385964912
15966	0.4107997265892
15967	0.408813408813409
15969	0.406902520826572
15970	0.405063291139241
15971	0.419753086419753
15972	0.409515206263174
15973	0.407679498481732
15974	0.405909351692484
15975	0.396358543417367
15976	0.402644778841769
15977	0.393388577029315
15978	0.407175200278649
15979	0.405515832482125
15980	0.403911776945485
15981	0.402360602360602
15982	0.408106386367256
15983	0.413666822502727
15984	0.426141996492031
15985	0.431205673758865
15986	0.422222222222222
15987	0.427262313860252
15988	0.41854267480188
15989	0.410087267230124
15990	0.415218855218855
15991	0.42019801980198
15992	0.411958842943118
15993	0.403959642109271
15995	0.409011700273836
15996	0.407570207570208
15997	0.406169511829889
15998	0.411038617527773
15999	0.409599630783432
16000	0.402084041227772
16001	0.400834028356964
16002	0.393611793611794
16003	0.386583011583012
16004	0.385640539401601
16005	0.384722869119702
16006	0.389626239511823
16007	0.3944027986007
16008	0.387660870419491
16009	0.381090347192042
16010	0.380287708303661
16011	0.379505135387488
16012	0.38425160697888
16014	0.383416881181412
16016	0.39344262295082
16017	0.39247311827957
16018	0.39152688172043
16019	0.401185185185185
16021	0.400116652085156
16022	0.399073162729659
16023	0.398053940568476
16024	0.402186444046909
16025	0.401135251516931
16026	0.405158454776775
16027	0.404078377762588
16028	0.398047357198968
16029	0.397088630919477
16030	0.391249092229484
16032	0.385537426649492
16033	0.384780845586939
16034	0.384040593612067
16035	0.388078108941418
16036	0.387301587301587
16037	0.386541471048513
16038	0.381135296628254
16040	0.38510101010101
16041	0.388984674329502
16042	0.388222327192568
16043	0.39201068555276
16044	0.39572225286511
16045	0.39488481770361
16046	0.398508575689784
16047	0.406475349521707
16048	0.40112698965958
16053	0.408955395023507
16055	0.403644285997227
16056	0.407038123167155
16057	0.401819685690653
16058	0.396700963579945
16059	0.395898841678089
16060	0.390918982034339
16061	0.394365828092243
16062	0.397748447204969
16063	0.401068425223015
16066	0.404327299351158
16067	0.411591600578583
16068	0.418723823601872
16069	0.421711086771328
16070	0.420652670562489
16071	0.419613154643095
16072	0.418592091669015
16073	0.417589047453301
16074	0.420502235982112
16075	0.419488644090847
16076	0.422346193484787
16077	0.417491639536686
16078	0.41272030651341
16079	0.411818181818182
16080	0.410931347372025
16081	0.410059459573838
16082	0.409202184420313
