15446	0.666666666666667
15447	0.666666666666667
15448	0.5
15456	0.566666666666667
15462	0.377777777777778
15473	0.46031746031746
15474	0.511904761904762
15475	0.472222222222222
15476	0.444444444444444
15477	0.424242424242424
15478	0.409090909090909
15483	0.448717948717949
15485	0.432234432234432
15495	0.374603174603175
15498	0.327777777777778
15504	0.367647058823529
15505	0.363834422657952
15507	0.360623781676413
15508	0.424561403508772
15509	0.415873015873016
15511	0.438672438672439
15513	0.487483530961792
15515	0.446859903381643
15520	0.491111111111111
15521	0.504615384615385
15524	0.51661918328585
15532	0.479717813051146
15533	0.469622331691297
15535	0.482758620689655
15536	0.516129032258065
15537	0.483870967741936
15547	0.454545454545455
15551	0.486631016042781
15553	0.458823529411765
15555	0.47037037037037
15559	0.480980980980981
15562	0.455666192508298
15565	0.43229869545659
15566	0.410683760683761
15567	0.390650406504065
15570	0.372048006194348
15577	0.354743447766704
15581	0.33861874559549
15694	0.353198653198653
15707	0.352334943639292
15708	0.337341967314215
15711	0.337174940898345
15712	0.35062358276644
15727	0.349931972789116
15728	0.362352941176471
15730	0.374057315233786
15732	0.359941944847605
15733	0.346610761705101
15734	0.334006734006734
15735	0.357792207792208
15736	0.345238095238095
15737	0.333333333333333
15846	0.322033898305085
15851	0.333521657250471
15852	0.355373406193078
15853	0.343909747928786
15857	0.343573988735279
15858	0.353670634920635
