14754	0
15058	0.222222222222222
15063	0.277777777777778
15066	0.3
15067	0.311111111111111
15075	0.317460317460318
15114	0.404761904761905
15116	0.462962962962963
15211	0.437037037037037
15215	0.478787878787879
15229	0.454545454545455
15230	0.538461538461538
15235	0.509157509157509
15242	0.574603174603175
15248	0.544444444444445
15261	0.480392156862745
15276	0.501089324618737
15327	0.518518518518519
15375	0.5
15376	0.515873015873016
15393	0.52958152958153
15403	0.512516469038208
15404	0.553140096618358
15405	0.535555555555556
15406	0.545641025641026
15407	0.52991452991453
15408	0.53968253968254
15410	0.548440065681445
15413	0.534099616858238
15422	0.499641577060932
15423	0.51008064516129
15425	0.499368686868687
15438	0.509209744503862
15461	0.537254901960784
15464	0.562962962962963
15468	0.568568568568569
