15106	0.333333333333333
15107	0.333333333333333
15110	0.666666666666667
15112	0.666666666666667
15113	0.666666666666667
15114	0.761904761904762
15115	0.654761904761905
15117	0.583333333333333
15119	0.533333333333333
15123	0.557575757575758
15124	0.631313131313131
15125	0.636752136752137
15126	0.688644688644689
15128	0.685714285714286
15131	0.641666666666667
15133	0.644607843137255
15134	0.610021786492375
15135	0.61598440545809
15139	0.654385964912281
15140	0.655555555555556
15142	0.626262626262626
15145	0.629776021080369
15148	0.577294685990338
15149	0.557777777777778
15150	0.566153846153846
15159	0.573599240265907
15160	0.604056437389771
15161	0.585385878489327
15162	0.546360153256705
15163	0.554121863799283
15166	0.561155913978495
15167	0.527146464646465
15168	0.535353535353536
15169	0.523809523809524
15177	0.513227513227513
15180	0.503503503503504
15182	0.512091038406828
15183	0.502923976608187
15193	0.477777777777778
15208	0.486991869918699
15209	0.511420828493999
15210	0.534145441122185
15211	0.555320648343904
15212	0.56026936026936
15213	0.57938808373591
15215	0.568917668825162
15216	0.572990543735225
15217	0.576814058956916
15218	0.580408163265306
15219	0.583790849673203
15220	0.574157868275515
15222	0.56507014997581
15223	0.581178662939669
15226	0.572166105499439
15228	0.563636363636364
15229	0.555555555555556
15230	0.559386973180077
15231	0.551724137931035
15236	0.566666666666667
15237	0.580874316939891
15238	0.572889123920325
15239	0.586448199351425
15240	0.588955026455027
15243	0.601602564102564
15244	0.603574203574204
15245	0.61540780943766
15247	0.607111501316945
15250	0.618499573742541
15252	0.610351966873706
15253	0.602548625083836
15257	0.604329681794471
15258	0.606037544393709
15259	0.598667160310996
15261	0.600480480480481
15264	0.602222222222222
15265	0.612554112554113
15266	0.596847596847597
15267	0.598615168235422
15268	0.600316455696203
15271	0.601954732510288
15273	0.595402991066948
15275	0.581055931041238
15278	0.583094281889463
15279	0.577217553688142
15280	0.571545827633379
15281	0.573732513588167
15282	0.57584465343086
15283	0.570394960844399
15285	0.572534332084894
15286	0.55995115995116
15288	0.562271062271062
15289	0.564516129032258
15293	0.566689544726607
15299	0.561776782381486
15300	0.557017543859649
15306	0.552405498281787
15307	0.547934637772635
15308	0.550333264618979
15309	0.545993265993266
15313	0.541782178217822
15315	0.544230893677603
15316	0.546608287327876
15317	0.548917102315161
15320	0.551159951159951
15323	0.547050014974543
15327	0.549285840239817
15328	0.545286719741548
15329	0.54139766677993
15330	0.537614678899083
15331	0.533933933933934
15341	0.536304161304161
15343	0.538611462284029
15344	0.540858044817058
15345	0.537248919399949
15348	0.533733133433283
15350	0.541703507220749
15351	0.543821526872374
15352	0.551488391966956
15356	0.547852474323063
15357	0.544306703397613
15358	0.54631260443481
15359	0.548269581056466
15360	0.544802867383513
15362	0.536086021505376
15363	0.53815873015873
15364	0.545431821022372
15365	0.542117782152231
15366	0.538880813953488
15372	0.535718545020871
15373	0.532628694460756
15377	0.539710077878017
15378	0.541619199513936
15379	0.538510455242584
15380	0.545347337387138
15383	0.552033405954975
15387	0.548840704164878
15390	0.545717408935435
15391	0.547457686025093
15393	0.54916067146283
15394	0.546099290780142
15397	0.547797422834882
15398	0.554121934403625
15399	0.560314685314685
15400	0.552586206896552
15404	0.5541489529208
15405	0.546609511384463
15406	0.543727400870258
15407	0.545377592357458
15408	0.546994780014914
15413	0.544164827078734
15418	0.545776693389102
15420	0.538642357527807
15421	0.540305010893246
15422	0.546236559139785
15427	0.552054039150813
15428	0.557760357123415
15429	0.563358327286409
15440	0.568850675370857
15441	0.574240041928721
15442	0.579528985507246
15443	0.576489533011272
15447	0.581685980458987
15448	0.578657289640381
15449	0.583764474008377
15450	0.588779359863697
15453	0.585720126013034
15454	0.582715521338276
15456	0.583709026016718
15457	0.584684998259659
15460	0.585643848182548
15463	0.586585973978875
15467	0.579804633239235
15468	0.57697162979204
15469	0.574187192118227
15470	0.571450216450217
15471	0.568759630200308
15474	0.573605027613788
15476	0.574644822463541
15481	0.575667287399131
15482	0.580356046654389
15483	0.577641511343169
15484	0.578614463860366
15485	0.579571553021304
15489	0.58051312181747
15490	0.581439504020149
15491	0.57878596208767
15492	0.576174763909432
15495	0.580659687042666
15496	0.585073795600111
15497	0.578947368421053
15498	0.583333333333333
15499	0.58419689119171
15505	0.588483521179424
15506	0.589285399594678
15509	0.590075004360719
15510	0.587468489934045
15511	0.588268471517203
15512	0.582356225572306
15513	0.579865996649916
15530	0.580729684908789
15533	0.581580546114313
15534	0.579134760766717
15537	0.573456968994494
15538	0.571114299378288
15539	0.575278238219275
15540	0.576161218204274
15541	0.580236591106156
15544	0.581063673168936
15545	0.578704336599074
15546	0.579538102760852
15547	0.574070762168768
15548	0.57181031682759
15552	0.575812089567519
15554	0.579758023618054
15559	0.577476313522825
15561	0.581370541047961
15562	0.579094970334982
15572	0.576850571823552
15573	0.580697384806974
15574	0.58147538735774
15575	0.579239873357521
15576	0.577034433536676
15579	0.58081091180867
15580	0.584537037037037
15581	0.582313995411341
15582	0.585994048315205
15583	0.589625679470335
15586	0.593209734671468
15587	0.590949939877223
15591	0.588719493067319
15603	0.592265014678808
15604	0.592903655468403
15607	0.590685105706565
15608	0.58849487785658
15609	0.586332491886044
15610	0.587010417411619
15615	0.58767979765746
15616	0.5883407756408
15617	0.591771269177127
15618	0.592392807745505
15622	0.595761462226947
15623	0.599088528381458
15624	0.594177966673413
15625	0.594769711163154
15629	0.595354239256678
15630	0.598630723149337
15631	0.593803056027165
15635	0.591710929740467
15638	0.58964390896921
15639	0.590257636122178
15642	0.593509559645018
15644	0.594087876696572
15645	0.597284035147781
15646	0.595213833564922
15650	0.598376225490196
15651	0.598907668612192
15652	0.596848952834837
15761	0.599962088334181
15762	0.6004752004752
15763	0.600982414775518
15765	0.598939292016418
15768	0.59438462059424
15769	0.594932211852364
15770	0.59547360396417
15771	0.596008890149903
15775	0.599035040785484
15776	0.602027316600518
15777	0.602507906563835
15778	0.602983156638671
15779	0.598533096442076
15782	0.596583098183923
15783	0.599538533362063
15784	0.60246160976088
15785	0.602928555629286
15786	0.600974967061924
15797	0.601449275362319
15798	0.60431654676259
15799	0.604763501027135
15800	0.600443761734084
15803	0.598542619894933
15804	0.596661702968964
15805	0.599512150297806
15806	0.595290233746413
15810	0.593451939708426
15811	0.593963930806036
15812	0.596793450451987
15813	0.599593495934959
15814	0.597750865051903
15817	0.600524997017062
15818	0.603270529683612
15819	0.603704749799934
15820	0.601859211120981
15821	0.60230007816551
15824	0.600476574810715
15825	0.598671552908841
15827	0.59688476355143
15828	0.592878825541018
15831	0.591142735292137
15833	0.587201783723523
15838	0.587729789590255
15846	0.588252550365595
15847	0.590970355313677
15848	0.589275374905912
15854	0.58978285878631
15855	0.592464016572021
15856	0.588604316138327
15859	0.591275716682883
15860	0.587448689390437
15861	0.583658697845983
15862	0.584192511150296
15863	0.580447687360871
15866	0.578868681903826
15867	0.57942790473671
15868	0.577865399521451
15869	0.578427432857813
15870	0.57688109784504
15873	0.573252914839725
15874	0.57383858099538
15876	0.574418756530826
15877	0.574993509865005
15880	0.575562908354457
15882	0.578191001801178
15883	0.580794761049319
15884	0.581323203545426
15888	0.583891772848828
15889	0.580320569345166
15890	0.580847069938589
15891	0.581368769614748
15908	0.581885726566578
15909	0.582397998107968
15910	0.580897608561133
15911	0.583414740041246
15912	0.583913254571937
15915	0.586397354544642
15916	0.582906894100924
15918	0.581425745372333
15919	0.583902516109775
15922	0.586357368522106
15923	0.588790560471976
15924	0.587292277614858
15926	0.589705773067403
15929	0.588210890036884
15930	0.588667028273103
15931	0.589119200089878
15932	0.58571388679456
15933	0.58425924383513
15943	0.584732849713472
15944	0.587112604156375
15945	0.587567198799291
15946	0.588017908017908
15947	0.588464775964776
15951	0.588907846167053
