15060	1
15062	0.555555555555556
15070	0.777777777777778
15075	0.466666666666667
15076	0.422222222222222
15079	0.587301587301587
15080	0.607142857142857
15081	0.62037037037037
15082	0.696296296296296
15084	0.63030303030303
15090	0.636363636363636
15093	0.58974358974359
15094	0.553113553113553
15096	0.612698412698413
15103	0.661111111111111
15105	0.661764705882353
15106	0.625272331154684
15108	0.594541910331384
15109	0.635087719298246
15111	0.606349206349206
15112	0.581529581529582
15113	0.530961791831357
15120	0.514492753623188
15123	0.5
15124	0.487179487179487
15125	0.475783475783476
15126	0.465608465608466
15128	0.456486042692939
15130	0.448275862068966
15138	0.440860215053764
15139	0.434139784946237
15141	0.428030303030303
15144	0.422459893048128
15151	0.436414565826331
15173	0.430687830687831
15179	0.425425425425425
15208	0.420578473210052
15209	0.416104363472785
15220	0.395299145299145
15221	0.392276422764228
15271	0.373596593108788
15279	0.356220007382798
15283	0.340028188865398
15284	0.324915824915825
15289	0.310789049919485
15290	0.325932778291705
15294	0.326241134751773
15295	0.340136054421769
15296	0.353197278911565
15299	0.378562091503268
15303	0.38964303670186
15310	0.400096758587325
15347	0.422315397158164
15364	0.443322109988777
15368	0.463203463203463
15379	0.482038429406851
15393	0.499899173220407
15399	0.516851743619716
15400	0.499623352165725
15401	0.494171220400729
15403	0.488982901463071
15404	0.484041645331968
15429	0.479332010582011
15440	0.485096153846154
15453	0.480497280497281
15456	0.476104326850596
15487	0.491513023119696
