15376	0
15378	0.444444444444444
15379	0.555555555555556
15380	0.733333333333333
15381	0.711111111111111
15383	0.603174603174603
15384	0.452380952380953
15385	0.425925925925926
15386	0.407407407407407
15388	0.393939393939394
15391	0.439393939393939
15397	0.474358974358974
15398	0.54945054945055
15399	0.476190476190476
15400	0.458333333333333
15404	0.522058823529412
15405	0.464052287581699
15406	0.415204678362573
15408	0.373684210526316
15410	0.36984126984127
15411	0.336219336219336
15418	0.364953886693017
15420	0.390096618357488
15441	0.412222222222222
15443	0.457435897435898
15448	0.472934472934473
15449	0.439153439153439
15450	0.477832512315271
