13442	0.666666666666667
13443	0.888888888888889
13448	0.777777777777778
13456	0.6
13457	0.622222222222222
13461	0.73015873015873
13464	0.797619047619048
13469	0.768518518518519
13476	0.681481481481482
13477	0.739393939393939
13478	0.782828282828283
13482	0.764957264957265
13483	0.798534798534799
13484	0.780952380952381
13485	0.808333333333333
13486	0.752450980392157
13492	0.779956427015251
13500	0.732943469785575
13501	0.726315789473684
13504	0.752380952380952
13505	0.683982683982684
13506	0.711462450592885
13508	0.707729468599034
13511	0.677777777777778
13512	0.676923076923077
13513	0.626780626780627
13514	0.605820105820106
13520	0.587027914614122
13523	0.592337164750958
13524	0.618637992831541
13525	0.600806451612903
13528	0.625
13534	0.647058823529412
13535	0.667226890756303
13536	0.685714285714286
13542	0.666666666666667
13546	0.666666666666667
13550	0.666666666666667
13551	0.666666666666667
13552	0.650406504065041
13553	0.651180797522261
13556	0.620893318567737
13559	0.607822410147992
13560	0.610437710437711
13561	0.612882447665056
13566	0.586802343509097
13568	0.604018912529551
13569	0.59297052154195
13570	0.609251700680272
13571	0.59843137254902
13573	0.575414781297134
13574	0.553701015965167
13856	0.545539249941766
13865	0.537822671156005
13866	0.542424242424243
13867	0.535087719298246
13870	0.539624924379915
14128	0.532631989090201
14129	0.537099811676083
14134	0.530418943533698
14135	0.54556671954874
14136	0.549411162314388
14141	0.553075396825397
14142	0.546314102564103
14143	0.54996114996115
14150	0.54349464797226
14163	0.527509511267193
14170	0.512219380505826
14185	0.507108350586612
14192	0.511602951039571
14242	0.506651017214398
14351	0.520167427701674
14870	0.52412686659262
14871	0.519039039039039
14872	0.531695906432749
14873	0.535201640464798
14874	0.547119547119547
14878	0.550146056475171
14880	0.553059071729958
14881	0.555864197530864
14882	0.558566696778079
14883	0.545107258301499
14884	0.548001529929241
14885	0.550793650793651
14886	0.553488372093023
14891	0.55609017196828
14892	0.551027516544758
14899	0.546135512427647
14906	0.54140657511444
14908	0.536833536833537
14909	0.525163242554547
14911	0.528206326944055
14913	0.531152291619004
14914	0.526987681970885
14919	0.522953216374269
14920	0.519043528064147
14927	0.522056245178484
14933	0.518243661100804
14934	0.514545454545455
14940	0.510957095709571
14941	0.50093832912703
14947	0.504156355098674
14954	0.500871296987802
14955	0.504029304029304
14960	0.500808625336927
14961	0.49767824604714
14962	0.500807661243798
14963	0.4977347377959
14964	0.500806227411732
14967	0.497788697788698
14968	0.494851994851995
14970	0.497892962494733
14971	0.495005951456813
14972	0.492194253750318
14973	0.500949525237381
14974	0.503782296885745
14982	0.512192766430055
14983	0.514788966434031
14997	0.522875816993464
15003	0.519742883379247
15004	0.511222508241882
15009	0.519170109733884
15010	0.516172742372585
15011	0.523913978494624
15012	0.520888888888889
15015	0.517935258092738
15017	0.515050853018373
15023	0.522569444444445
15025	0.51965811965812
15028	0.52190252495596
15032	0.524095921042486
15038	0.531252373357637
15045	0.538248606591105
15049	0.535212824765064
15053	0.537145969498911
15065	0.534170602547588
15077	0.526428999612116
15080	0.52365064470163
15087	0.520931825967797
15088	0.51354272205336
15094	0.506309725968102
15101	0.499228471059457
15109	0.501554001554002
15115	0.494636015325671
15116	0.492426389544954
15122	0.490261858167925
15123	0.492645706931421
15136	0.490507285809299
15137	0.483967188665175
15138	0.481972038263429
15148	0.484402230742419
15149	0.486784772388488
15150	0.493449905214611
15151	0.499986035469907
15157	0.497849462365592
15171	0.495753715498939
15172	0.502136579859711
15173	0.508399012817451
15174	0.510377358490566
15175	0.51231884057971
15176	0.514224369296833
15177	0.516094826933273
15178	0.521996109531648
15179	0.523749692042375
15182	0.525471583302909
15183	0.523170526417045
15185	0.52487881380097
15188	0.526556776556777
15189	0.524283559577677
15191	0.525948859075794
15192	0.523709143660184
15193	0.521508267240221
15194	0.527008172214471
15199	0.528604269293925
15202	0.526385281385281
15203	0.524203903441192
15204	0.529549926998032
15206	0.531081957608855
15207	0.532588454376164
15214	0.530386740331492
15221	0.535547325602574
15227	0.533337336616025
15234	0.534786568464402
15235	0.532608695652174
15236	0.526881720430108
15241	0.524811684204474
15242	0.526320779762582
15248	0.527805921422943
15249	0.52926761347814
15261	0.52721594562322
15262	0.525196335078534
15264	0.523208117443869
15265	0.521250645442729
15269	0.519323288395453
15270	0.514024071166928
15271	0.518957836941883
15273	0.520449845322942
15274	0.518569277363247
15276	0.516716917922948
15279	0.514892205638474
15280	0.513094593041394
15283	0.511323546147718
15284	0.509578544061303
15290	0.507859078590786
15294	0.509400899834241
15296	0.50769976392602
15297	0.506023163631859
15304	0.507560422034106
15311	0.505901116427432
15319	0.507424960505529
15325	0.508927240752333
15326	0.507278471668586
15333	0.505652816170126
15337	0.50404984423676
15339	0.499382716049383
15340	0.500924503612676
15341	0.499386969940388
15346	0.503958778434083
15347	0.502407638024077
15352	0.50087755381873
15353	0.49936814642697
15354	0.497879044964247
15360	0.496409886824685
15361	0.49792328042328
15367	0.499416584726319
15375	0.497953296167791
15388	0.493585284797898
15389	0.492185704435762
15396	0.490804379469654
15402	0.486554990902817
15436	0.485234114544459
15437	0.481069014848799
15444	0.482655319565191
15445	0.481384494150452
15452	0.482954682053132
15458	0.481692054637774
15459	0.486047583590398
15461	0.490348440631483
15465	0.489039981403998
15472	0.487747810050715
15480	0.486471657350571
15486	0.485211259622034
15487	0.483966358586881
15488	0.482736701237872
15493	0.484232066810464
15494	0.485709270048166
15500	0.487168603891864
15501	0.488610355400095
15507	0.492701472556894
15508	0.494087649402391
15514	0.492811821497081
15521	0.491551121985905
15528	0.490305312626436
15530	0.494302918017601
15534	0.493045343137255
15549	0.491802448119326
15550	0.495741964025377
15551	0.494487843325053
15554	0.498376398376399
15557	0.499665978976324
15559	0.500940793386174
15560	0.504735920432667
15563	0.505962668510197
15564	0.507175528873642
15570	0.505868444696647
15571	0.507072925760093
15577	0.510751486015615
15584	0.509432391943628
15591	0.510597090274909
15598	0.514208919866977
15599	0.517780913103249
15612	0.518871651224592
15613	0.519950446957746
15616	0.518593231585932
15618	0.519666227492315
15626	0.518320863635571
15627	0.514591936559056
15629	0.513292591733065
15630	0.512007168458781
15647	0.513107947805457
15648	0.51419701673355
15654	0.512918828158284
15655	0.51165414157501
15661	0.512741948768635
15662	0.511487343066291
15668	0.510245851709266
15669	0.511332107368693
15676	0.512407087017814
15681	0.513470946187806
15682	0.514523837737489
15683	0.515565911908237
15689	0.518872629233095
15690	0.519878030848289
15696	0.520873208040278
15697	0.517353794472439
15698	0.516114599447933
15705	0.517125016006448
15709	0.515895640202614
15710	0.519123002601264
15716	0.520103359173127
15717	0.521073977103547
15718	0.519834764933447
15724	0.520800764286955
15725	0.519571469657751
15731	0.518354226936677
15732	0.519320431755764
15734	0.522441727653454
15738	0.523375222404349
15739	0.524299683335073
15740	0.525215226636241
15745	0.521848462362932
15746	0.522773818300975
15753	0.521567191008187
15760	0.522488457520305
15767	0.525510682472708
15780	0.528504305927139
15787	0.531469687650867
