14257	0.666666666666667
14258	0.666666666666667
14259	0.833333333333333
14260	0.766666666666667
14261	0.733333333333334
14262	0.714285714285714
14263	0.619047619047619
14264	0.62962962962963
14265	0.703703703703704
14266	0.696969696969697
14267	0.747474747474748
14268	0.683760683760684
14269	0.586080586080586
14270	0.641269841269841
14271	0.602777777777778
14272	0.649509803921569
14274	0.651416122004357
14275	0.653021442495127
14277	0.654385964912281
14278	0.687301587301587
14279	0.715728715728716
14284	0.711462450592885
14285	0.652173913043478
14286	0.653333333333333
14287	0.603076923076923
14288	0.58309591642925
14298	0.589065255731923
14299	0.594417077175698
14300	0.599233716475096
14302	0.582078853046595
14303	0.58736559139785
14304	0.612373737373738
14306	0.576351752822341
14310	0.543417366946779
14311	0.531746031746032
14315	0.503003003003003
14316	0.511616880037933
14317	0.485380116959064
14320	0.494444444444445
14321	0.470325203252033
14322	0.479674796747968
14323	0.488372093023256
14324	0.481324876673714
14329	0.474747474747475
14331	0.468599033816425
14332	0.477027443724946
14333	0.457151300236407
14334	0.479308390022676
14335	0.486802721088435
14336	0.48078431372549
14338	0.475113122171946
14339	0.457184325108853
14341	0.45259725133939
14343	0.448260381593715
14344	0.444155844155844
14345	0.440267335004177
14346	0.436579955636217
14347	0.421780635106176
14348	0.44105461393597
14351	0.459380692167578
14352	0.476820024678301
14353	0.47226489161973
14354	0.488756613756614
14356	0.483974358974359
14357	0.47940947940948
14358	0.475048997437057
14359	0.470880889669301
14360	0.486217675475988
14363	0.481849551414769
14364	0.468276324614353
14365	0.455268648930621
14367	0.461060375443937
14369	0.457608293224732
14370	0.472072072072072
14371	0.468421052631579
14372	0.473570289359763
14374	0.46997446997447
14375	0.466515200692416
14376	0.471518987341772
14377	0.476337448559671
14378	0.472849543310248
14379	0.469487706925262
14380	0.474182444061962
14381	0.48655462184874
14382	0.490743274053808
14384	0.4871246547269
14385	0.483629397422501
14387	0.480251957780048
14388	0.47698709945901
14389	0.473829873829874
14390	0.470775601210384
14391	0.460651394732741
14398	0.46503469839091
14400	0.476297125793207
14401	0.480263157894737
14402	0.484106529209622
14404	0.481029525212147
14405	0.491513777228063
14406	0.488350168350168
14407	0.491881188118812
14408	0.495308354364848
14411	0.492163208325401
14412	0.482698531242221
14414	0.486202686202686
14416	0.483318358790057
14417	0.492975959560336
14419	0.490019614630207
14425	0.493260844942802
14439	0.484292465943842
14440	0.481572481572482
14441	0.478925353925354
14442	0.482248209018121
14444	0.47963566733944
14445	0.477091278921943
14447	0.486106946526737
14448	0.483495431771294
14449	0.480950311458786
14450	0.484071594739591
14451	0.487114845938375
14452	0.484573002754821
14455	0.482093663911846
14456	0.490514905149052
14457	0.498732406678906
14458	0.506752688172043
14459	0.514582010582011
14460	0.5169770445361
14461	0.51931594488189
14462	0.516432493540052
14463	0.523871993639436
14464	0.52096300645919
14466	0.518120132623949
14467	0.515341383762436
14468	0.51759997007444
14470	0.51980836557951
14471	0.526870007262164
14474	0.524044654358094
14475	0.521280722169329
14481	0.518576443193271
14483	0.515930113052415
14486	0.51806822019588
14488	0.524855991742417
14489	0.526839357825273
14490	0.528781403781404
14492	0.526085568326948
14498	0.518878916706031
14499	0.51635448700028
14500	0.518385732671447
14502	0.524850353709414
14506	0.526741237882178
14507	0.524179543782193
14508	0.517282444521901
14509	0.519235179451898
14510	0.521149874091051
14511	0.523027510124284
14513	0.516322029225255
14514	0.509744678534488
14518	0.503292214249241
14519	0.50115436669055
14522	0.499056603773585
14524	0.492857142857143
14525	0.486772486772487
14526	0.480799818223131
14527	0.479001446456182
14528	0.47319536831732
14529	0.467494219301448
14530	0.465887502104225
14531	0.468277730253778
14533	0.466680755142294
14534	0.465111961944541
14535	0.467469326912051
14536	0.465909606056485
14537	0.468230496930591
14538	0.466679954820278
14540	0.468965517241379
14541	0.471212121212121
14542	0.473420647149461
14544	0.479337269091602
14545	0.477705940200448
14546	0.47980550382785
14547	0.481870268058113
14548	0.483900997713152
14549	0.485898436718109
14551	0.487863308782767
14552	0.482589110849981
14553	0.480984210016468
14557	0.479405056255151
14559	0.477851101755983
14560	0.479849150061916
14562	0.481815650236703
14569	0.483751262974189
14572	0.485656631762653
14574	0.487532383419689
14575	0.482506276374125
14576	0.484395100889946
14587	0.479452293738008
14592	0.481352947270279
14593	0.483224803021757
14594	0.481718356090215
14596	0.476901172529313
14599	0.482106135986733
14600	0.48063313794066
14602	0.475897836089028
14605	0.47776811874175
14607	0.476358998884107
14608	0.474970400189439
14609	0.476822538029799
14610	0.475442834138486
14611	0.474082934609251
14613	0.469567859041543
14614	0.468276536522982
14618	0.463858833348237
14622	0.462633241798801
14625	0.458309566641803
14627	0.454046221835833
14628	0.449842090152168
14629	0.445696080104682
14631	0.447723333192407
14632	0.443634535629006
14633	0.448692403486924
14635	0.444631838749486
14636	0.449635155517509
14639	0.451581626469519
14641	0.447549647661755
14643	0.446534391534392
14646	0.442582759750901
14651	0.447493924863228
14653	0.44356853955741
14657	0.442605786664624
14667	0.444554142142902
14669	0.443591191417278
14679	0.439767129422302
14684	0.435992304277046
14688	0.437963880023966
14697	0.437073407286173
14698	0.436194254117081
14699	0.432513289947317
14704	0.431679844933754
14705	0.430856861573081
14706	0.427266387726639
14707	0.429253112033195
14709	0.428460386589394
14710	0.430420932104434
14711	0.429625132114507
14712	0.426117988178878
14713	0.425363641391516
14714	0.424618456710883
14715	0.423882286361064
14716	0.423154985533532
14717	0.42243641231593
14718	0.424382470119522
14719	0.426305360568309
14720	0.422935357717966
14721	0.424854501882917
14722	0.426751067881221
14729	0.428625408496732
14730	0.427883835927367
14731	0.42456690696669
14732	0.429010405754592
14733	0.430838530838531
14734	0.430091364574123
14735	0.426808224386535
14736	0.428632242959007
14737	0.430435534047701
14738	0.429702687249857
14739	0.431484371305623
14740	0.433246036439413
14741	0.434987981441109
14742	0.439188814292848
14744	0.438404699619074
14745	0.437629265181541
14747	0.434411402937559
14749	0.438554909143145
14753	0.435353778419472
14755	0.439460296394603
14759	0.443522178304787
14762	0.447540068714139
14763	0.444320355989577
14764	0.445914236352853
14765	0.445110087045571
14768	0.44431452296221
14771	0.445891488520397
14772	0.445096024526143
14773	0.444308963320559
14774	0.445869368256322
14775	0.447413405308142
14776	0.446618422228178
14780	0.450461349851594
14781	0.449650775342817
14782	0.451147436662292
14783	0.454919619228187
14784	0.451803731425254
14785	0.455545685476959
14786	0.459249456324054
14787	0.462915561704908
14792	0.464292258360055
14794	0.465655048988382
14795	0.467004120247968
14796	0.463880346868383
14797	0.465232255667038
14799	0.462141011443337
14800	0.465702991500004
14802	0.464829264383392
14805	0.461771177117712
14807	0.460928961748634
14810	0.457916354155506
14812	0.454933185724525
14813	0.451979074128911
14816	0.455526135137786
14817	0.4590388697498
14840	0.458230474017218
14845	0.457429851320527
14846	0.456636902323803
14847	0.46009781377397
14849	0.463525764162707
14851	0.466921170718639
14857	0.466078345246177
14859	0.469436343074817
14861	0.470672896827744
14862	0.471897857889237
14863	0.47518821391485
14867	0.472236734325316
14870	0.475504618323302
14873	0.476684630967397
14875	0.475802469135803
14877	0.474928425357873
14879	0.47610113631389
14880	0.477263121255066
14883	0.478414510588875
14884	0.479555432746922
14888	0.480686014220758
14889	0.479798347468424
14890	0.478918677713859
14894	0.480042917168666
14895	0.479167039056216
14896	0.478298981284056
14897	0.477438651029156
14898	0.476585956841606
14901	0.475740808620319
14902	0.474903117589219
14903	0.474072796273935
14909	0.473249758478961
14915	0.474377553861979
14916	0.473557529324022
14920	0.476609369733738
14923	0.477707966825836
14924	0.476875836373429
14926	0.477966588271666
14928	0.477137744403825
14934	0.476316004911994
14938	0.477400624067291
14939	0.476582059915393
14956	0.475770452399348
14959	0.474965722913099
14977	0.47416779395772
14978	0.473376589122752
14981	0.472592033067909
14982	0.471814051505146
14983	0.471042571181069
14984	0.470277519859693
14985	0.471365548373859
14987	0.470602939450983
14991	0.469846633081189
14992	0.469096560005651
14993	0.470179135932561
14994	0.469431344661527
14995	0.468689666125678
14996	0.46976562808514
14997	0.470832842386395
14999	0.471891403598721
15000	0.471144459823705
15006	0.470403539788811
15007	0.47145588899459
15009	0.474282328090876
15012	0.475308377896613
15016	0.476326241134752
15019	0.477336004665425
15020	0.478337754199823
15022	0.479331574318382
15026	0.480317548488636
15027	0.481295759082746
15028	0.480521086696624
15031	0.481493126278713
15033	0.482457571801567
15034	0.483414502164502
15035	0.484363995244824
15036	0.483583475028228
15038	0.484527202820178
15040	0.485463652505764
15041	0.48639289873223
15042	0.489020045030275
15044	0.489926405344747
15046	0.489129494036801
15047	0.49003069795878
15048	0.490925057294009
15049	0.490129139496228
15056	0.489339236190622
15058	0.488555286930032
15059	0.487777232024786
15060	0.488671679197995
15061	0.489559434746467
15062	0.48878219046083
15071	0.488010732112802
15073	0.487245002415874
15086	0.486484944790775
15092	0.485730503355025
15094	0.486619624550659
15104	0.485868221162339
15122	0.485122329290314
15123	0.484381895163695
15124	0.483646865665737
15125	0.482917188324318
15127	0.482192811302569
15129	0.483083989347807
15131	0.482362299439303
15140	0.48485094223046
15141	0.487321681116645
15142	0.486584894763615
15145	0.487444473627114
15146	0.488297912641588
15149	0.489145270142895
15152	0.488406824944745
15155	0.489249661075818
15172	0.488514206699675
15174	0.487783943766186
15177	0.485493878302495
15179	0.484781182541515
15180	0.48407348231157
15181	0.483370731034283
15186	0.482672882672883
15189	0.481979891724671
15192	0.4812917132136
15194	0.480608302682976
15195	0.479929616188277
15213	0.479255610290093
15215	0.478586242047172
15217	0.479447022022548
15221	0.478779836229446
15226	0.479635812677907
15238	0.480485952923311
15242	0.481330309901739
15249	0.480660640324506
15256	0.481500396651107
15285	0.482334478948475
15292	0.483162938219118
15298	0.483985824893771
15299	0.484803188839063
15327	0.484126984126984
15348	0.483455297486478
15352	0.48426957023839
15353	0.485078426541841
15369	0.485881914330004
15406	0.486680081006987
