14498	0.333333333333333
14509	0.111111111111111
14510	0.222222222222222
14511	0.4
14516	0.266666666666667
14517	0.380952380952381
14520	0.369047619047619
14521	0.287037037037037
14524	0.22962962962963
14532	0.248484848484849
14533	0.207070707070707
14536	0.226495726495727
14537	0.289377289377289
14545	0.295238095238095
14558	0.258333333333333
14566	0.227941176470588
14572	0.202614379084967
14579	0.181286549707602
14581	0.229824561403509
14585	0.23968253968254
14598	0.217893217893218
14623	0.227931488801054
14624	0.208937198067633
14630	0.218888888888889
14631	0.227692307692308
14634	0.260208926875594
14635	0.265432098765432
14636	0.247126436781609
14648	0.230651340996169
14659	0.258781362007169
14671	0.263440860215054
14719	0.267676767676768
14721	0.291146761734997
14722	0.312605042016807
14725	0.313756613756614
14726	0.350850850850851
14729	0.367472735893789
14733	0.399910031488979
14734	0.37991452991453
14740	0.361382113821138
14742	0.375919473480449
14743	0.373938722775932
14825	0.356941508104299
14919	0.370707070707071
15010	0.369082125603865
15029	0.381745297563984
15081	0.379728132387707
15124	0.391439909297052
15130	0.389115646258503
15144	0.4
15228	0.384615384615385
15293	0.382680212868892
15304	0.405543908688563
15330	0.402918069584736
15360	0.412337662337662
15366	0.421261487050961
15465	0.441217987497479
15482	0.437560880576661
15486	0.434086629001883
15501	0.430783242258652
15557	0.416887008637405
15559	0.414234511008705
15585	0.401289682539683
15591	0.399198717948718
15608	0.387101787101787
