15435	0.333333333333333
15436	0.333333333333333
15437	0.5
15438	0.433333333333333
15439	0.4
15440	0.285714285714286
15441	0.380952380952381
15449	0.444444444444444
15450	0.422222222222222
15451	0.466666666666667
15452	0.444444444444444
15454	0.478632478632479
15456	0.505494505494506
15457	0.438095238095238
15458	0.383333333333333
15459	0.377450980392157
15460	0.40958605664488
15461	0.401559454191033
15462	0.394736842105263
15463	0.388888888888889
15464	0.353535353535354
15465	0.380764163372859
15466	0.432367149758454
15467	0.477777777777778
15468	0.441025641025641
15471	0.457739791073125
15472	0.448853615520282
15473	0.440886699507389
15474	0.433716475095785
15475	0.470250896057348
15476	0.48252688172043
15477	0.513888888888889
15482	0.503267973856209
15484	0.474509803921569
15488	0.485185185185185
15489	0.513013013013013
15490	0.53864390706496
15493	0.528115159694107
15494	0.535042735042735
15495	0.541463414634146
15496	0.531552458381727
15497	0.537836840162422
15498	0.528541226215645
15499	0.51986531986532
15500	0.511755233494364
15501	0.518347209374037
15502	0.51063829787234
15507	0.517006802721089
15508	0.536326530612245
15509	0.528366013071896
15510	0.520864756158874
15511	0.52636671504596
15512	0.531563009550431
15513	0.512233445566779
15514	0.493939393939394
15515	0.488304093567252
15516	0.494454527122404
15518	0.500292226767972
15519	0.494726930320151
15522	0.489435336976321
15526	0.495152476643751
15527	0.479433350401092
15528	0.474867724867725
15529	0.470512820512821
15530	0.466355866355866
15531	0.472335293230816
15532	0.468247000292655
15534	0.46433645922137
15537	0.460593512767426
15539	0.45700871898055
15540	0.453573291601461
15541	0.459411466260781
15542	0.474021967172652
15543	0.47027027027027
15544	0.48421052631579
15546	0.488949646844384
15547	0.493506493506494
15552	0.506329113924051
15553	0.502004219409283
15554	0.506069958847737
15555	0.518117033022182
15570	0.521696542266628
15571	0.5251482118952
15577	0.512791783380019
15578	0.508618331053352
15581	0.50458879087588
15582	0.493120863810519
15583	0.49702076949268
15584	0.493383270911361
15588	0.48986568986569
15589	0.486462812549769
15590	0.483169705469846
15591	0.479981697552048
15596	0.476894363568496
15598	0.47390350877193
15604	0.477878006872852
15605	0.481730836664563
15608	0.485466914038343
15611	0.489090909090909
15612	0.486006600660066
15613	0.48954895489549
15614	0.492988133764833
15615	0.48991784914115
15616	0.493284493284493
15620	0.490266546870321
15629	0.493563745371187
15630	0.50294219453098
15633	0.505946313285763
15638	0.502807895468446
15639	0.505760305760306
15640	0.508633633633634
15641	0.505530973451327
15642	0.514205868653936
15645	0.522654462242563
15649	0.513643178410795
15653	0.521956970232832
15655	0.518759959437926
15656	0.526848027346532
15662	0.529178338001867
15664	0.536960514233242
15666	0.539086844601003
15669	0.541161313252477
15670	0.537809249060233
15674	0.529204301075269
15676	0.526095238095238
15678	0.533558305211849
15679	0.53563812335958
15680	0.53250161498708
15682	0.524309282448817
15683	0.526482677627716
15687	0.533657182512144
15690	0.535657325131009
15691	0.527662439681293
15694	0.529721761562558
15696	0.536637618010167
15697	0.538535852297123
15705	0.530730984872527
15711	0.527890730893546
15712	0.534635149023638
15713	0.541236068895643
15722	0.533613025671761
15725	0.535473915755606
15726	0.537296037296037
15729	0.539080459770115
15732	0.531695795937648
15740	0.538067281707203
15741	0.539805111233683
15742	0.537033677973275
15753	0.538762117822521
15754	0.544871228844739
15755	0.537701870570466
15767	0.539387684898521
15768	0.541040658687718
15772	0.542661639435833
15774	0.53997794320375
