15240	1
15253	1
15255	0.5
15258	0.433333333333333
15259	0.511111111111111
15260	0.650793650793651
15261	0.571428571428571
15262	0.592592592592593
15263	0.607407407407408
15264	0.678787878787879
15265	0.621212121212121
15266	0.576923076923077
15267	0.542124542124542
15268	0.603174603174603
15269	0.569444444444445
15271	0.541666666666667
15272	0.481481481481482
15273	0.46588693957115
15274	0.485964912280702
15275	0.471428571428571
15276	0.458874458874459
15277	0.447957839262187
15279	0.466183574879227
15280	0.455555555555556
15281	0.471794871794872
15282	0.510921177587844
15284	0.474426807760141
15286	0.464696223316913
15287	0.47816091954023
15288	0.490322580645161
15289	0.480510752688172
15290	0.491792929292929
15291	0.482471776589424
15292	0.512044817927171
15295	0.502116402116402
15296	0.511011011011011
15297	0.501659554291133
15298	0.510121457489879
15300	0.484615384615385
15303	0.477235772357724
15304	0.48625629113434
15305	0.494647471391657
15306	0.50246652572234
15307	0.50976430976431
15308	0.51658615136876
15309	0.494603761948813
15310	0.473995271867612
15312	0.468253968253968
15313	0.462857142857143
15314	0.470849673202614
15315	0.452740070387129
15319	0.448234155781326
15320	0.456324248777079
15321	0.43973063973064
15323	0.424025974025974
15324	0.432539682539683
15325	0.440613026819923
15326	0.425676992012468
15327	0.422598870056497
15328	0.408743169398907
15329	0.39555790586991
15330	0.38300051203277
15331	0.402281746031746
15336	0.389903846153846
15337	0.378088578088578
15338	0.366802351876979
15339	0.356014047410009
15340	0.374680306905371
15341	0.383022774327122
15342	0.381623071763917
15343	0.389540949400104
15344	0.388001014713344
15346	0.39553251882019
15347	0.393873873873874
15348	0.383508771929825
15349	0.39086352244247
15350	0.389388389388389
15351	0.379530455479823
15352	0.386708860759494
15354	0.385390946502058
15355	0.392251329920707
15359	0.398863747673621
15360	0.397303499713138
15361	0.403641456582633
15362	0.394254445964432
15363	0.400516795865633
15365	0.398989898989899
15366	0.405005107252298
15367	0.396004993757803
15368	0.394627594627595
15369	0.400541487498009
15374	0.399096150849307
15376	0.404789140547548
15377	0.41030235162374
15379	0.415643274853801
15380	0.42081901489118
15383	0.419033592818571
15384	0.417302274445132
15385	0.408956228956229
15399	0.407458745874588
15400	0.412541254125413
15402	0.40453074433657
15404	0.396751306945482
15406	0.408241758241758
15407	0.413117699910153
15408	0.405395873743608
15409	0.410234221760702
15411	0.41493940423604
15421	0.407395051431749
15422	0.412066612066612
15423	0.416613041613042
15424	0.421038769490097
15425	0.431195984060446
15427	0.435291126366641
15429	0.427786106946527
15430	0.4204735239218
15438	0.41334685402482
15441	0.406399848074823
15447	0.410737628384687
15448	0.403948576675849
15449	0.397326468861491
15450	0.390865875871874
15451	0.400690619809424
15452	0.410279569892473
15453	0.419640211640212
15457	0.42877973586635
15459	0.437705052493438
15460	0.44125484496124
15462	0.439594514013119
15464	0.437972205911137
15465	0.431336263397332
15466	0.424850003797372
15467	0.428459207720795
15469	0.422111663902709
15470	0.415904139433551
15471	0.424431086303134
15472	0.432772664762509
15474	0.426545719945783
15475	0.429976019184652
15478	0.433333333333333
15480	0.427230046948357
15481	0.430578810860501
15482	0.42459854959855
15484	0.4279374201788
15486	0.422075263737994
15487	0.4254030379275
15488	0.428663357234786
15489	0.422909486667876
15490	0.417270693512304
15492	0.416158940397351
15493	0.419455094690368
15494	0.418329320032106
15495	0.417225476049006
15496	0.416142996788158
15497	0.415081334436173
15498	0.414039958625946
15500	0.40879894649144
15502	0.40365682137834
15503	0.402777777777778
15506	0.397774327122153
15507	0.392863532960151
15508	0.39213310106289
15509	0.395481071375131
15510	0.402808573540281
15511	0.405987586710478
15512	0.40511747589159
15513	0.408231156734151
15514	0.411289565135719
15515	0.414294001624318
15517	0.417245728700837
15518	0.420145972165556
15519	0.422995922391002
15522	0.425796735543596
15523	0.424740010946907
15524	0.431277056277056
15525	0.437703304228728
15526	0.440275926278592
15527	0.442805431757789
15528	0.441589075108628
15529	0.444076120319214
15530	0.442859166616073
15533	0.448948137472728
15534	0.447691454819039
15535	0.446455150802977
15536	0.452407245955633
15537	0.45826385295076
15538	0.460480904160504
15539	0.462662764081204
15540	0.464810173582104
15541	0.466923854137963
15542	0.469004508435137
15544	0.474507052389177
15551	0.473051653223653
15552	0.471618644814521
15554	0.47020757020757
15555	0.465433889291757
15556	0.460732536874669
15557	0.459452142869228
15559	0.458190954773869
15561	0.463582089552239
15562	0.468893157972514
15563	0.467557593197743
15564	0.472777616793844
15565	0.477921249800733
15566	0.482989975530823
15567	0.478323405718931
15568	0.473724142202403
15569	0.472380689485953
15570	0.467881825776563
15600	0.463446926954036
15601	0.459074786133715
15603	0.454764224761567
15604	0.453629356617378
15605	0.455611099036441
15607	0.460651737008326
15608	0.462550492120385
15611	0.464423117574938
15612	0.466270090626004
15613	0.468091877680919
15614	0.463855752091046
15633	0.465682877447583
15634	0.461506349398726
15640	0.463338137945761
15646	0.459219576719577
15647	0.461055391674861
15649	0.459930087196081
15651	0.45881958935518
15652	0.457723639520928
15653	0.459540535409151
15654	0.461333835246879
15655	0.460230382644176
15656	0.462002367914755
15657	0.463751635425455
15658	0.465478571861551
15660	0.464358696958769
15661	0.466065937209469
15662	0.467751657625075
15663	0.469416218370193
15664	0.471059972105997
15665	0.47268326417704
15666	0.474286432792657
15667	0.475869809203143
15668	0.474701477433718
15669	0.476268540202967
15670	0.475106465350368
15671	0.476657560097868
15672	0.475501719559445
15673	0.474359804810641
15674	0.473231593038822
15675	0.472116865869854
15676	0.468369906616919
15677	0.467302423824163
15678	0.466247549095889
15679	0.465205084658535
15682	0.464174836601307
15684	0.460562581063554
15685	0.459576307825335
15686	0.458601458601459
15687	0.457637857637858
15688	0.456685332547402
15689	0.45574371423279
15690	0.454812836811502
15691	0.453892537542728
15692	0.455498380026682
15694	0.454579845841018
15695	0.453671632264181
15697	0.452773585257234
15698	0.451885553644417
15700	0.455945660654459
15702	0.455040772629949
15703	0.459047825772375
15707	0.463010845363787
15708	0.466930474229744
15711	0.470807343508074
15712	0.472226613965744
15713	0.468817035525559
15714	0.467842332632089
15715	0.46448862415444
15716	0.461170848267623
15717	0.462633451957295
15721	0.459352363645542
15725	0.456106057188683
15726	0.459936296222565
15727	0.463726216950828
15728	0.467476383265857
15729	0.47118734923613
15730	0.474859659310879
15731	0.473880238369858
15732	0.477508650519031
15733	0.478808705612829
15734	0.480095403976212
15735	0.481368927953621
15736	0.482629456788404
15738	0.483877166685883
15739	0.485112230874943
15741	0.486334819668153
15742	0.485307964055168
15743	0.484291411341309
15744	0.483285024154589
15745	0.48671834625323
15746	0.485702551465681
15747	0.489097254096271
15748	0.488072491459672
15749	0.487057808455565
15750	0.486053073324047
15751	0.487229709111296
15752	0.486230381995854
15754	0.485240757085417
15755	0.486411246824651
15757	0.487570445666079
15758	0.486581746228049
15759	0.485602523142459
15760	0.484632655691446
15761	0.487904829306103
15762	0.489036233340031
15763	0.488053880658601
15764	0.487080795455297
15765	0.490296589841157
15766	0.48723223615465
15767	0.490427050882658
15769	0.493592100256058
15770	0.496727752886052
15771	0.499834371695397
15772	0.502912314023425
15773	0.505961931728803
15774	0.508983571290095
15775	0.507912533253773
15776	0.510903946425483
15777	0.509827760891591
15778	0.512789526686808
15779	0.50970043315255
15780	0.512645175295778
15781	0.50957544370718
15782	0.512503351505943
15783	0.509452736318408
15784	0.512363996043521
15785	0.509332256421962
15786	0.512227051369325
15787	0.513135519694604
15788	0.512080961416825
15789	0.512984971389046
15791	0.513881074568508
15792	0.512831378398536
15793	0.511790810021346
15794	0.510759263913323
15795	0.509736636071363
15796	0.508722823986662
15797	0.507717726619021
15798	0.506721244371674
15799	0.503833943833944
15800	0.50286519036519
15801	0.501904669928749
15802	0.504718767838756
15803	0.503753216095064
15804	0.502795801023369
15805	0.501846431456478
15806	0.50462941228633
15807	0.507389137008969
15808	0.510125864025586
15809	0.512839848158408
15810	0.511848099457717
15811	0.514537641609465
15812	0.511710511710512
15814	0.514386070550454
15816	0.517039698580233
15819	0.519671634827752
15820	0.516847332464558
15821	0.515852676642709
15823	0.514866085597793
15824	0.517481362764382
15825	0.520075548986079
15826	0.519074250242632
15827	0.518080983307288
15830	0.51531788472965
15831	0.517895981087471
15832	0.520453562089659
15833	0.522990844829925
15834	0.520230998683066
15835	0.522756098689997
15844	0.525261316019708
15845	0.524256457471612
15846	0.526740757954789
15847	0.529205649840441
15848	0.531651334776335
15849	0.530623780364713
15850	0.533049497262053
15851	0.533738245557953
15852	0.532707886112068
15853	0.531685452508075
15854	0.530670863663191
15855	0.529664039528855
15857	0.528664901074934
15858	0.527673370274215
15859	0.526689370087173
15860	0.525712824447002
15861	0.523064397119813
15862	0.523786016564772
15863	0.526173054075725
15864	0.525208855472013
15865	0.52425187032419
15866	0.52661877644198
15867	0.525659543473699
15868	0.524707433522509
15869	0.525408466772603
15870	0.526104319974052
15871	0.526795044036423
15872	0.5291146761735
15873	0.529787302043882
15874	0.530455006261554
15875	0.531117836725813
15876	0.533393963731998
15877	0.532425147119898
15878	0.533073656876162
15879	0.533717478610093
15880	0.532754093296262
15881	0.533396359835209
15882	0.534034016805694
15883	0.534667108213145
15886	0.535295677539114
15887	0.535919767748746
15888	0.534959642467157
15889	0.534006326584727
15890	0.533059755861843
15894	0.535257121716611
15895	0.534309122710117
15896	0.536490344617798
