15425	0.666666666666667
15441	0.888888888888889
15444	0.777777777777778
15445	0.6
15447	0.733333333333333
15448	0.619047619047619
15449	0.547619047619048
15450	0.5
15451	0.466666666666667
15454	0.442424242424243
15456	0.424242424242424
15460	0.41025641025641
15475	0.399267399267399
15477	0.39047619047619
15489	0.383333333333333
15490	0.377450980392157
15496	0.40958605664488
15517	0.401559454191033
15521	0.36140350877193
15526	0.358730158730159
15527	0.386724386724387
15529	0.382081686429513
15530	0.378019323671498
15538	0.374444444444444
