15456	0.666666666666667
15457	0.888888888888889
15459	0.611111111111111
15461	0.5
15463	0.666666666666667
15471	0.666666666666667
15472	0.666666666666667
15474	0.666666666666667
15475	0.733333333333333
15476	0.660606060606061
15478	0.717171717171717
15479	0.658119658119658
15480	0.706959706959707
15481	0.746031746031746
15484	0.777777777777778
15488	0.764705882352941
15490	0.790849673202614
15494	0.812865497076023
15495	0.731578947368421
15500	0.693650793650794
15502	0.660894660894661
15503	0.603425559947299
15504	0.580917874396135
15506	0.561111111111111
15512	0.517948717948718
15513	0.504273504273504
15518	0.468253968253968
15559	0.481937602627258
15577	0.472030651340996
15583	0.463082437275986
15594	0.496639784946237
15595	0.486742424242424
15598	0.477718360071301
15599	0.488515406162465
15602	0.461375661375661
15605	0.454454454454455
15607	0.448079658605974
15608	0.47638326585695
15618	0.485897435897436
15620	0.494715447154472
15621	0.48703058459156
15622	0.495385751199705
15625	0.503171247357294
15631	0.525252525252525
15632	0.531400966183575
15634	0.551341350601295
15635	0.54225768321513
15636	0.533730158730159
15641	0.525714285714286
15643	0.518169934640523
15644	0.511060834590246
15646	0.491775520077407
15652	0.510598648963429
15653	0.528395061728395
15656	0.521428571428571
15658	0.503132832080201
15660	0.497277676950998
15665	0.503019676602377
15668	0.497363465160075
15673	0.491985428051002
15677	0.497620306716023
15682	0.502986857825568
15684	0.518518518518519
15693	0.523076923076923
15719	0.537529137529138
15720	0.531433740388964
15735	0.535411179397132
15748	0.53921568627451
15751	0.542857142857143
15753	0.527565392354125
15758	0.531429316640584
15763	0.516869609335363
15776	0.511909169443416
15790	0.498258258258258
15791	0.493918128654971
15796	0.489747095010253
15797	0.485736485736486
15800	0.48187817808071
15804	0.494831223628692
15818	0.48261316872428
15819	0.470842115828566
15823	0.475560779704183
15826	0.472174411933448
15833	0.461064425770308
15835	0.450341997264022
15837	0.45531497816983
15847	0.460118425635667
15852	0.457269322437862
15854	0.45451518934665
15858	0.451851851851852
15859	0.463768115942029
