13901	0.333333333333333
13904	0.333333333333333
13924	0.333333333333333
15418	0.466666666666667
15420	0.422222222222222
15427	0.301587301587302
15432	0.476190476190476
15435	0.37037037037037
15438	0.296296296296296
15443	0.303030303030303
15451	0.252525252525253
15452	0.213675213675214
15457	0.326007326007326
15462	0.326984126984127
15463	0.327777777777778
15473	0.32843137254902
15475	0.328976034858388
15477	0.329434697855751
15489	0.329824561403509
15503	0.33015873015873
15514	0.330447330447331
15517	0.330698287220026
