15441	0.666666666666667
15443	0.666666666666667
15444	0.666666666666667
15446	0.8
15447	0.644444444444445
15449	0.650793650793651
15450	0.571428571428571
15451	0.592592592592593
15464	0.674074074074074
15465	0.733333333333333
15466	0.666666666666667
15467	0.717948717948718
15469	0.758241758241758
15470	0.79047619047619
15471	0.775
15472	0.723039215686275
15477	0.753812636165577
15492	0.779727095516569
15493	0.801754385964912
15494	0.757142857142857
15515	0.718614718614719
15522	0.714097496706192
15557	0.73792270531401
15558	0.705555555555556
15577	0.702564102564103
15585	0.724596391263058
15610	0.720458553791887
15611	0.716748768472906
15623	0.713409961685824
15624	0.710394265232975
15625	0.707661290322581
15633	0.705176767676768
15641	0.70291146761735
15642	0.700840336134454
15643	0.698941798941799
15648	0.715215215215215
15661	0.695116168800379
15662	0.69365721997301
15663	0.692307692307692
15664	0.691056910569106
15666	0.67402245451026
15667	0.673680324843116
15668	0.673361522198731
15670	0.673063973063973
15671	0.65829307568438
15672	0.630280604378662
15680	0.631796690307329
