14098	0.666666666666667
14099	0.222222222222222
14104	0.444444444444444
14105	0.266666666666667
14106	0.288888888888889
14111	0.206349206349206
14113	0.321428571428571
14114	0.398148148148148
14115	0.318518518518519
14118	0.260606060606061
14123	0.217171717171717
14128	0.286324786324786
14129	0.388278388278388
14130	0.425396825396826
14131	0.372222222222222
14134	0.32843137254902
14136	0.291938997821351
14137	0.261208576998051
14143	0.235087719298246
14158	0.212698412698413
14163	0.193362193362193
14164	0.176548089591568
14165	0.161835748792271
14167	0.148888888888889
14170	0.163076923076923
14174	0.150997150997151
14177	0.14021164021164
14178	0.130541871921182
14192	0.12183908045977
14212	0.178494623655914
14219	0.167338709677419
14222	0.15719696969697
14230	0.14795008912656
14304	0.139495798319328
14305	0.168783068783069
14309	0.177677677677678
14310	0.185870080606923
14311	0.210526315789474
14863	0.233333333333333
14864	0.270731707317073
14865	0.289585753000387
14866	0.291620524178664
14867	0.293516560958421
14868	0.280471380471381
14873	0.268276972624799
14880	0.285229725562751
14882	0.273345153664303
14883	0.289399092970522
14886	0.277823129251701
14888	0.266928104575163
14890	0.282302664655606
14891	0.309385582970489
14892	0.334963894712322
14893	0.359147025813693
14894	0.382034632034632
14895	0.403717627401838
14896	0.401290582778786
14897	0.410286382232612
14898	0.429943502824859
14899	0.448633879781421
14900	0.466419883659439
14901	0.462194913807817
14902	0.468584656084656
14903	0.474679487179487
14904	0.480497280497281
14905	0.496004824363033
14906	0.50102429031314
14907	0.505825518613242
14908	0.510420979986197
14909	0.505432595573441
14910	0.509911319770475
14911	0.523338406900051
14912	0.536221152659509
14913	0.530810810810811
14914	0.525614035087719
14915	0.520619731146047
14916	0.515817515817516
14918	0.528075300227199
14919	0.531540084388186
14920	0.534876543209877
14921	0.529960855164107
14922	0.525222842589872
14923	0.528590552686938
14924	0.531839402427638
14925	0.527222982216142
14926	0.530428584157534
14927	0.518373389063044
14928	0.50672454885938
14929	0.510278818143987
14930	0.499063899063899
14931	0.495461060678452
14932	0.491974442886084
14933	0.495691298711203
14934	0.499290780141844
14936	0.502777777777778
14937	0.506156930126002
14938	0.50262991794656
14939	0.499209784924071
14940	0.495892255892256
14941	0.505874587458746
14942	0.50249142561315
14943	0.499206802462085
14944	0.496016928055763
14945	0.486568986568987
14946	0.483677747828691
14947	0.487098101451831
14949	0.496596284758279
14950	0.493600634273417
14952	0.49674728940784
14953	0.4998088998089
14956	0.490883740883741
14960	0.493994943109987
14962	0.502872224809812
14963	0.494126620900076
14964	0.502848575712144
14967	0.511346890657236
14971	0.513979429233667
14972	0.522147842187723
14973	0.519000933706816
14974	0.526951331496786
14975	0.523777265953123
14976	0.531520725043316
14977	0.533700498295306
14978	0.530494623655914
14979	0.527365079365079
14980	0.524309461317335
14981	0.526533792650919
14982	0.523538436692507
14983	0.520612204333135
14984	0.512663926404385
14985	0.509946796206338
14986	0.502278423331055
14987	0.494781730445517
14988	0.492389902340151
14989	0.485148874364561
14990	0.482932589094032
14991	0.48076448393808
14992	0.478643172418587
14993	0.481329222336417
14994	0.479229989868288
14995	0.472480271701129
14996	0.470534160675006
14997	0.468628593628594
