13860	0.333333333333333
13861	0.777777777777778
13864	0.888888888888889
13865	0.933333333333333
13867	0.622222222222222
13868	0.53968253968254
13869	0.571428571428571
13870	0.592592592592593
13871	0.474074074074074
13877	0.448484848484848
13878	0.429292929292929
13888	0.517094017094017
13889	0.443223443223443
13892	0.384126984126984
13893	0.419444444444444
13894	0.370098039215686
13895	0.440087145969499
13897	0.463937621832359
13898	0.450877192982456
13905	0.503174603174603
13916	0.487734487734488
13917	0.503293807641634
13918	0.544685990338164
13920	0.527777777777778
13921	0.538461538461538
13922	0.498575498575499
13923	0.486772486772487
13924	0.476190476190476
13925	0.466666666666667
13926	0.458064516129032
13927	0.491935483870968
13928	0.482323232323232
13934	0.453951277480689
13939	0.447058823529412
13940	0.440740740740741
13944	0.416916916916917
13950	0.447605500237079
13951	0.44174538911381
13991	0.46965811965812
13993	0.479268292682927
13994	0.472319008904375
13995	0.496862310815799
13997	0.474277660324172
13998	0.482828282828283
13999	0.476328502415459
14000	0.484427998766574
14005	0.478132387706856
14007	0.472222222222222
14021	0.48
14022	0.474248366013072
14023	0.468828557063851
14024	0.476294146105467
14025	0.458653622175635
14026	0.454096520763187
14027	0.44978354978355
14028	0.457393483709273
14029	0.464609800362977
14030	0.471459185661407
14031	0.477966101694915
14032	0.484153005464481
14035	0.500793231094659
14037	0.506059054446151
14041	0.511078042328042
14043	0.526121794871795
14048	0.540481740481741
14049	0.554198703452435
14051	0.547702663154814
14052	0.560812730889457
14053	0.554313319530711
14097	0.566867873910128
14102	0.578899321857068
14108	0.572171486555048
14109	0.583734419350858
14115	0.585945945945946
14118	0.570526315789474
14119	0.555707450444293
14121	0.541458541458542
14132	0.527750730282376
14138	0.514556962025316
14139	0.501851851851852
14140	0.489611562782295
14141	0.493877950827701
14142	0.505928475807994
14145	0.494024276377218
14146	0.482535339717282
14151	0.471442573287
14152	0.460727969348659
14153	0.472846441947566
14155	0.469746150645027
14156	0.474074074074074
14157	0.478260869565218
14160	0.482312607137292
14161	0.479142835354229
14162	0.483090705487122
14163	0.486915204678363
14167	0.490621420389462
14168	0.487411459429133
14181	0.491032776747062
14184	0.487878787878788
14185	0.491419141914192
14195	0.49485536788973
14196	0.498191509613554
14197	0.507841672890217
14198	0.517216117216117
14224	0.526325247079964
14250	0.522717921589373
14251	0.525383639090804
14253	0.527975988220637
14257	0.530497636919655
14261	0.538957138957139
14262	0.529332904332904
14283	0.537663295406658
14304	0.545774465662682
14308	0.53628273582507
14315	0.532783608195902
14317	0.529374201787995
14319	0.520401757689893
14320	0.528462232350567
14325	0.519654528478058
14330	0.511065197428834
14331	0.519080522061148
14332	0.526900350970723
14333	0.518401958213131
14336	0.515440860215054
14337	0.512550264550265
14339	0.520226638336875
14340	0.512098097112861
14341	0.514494509043928
14343	0.50657920890479
14344	0.498845175181053
14345	0.501387925052047
14347	0.493848257006152
14348	0.486477387498597
14350	0.489146858301087
14351	0.496659404502542
14352	0.494275082295692
14353	0.487111675305899
14354	0.480102874222361
14355	0.47324426173347
14356	0.466531577169875
14363	0.459960709885792
14364	0.458189697626317
14365	0.451825951825952
14366	0.454789272030651
14367	0.448559282002834
14368	0.451526729413227
14370	0.458938530367102
14371	0.452778281637342
14372	0.460074571215511
14373	0.453980868285504
14375	0.448007435808063
14376	0.450865726407522
14378	0.453668336021277
14379	0.456416701577992
14382	0.450565205403915
14390	0.457564374761827
14391	0.460211239216319
14392	0.454422418597246
14396	0.44874213836478
14400	0.443167701863354
14401	0.445926948342407
14403	0.440455452043727
14404	0.439149084742381
14405	0.441906873614191
14411	0.43658269441402
14412	0.431354159151576
14413	0.426218990590248
14414	0.429064525218371
14418	0.424016707274626
14419	0.426854718495585
14427	0.421891291536334
14432	0.417013935564816
14441	0.416052089562155
14451	0.415106732348112
14452	0.414177489177489
14462	0.413263995891115
14463	0.412365898559005
14464	0.411482853137489
14465	0.410614525139665
14466	0.413443830570902
14470	0.412563495436424
14473	0.411697592025461
