15342	0.666666666666667
15343	0.888888888888889
15344	0.611111111111111
15346	0.5
15348	0.555555555555556
15349	0.587301587301587
15350	0.440476190476191
15351	0.342592592592593
15362	0.340740740740741
15363	0.339393939393939
15364	0.44949494949495
15365	0.482905982905983
15366	0.413919413919414
15368	0.492063492063492
15369	0.555555555555556
15370	0.529411764705882
15371	0.544662309368192
15372	0.557504873294347
15373	0.535087719298246
15374	0.579365079365079
15376	0.587301587301587
15377	0.623188405797102
15378	0.626811594202899
15379	0.603333333333333
15380	0.633846153846154
15382	0.660968660968661
15383	0.637566137566138
15385	0.639573070607553
15386	0.596934865900383
15387	0.601433691756273
15389	0.563844086021505
15391	0.529671717171717
15392	0.518122400475342
15393	0.545658263305322
15394	0.552380952380952
15397	0.576576576576577
15398	0.563774300616406
15399	0.55195681511471
15400	0.557692307692308
15403	0.563008130081301
15404	0.552071234998064
15406	0.541897379106682
15407	0.562720225510923
15408	0.552525252525253
15411	0.571980676328503
15412	0.561825470243602
15413	0.552304964539007
15414	0.543367346938776
15415	0.534965986394558
15416	0.540130718954249
15417	0.55781799899447
15418	0.574504112239961
15419	0.565571861169345
15420	0.557126823793491
15421	0.561038961038961
15425	0.541353383458647
15426	0.534180278281912
15427	0.538671342294954
15428	0.520715630885122
15429	0.525500910746812
15432	0.530054644808743
15433	0.513227513227513
15434	0.518022486772487
15435	0.502083333333333
15437	0.507070707070707
15438	0.511834765566109
15440	0.516388645010243
15441	0.520744529695937
15447	0.524913733609386
15448	0.510127431254192
15449	0.514475743348983
15450	0.518645357686454
15452	0.522645933604838
15453	0.526486486486487
15456	0.52140350877193
15457	0.525176577808157
15458	0.511710511710512
15460	0.515633452342313
15462	0.511075949367089
15463	0.506687242798354
15464	0.502459098665061
15469	0.498383779018513
15470	0.494454006502199
15471	0.498506069094304
15473	0.502416780665755
15475	0.498529804865009
15476	0.509926854754441
15477	0.513449097718761
15478	0.509446525176862
15481	0.512901912901913
15482	0.508998248128683
15483	0.512388966806919
15484	0.501487073896134
15485	0.504964539007092
15488	0.508333333333333
15489	0.51159793814433
15490	0.514762606073357
15491	0.517831374974232
15492	0.514141414141414
15497	0.517161716171617
15498	0.520093185789167
15499	0.529411764705882
15502	0.538461538461539
15503	0.534554334554335
15504	0.537047020065888
15505	0.539469817198613
15506	0.529479635398639
15509	0.531996828632914
15510	0.534445371142619
15511	0.536827736827737
15512	0.533193908193908
15516	0.535556257901391
15517	0.537856440511308
15518	0.540096618357488
15519	0.542278860569715
15520	0.544405147853424
15521	0.546477376985852
15523	0.548497365047714
15524	0.544911297852474
15525	0.535904499540863
15526	0.532583660750576
15530	0.529343818028344
15531	0.536935046769823
15532	0.544344086021505
15537	0.55157671957672
15538	0.548139815856351
15539	0.539575131233596
15544	0.541545542635659
15545	0.538342277877162
15546	0.530123311802701
15554	0.532192150512761
15555	0.534214323688008
15558	0.531216099951371
15559	0.53322277501382
15560	0.530283224400872
15561	0.532274223558036
15562	0.524560104376036
15565	0.531400966183575
15566	0.528571428571429
15567	0.535258358662614
15568	0.532414344221357
15569	0.529629994418727
15572	0.526903651903652
15573	0.528831417624521
15574	0.535285781766651
15575	0.528002982014724
15576	0.529876815591101
15579	0.527238648044017
15580	0.524653243847875
15581	0.526534216335541
