14079	0.333333333333333
14080	0.333333333333333
14081	0.166666666666667
14083	0.233333333333333
14085	0.155555555555556
14086	0.111111111111111
14088	0.25
14091	0.342592592592593
14092	0.340740740740741
14093	0.278787878787879
14094	0.343434343434343
14095	0.393162393162393
14096	0.432234432234432
14097	0.463492063492064
14098	0.447222222222222
14099	0.473039215686275
14100	0.457516339869281
14101	0.444444444444445
14102	0.466666666666667
14103	0.485714285714286
14104	0.532467532467533
14105	0.544137022397892
14106	0.498792270531401
14107	0.458888888888889
14109	0.474871794871795
14112	0.489078822412156
14116	0.477954144620811
14117	0.467980295566503
14118	0.459003831417625
14119	0.472401433691756
14120	0.442876344086022
14122	0.416035353535354
14123	0.411170528817588
14125	0.40672268907563
14126	0.402645502645503
14131	0.398898898898899
14132	0.395448079658606
14133	0.375168690958165
14134	0.373076923076923
14135	0.371138211382114
14138	0.385210994967093
14139	0.398301956441491
14140	0.425651867512333
14142	0.406734006734007
14143	0.418035426731079
14144	0.428615479494296
14146	0.424645390070922
14147	0.420918367346939
14148	0.444081632653061
14149	0.439738562091503
14150	0.461287078934138
14151	0.456458635703919
14153	0.451898439319823
14154	0.459708193041526
14155	0.443290043290043
14156	0.439431913116124
14157	0.435773341399476
14159	0.432300798753166
14160	0.41789077212806
14161	0.404189435336976
14163	0.412656442799224
14164	0.431302270011947
14167	0.438657407407407
14168	0.445673076923077
14170	0.442268842268842
14172	0.429066787275743
14173	0.426251097453907
14174	0.423557828928673
14175	0.420979986197378
14176	0.427900737759893
14177	0.43453312467397
14178	0.422628107559614
14179	0.411205726274219
14180	0.409129129129129
14181	0.4246783625731
14182	0.439621781727045
14183	0.453990453990454
14184	0.450935843340907
14185	0.439662447257384
14186	0.437037037037037
14187	0.44263775971093
14188	0.448036046625527
14189	0.445305029642379
14191	0.458356676003735
14192	0.470953032375741
14193	0.467789361133387
14195	0.457157784743992
14199	0.454375212802179
14201	0.44427798585102
14202	0.441839641839642
14203	0.439480809046026
14204	0.43719806763285
14205	0.449172576832151
14206	0.439716312056738
14207	0.451388888888889
14209	0.448954753722795
14210	0.439792411810085
14212	0.451109736824023
14213	0.448754208754209
14214	0.453069306930693
14215	0.463793438167346
14216	0.454787740338854
14217	0.452452078665671
14219	0.45018315018315
14220	0.447978436657682
14221	0.445835537530124
14222	0.443752163378332
14223	0.441726129799524
14224	0.439755351681957
14225	0.443843843843844
14226	0.435918060918061
14227	0.434102402022756
14228	0.432334523624696
14229	0.436409865242817
14230	0.446126936531734
14231	0.444198840750565
14232	0.447969481867787
14237	0.446042823909225
14241	0.455275443510738
14242	0.464279155188246
14243	0.462132502370953
14244	0.460038206939447
14245	0.463370924031821
14246	0.471956989247312
14247	0.464465608465609
14249	0.462400533266675
14250	0.470800524934383
14251	0.479005167958656
14252	0.487020473066985
14253	0.494852221569779
14254	0.502505975788419
14255	0.509987088934457
14256	0.517300714472749
14257	0.514575271789202
14258	0.516811909949165
14259	0.518999570631172
14260	0.521139673472266
14261	0.51364126090432
14262	0.511065433367592
14263	0.503816278284363
14264	0.496720274364865
14265	0.499097146984471
14266	0.501424501424502
14268	0.503703703703704
14269	0.505936073059361
14270	0.508122883856739
14272	0.510265367408225
14273	0.512364713706996
14275	0.505533184190902
14276	0.503252391464312
14280	0.496630649471361
14281	0.498853342506593
14283	0.501032736326854
14284	0.503169948331239
14285	0.50526606010477
14286	0.503075834286025
14287	0.496707785750759
14288	0.50303850542685
14291	0.500917190775681
14292	0.498835403726708
14295	0.500907394627201
14296	0.498851271175743
14297	0.500897800389047
14298	0.502907119980291
14299	0.500864062309845
14300	0.498857706274199
14301	0.500855431993157
14302	0.502817695125388
14304	0.500823761457246
14305	0.50276344455911
14306	0.504669295978966
14307	0.502688533405028
14308	0.49691050428543
14309	0.49504105090312
14310	0.496991341991342
14311	0.495142098955658
14312	0.49706934128949
14314	0.502688678258322
14315	0.504510655907304
14316	0.509985676284019
14317	0.511707445409103
14318	0.513400988810825
14320	0.51144373168607
14321	0.50951821386604
14322	0.507623752785043
14324	0.505759684127806
14325	0.500379261956233
14330	0.502138917032534
14331	0.50036201615149
14332	0.495122623312207
14333	0.500381762652705
14335	0.498650690846287
14336	0.500382814308353
14337	0.498669486298352
14338	0.500383743240886
14339	0.5054559895024
14340	0.507084380180827
14341	0.505338138503968
14342	0.506951423785595
14343	0.508540630182421
14345	0.510106234504048
14346	0.505080557316815
14347	0.500128787147043
14348	0.501753546947234
14355	0.503354645196937
14356	0.504932539124181
14357	0.506487674965936
14359	0.504830695620169
14360	0.503197387407914
14361	0.504746859249229
14539	0.506274404602224
14540	0.507780435231937
14542	0.509265353282729
14543	0.510729551546765
14544	0.512173413723801
14548	0.513597314672584
14549	0.515001620654181
14551	0.519430829597978
14555	0.520769337207693
14557	0.522089675030852
14560	0.526395173453997
14562	0.521674140508221
14606	0.517016335682255
14608	0.512420634920635
14618	0.510835791543756
14625	0.51220875079594
14660	0.510639668186619
14661	0.514913557547435
14662	0.513334599076008
14668	0.517548152330761
14670	0.518833656764691
14675	0.514380148981303
14676	0.512832740300552
14677	0.514141965205795
14681	0.515434547421565
14682	0.513897828315335
14683	0.517982720514366
14689	0.519226937636979
14691	0.52045560204556
14695	0.521668971876441
14696	0.522867299932558
14697	0.524050833815144
14700	0.52795205648879
14702	0.526363332218133
14718	0.524793982633704
14720	0.520544638644767
14724	0.519034870053546
14738	0.520220667616703
14746	0.521392235609103
14747	0.519893758300133
14748	0.521058622652248
14749	0.519574628270281
14750	0.518108161381013
14752	0.519273326128352
14753	0.517820669934641
14754	0.518979004539559
14755	0.520123870137444
14758	0.521255474743847
14759	0.51980991980992
14760	0.518380980449946
14761	0.519512932253127
14762	0.518097117812672
14764	0.51922264469793
14766	0.522851153039832
14767	0.523932472691162
14772	0.527498521584861
14773	0.52853708983174
14776	0.529564075533115
14777	0.530579650282253
14778	0.531583982506492
14783	0.532577237537081
14787	0.533559577677225
14788	0.534531162268389
14789	0.535492147754922
14791	0.531611769872639
14795	0.527773417743595
14796	0.523976486680692
14797	0.52738884161488
14798	0.523621778460488
14799	0.519894933062193
14801	0.516207734955369
14803	0.512559623754271
14804	0.5089500489391
14806	0.505378469648299
14809	0.506506359137938
14810	0.509945339213632
14811	0.50640405213576
14812	0.509819941048315
14813	0.513200493179016
14814	0.509673342023147
14815	0.506182428721618
14816	0.507277884270731
14818	0.503827014309706
14823	0.504931011952804
14826	0.5060238204306
14827	0.502616252616253
14828	0.503717262106524
14831	0.504807224678833
14834	0.505886287625418
14836	0.506954595791805
14837	0.503597280587886
14839	0.50027320612856
14840	0.499174917491749
14841	0.500273224043716
14843	0.499182113646916
14844	0.498101665566697
14846	0.499196243495918
14847	0.498122697151823
14848	0.497059539965898
14851	0.498150261037928
14854	0.499230494407343
14855	0.500300374102291
14861	0.501360032016714
14862	0.500293195834597
14864	0.501346192485433
14867	0.50238922386828
14868	0.503422415332421
14869	0.504445890262416
14879	0.505459770114943
14881	0.506464174454829
14882	0.507459220990306
14894	0.508445025607497
14895	0.509421702404159
14896	0.510389363722697
14897	0.511348120182476
14898	0.512298080711431
14899	0.513239352577012
14901	0.510119356512714
14902	0.513088330109607
14904	0.512002197198572
14905	0.510925878741552
14906	0.507857254845207
14908	0.504816193438948
14909	0.503792415169661
14910	0.506746031746032
14911	0.507695115632801
14914	0.506663389110319
14915	0.507607361249295
14916	0.504621435594887
14917	0.501661779081134
14918	0.500677402205416
14919	0.501645269636677
14921	0.504542680859719
14923	0.505482530052803
14924	0.506414230264444
14925	0.507337875431027
14929	0.510169266951539
14930	0.511066100187729
14931	0.511955246281894
14932	0.512836792836793
14935	0.513710826210826
14936	0.514577431539188
14938	0.515436692754598
14939	0.518166626879924
14943	0.519000896766366
14948	0.519828155981494
14949	0.52064848285683
14950	0.521461954632929
14952	0.522268647477561
14958	0.52306863650354
14959	0.520178754533907
14960	0.520985850468523
14963	0.521786294513567
14964	0.522580159566461
14965	0.521546023903985
14966	0.522336872093427
14967	0.523121273150891
14969	0.523899296963984
14970	0.521067408872287
14971	0.518258420145213
14972	0.515472084553034
14973	0.514495469264993
14978	0.515309218983718
14979	0.516116458704694
14980	0.515144208037825
14981	0.514179694113663
14982	0.51145916663158
14983	0.510519188619452
14984	0.507832245521455
14985	0.505166459455726
14986	0.50426680958074
14987	0.501633562533321
14988	0.49902088772846
14989	0.501623376623377
14990	0.502478523203912
14991	0.4998817349703
14992	0.497305024996226
14993	0.494748186821438
14994	0.492211016632611
14995	0.491398343060747
14996	0.490591888929485
14998	0.49148794377802
14999	0.490685128496575
15000	0.491576174259462
15002	0.490776967992158
15003	0.491663062192029
15004	0.490867435413845
15005	0.490077790791888
15006	0.489294068504595
15007	0.490178719866999
15008	0.487740019768158
15009	0.486973733483122
15012	0.486213137442777
15013	0.485458175447174
15014	0.483066755863691
15015	0.483968966727588
15016	0.484864543688073
15017	0.484123559774358
15018	0.485014013954321
15019	0.487520028484957
15020	0.486771549382279
15022	0.486028507173809
15023	0.485290849329169
15024	0.486164949653687
15025	0.487032746370096
15026	0.486295578921478
15027	0.487158598480068
15028	0.486424349004427
15029	0.485695344167898
15030	0.483388002865438
15031	0.482676843294195
15032	0.483546771537091
15033	0.4828382175833
15034	0.48213466518683
15035	0.479871122157783
15036	0.480746042740963
15037	0.481614830703233
15039	0.482477543225207
15041	0.483334236822609
15042	0.484184967355528
15043	0.485029790037524
15044	0.485868759444587
15047	0.48516583121366
15048	0.484467750763635
15049	0.483774473619459
15050	0.483085955814946
15051	0.483924223901027
15053	0.483238160618259
15054	0.484071926554842
15055	0.483388304816876
15056	0.4842176186714
15057	0.483536425509603
15058	0.482859835004305
15059	0.482187805783311
15060	0.483015065249156
15061	0.482345348327833
15062	0.481680116118036
15063	0.481019328666879
15065	0.480362946465396
15066	0.481189127042786
15067	0.482009824120767
15068	0.48135341577292
15069	0.479232916143964
15070	0.478591599296445
15071	0.477954501638712
15072	0.477321586241315
15078	0.478148420653652
15079	0.478969850919504
15080	0.47833664866913
15081	0.477707567040775
15082	0.47852557180106
15083	0.479338276314518
15084	0.478708944663737
15085	0.478083673217155
15089	0.480323657452274
15090	0.481121700318289
15091	0.483339128949407
15092	0.485542373602075
15093	0.48631311527469
15095	0.487078947764678
15096	0.486427483296748
15097	0.485780150738763
15098	0.487949854744085
15099	0.485895329039899
15103	0.486654872475306
15105	0.488807262947108
15106	0.486762044273689
15107	0.487513211799338
15108	0.485481906750174
15110	0.486235273735274
15111	0.485600825849789
15112	0.486350580884227
15113	0.488473099145036
15114	0.489207917980177
15115	0.491309943009065
15117	0.493399019218473
15118	0.492743012309108
15119	0.493454356498709
15123	0.494161345519803
15124	0.494864014852377
15125	0.49556239961585
15126	0.497608799617408
15127	0.498293244423275
15128	0.498973541078804
15130	0.498305637015315
15131	0.49764176456589
15132	0.498320579433765
15133	0.498995313250329
15134	0.498332665330661
15135	0.499004657351963
15138	0.499672633484691
15139	0.500336625664341
15141	0.500996665509588
15142	0.50033265231285
15143	0.499672575953248
15145	0.49901640537092
15146	0.498364109811717
15150	0.499025416518417
15152	0.499682833185665
15153	0.500336390263868
15167	0.500986117906067
15168	0.50163204597141
15169	0.499680170306152
15173	0.499034163172277
15174	0.498391911893831
15175	0.49646389676078
15176	0.495834049025538
15177	0.495207842028651
15178	0.494585247764439
15180	0.495245829027019
15181	0.497179753053736
15183	0.497827886566596
15184	0.498472309391405
15186	0.499113049800073
15187	0.499750135795763
15188	0.499118572978069
15189	0.498490598585475
15190	0.499126424929828
15192	0.497242928986696
15193	0.495370074263582
15194	0.493507780751313
15195	0.494157532668444
15196	0.493555194843219
15197	0.494202340532279
15198	0.494845864137258
15201	0.495485792638298
15202	0.496122152764798
15203	0.4967549709982
15204	0.496149705673515
15205	0.496780082608795
15208	0.496176958072723
15209	0.496804912800509
15211	0.496203914346586
15222	0.495606224141033
15226	0.495011817947598
15229	0.494420671751568
15231	0.495049306769506
15232	0.49446017754023
15234	0.493874261743114
15236	0.493291536050157
15238	0.492711977344661
15239	0.490930017209599
15243	0.491564445546989
15244	0.492195444542015
15257	0.491623998098818
15258	0.491055629464113
15260	0.491685059704982
15261	0.491118506122257
15262	0.492935940028963
15265	0.493555300908242
15266	0.494171355590656
15267	0.493599994943206
15268	0.495395739641989
15273	0.497181949413168
15276	0.49895869164139
15278	0.500726033117082
15280	0.502484040042726
15283	0.50423277803906
15284	0.505972312151204
15295	0.505367622207884
15296	0.504766103715316
15299	0.503004267402173
15300	0.503574519664419
15301	0.502982376407615
15302	0.502393317230274
15303	0.501807320752295
15307	0.502377768316013
15308	0.502945260192871
15309	0.502360391479563
15314	0.502925989672978
15315	0.503488672411788
15318	0.502904949121639
15321	0.50346577692145
15322	0.501744526402061
15327	0.503445057028675
15328	0.50172974167253
15329	0.502290751621489
15330	0.501717042221529
15336	0.50114624998801
15337	0.500578355176996
15342	0.500013338211308
15346	0.500575406772709
15347	0.501134636604002
15350	0.500570598609814
15355	0.500009399733048
15356	0.50056771553517
15357	0.500008403220114
15358	0.500564858189885
15365	0.500007419773697
15366	0.498343501571455
15367	0.496687875320387
15368	0.497251652406113
15499	0.495605123755761
15500	0.493966759710288
15501	0.494536726399913
15502	0.495103876120726
15503	0.494571736177346
15504	0.495136908362861
15505	0.495699301013038
15506	0.496258932324506
15507	0.497905144963969
15508	0.498455753517648
15509	0.500089448131597
15510	0.49954715182331
15511	0.500089747650723
15512	0.498468711191564
15513	0.500091789796122
15515	0.501707002106958
15516	0.503314398874355
15545	0.502766955829134
15546	0.504365775906854
15547	0.503816715096025
15548	0.503270294000631
15559	0.504859829059829
15560	0.506441746538871
15562	0.50801609503476
15565	0.508521351632314
15569	0.507964315008152
15572	0.508468131997544
15573	0.508969553660521
15574	0.509468595157375
15615	0.508912085641344
15621	0.509409734161928
15622	0.50990503158714
15623	0.510397992703742
15630	0.509842059707289
15631	0.510333672895249
15632	0.509779681222129
15636	0.509228286384977
15637	0.508679472178887
15638	0.507094800925994
15639	0.507591136433741
15640	0.506014766444816
15650	0.504445728409328
15651	0.504947960416317
15652	0.505447863681387
15720	0.50594545257949
15721	0.507467962741032
15722	0.506932163881317
15723	0.507422899680964
15726	0.505866387718753
15727	0.504317026653764
15728	0.502774772749624
15898	0.503275206013493
15899	0.502757090548005
