14303	1
14324	0.777777777777778
14332	0.555555555555556
14407	0.733333333333333
14409	0.6
14415	0.619047619047619
14416	0.714285714285714
14429	0.62962962962963
14442	0.637037037037037
14453	0.521212121212121
14456	0.601010101010101
14471	0.508547008547009
14478	0.578754578754579
14521	0.590476190476191
14531	0.6
14543	0.529411764705882
14556	0.544662309368192
14565	0.522417153996102
14639	0.570175438596491
14642	0.579365079365079
14646	0.617604617604618
14648	0.621870882740448
14649	0.653381642512077
14650	0.681111111111111
14651	0.654358974358974
14652	0.655270655270655
14653	0.632275132275132
14654	0.657635467980296
14655	0.636015325670498
14658	0.637992831541219
14659	0.639784946236559
14660	0.641414141414141
14664	0.6232917409388
14667	0.625770308123249
14669	0.628042328042328
14672	0.63013013013013
14675	0.614509246088194
14677	0.582995951417004
14679	0.587179487179487
14680	0.591056910569106
14681	0.578784359272164
14683	0.551864156515319
14684	0.541930937279775
14688	0.547474747474747
14690	0.552657004830918
14695	0.543324082639531
14697	0.520685579196218
14698	0.526643990929705
14701	0.51891156462585
14705	0.537777777777778
14706	0.517094017094017
14710	0.522738268021287
14712	0.528068949452597
14713	0.545230078563412
14717	0.537662337662338
14719	0.5421888053467
14722	0.534986892518653
14724	0.516851743619716
14726	0.499623352165725
14730	0.516029143897996
14731	0.510135730653975
14736	0.504522956135859
14737	0.499173280423281
14738	0.504326923076923
14740	0.509246309246309
14742	0.513945424393186
14745	0.528241147205151
14746	0.512929809605002
14747	0.507798481711525
14748	0.493494299128102
14749	0.49830464267084
14751	0.502917300862506
14753	0.507342959397754
14756	0.502702702702703
14758	0.507017543859649
14764	0.511164274322169
14767	0.506604506604507
14769	0.493779076057557
14775	0.506434599156118
14780	0.510390946502058
14781	0.506072468132089
14783	0.51797433636987
14793	0.529451137884873
14811	0.52483660130719
14812	0.512631098951208
14816	0.500846475986813
14822	0.504615116684082
14827	0.508256724548859
14828	0.511776945484811
14832	0.515181115181115
14836	0.518474279343845
14838	0.52166121240455
14848	0.524746434835659
14852	0.534751773049646
14854	0.523611111111111
14862	0.512815005727377
14863	0.502349393365594
14865	0.492200920772349
14870	0.482356902356902
14877	0.472805280528053
14880	0.47660648417783
14883	0.47382448124881
14884	0.471122728404282
14885	0.474847374847375
14886	0.478466606768494
14887	0.475753835302416
14889	0.479289258105458
14891	0.470494959791596
14892	0.461940505977203
14894	0.453617253617254
14895	0.445516945516946
14896	0.437631689844079
14898	0.429953940899446
14899	0.434070683956268
14901	0.432333833083458
14908	0.424943511150408
14909	0.423390796272152
14912	0.427479466362816
14913	0.425910364145658
14914	0.424380165289256
14915	0.428352075147902
14916	0.432227109156338
14917	0.44138473642801
14919	0.450322580645161
14920	0.459047619047619
14924	0.462317210348707
14926	0.460301837270341
14927	0.463501291989664
14928	0.471755118266746
14931	0.474730867097279
14933	0.477638985272573
14934	0.480481506797296
14936	0.483260389780421
14938	0.485977519808366
14940	0.488634713144517
14941	0.491233719765279
14950	0.49377622624211
14951	0.496263858478435
14954	0.498698184309695
14957	0.501080715974333
14959	0.503412912462958
14961	0.510358186414524
14962	0.512529137529138
14963	0.514655172413793
14965	0.512171311604472
14966	0.514273289224366
14968	0.516332659189802
14969	0.518350565330431
14971	0.520328113348248
14972	0.51785136129507
14973	0.5154234925061
14974	0.517400527462447
14975	0.519339048750814
14976	0.521240050272309
14981	0.518830989798732
14982	0.520714246828897
14983	0.518342336531484
14985	0.511822307141151
14986	0.51375786163522
14989	0.511516563146998
14991	0.509316770186335
15003	0.503067484662577
15005	0.505062596638236
15006	0.507021433850702
15007	0.508944870390654
15010	0.51083375417839
15011	0.512688907898489
15013	0.514511129895745
15017	0.516301195034227
15018	0.518059855521156
15024	0.523663810689515
15039	0.529170587444549
15045	0.52308816689921
15046	0.528538587848933
15058	0.526320346320346
15059	0.527906180448554
15060	0.533210605387334
15067	0.538426129349486
15068	0.536147320504862
15069	0.541272764477184
15071	0.546313723109303
15073	0.551272043075322
15078	0.556149520867981
15080	0.553740697218958
15081	0.558539184345636
15082	0.559695628006824
15083	0.560833617779801
15085	0.565480881083718
15087	0.56654599461617
15089	0.567594378616699
15091	0.572098603839442
15093	0.5661701208981
15094	0.560333315528017
15095	0.55800511058243
15096	0.55231118088261
15097	0.546703960772126
15099	0.544548701909108
15107	0.542425934385733
15110	0.54033500837521
15112	0.534958540630182
15113	0.536262581482029
15115	0.530979206295014
15116	0.525773527801925
15121	0.527148095010362
15122	0.522030152340359
15123	0.523427606585057
15126	0.52159977703456
15127	0.519798184271869
15128	0.524371534897851
15129	0.528879861581283
15130	0.533324391189007
15131	0.534576431334337
15132	0.529580389919998
15133	0.527754835905238
15134	0.52595463680735
15135	0.524179325254594
15136	0.522428444594766
15137	0.51765740857107
15138	0.512951432129515
15139	0.508309337721103
15141	0.509735980324216
15143	0.508153893804118
15144	0.503616805466581
15148	0.502103174603175
15153	0.500609636184858
15159	0.502072693722142
15160	0.50059252389417
15161	0.499131744937307
15162	0.497690019619012
15168	0.499153020892151
15169	0.50059710404538
15170	0.499161363524247
15178	0.500593032781874
15179	0.502006425410681
15182	0.503401851184037
15193	0.504779613340008
15198	0.506140008746115
15199	0.507483328059257
15201	0.508809855880986
15206	0.510119870908253
15212	0.51141364607981
15215	0.512691448718385
15219	0.513953540668781
15221	0.512479089996655
15222	0.513732647530557
15226	0.514970979669311
15228	0.516194331983806
15232	0.517402945113789
15233	0.518597054886212
15235	0.519776892430279
15236	0.518297181643795
15241	0.519470062948324
15242	0.520629091324059
15243	0.519160104986877
15245	0.5203125
15247	0.521451442931258
15248	0.52257714234006
15249	0.521115800185568
15253	0.522235422235422
15254	0.520787896649966
15255	0.52190147504704
15257	0.517932642537176
15259	0.514008910396743
15260	0.515161044406328
15262	0.511287653095002
15263	0.507457783034365
15265	0.503670784653512
15266	0.507360964693262
15273	0.511010142732572
15275	0.514618923967018
15276	0.515736922075103
15278	0.519284636931696
15280	0.522793508194968
15283	0.526264100862641
15285	0.527281510759772
15287	0.52828790177715
15288	0.524487269390264
15289	0.523116990278745
15290	0.521761392729135
15293	0.522792746992035
15294	0.523813129401075
15295	0.522466982432399
15299	0.523482473166443
15301	0.524487274524339
15302	0.525481536007852
15303	0.526465404514185
15305	0.527439024390244
15307	0.528402537485583
15310	0.529356083204073
15314	0.53259074929889
15320	0.53579218252287
15324	0.538960836567083
15325	0.542097157406762
15329	0.545201583458242
15330	0.548274545732173
15332	0.551316467983135
15334	0.552090630390407
15337	0.552857025281887
15346	0.553615756224452
15349	0.5543669250646
15350	0.555110631962626
15351	0.555846975426019
15353	0.556576052342076
15362	0.552926373310325
15371	0.551491124683024
15374	0.547898348626458
15375	0.548669571470875
15379	0.547275809411732
15384	0.543744997738108
15393	0.54453549078588
15401	0.545318382938962
15404	0.54183392042817
15406	0.540505891211005
15410	0.541306912007549
15413	0.539990623534927
15415	0.538686792051006
15416	0.537395260864102
15417	0.536115875738517
15419	0.534848484848485
15420	0.535669781931464
15421	0.532342640428784
15423	0.529046401169163
15425	0.527838295812152
15426	0.526641342196898
15428	0.529545383042316
15429	0.53038404532748
15431	0.529182516595808
15435	0.532044628956928
15436	0.534880722114765
15444	0.535677011809942
15446	0.534458073987794
15447	0.533250117587467
15448	0.532053011094927
15458	0.530866624959037
15466	0.529690831556503
15469	0.526547265790589
15477	0.525403988083742
15478	0.524270827878724
15479	0.52510845045983
15481	0.525938703927319
15482	0.526761674469654
15483	0.527577447018908
