15422	1
15425	0.555555555555556
15431	0.777777777777778
15438	0.866666666666667
15444	0.577777777777778
15472	0.507936507936508
15479	0.464285714285714
15492	0.435185185185185
15506	0.481481481481482
15517	0.575757575757576
15520	0.535353535353535
15521	0.504273504273504
15522	0.47985347985348
15523	0.46031746031746
15524	0.444444444444444
15527	0.431372549019608
15533	0.383442265795207
15547	0.34307992202729
15597	0.342105263157895
15598	0.30952380952381
15605	0.281385281385281
15645	0.285902503293808
15646	0.26207729468599
15681	0.267777777777778
15682	0.298461538461538
15689	0.301044634377968
15695	0.303350970017637
15705	0.282430213464696
15734	0.308045977011494
15745	0.309677419354839
15787	0.352822580645161
15800	0.371843434343434
15825	0.369578134284017
15826	0.38655462184874
15874	0.383597883597884
15885	0.380880880880881
15886	0.378378378378378
