15879	0.333333333333333
15888	0.111111111111111
15889	0.222222222222222
15891	0.266666666666667
15893	0.288888888888889
15894	0.301587301587302
15895	0.392857142857143
15896	0.527777777777778
15897	0.622222222222222
15898	0.56969696969697
15900	0.53030303030303
15902	0.551282051282051
15903	0.567765567765568
15904	0.536507936507937
15905	0.594444444444445
15906	0.602941176470588
15908	0.610021786492375
15909	0.580896686159844
15911	0.556140350877193
15912	0.534920634920635
15913	0.546897546897547
15914	0.52832674571805
15915	0.567632850241546
15916	0.522222222222222
15917	0.507692307692308
15918	0.519468186134853
15919	0.506172839506173
15920	0.494252873563219
15921	0.505747126436782
15922	0.516129032258065
15923	0.504704301075269
15924	0.534722222222222
15926	0.562091503267974
15927	0.549019607843137
15928	0.518518518518519
15929	0.490490490490491
15930	0.48221906116643
15931	0.491677912730544
15932	0.467094017094017
15933	0.460569105691057
15934	0.48625629113434
15935	0.494647471391657
15936	0.50246652572234
15937	0.524579124579125
15938	0.530756843800322
15939	0.536540240518039
15940	0.52807328605201
15945	0.54733560090703
15946	0.552108843537415
15947	0.556601307189543
15950	0.573655103066868
15951	0.58974358974359
15952	0.604938271604938
15964	0.607182940516274
15965	0.609307359307359
15966	0.599624060150376
15967	0.590441621294616
15968	0.593025521137736
15969	0.595480225988701
15970	0.597814207650273
15971	0.589282566543275
15972	0.591739204642431
15973	0.583664021164021
15974	0.575961538461538
15975	0.568609168609169
15976	0.561586009347203
15978	0.554872695346795
15979	0.558113100312589
15980	0.551690821256039
15981	0.554929577464789
15982	0.548774126238915
15983	0.533739218670726
15984	0.537331852400346
15985	0.540780780780781
15986	0.552865497076023
15987	0.547163362952837
15988	0.558774558774559
15989	0.553067185978579
15990	0.564240506329114
15991	0.558539094650206
15992	0.561176352504266
15993	0.563718287785288
15994	0.558232931726908
15995	0.56078431372549
15996	0.563246694026448
15997	0.550298494163771
15998	0.537791710205504
15999	0.540687776642833
16000	0.536079900124844
16001	0.531623931623932
16002	0.527313266443701
16003	0.530310113760324
16004	0.51902691985053
16005	0.522135125046659
16006	0.511257309941521
16007	0.500715922107675
16008	0.497299950908198
16009	0.493987493987494
16010	0.497441077441077
16011	0.500792079207921
16013	0.497508574386851
16014	0.49432070562853
16015	0.497635051033109
16017	0.488156288156288
16018	0.491524408505541
16020	0.488567565978957
16021	0.485692857967001
16022	0.482897270359044
16023	0.480177926049486
16024	0.477532077532078
16025	0.469004719004719
16026	0.478402865571007
16027	0.475857786058066
16028	0.479176201372998
16029	0.488155922038981
16030	0.496905393457118
16031	0.49413298565841
16032	0.491430470493282
16033	0.488795518207283
16035	0.497245179063361
16037	0.505487061373798
16038	0.513527922164468
16039	0.515997901914503
16041	0.513075268817204
16042	0.510222222222222
16043	0.507436570428697
16047	0.504716207349081
16048	0.502059108527132
16049	0.504591532498509
16050	0.507065962027794
16051	0.509484154522323
16052	0.511847801321486
16053	0.514158530654996
16054	0.516417910447761
16055	0.518627450980392
16056	0.515922427365107
16057	0.518107126485419
16058	0.520244673826157
16060	0.522336416581021
16062	0.524383654170888
16063	0.521692804581627
16064	0.51905840638235
16065	0.521108521108521
16067	0.518518518518519
16069	0.52054794520548
16073	0.527071102413568
16074	0.528957528957529
16075	0.530805973758994
16076	0.53261744966443
16078	0.53439293598234
16079	0.536133379807134
16080	0.542196995757367
16081	0.543813484989956
16083	0.541097612065354
16084	0.538433967466226
16085	0.535821220534596
16086	0.533258082721922
16087	0.534936178117454
16088	0.540749475890985
16089	0.542313664596273
16090	0.539733660506608
