15351	0
15352	0.222222222222222
15358	0.277777777777778
15359	0.3
15362	0.533333333333333
15363	0.380952380952381
15364	0.535714285714286
15365	0.490740740740741
15366	0.392592592592593
15369	0.381818181818182
15373	0.373737373737374
15376	0.316239316239316
15377	0.271062271062271
15380	0.279365079365079
15383	0.327777777777778
15384	0.367647058823529
15387	0.363834422657952
15401	0.325536062378168
15404	0.359649122807018
15405	0.420634920634921
15406	0.443001443001443
15407	0.462450592885376
15408	0.479468599033817
15412	0.494444444444445
15413	0.507692307692308
15414	0.519468186134853
15419	0.553791887125221
15420	0.561576354679803
15421	0.568582375478927
15422	0.596415770609319
15423	0.621639784946237
15426	0.644570707070707
15427	0.665478312537136
15428	0.684593837535014
15430	0.646560846560847
15439	0.647647647647648
15447	0.648648648648649
15448	0.64957264957265
15454	0.633760683760684
15460	0.635365853658537
15461	0.636856368563686
15462	0.638242894056848
15464	0.624383368569415
15468	0.626262626262626
15469	0.613526570048309
15471	0.615787850755473
15474	0.631796690307329
15477	0.606009070294785
15483	0.621768707482993
15491	0.623529411764706
15492	0.599547511312217
15495	0.589501693275278
15499	0.567668297228046
15511	0.571268237934905
15512	0.562770562770563
15518	0.566416040100251
15519	0.55837870538415
15520	0.550750048704461
15526	0.565725047080979
15527	0.558105646630237
15530	0.550854926846466
15531	0.543949479433351
15532	0.547784391534392
15533	0.541185897435898
15534	0.534887334887335
15537	0.528870797527514
15539	0.532923617208077
15544	0.52713839158852
15546	0.540648723257419
15554	0.544198524480215
15555	0.538341158059468
15558	0.532724505327245
15560	0.527335554732815
15561	0.522162162162162
15565	0.525964912280702
15569	0.538277511961723
15572	0.55011655011655
15573	0.544628367413178
15574	0.547679324894515
15576	0.550617283950617
15580	0.553447756699789
15581	0.556175923205015
15582	0.558806655192197
15583	0.561344537815126
15587	0.563793889648883
15588	0.566158781074579
15590	0.568443051201672
15593	0.570650323459312
15595	0.565376612567624
15596	0.567602767602768
15597	0.569756330625896
15600	0.571840423874085
15601	0.573858003507969
15602	0.568794326241135
15603	0.556944444444445
15604	0.55233390607102
15607	0.541061785538958
15608	0.536865251150966
15609	0.53946127946128
15610	0.528778877887789
15611	0.518410664595871
15614	0.521289421917634
15615	0.524085138162808
15616	0.520451770451771
15617	0.523210542078467
15618	0.525891964967966
15621	0.528498903888312
15622	0.518801676294031
15623	0.515429524603837
15624	0.524160524160524
15625	0.532657657657658
15628	0.535029498525074
15630	0.543186875743932
15631	0.551131451817951
15632	0.55312343828086
15636	0.555064348167797
15637	0.556955912888116
15638	0.558799791102882
15642	0.566153127917834
15643	0.573324150596878
15644	0.580318836652667
15645	0.581722866408992
15646	0.588469271789492
15649	0.589720430107527
15650	0.590941798941799
15652	0.592134316543765
15653	0.588090551181102
15656	0.584140826873385
15657	0.585410455177897
15658	0.586651008025054
15659	0.587863366489321
15660	0.594060909850384
15678	0.590169453484457
15679	0.586364473926663
15680	0.592447349310095
15686	0.598397023042794
15687	0.594555520293381
15688	0.590796927675251
15689	0.58711887632751
15691	0.583519081391422
15692	0.579995338461026
15693	0.585869529531501
15694	0.591621341621342
15695	0.592656449553001
15700	0.589104078097937
15702	0.594694498804088
15707	0.595667095667096
15708	0.59214583711228
15709	0.588695003728561
15712	0.585312729948492
15713	0.581997211571976
15714	0.583104001834652
15715	0.584189231248055
15719	0.576651305683564
15723	0.577805348773091
