14257	0.666666666666667
14258	0.666666666666667
14259	0.833333333333333
14260	0.766666666666667
14261	0.733333333333334
14262	0.714285714285714
14263	0.619047619047619
14264	0.62962962962963
14265	0.703703703703704
14266	0.696969696969697
14267	0.747474747474748
14268	0.683760683760684
14269	0.586080586080586
14270	0.641269841269841
14271	0.602777777777778
14272	0.649509803921569
14274	0.651416122004357
14275	0.653021442495127
14277	0.654385964912281
14278	0.687301587301587
14279	0.715728715728716
14284	0.711462450592885
14285	0.652173913043478
14286	0.653333333333333
14287	0.603076923076923
14288	0.58309591642925
14298	0.589065255731923
14299	0.594417077175698
14300	0.599233716475096
14302	0.582078853046595
14303	0.58736559139785
14304	0.612373737373738
14306	0.576351752822341
14310	0.543417366946779
14311	0.531746031746032
14315	0.503003003003003
14316	0.511616880037933
14317	0.485380116959064
14320	0.494444444444445
14321	0.470325203252033
14322	0.479674796747968
14323	0.488372093023256
14324	0.481324876673714
14329	0.474747474747475
14331	0.468599033816425
14332	0.477027443724946
14333	0.457151300236407
14334	0.479308390022676
14335	0.486802721088435
14336	0.48078431372549
14338	0.475113122171946
14339	0.457184325108853
14341	0.45259725133939
14343	0.448260381593715
14344	0.444155844155844
14345	0.440267335004177
14346	0.436579955636217
14347	0.421780635106176
14348	0.44105461393597
14351	0.459380692167578
14352	0.476820024678301
14353	0.47226489161973
14354	0.488756613756614
14356	0.483974358974359
14357	0.47940947940948
14358	0.475048997437057
14359	0.470880889669301
14360	0.486217675475988
14363	0.481849551414769
14364	0.468276324614353
14365	0.455268648930621
14367	0.461060375443937
14369	0.457608293224732
14370	0.472072072072072
14371	0.468421052631579
14372	0.473570289359763
14374	0.46997446997447
14375	0.466515200692416
14376	0.471518987341772
14377	0.476337448559671
14378	0.472849543310248
14379	0.469487706925262
14380	0.474182444061962
14381	0.48655462184874
14382	0.490743274053808
14384	0.4871246547269
14385	0.483629397422501
14387	0.480251957780048
14388	0.47698709945901
14389	0.473829873829874
14390	0.470775601210384
14391	0.460651394732741
14398	0.46503469839091
14400	0.476297125793207
14401	0.480263157894737
14402	0.484106529209622
14404	0.481029525212147
14405	0.491513777228063
14406	0.488350168350168
14407	0.491881188118812
14408	0.495308354364848
14411	0.492163208325401
14412	0.482698531242221
14414	0.486202686202686
14416	0.483318358790057
14417	0.492975959560336
14419	0.490019614630207
14425	0.493260844942802
14439	0.484292465943842
14440	0.481572481572482
14441	0.478925353925354
14442	0.482248209018121
14444	0.47963566733944
14445	0.477091278921943
14447	0.486106946526737
14448	0.483495431771294
14449	0.480950311458786
14450	0.484071594739591
14451	0.487114845938375
14452	0.484573002754821
14455	0.487558144786163
14456	0.490470478475277
14457	0.493312352478364
14458	0.496086021505376
14459	0.498793650793651
14460	0.506686664166979
14461	0.503978018372704
14462	0.501332364341085
14463	0.509004174120453
14464	0.506322176551184
14466	0.503701133472126
14467	0.501139211665528
14468	0.503609770695395
14470	0.506025428413488
14471	0.50838779956427
14474	0.500966079862602
14475	0.503367537642371
14481	0.496124839259028
14483	0.498561151079137
14486	0.505673758865248
14488	0.50794126460893
14489	0.510161200302045
14490	0.512334887334887
14492	0.509865900383142
14498	0.502881435994332
14499	0.500574659087379
14500	0.502819145676289
14502	0.509492714190701
14506	0.507143922445936
14507	0.50925680647535
14508	0.506942023934007
14509	0.513387226235524
14510	0.511048863990041
14511	0.508755760368664
14513	0.506506754893852
14514	0.500054439544885
14518	0.493724636512672
14519	0.491707135843749
14522	0.489727463312369
14524	0.483643892339545
14525	0.477672980088439
14526	0.471811961927845
14527	0.470123198164497
14528	0.472505543237251
14529	0.474844833880979
14530	0.473150085371426
14531	0.475453854196369
14533	0.473771954541185
14534	0.472119735468152
14535	0.474395138172228
14536	0.47275488462759
14537	0.474996639333244
14538	0.473368325471176
14540	0.475577449370553
14541	0.477748917748918
14542	0.479883581578497
14544	0.478236949575742
14545	0.476617914757391
14546	0.478729567556383
14547	0.473439738080622
14548	0.475563110922227
14549	0.477651674372986
14551	0.479706185158787
14552	0.474520172346259
14553	0.473002034292357
14557	0.471508251394399
14559	0.47003830545758
14560	0.472119028856618
14562	0.474166898728302
14569	0.47618260310462
14572	0.474694589877836
14574	0.473229706390328
14575	0.471787475740256
14576	0.477205040091638
14587	0.475736961451247
14592	0.481059428847681
14593	0.479567246064708
14594	0.478097558499569
14596	0.473316582914573
14599	0.478557213930348
14600	0.477119353726417
14602	0.472418670438472
14605	0.474323062558357
14607	0.472947553004942
14608	0.471592075144053
14609	0.473476853806107
14610	0.472129319955407
14611	0.470801128695866
14613	0.472666514771778
14614	0.471345821108854
14618	0.473188470595249
14622	0.471875276818142
14625	0.467465227502084
14627	0.463116713757879
14628	0.458828596037898
14629	0.454599761051374
14631	0.456545328992799
14632	0.452375965257705
14633	0.457354365573544
14635	0.453215412038942
14636	0.45814139931787
14639	0.460011581087814
14641	0.455904334828102
14643	0.454814814814815
14646	0.450789904949197
14651	0.4556287604122
14653	0.451632016899812
14657	0.450598840624122
14667	0.452477691285362
14669	0.45144613840266
14679	0.447554361347465
14684	0.443712693009718
14688	0.448467285377157
14697	0.450324301388131
14698	0.452157711263373
14699	0.451154973896875
14704	0.447363755628834
14705	0.443620125874618
14706	0.442701069270107
14707	0.444559704933149
14709	0.44364047872158
14710	0.445476085206725
14711	0.444556882322517
14712	0.440927846548455
14713	0.440053094408495
14714	0.439188966788453
14715	0.441023464368116
14716	0.442835859567302
14717	0.444626506024096
14718	0.449051792828685
14719	0.4481333923565
14720	0.447225882008491
14721	0.446329090286639
14722	0.4480572281406
14729	0.449765114379085
14730	0.448859030479896
14731	0.445379503111835
14732	0.449662286871589
14733	0.451331551331551
14734	0.450427350427351
14735	0.446988973706531
14736	0.448659526504707
14737	0.450311095748358
14738	0.449428244711264
14739	0.451061616304913
14740	0.452676635408747
14741	0.454273575940522
14742	0.458331021472563
14744	0.457405112671532
14745	0.456489453783427
14747	0.453132913682078
14749	0.457139265962795
14753	0.453802482999563
14755	0.457774828577748
14759	0.454457619675011
14762	0.451176337222484
14763	0.455124708897142
14764	0.454251652441488
14765	0.455768902543096
14768	0.457269954245043
14771	0.45639097111801
14772	0.455521305833312
14773	0.454660827153735
14774	0.456148587431019
14775	0.457620741831268
14776	0.456754627486335
14780	0.460527164795458
14781	0.459646930667692
14782	0.458775802410214
14783	0.46020460560098
14784	0.459335624284078
14785	0.460750853242321
14786	0.462151641088745
14787	0.463538183635036
14792	0.467162925637502
14794	0.468506385173052
14795	0.469836319948177
14796	0.466693602088992
14797	0.468026755852843
14799	0.464916943521595
14800	0.468460539922114
14802	0.467568611165752
14805	0.464492501881767
14807	0.463632441760138
14810	0.460602164363013
14812	0.45760149879713
14813	0.454630060493253
14816	0.458159963014332
14817	0.461655705188433
14840	0.46083048093213
14845	0.460013191524446
14846	0.459203735561563
14847	0.462648297755438
14849	0.466060054595087
14851	0.469439421338156
14857	0.468580707849166
14859	0.471922967548228
14861	0.473143931179065
14862	0.474353448275862
14863	0.477628504672897
14867	0.47466186799791
14870	0.477914735688326
14873	0.479079871064735
14875	0.47818296929408
14877	0.477294321220702
14879	0.478452561865631
14880	0.479600208846125
14883	0.480737390960536
14884	0.481864235055725
14888	0.482980866062437
14889	0.484087407029932
14890	0.481179975155879
14894	0.484286681891472
14895	0.485375517621474
14896	0.486454631603885
14897	0.483567660496444
14898	0.480706313392915
14901	0.479836856283419
14902	0.4789750708543
14903	0.478120867115175
14909	0.477274156391304
14915	0.478378485897283
14916	0.477535200126562
14920	0.480563981575104
14923	0.48356650191282
14924	0.480779375100642
14926	0.479931984056003
14928	0.477181657499808
14934	0.478264428980762
14938	0.477438610771944
14939	0.478513770180437
14956	0.477691218130312
14959	0.476875636860272
14977	0.476066947826318
14978	0.475265073587593
14981	0.474469937787849
14982	0.473681465137265
14983	0.472899581394625
14984	0.47212421334984
14985	0.473202010875141
14987	0.472429255750601
14991	0.471662887032048
14992	0.470902834539198
14993	0.471975513071404
14994	0.471217905531851
14995	0.470466490969462
14996	0.471532796272164
14997	0.472590432426063
14999	0.473639493151688
15000	0.472883125713315
15006	0.472132858012347
15007	0.473175934734354
15009	0.472428113336487
15012	0.473464052287582
15016	0.470945626477541
15019	0.468447241191188
15020	0.465968684359489
15022	0.463509746711154
15026	0.464578993658288
15027	0.465639821338122
15028	0.464947117212443
15031	0.466000483005937
15033	0.46704561937917
15034	0.468082611832612
15035	0.469111544759213
15036	0.468409848576134
15038	0.465995364820587
15040	0.467027093878921
15041	0.468050886559884
15042	0.467361794216014
15044	0.464977295265932
15046	0.464307351439304
15047	0.461950461330475
15048	0.462986999079012
15049	0.462332182585347
15056	0.461682314327151
15058	0.461037344573413
15059	0.46039722421632
15060	0.461428571428571
15061	0.462452202826268
15062	0.46180982039098
15071	0.461172219958932
15073	0.460539354183557
15086	0.459911176302816
15092	0.459287640130552
15094	0.460306701686012
15104	0.459684283213695
15122	0.459066430158045
15123	0.458453097978413
15124	0.457844242676003
15125	0.457239820785991
15127	0.456639789369755
15129	0.457654411965392
15131	0.457055274237045
15140	0.456460457213469
15141	0.455869919449056
15142	0.455283619993957
15145	0.456292608283564
15146	0.45729438951396
15149	0.455121969611281
15152	0.457704329944877
15155	0.458692331536942
15172	0.45810101550768
15174	0.457513873473918
15177	0.455365921016294
15179	0.454794339809348
15180	0.454226765012731
15181	0.453663159270636
15186	0.453103485661625
15189	0.452547707692584
15192	0.451995789292773
15194	0.451447694807972
15195	0.450903388994725
15213	0.450362837014673
15215	0.449826004428978
15217	0.45081841020581
15221	0.450281948667579
15226	0.451267756038874
15238	0.452246841996273
15242	0.453219267504982
15249	0.452676797214612
15256	0.453642891433358
15285	0.45159945498546
15292	0.449569794513615
15298	0.450543323088292
15299	0.448527469293714
15327	0.448013209758176
15348	0.44750238625517
15352	0.445513486760703
15353	0.446494210396649
15369	0.447468424804924
15406	0.44843618746215
