14895	0.666666666666667
14897	0.444444444444444
14899	0.388888888888889
14900	0.5
14901	0.444444444444445
14902	0.412698412698413
14903	0.392857142857143
14904	0.37962962962963
14905	0.37037037037037
14907	0.424242424242424
14908	0.409090909090909
14909	0.448717948717949
14910	0.384615384615385
14921	0.377777777777778
14939	0.372222222222222
14944	0.367647058823529
14945	0.400871459694989
14988	0.393762183235868
15002	0.421052631578947
15005	0.412698412698413
15030	0.435786435786436
15037	0.455862977602108
15043	0.473429951690821
15044	0.488888888888889
15045	0.528205128205128
15046	0.538461538461539
15047	0.547619047619048
15048	0.555829228243021
15049	0.540996168582376
15050	0.506093189964158
15051	0.495295698924731
15052	0.505681818181818
15056	0.49554367201426
15059	0.467226890756303
15063	0.45978835978836
15064	0.470970970970971
15065	0.481270744428639
15066	0.473684210526316
15067	0.466666666666667
15068	0.492682926829268
15073	0.500967866821525
15076	0.508674787744555
15077	0.500704721634954
15078	0.508080808080808
15079	0.514975845410628
15080	0.521430773974715
15086	0.527482269503546
15087	0.533163265306123
15088	0.538503401360544
15089	0.530457516339869
15090	0.535696329813977
15091	0.528059990324141
15092	0.520847891917074
15093	0.52615039281706
15096	0.531168831168831
15101	0.535923141186299
15102	0.540431538616657
15103	0.556010130527957
15121	0.537476459510358
15122	0.530783242258652
15127	0.524413890357835
15129	0.528929851510497
15130	0.52281746031746
15138	0.51698717948718
15152	0.501320901320901
15154	0.496306347052616
15156	0.481709101551068
15157	0.467746518897414
15162	0.473429951690821
15163	0.488262910798122
15164	0.4839593114241
15165	0.48896499238965
15166	0.484758731334074
15167	0.480720720720721
15168	0.476842105263158
15169	0.473114604693552
15170	0.486624486624487
15172	0.491182516498972
15173	0.495569620253165
15177	0.483333333333333
15178	0.479674796747968
15180	0.48418062493878
15181	0.480589022757698
15187	0.477124183006536
15189	0.473780209758322
15191	0.478214381181502
15192	0.474921630094044
15194	0.479230507320395
15196	0.483395755305868
15197	0.48009768009768
15199	0.476907150820194
15201	0.480988000623344
15202	0.48493861053916
15203	0.481746920492721
15204	0.478654970760234
15205	0.475658648339061
15206	0.472754050073638
15207	0.46993746993747
15210	0.467205387205387
15212	0.477755775577558
15216	0.474923962984534
15217	0.472174630369947
15219	0.469504605426936
15220	0.466910866910867
15224	0.458101227912549
15225	0.455769117733498
15229	0.447328948886581
15230	0.44523728621588
15232	0.443202668890742
15234	0.447229047229047
15235	0.457099957099957
15236	0.454909397387274
15237	0.452776483982818
15238	0.456496313246885
15239	0.454372813593203
15241	0.446605756950585
15242	0.439036167849727
15243	0.437259649622561
15244	0.446638655462185
15245	0.444765840220386
15246	0.442939077812401
15247	0.451996978986183
15256	0.455459393303611
15260	0.458838709677419
15261	0.462137566137566
15262	0.46535849685456
15263	0.468503937007874
15264	0.471576227390181
15265	0.47970582389187
15268	0.477471129379526
15269	0.480337728429331
15271	0.483139667350194
15272	0.485878876295216
15274	0.48361894232541
15275	0.486310820624546
15276	0.488943752683555
15277	0.491519447089108
15279	0.494039550967921
15284	0.491743747858856
15286	0.489496791624451
15287	0.49668697765791
15288	0.499064315965725
15291	0.492132867132867
15292	0.485344827586207
15293	0.483262478349866
15295	0.481222626036716
15296	0.479224122081265
15310	0.472791583529839
15311	0.466487695749441
15312	0.469139072847682
15313	0.471738120134774
15315	0.474286205710354
15327	0.476784653255242
15332	0.474933668482056
15334	0.477391783843397
15335	0.479802928847515
15336	0.482168292617378
15338	0.484489026882149
15339	0.486766247379455
15340	0.484860248447205
15341	0.487104772128927
15342	0.481128026458633
15344	0.479325652152227
15345	0.485636856368564
15346	0.487817938420348
15347	0.493951855325494
15348	0.49997623800019
15350	0.498004132619517
15351	0.499988397725954
15356	0.498039215686275
15357	0.496124031007752
15358	0.498095622171439
15359	0.492370385134986
15360	0.486743295019157
15361	0.488787878787879
15362	0.487031330251669
15363	0.48530438646607
15365	0.483606385872408
15366	0.481936685288641
15367	0.480294659300184
15368	0.475016696011171
15369	0.473468243960047
15370	0.475568226815554
15371	0.477634155895026
15372	0.479666763537731
15373	0.478101700113085
15374	0.47301551181401
15375	0.475064730383879
15378	0.477081592871067
15379	0.479066776889869
15380	0.474076497963933
15381	0.476072251007484
15382	0.47460071577373
15383	0.473151819543572
15385	0.471725100296529
15386	0.470320107738527
15387	0.468936402946555
15388	0.470923641777913
15389	0.469547738693467
15391	0.474825870646766
15392	0.476725284468745
15393	0.47859662813572
15395	0.477172478186677
15396	0.479021201976726
15397	0.480843002604783
15398	0.482638400325188
15399	0.484407902886164
15400	0.486152005888848
15402	0.484696589959748
15403	0.483261867148123
15404	0.484992101105845
15405	0.483568075117371
15406	0.482164012110044
15408	0.483880315873361
15409	0.479399942578237
15411	0.474981509927747
15413	0.473681985371835
15414	0.469356122491726
15415	0.465089248650893
15418	0.460880296174414
15419	0.456728221434104
15420	0.452632004201511
15421	0.454543027973521
15422	0.453465608465609
15423	0.455352343493937
15424	0.451340428573285
15425	0.453229255223227
15426	0.458004545570622
15428	0.454021897348269
15429	0.452976974716105
15430	0.45194556401453
15431	0.45378866360811
15432	0.455608133719722
15433	0.457404376553313
15434	0.462002644548624
15435	0.463729767098143
15436	0.462633998747178
15437	0.467130785368541
15439	0.471571362157136
15440	0.47319041032734
15441	0.472034566715819
15442	0.47363647700348
15443	0.469754210798534
15444	0.465919482547117
15445	0.462131519274377
15446	0.458389563652722
15447	0.460069217709286
15449	0.456373882627283
15450	0.452722891566265
15451	0.449115537848606
15453	0.448196631463564
15454	0.447288621201665
15457	0.446391335470418
15458	0.445504606041892
15459	0.444628267973856
15460	0.443762159533074
15461	0.442906122120673
15462	0.444634002773538
15463	0.443777843777844
15464	0.442931525690146
15466	0.442094898267575
15467	0.441267814123589
15468	0.440450128663056
15469	0.437125976748618
15470	0.436345580933466
15472	0.435573953610618
15473	0.434810963907057
15474	0.434056483382345
15475	0.433310385974574
15477	0.432572547947702
15478	0.4342938282324
15479	0.438438195791137
15480	0.437671007014073
15482	0.439336429993364
15483	0.43856829161177
15484	0.437808472418424
15485	0.437056852712776
15486	0.436313314939446
15487	0.437958696023212
15489	0.437214031520081
15490	0.438841355173603
15495	0.440451428046346
15497	0.442044493107052
15498	0.441281607775307
15499	0.440526724737251
15500	0.44210261283432
15502	0.443662085430378
15503	0.445205369729591
