13423	0.333333333333333
13425	0.333333333333333
13428	0.166666666666667
13437	0.366666666666667
13447	0.355555555555556
13448	0.349206349206349
13452	0.261904761904762
13454	0.351851851851852
13458	0.348148148148148
13459	0.284848484848485
13460	0.348484848484849
13463	0.397435897435897
13465	0.388278388278388
13467	0.380952380952381
13470	0.416666666666667
13471	0.367647058823529
13472	0.326797385620915
13474	0.362573099415205
13476	0.326315789473684
13478	0.358730158730159
13479	0.326118326118326
13481	0.297760210803689
13482	0.328502415458937
13483	0.355555555555556
13484	0.353846153846154
13486	0.327635327635328
13487	0.375661375661376
13488	0.349753694581281
13489	0.37088122605364
13495	0.389964157706093
13496	0.407258064516129
13498	0.402777777777778
13499	0.379084967320261
13500	0.395518207282913
13501	0.373544973544974
13509	0.407407407407407
13524	0.385964912280702
13529	0.383265856950068
13530	0.380769230769231
13532	0.378455284552846
13534	0.360433604336043
13535	0.374677002583979
13536	0.372797744890768
13537	0.371043771043771
13538	0.38389694041868
13543	0.381745297563984
13544	0.379728132387707
13545	0.391439909297052
13546	0.389115646258503
13547	0.413071895424837
13548	0.397184514831574
13550	0.382196419932269
13551	0.392732354996506
13558	0.402693602693603
13560	0.388311688311688
13561	0.37468671679198
13564	0.38475499092559
13565	0.394311318916813
13567	0.403389830508475
13568	0.39016393442623
13571	0.388330689229685
13572	0.386584741423451
13573	0.384920634920635
13575	0.383333333333333
13576	0.381818181818182
13577	0.380370872908186
13579	0.398595258999122
13581	0.416027280477408
13584	0.404140786749483
13586	0.392756539235413
13588	0.391105894627021
13589	0.38039066463724
13590	0.388127853881279
13591	0.386666666666667
13592	0.376491228070175
13593	0.392686261107314
13594	0.391164391164391
13595	0.381261495185546
13600	0.371729957805907
13606	0.370781893004115
13608	0.36986851349995
13613	0.368988147712803
13614	0.376075731497418
13615	0.375070028011205
13616	0.374099407204742
13617	0.36549942083222
13618	0.372344130964821
13619	0.386448757235274
13620	0.37786100707449
13622	0.36955636955637
13623	0.361522535435579
13624	0.368084774816893
13625	0.367345382444902
13626	0.37364688316536
13627	0.386695906432749
13628	0.378722794959908
13629	0.377796479416509
13631	0.390366247509105
13632	0.389225589225589
13634	0.388118811881188
13635	0.393580534524041
13636	0.392410685957231
13637	0.397684839432412
13638	0.39010989010989
13639	0.382749326145553
13640	0.375595133133486
13641	0.380985346717434
13642	0.386227205799071
13643	0.391326105087573
13644	0.39028119028119
13645	0.395216645216645
13647	0.394121365360303
13650	0.393054908658076
13651	0.386219171116196
13653	0.385307346326837
13654	0.390116907358287
13655	0.389154473900237
13657	0.393818544366899
13658	0.39281045751634
13659	0.386317722681359
13660	0.379984645260353
13661	0.379226087342841
13662	0.373109537546988
13663	0.377806451612903
13664	0.371809523809524
13665	0.371203599550056
13667	0.37061187664042
13668	0.375201873385013
13672	0.379685947127808
13675	0.384067332158935
13677	0.388349140257537
13678	0.392534366218577
13679	0.396625893090936
13680	0.40062649714391
13681	0.399636891793755
13683	0.393802776585087
13684	0.397757325716704
13686	0.392034198727974
13688	0.391195614936622
13689	0.395103005741304
13691	0.389538174674525
13692	0.38409008831544
13693	0.383385133385133
13695	0.378097062579821
13696	0.386616280900646
13697	0.385891342838505
13699	0.385181099466814
13705	0.388959429227886
13706	0.392662192393736
13707	0.396291390728477
13708	0.395462995236436
13709	0.403365439743149
13710	0.402455931867697
13713	0.405865102639296
13714	0.409208712434519
13715	0.40824214709565
13716	0.407293934263216
13717	0.406363612238941
13719	0.409617400419287
13720	0.412810559006211
13721	0.420059811364159
13723	0.423085662349466
13726	0.426056162402115
13728	0.420891845282089
13729	0.423852987708409
13731	0.43075295192747
13732	0.433561448531508
13733	0.432375316990702
13734	0.435131685810419
13735	0.433941061804839
13736	0.432771204497031
13737	0.435475198279339
13740	0.434301153854672
13741	0.43695675971538
13742	0.435779220779221
13743	0.438388118472864
13744	0.4372077276286
13745	0.436047119871111
13746	0.442313262983654
13747	0.444792306118273
13750	0.439904478578512
13751	0.435096779359075
13753	0.437613843351548
13754	0.436486486486487
13755	0.431793083405987
13757	0.434305100339256
13759	0.42968483331437
13764	0.432192577582649
13765	0.427643182029147
13770	0.430146045742629
13772	0.425665357766143
13775	0.428162780656304
13776	0.427185157488026
13777	0.426222574676183
13778	0.425274725274725
13779	0.424341310128112
13780	0.420055034268232
13784	0.415833375632371
13785	0.41500837520938
13786	0.414195688225539
13787	0.416695400883372
13788	0.422442244224422
13789	0.42483660130719
13792	0.420691853977363
13793	0.419843713000237
13794	0.41900786392133
13796	0.414978942152855
13797	0.414197644460802
13805	0.410252904989747
13807	0.406364251861882
13809	0.408819935020418
13812	0.411241031092214
13816	0.413628186564872
13822	0.412881257697602
13823	0.409058283089291
13826	0.411432553905672
13832	0.410716047294917
13833	0.416097635904096
13838	0.418375536183755
13839	0.417605923488277
13845	0.413843707961355
13846	0.416111178443017
13847	0.421324471492633
13848	0.417579365079365
13869	0.422733529990167
13870	0.419009005496862
13874	0.424105417729345
13876	0.42331264843331
13878	0.419631668881716
13880	0.415998494259364
13882	0.415285863561726
13887	0.411721178037591
13894	0.413900199307925
13895	0.413214523852822
13896	0.409712705854069
13897	0.414694033230828
13899	0.414010329870345
13900	0.413335208560412
13902	0.409890748489075
13903	0.412021668971877
13908	0.408616531211778
13909	0.407996916414425
13911	0.407384919831793
13912	0.406780417084867
13913	0.406183286322659
13915	0.405593408160802
13916	0.405010665621871
13917	0.404434944077385
13919	0.403866131191433
13921	0.40330411686587
13923	0.40274879318704
13924	0.402200054373967
13925	0.401657796727978
13927	0.401121918583707
13928	0.400592320261438
13929	0.400068904020752
13932	0.399551574015423
13934	0.396466233675536
13935	0.395980595980596
13938	0.395500540328127
13939	0.392481452234019
13941	0.394566510898906
13944	0.396627875715328
13947	0.401181627596722
13950	0.40067149004587
13952	0.397670205476237
13956	0.394702517375669
13958	0.394246240914387
13959	0.393795034191565
13960	0.393348822377113
13961	0.392907532016497
13964	0.394913093442505
13965	0.3993297861911
13966	0.396425569564256
13967	0.398383838383838
13968	0.402727637384677
13969	0.404626479321958
13970	0.406504903603999
13972	0.405982249530637
13973	0.405465175394001
13974	0.404953602046053
13975	0.404447451737129
13976	0.403946648086398
13978	0.403451116053043
13980	0.40296078190815
13982	0.402475573207281
13987	0.404310233578526
13992	0.403819043957452
13995	0.403332935608321
13996	0.402851838685468
13997	0.404658789562052
13998	0.404171926379603
13999	0.405957604884957
14000	0.409985010953534
14001	0.409467094212857
14007	0.408954408954409
14010	0.408446884956952
14011	0.405714798769949
14013	0.403010033444816
14014	0.400332225913621
14019	0.402096030157019
14020	0.399441930948062
14021	0.401199988419895
14022	0.402940753523152
14026	0.400307153826922
14027	0.404213947613066
14028	0.408082688212981
14032	0.40975637092142
14035	0.411413856700421
14040	0.40876810842582
14044	0.41042130431198
14047	0.414188580322766
14048	0.411550436499054
14049	0.408937417854615
14050	0.408458910990557
14051	0.407984932582625
14052	0.405418989610407
14055	0.40287717776332
14056	0.404525862068966
14059	0.402005451713396
14061	0.405719703566107
14066	0.407335474235461
14067	0.404821057727835
14071	0.40232985121874
14072	0.405996539248073
14075	0.407590851953997
14077	0.409170582531513
14078	0.410735908270937
14080	0.412287003776366
14081	0.411809942323538
14084	0.413345223795484
14085	0.414866673902819
14087	0.416374458290626
14088	0.417868740131677
14089	0.419349680170576
14090	0.418839197400028
14091	0.418333245541646
14094	0.417831771133337
14095	0.417334721499219
14096	0.418797078948882
14098	0.420246608701617
14099	0.421683460351559
14100	0.423107781318508
14102	0.424519716885743
14104	0.427846192510681
14105	0.427301449806489
14106	0.428677111972352
14107	0.430040948962004
14110	0.427583572110793
14111	0.428945868945869
14112	0.430296555296555
14113	0.431635762726414
14114	0.431080381769391
14116	0.430529694172568
14117	0.433728965553621
14118	0.435033938669101
14120	0.436327976255679
14121	0.439468210371247
14122	0.43887857216548
14123	0.441987278136863
14124	0.439545359473123
14125	0.438960169246458
14126	0.436548300184664
14127	0.43780922274073
14128	0.439059809866008
14129	0.436667113354477
14130	0.436105516723927
14131	0.437355170653156
14132	0.434991088649625
14133	0.436240013598504
14134	0.437478866571989
14135	0.43870775558054
14137	0.439926787190626
14138	0.439358288770053
14139	0.438794326241135
14140	0.440003198073631
14141	0.439438807254899
14144	0.43711986895804
14145	0.436573624033699
14146	0.437781461527835
14147	0.437234612689121
14148	0.436692047261675
14149	0.434417609515521
14150	0.4373556998557
14151	0.440270955296862
14152	0.443163611858635
14153	0.4408792633439
14155	0.440326327971095
14156	0.43806824423791
14158	0.437532515793385
14159	0.435300207039338
14161	0.434781291651521
14162	0.434266327396098
14165	0.435443037974684
14166	0.436610834079189
14167	0.436090544402887
14173	0.438924260260159
14174	0.438394982430952
14175	0.437869674185464
14177	0.43901080631754
14180	0.440143422538182
14181	0.441267607372566
14182	0.442383444299765
14188	0.443491015768244
14189	0.444590403211093
14190	0.447319688698999
14194	0.448394918983154
14196	0.449462262492609
14197	0.448895779911344
14198	0.448333432239432
14199	0.446157056354774
14200	0.447224899503985
14201	0.44828500465936
14202	0.446124594998351
14203	0.443979765214705
14204	0.443449086884339
14205	0.442922217250123
14206	0.440808030055612
14207	0.440296245785506
14208	0.441371639708932
14212	0.44243938865186
14213	0.443499564907249
14214	0.441407585827498
14215	0.442467628560858
14216	0.443520206204548
14217	0.444565388689148
14220	0.445603245128295
14221	0.445079842276104
14222	0.447660866265518
14223	0.450223924890736
14224	0.449682764744636
14226	0.45068499985744
14228	0.451680307077759
14229	0.451136183060544
14230	0.452124855003691
14232	0.453106739725261
14233	0.454081899209011
14234	0.455050394732736
14235	0.456012286877891
14236	0.456967635539064
14238	0.457916499933307
14240	0.458858938609304
14241	0.458293507954908
14246	0.459230016533387
14248	0.46016022572681
14249	0.45810134328508
14251	0.459032438478747
14252	0.459957312546399
14253	0.460876020786934
14254	0.461788617886179
14257	0.461220231671343
14258	0.460655609603626
14259	0.460094718518735
14262	0.461002727082022
14263	0.460442773600668
14278	0.461345285167697
14280	0.460786281011215
14284	0.460230930476671
14286	0.459679201793439
14287	0.460577195133453
14290	0.460026355904881
14293	0.460918970638193
14296	0.460369032546362
14298	0.45982264244222
14300	0.457849154706416
14303	0.457315896370771
14304	0.456786056357791
14306	0.457681069621368
14310	0.457151930318015
14311	0.455210733161675
14315	0.454694303501386
14316	0.454181149293487
14317	0.45367124289703
14319	0.453164556962025
14323	0.45406162464986
14324	0.454953050402551
14327	0.454444181293475
14328	0.455330287704219
14329	0.456210855949896
14332	0.457085932085932
14333	0.457955561690002
14334	0.460200052117786
14335	0.458298399009862
14336	0.456408508704666
14338	0.457273768613975
14343	0.455395847592973
14345	0.457627831824149
14346	0.457119469867132
14349	0.455253676112572
14351	0.45475705557172
14353	0.452908449654761
14354	0.453775622948927
14355	0.45598705767383
14356	0.454144685723633
14357	0.452313457152167
14359	0.450493282274291
14361	0.45136144847667
14363	0.44955238455492
14365	0.4517541750167
14367	0.449950765136394
14368	0.44948615385431
14369	0.44902431361367
14371	0.448565222422081
14377	0.446788726491697
14379	0.446340286202533
14381	0.444579575014358
14383	0.4428292617269
14385	0.443708780017429
14386	0.444583124670956
14387	0.445452336185616
14388	0.445014371330724
14390	0.444578967673814
14393	0.444146105283384
14397	0.445010262803319
14398	0.444577406487544
14402	0.444147061910545
14404	0.443719209676657
14405	0.443293830577068
14408	0.44415295686972
14410	0.443727545646931
14411	0.444581718524402
14412	0.442881597229853
14414	0.44246347408521
14415	0.440777898945838
14416	0.439101937352888
14417	0.437435516338266
14420	0.435778563624864
14425	0.43413100761872
14429	0.432492777401291
14430	0.43211929550273
14431	0.430494786873021
14432	0.428879421819088
14434	0.427273131849728
14435	0.425675849113841
14437	0.424087506393267
14438	0.424990966952945
14441	0.425889389628461
14446	0.425545953426994
14447	0.425204425204425
14452	0.427329362634353
14455	0.428212526117868
14456	0.427863063161018
14458	0.427515527389593
14462	0.428393146249325
14469	0.429265943027411
14475	0.430133952985873
14476	0.429780666052834
14477	0.431857967815848
14478	0.431499696417729
14479	0.433563218390805
14480	0.431992337164751
14486	0.430429977898332
14489	0.431282817929987
14490	0.432131048015525
14491	0.430576619785253
14493	0.431424339881775
14495	0.429878016082916
14496	0.428339990980651
14497	0.426810205298577
14498	0.4252886002886
14501	0.423775117725296
14502	0.422269699900339
14503	0.421954322713931
14504	0.424000502102555
14505	0.426035836017386
14506	0.428060400969706
14507	0.430074272797278
14508	0.429734234345735
14509	0.431735166856802
14518	0.433725586587602
14522	0.432209063557575
14523	0.4307004804387
14524	0.432684102458078
14526	0.43233853456547
14527	0.434309581320451
14528	0.433959576994672
14529	0.434764791837828
14531	0.434414424105515
14532	0.43521529390745
14533	0.433717134548044
14534	0.434517648404122
14537	0.435314042977922
14543	0.433823241460874
14548	0.432340085079811
14550	0.432002178077263
14552	0.43280171636888
14553	0.433597175383498
14555	0.434388582824188
14559	0.435175966159247
14561	0.435959352624585
14562	0.435612643099953
14564	0.436391914680279
14565	0.437167250545553
14567	0.43569778079582
14569	0.436472844171226
14570	0.435010623587737
14573	0.435785392962583
14574	0.436556282023365
14578	0.43510109441662
14579	0.434762432982067
14580	0.435532878941152
14581	0.436299491835764
14582	0.437062297050436
14586	0.436719391385255
14587	0.435278073261872
14588	0.43494217626046
14589	0.434607936645568
14590	0.434275343531242
14591	0.43503728229562
14592	0.435795479953136
14593	0.436549960955468
14594	0.437300749554852
14595	0.438047869806031
14596	0.438791345568179
14598	0.43953120050681
14599	0.440267458095659
14600	0.439921392966978
14601	0.440654010975701
14602	0.441383084058575
14603	0.442108635049262
14604	0.442830686597871
14605	0.442479170214999
14606	0.443197719883113
14607	0.443912820512821
14609	0.4435595314164
14610	0.443207932698432
14611	0.443919584717439
14613	0.444627842529679
14615	0.444274526627468
14620	0.444979414551522
14621	0.445680956488596
14622	0.446379173582365
14623	0.44602256209893
14624	0.44671750416056
14626	0.447409168193598
14627	0.448097574782211
14628	0.447737812269832
14629	0.448423035601278
14630	0.44806338028169
14631	0.448745449817993
14634	0.449424332113472
14635	0.450100046995441
14636	0.450772614137277
14637	0.451442053059849
14638	0.452108383132935
14639	0.451741226873895
14640	0.45137577041235
14641	0.45101200327189
14642	0.450649915056695
14643	0.45131356099098
14644	0.450951658452153
14648	0.450591418558987
14649	0.45125219913424
14650	0.451909953233575
14651	0.452564699311115
14652	0.451187028993578
14653	0.451841982299575
14654	0.452493954027548
14655	0.452132861237565
14656	0.451773407295344
14657	0.450408532953062
14658	0.451060895347371
14659	0.451710310321225
14660	0.453359301869131
14661	0.45399986452618
14662	0.453638045841944
14663	0.453277852091918
14665	0.453915785767777
14666	0.45355583814857
14667	0.453197499833174
14668	0.451848697750337
14669	0.452487086959598
14670	0.452133514990381
14671	0.452769168773125
14672	0.45340200160713
14673	0.453047293576779
14674	0.452694155050987
14676	0.454306248850542
14677	0.454930838314707
14678	0.45359477124183
14679	0.455197132616488
14680	0.455816369905068
14682	0.454483573501837
14683	0.454129850172878
14684	0.453777673738943
14685	0.453427035193366
14686	0.453077925594936
14687	0.454665507813819
14688	0.456246187501315
14690	0.455890433943665
14691	0.456499613807026
14693	0.456144155566121
14694	0.454829619094749
14695	0.455439222109344
14697	0.456046197524739
14698	0.456650560420412
14699	0.456297215930191
14700	0.457852874825956
14701	0.457497104707405
14703	0.458093879491882
14704	0.458688103956768
14705	0.459279792613126
14706	0.45986895986896
14707	0.460455620030088
14709	0.461039787301013
14713	0.461621475785782
14715	0.462200699488835
14719	0.461837180825491
14720	0.460536231020349
14726	0.461116063469424
14727	0.461693452804248
14732	0.462268412730931
14734	0.462840956859602
14735	0.463411098705216
14742	0.463978851688349
14746	0.464544229135987
14748	0.465107244282312
14749	0.463813482823947
14753	0.462525112038325
14755	0.461242102018801
14756	0.460887784100005
14757	0.461457020289677
14758	0.460182277139706
14760	0.458912808788976
14761	0.457648586175232
14764	0.45822360152734
14765	0.456964745479188
14769	0.455711069908601
14770	0.454462546429399
14771	0.453219146849565
14772	0.454713083606807
14775	0.453472393064905
14776	0.452236773465273
14777	0.451006197210946
14778	0.451592231095337
14780	0.450366743358307
14781	0.449146237278745
14786	0.450637045838208
14794	0.452121810579186
14798	0.450901508796246
14799	0.449686140848008
14800	0.448475680172778
14801	0.447270100387367
14802	0.446964229871786
14806	0.445765934349341
14807	0.444572451258714
14809	0.444275020462122
14815	0.445758932289993
14817	0.445459130692776
14818	0.446935937268827
14821	0.447520327506587
14822	0.448102389496388
14824	0.447797962291711
14827	0.447494744731557
14828	0.446310896200521
14831	0.445131739275288
14834	0.445716264149672
14836	0.447176827353494
14838	0.446000046228879
14840	0.444827904188856
14841	0.445410158158614
14844	0.445990122794284
14846	0.446567810081908
14847	0.447143231929188
14848	0.447716400166101
14849	0.447418139235637
14851	0.447989098942489
14852	0.44855783123826
14853	0.44999014855972
14854	0.44968753684707
14856	0.450249658945048
14857	0.450809599456618
14858	0.449644716770683
14859	0.450204773415576
14860	0.451621771422237
14861	0.452175297536122
14862	0.451012893172276
14865	0.44985496533358
14869	0.448701491063494
14870	0.449259660527266
14873	0.44981568867596
14874	0.448666734171041
14875	0.448372516311761
14880	0.447230165951731
14881	0.446940352128275
14882	0.44665164305891
14883	0.447210056824412
14884	0.44607644451307
14886	0.445791018915147
14890	0.444663860839508
14892	0.443540972302034
14893	0.442422331766594
14894	0.442987178957778
14895	0.442711320226648
14896	0.444111543040148
14897	0.443833555060959
14898	0.444392034037415
14899	0.443279663489136
14900	0.442171464330413
14901	0.442732001664586
14903	0.441627931834999
14904	0.442188426815899
14905	0.443576017793969
14906	0.442473965575848
14907	0.441376015289059
14909	0.441934356432498
14911	0.440840459510635
14912	0.441398744324371
14913	0.440308870881594
14915	0.440045059444977
14916	0.440603240743553
14917	0.441979370532622
14918	0.440893426133279
14919	0.441447470895324
14923	0.440365491799992
14926	0.440103479172167
14928	0.439027431545829
14929	0.438769326299889
14930	0.437699157211352
14931	0.436632898606696
14932	0.437192591473022
14933	0.436130155041739
14935	0.436689709681605
14936	0.436439148769246
14937	0.436996600386431
14938	0.437552029809116
14941	0.438105446806356
14942	0.438656861088287
14943	0.439206282306548
14944	0.439753720054708
14947	0.440299183868679
14951	0.440842683227137
14954	0.441384227551932
14956	0.441923826208494
14959	0.441664040340372
14965	0.442201681024545
14968	0.441146307084152
14970	0.441683900313193
14972	0.442219573566415
14973	0.44275333597569
14974	0.443285196618662
14975	0.443815164519132
14977	0.445133138062925
14978	0.444868523140488
14979	0.445392868633458
14980	0.445915356940502
14984	0.445649833299919
14985	0.445385247905416
14986	0.445905910067207
14987	0.445641344669478
14988	0.446160183453509
14989	0.446677197482144
14990	0.445631115052444
14991	0.446148157278442
14993	0.445884571241187
14994	0.446399815337863
14995	0.446913257881753
14996	0.446648811025994
14997	0.447160480457716
14998	0.446896073611899
14999	0.447405982180472
15000	0.448686617215975
15001	0.449191200663777
15002	0.448923321201741
15004	0.448656369728604
15005	0.449159276987977
15006	0.449660446088619
15011	0.450159885031261
15015	0.451423885295557
15016	0.451152724441453
15017	0.45164702247408
15018	0.450612321391665
15019	0.451106724927764
15020	0.450837528604119
15021	0.449808219178082
15022	0.449542598001697
15027	0.450037185857426
15029	0.450530085699996
15030	0.450263729444617
15031	0.449241564338046
15033	0.449734591780968
15035	0.45098094604647
15036	0.451468922789954
15037	0.452708541043536
15038	0.45319151649641
15042	0.452921261291984
15043	0.454153420613398
15044	0.455381421916855
15046	0.455107156549252
15047	0.454833814634064
15048	0.454561392030251
15049	0.455036431839067
15051	0.455509877554565
15052	0.455981736301184
15053	0.457196062782655
15054	0.457663109837023
15055	0.458128596600563
15056	0.457109400612576
15057	0.457575083426029
15058	0.458779134295228
15059	0.459240082260575
15060	0.459699498837332
15061	0.458682464547869
15062	0.458405449893251
15063	0.45739351733278
15064	0.45711995573631
15065	0.458315726758917
15066	0.459507551342506
15067	0.45996284610146
15068	0.46041664153629
15069	0.46086894422298
15070	0.461319760701498
15071	0.460310308271079
15072	0.460761360420578
15073	0.4604831332872
15075	0.460205816384356
15076	0.4599294057459
15077	0.460379323615151
15078	0.460827774360915
15079	0.461274764355065
15083	0.461720299934916
15086	0.462164387403457
15089	0.462607033029568
15090	0.463048243048243
15091	0.462768081256202
15092	0.462488826136628
15093	0.462210473781448
15094	0.461933020303627
15095	0.461656461837024
15097	0.46209687044031
15099	0.461820553837076
15100	0.461545125711666
15102	0.461270582259036
15103	0.460996919694489
15104	0.460724134253546
15106	0.461875203337317
15107	0.461601126855432
15109	0.461327926017259
15110	0.461764816954811
15111	0.461491848870599
15112	0.461219750111497
15113	0.461655480581391
15114	0.462089826314623
15115	0.462522793172511
15116	0.462954386985395
15117	0.46197665860739
15119	0.46240849406743
15120	0.462838964399568
15121	0.462566320965744
15122	0.462995554079731
15124	0.46342343456836
15125	0.463849968108965
15126	0.464275160349127
15127	0.464699016906861
15128	0.465818893440528
15134	0.464845395230621
15137	0.463874945553731
15138	0.46290753169439
15140	0.462637585447804
15143	0.463755925540525
15144	0.462791776007177
15145	0.462522911121042
15146	0.463638008815812
15147	0.464058793598922
15148	0.465168402721906
15149	0.466274569417414
15150	0.466688602676193
15151	0.466413359602214
15152	0.466826253018842
15153	0.46723787076065
15154	0.466962347021088
15155	0.466687672789458
15156	0.466413844577023
15157	0.466140858912933
15159	0.465868712344122
15160	0.465597401435195
15161	0.46464525950997
15162	0.46505796922837
15165	0.465469415549672
15166	0.465879603625344
15167	0.464930765328755
15168	0.465341214771965
15169	0.465072906069854
15170	0.464805414551608
15172	0.465214869424052
15173	0.465623079752811
15174	0.465355286743865
15175	0.465762387613274
15176	0.466168254843685
15177	0.465900172257387
15178	0.465632900404718
15179	0.465366436019881
15180	0.46510077585351
15181	0.464165899922146
15182	0.46390318392498
15185	0.463641258447364
15186	0.463380120320883
15188	0.46311976639298
15189	0.46286019352686
15190	0.461935397935398
15192	0.461678707187689
15193	0.462087456857637
15194	0.46183097453986
15195	0.461575257840941
15196	0.461320303716672
15197	0.461728141577546
15198	0.462134765635262
15199	0.461879460516725
15200	0.461624913730223
15201	0.461371122275432
15202	0.461776844695178
15203	0.461523254346981
15204	0.461270414266086
15205	0.461675135945693
15206	0.461422494601968
15207	0.461170598512944
15209	0.461574323597725
15210	0.461976860090501
15211	0.461724617881173
15212	0.46212607145372
15214	0.461221715149506
15215	0.460971688987597
15216	0.46072239532421
15217	0.460473831300813
15218	0.460875766652403
15220	0.460627388009134
15221	0.459731225775653
15222	0.459485554458952
15223	0.459240598689777
15224	0.458996355691995
15225	0.458752822702928
15227	0.458509996973267
15230	0.459557366418193
15231	0.45931345524315
15232	0.459070250374598
15234	0.458827749088116
15236	0.458585948672403
15240	0.45834484642921
15242	0.45746341403223
15243	0.457224931648563
15244	0.456987135874445
15245	0.457389205923903
15247	0.457151550995569
15249	0.456914578330186
15250	0.45667828531872
15251	0.457079409256347
15252	0.457479384938428
15253	0.457878216743439
15254	0.458275909029007
15255	0.458038149608083
15256	0.458434781769791
15257	0.457564060436895
15258	0.456695817437964
15259	0.45583004337647
15260	0.456229355163005
15261	0.456627533614289
15262	0.457024583015144
15263	0.457420507630161
15264	0.458444242521425
15266	0.458836744734705
15267	0.457972645403755
15268	0.457738140583302
15269	0.457504296960652
15270	0.458523068233965
15271	0.45891358155185
15272	0.45867819214563
15273	0.45906768367095
15274	0.458832446345716
15275	0.458597868564385
15278	0.45898641907438
15279	0.459373882222873
15280	0.46038157302954
15281	0.460144984128802
15282	0.460529210514919
15284	0.460912365637878
15285	0.461294453476372
15286	0.461675477990639
15287	0.462055443122569
15288	0.462434352795799
15299	0.462195497995683
15300	0.461957305454718
15301	0.462950920772437
15303	0.463326780082205
15306	0.464316039473759
15310	0.465302566104562
15311	0.464446443627829
15320	0.464818171979003
15322	0.464576693854769
15323	0.465559121939439
15324	0.465927788382569
15325	0.465074440784798
15326	0.464223435403673
15327	0.46520291724023
15328	0.46435323154664
15329	0.463505871635059
15330	0.462660829024968
15331	0.463032424357648
15332	0.463403005326363
15333	0.463166515013649
15334	0.463536179231002
15335	0.464509797780492
15337	0.464271943810506
15338	0.46403473618283
15339	0.464401490808141
15340	0.464767250619819
15341	0.465132019212497
15342	0.46549580016458
15343	0.465257454868221
15344	0.465019753748338
15345	0.465382754491666
15346	0.465744775916441
15347	0.466105821542227
15348	0.46586745082731
15349	0.466227628792941
15350	0.465392095408008
15351	0.465752479600055
15352	0.465515593828559
15357	0.465875113172326
15359	0.466233669517852
15360	0.466591266301347
15361	0.466947906943709
15362	0.467303594850607
15363	0.467658333412557
15364	0.468012126005009
15365	0.468364975988422
15366	0.468716886708348
15368	0.468476844947045
15369	0.468827934090923
15370	0.468588120638255
15372	0.468938392160852
