15283	0.333333333333333
15291	0.333333333333333
15301	0.333333333333333
15302	0.333333333333333
15308	0.222222222222222
15313	0.253968253968254
15314	0.190476190476191
15315	0.222222222222222
15318	0.244444444444445
15324	0.381818181818182
15337	0.484848484848485
15356	0.512820512820513
15358	0.534798534798535
15364	0.463492063492064
15365	0.447222222222222
15366	0.433823529411765
15367	0.422657952069717
15373	0.483430799220273
15378	0.435087719298246
15379	0.425396825396826
15380	0.417027417027417
15381	0.409749670619236
15384	0.3756038647343
15387	0.372222222222222
15390	0.369230769230769
15392	0.341880341880342
15394	0.341269841269841
15399	0.34072249589491
15408	0.362452107279694
15411	0.360573476702509
15418	0.338037634408602
15420	0.337752525252525
15421	0.33749257278669
15425	0.337254901960784
15426	0.337037037037037
15427	0.336836836836837
15432	0.319108582266477
15439	0.319838056680162
15440	0.320512820512821
15444	0.321138211382114
15452	0.321718931475029
15461	0.337763012181617
15462	0.322410147991543
15468	0.322895622895623
15469	0.308856682769726
15473	0.309898242368178
15474	0.310874704491726
15476	0.311791383219955
15477	0.31265306122449
15478	0.300392156862745
15481	0.288838612368024
15483	0.290517658442187
15488	0.27975774516655
15489	0.269584736251403
15491	0.271861471861472
15493	0.274018379281537
15494	0.264569469651139
15496	0.266900448081044
15497	0.269114877589454
15499	0.271220400728598
15500	0.273224043715847
15506	0.275132275132275
15507	0.287367724867725
15513	0.288782051282051
15514	0.3002331002331
15517	0.29127091813659
15520	0.28270412642669
15523	0.274509803921569
15524	0.276190476190476
15526	0.26841046277666
15531	0.260954616588419
15533	0.2720700152207
15534	0.273725780575096
15536	0.266426426426426
15537	0.259415204678363
15539	0.25267714741399
15540	0.246198246198246
15543	0.239965379205886
15590	0.233966244725738
15595	0.228189300411523
15599	0.238883870320185
15606	0.233127632481144
15608	0.227576974564926
15610	0.222222222222222
15611	0.224806201550388
15612	0.234963913392141
15613	0.229623824451411
15624	0.224463738508682
15655	0.219475655430712
15656	0.221978021978022
15692	0.238891543239369
