13960	0.666666666666667
13961	0.444444444444444
13962	0.555555555555556
13963	0.466666666666667
13964	0.422222222222222
13965	0.396825396825397
13966	0.464285714285714
13967	0.583333333333333
13968	0.533333333333333
13970	0.436363636363636
13971	0.419191919191919
13973	0.354700854700855
13974	0.351648351648352
13975	0.438095238095238
13976	0.425
13977	0.41421568627451
13978	0.368191721132898
13979	0.364522417153996
13980	0.328070175438597
13982	0.328571428571429
13984	0.298701298701299
13985	0.30171277997365
13986	0.359903381642512
13987	0.384444444444445
13988	0.354871794871795
13989	0.377967711301045
13990	0.350970017636684
13992	0.326765188834154
13993	0.304980842911877
13994	0.32831541218638
13996	0.349462365591398
13997	0.328282828282828
13998	0.328579916815211
13999	0.328851540616247
14000	0.329100529100529
14001	0.365365365365365
14021	0.346135609293504
14024	0.379667116509222
14026	0.377350427350427
14031	0.407723577235772
14033	0.420054200542005
14037	0.400516795865633
14038	0.41261451726568
14066	0.438720538720539
14092	0.419645732689211
14094	0.430157261794635
14109	0.42612293144208
14111	0.4359410430839
14120	0.431836734693878
14124	0.42797385620915
14128	0.437154348919055
14129	0.433236574746009
14130	0.417190775681342
14143	0.414141414141414
14144	0.411255411255411
14145	0.396825396825397
14146	0.394636015325671
14149	0.40385739333723
14152	0.412617702448211
14156	0.410018214936248
14157	0.407544509078089
14166	0.405188598736986
14168	0.413359788359788
14172	0.410897435897436
14173	0.408547008547009
14174	0.406301824212272
14176	0.413959613696225
14177	0.411622620062518
14178	0.409385783298827
14179	0.41663313212609
14180	0.405059989567032
14181	0.403094875697616
14185	0.410218437615698
14186	0.417057057057057
14187	0.414853801169591
14188	0.412736386420597
14191	0.419247419247419
14193	0.425511197663097
14195	0.431540084388186
14199	0.429115226337449
14201	0.426779082605641
14202	0.416495249289842
14205	0.430388219544846
14207	0.443790849673203
14208	0.448974008207934
14209	0.461641272387062
14237	0.473876698014629
14241	0.485699693564862
14251	0.497128589263421
14289	0.500854700854701
14317	0.497212931995541
14319	0.493688639551192
14323	0.504461221688401
14324	0.500858529301978
14325	0.497368421052632
14352	0.493986254295533
14353	0.490707623255488
14356	0.487528344671202
14358	0.484444444444445
14359	0.481452145214522
14361	0.485083802497897
14362	0.482137191446158
14363	0.479275578790142
14364	0.482844932844933
14365	0.486313267445343
14366	0.495914888614589
14367	0.505249798084689
14368	0.508211575489863
14369	0.498971365026411
14371	0.501992901992902
14372	0.493028743028743
14375	0.490202275600506
14376	0.487450188894064
14382	0.490566997203153
14383	0.4936031984008
14384	0.490863542587681
14386	0.488193539040997
14389	0.485590846508095
14390	0.483053221288516
14392	0.475068870523416
14398	0.472745337126857
14414	0.470478475276556
14444	0.468266456858117
14445	0.46610752688172
14458	0.474582010582011
14460	0.477606965795942
14461	0.485769356955381
14462	0.4937419250646
14463	0.501530510832837
14464	0.509140732041495
14465	0.50647698357622
14469	0.508885850991114
14470	0.51621591291662
14471	0.518444812972176
14473	0.520624546114742
14489	0.513024187777301
14492	0.5152508903699
14499	0.517429534633163
14502	0.524323398424118
14503	0.526342451874367
14504	0.533013684946559
14505	0.539544962080173
14509	0.536680911680912
14511	0.543071519795658
14512	0.549330814045032
14513	0.55546236759544
14514	0.561469632898204
14515	0.567355946550577
14516	0.568680089485459
14517	0.57439293598234
14518	0.579993028929941
14519	0.585483316133471
14520	0.58220864103217
14521	0.578997346739282
14522	0.575847808105873
14523	0.572758451739344
14524	0.569727754038002
14526	0.566754239312157
14527	0.563836477987421
14528	0.569254658385093
14530	0.574572502108734
14531	0.579792471408013
14532	0.580851912813607
14533	0.585932495688593
14540	0.590921260800779
14543	0.591828391409951
14544	0.588751069289991
14545	0.589673147365455
14546	0.58665738484743
14547	0.587593165921339
14548	0.584636656240084
14549	0.581731415512838
14554	0.578876265142958
14555	0.576070060207991
14556	0.573311688311688
14609	0.570600068481425
14612	0.567934150108974
14852	0.56531291193271
14930	0.562735361059383
14931	0.556517290771435
14932	0.550401716147573
14934	0.544386396845413
14935	0.542092341807239
14936	0.539835487661575
14937	0.541199263779909
