14756	0.666666666666667
14757	0.666666666666667
14758	0.833333333333333
14759	0.9
14760	0.711111111111111
14761	0.698412698412699
14762	0.690476190476191
14763	0.759259259259259
14764	0.807407407407407
14765	0.842424242424243
14766	0.868686868686869
14767	0.837606837606838
14768	0.860805860805861
14769	0.834920634920635
14770	0.813888888888889
14771	0.83578431372549
14772	0.854030501089325
14773	0.834307992202729
14774	0.817543859649123
14775	0.803174603174603
14776	0.821067821067821
14777	0.80764163372859
14778	0.768115942028986
14779	0.786666666666667
14780	0.777435897435898
14781	0.769230769230769
14782	0.785714285714286
14783	0.800492610837438
14784	0.813793103448276
14786	0.782795698924731
14787	0.775537634408602
14788	0.728535353535354
14789	0.724896019013666
14790	0.721568627450981
14791	0.718518518518519
14792	0.697697697697698
14793	0.713608345187293
14794	0.728295096716149
14795	0.741880341880342
14796	0.738211382113821
14797	0.70305845915602
14798	0.701365817644888
14799	0.714940098661029
14800	0.712794612794613
14801	0.696296296296296
14802	0.695035460992908
14803	0.679964539007092
14805	0.679421768707483
14806	0.665578231292517
14807	0.678692810457516
14808	0.665409753645048
14809	0.640299951620706
14810	0.641276496622409
14811	0.654320987654321
14812	0.642857142857143
14813	0.631996658312448
14814	0.610203670094777
14817	0.589518799922073
14818	0.580979284369115
14819	0.583788706739527
14820	0.586462189317821
14821	0.578426352619901
14822	0.591600529100529
14823	0.593910256410257
14825	0.586013986013986
14826	0.588421528720036
14827	0.580918934738075
14829	0.593066211992043
14830	0.585645272601794
14831	0.587927565392354
14832	0.571596244131455
14833	0.574200913242009
14835	0.585708996667901
14836	0.578978978978979
14837	0.581286549707602
14838	0.592162223741171
14839	0.594072594072594
14840	0.60434923726063
14841	0.589240506329114
14842	0.582921810699589
14843	0.5849643681622
14844	0.570868841218533
14845	0.573149741824441
14846	0.575350140056022
14847	0.569721842225262
14848	0.571950458879088
14849	0.574103099965169
14850	0.561201906707525
14851	0.570952975447358
14852	0.565730565730566
14853	0.567924828794394
14855	0.577216767960106
14856	0.572027758712728
14857	0.581037700634565
14858	0.568932748538012
14859	0.570947880870561
14860	0.572901325478645
14861	0.574795574795575
14862	0.576632996632997
14863	0.585016501650165
14864	0.593153432990358
14865	0.594580874420966
14866	0.589556883246204
14867	0.597374847374848
14868	0.598682240191674
14869	0.606183506730148
14870	0.607303565247491
14871	0.614509004417261
14872	0.621517931609675
14873	0.622331422331422
14874	0.629075504075504
14875	0.635640539401601
14876	0.636184857423796
14877	0.62512077294686
14878	0.620089955022489
14879	0.626584143825523
14880	0.621613791105317
14881	0.622370982291222
14882	0.617553688141924
14883	0.623875114784206
14884	0.613647653886104
14885	0.609089697454352
14886	0.610018358248099
14887	0.605591397849462
14888	0.611851851851852
14889	0.607465733449986
14890	0.608390748031496
14891	0.614462209302326
14892	0.615265354800239
14893	0.610961049128988
14894	0.611805073637135
14895	0.612630059998481
14896	0.613436576515917
14897	0.614225170444076
14898	0.60519244734931
14899	0.601223701159296
14900	0.592510314185973
14901	0.598373475132937
14902	0.604110996916752
14903	0.60499831138129
14904	0.60117204408484
14905	0.606750057454283
14906	0.602952602952603
14907	0.608429118773946
14908	0.613793103448276
14909	0.609977324263039
14910	0.615247900962187
14911	0.611463812806095
14912	0.607755406413125
14913	0.608535688005887
14914	0.604914604391774
14915	0.610079119367045
14916	0.610814022578729
14917	0.611534701857283
14918	0.607968017645437
14919	0.612962055637215
14920	0.609422451557419
14921	0.610142504577661
14922	0.61501572327044
14923	0.619798136645963
14924	0.620376760473379
14925	0.625034714332601
14930	0.629607461718789
14931	0.626016260162602
14932	0.622489959839357
14933	0.623019022196571
14934	0.623538637011691
14935	0.616159481544097
14936	0.620675252349461
14937	0.621213163628024
14938	0.625617661725373
14939	0.629945781242999
14940	0.626536442761278
14941	0.626995073891626
14942	0.631233766233766
14943	0.63163413799007
14944	0.632027761907785
14945	0.632414788776599
14946	0.629091661493896
14947	0.62950685492122
14948	0.626252200837836
14949	0.623050901739426
14950	0.619901797735012
14951	0.613200156678418
14952	0.613775065387969
14953	0.614340750963142
14954	0.618443508931619
14955	0.615426470036399
14956	0.608948296667595
14957	0.606062276109121
14958	0.599749127399651
14959	0.600442573402418
14960	0.60112529601339
14961	0.601797515199577
14963	0.602459445316588
14964	0.603111295279533
14965	0.603753268727888
14967	0.604385564184559
14969	0.60500837520938
14970	0.605621890547264
14971	0.606226294271218
14972	0.606821765920435
14973	0.607408480633633
14974	0.607986609277858
14975	0.602083826663509
14976	0.599487203539546
14977	0.600133159915769
14978	0.600769844190897
14979	0.60139743297638
14980	0.602016098698563
14981	0.605770663805181
14982	0.603212566805445
14983	0.597575066181095
14984	0.60131855393755
14985	0.598837209302326
14986	0.599462365591398
14987	0.603137022787807
14988	0.60067306215352
14989	0.60127300401273
14990	0.598848210612917
14991	0.599459187694482
14992	0.597072408731602
14993	0.591741405082212
14994	0.589444444444445
14995	0.590127826941986
14996	0.587865320390368
14997	0.588556560269985
14998	0.59214995275671
14999	0.587000822732739
15000	0.587690570299266
15001	0.591244961934617
15002	0.589031128212718
15006	0.586845676974432
15008	0.587525004546281
15009	0.588195696598149
15010	0.583232019833608
15011	0.586734271767779
15012	0.587403162101661
15014	0.590841469084147
15015	0.588704472106962
15016	0.58934878776448
15017	0.589985148907708
15018	0.590613685938519
15019	0.591234526597524
15020	0.58913776892871
15021	0.589765533282863
15022	0.593073875756389
15023	0.593664982510688
15024	0.596915662650602
15025	0.597471447543161
15026	0.600666118594405
15027	0.59855281594412
15028	0.601713817393379
15029	0.604837630590294
15030	0.605320669934641
15031	0.603204036964981
15032	0.606279974662926
15033	0.606746281164886
15034	0.607207207207207
15035	0.607662835249042
15036	0.605568716913808
15037	0.606033340105845
15038	0.603967430963629
15039	0.60444063274252
15040	0.607414763323403
15041	0.605361718904002
15042	0.603331656325116
15043	0.601324233849341
15044	0.60180825187021
15046	0.604746936358253
15047	0.605202228492873
15048	0.608094519859226
15049	0.610955143801859
15050	0.608936076089361
15051	0.60935441370224
15052	0.612174959451682
15053	0.612566986122294
15054	0.612954797452361
15055	0.615719406041987
15056	0.611337061514997
15057	0.611729470062173
15058	0.614473431404489
15059	0.614840989399293
15060	0.610526315789474
15061	0.608587903324746
15063	0.606669753011217
15064	0.60477158343012
15065	0.602893118031526
15066	0.601034085033608
15067	0.599194217324328
15068	0.599656357388316
15069	0.597838452787258
15070	0.598306671929295
15071	0.601030016526385
15072	0.601473507405711
15073	0.601912518579185
15074	0.600109973711763
15075	0.598325514578797
15076	0.598781122259383
15077	0.599232188999631
15078	0.597471269425682
15079	0.595727784699
15080	0.594001505413699
15081	0.592292205924648
15082	0.592778313511197
15083	0.595431223520896
15084	0.593729289169029
15086	0.592043878451646
15087	0.59037477816056
15088	0.588721778515368
15089	0.587084673097535
15090	0.583333333333333
15091	0.581740976645435
15092	0.580163785259327
15093	0.578601567209162
15094	0.581260232400272
15095	0.579700943726895
15096	0.578156319210321
15097	0.580792842215256
15098	0.583404724818276
15099	0.58599227311133
15100	0.584427821471838
15101	0.586993081833123
15102	0.587483380816714
15103	0.587969167846469
15104	0.590489234098172
15105	0.590953730638224
15106	0.591413991647515
15107	0.589849866445611
15108	0.590314016295889
15109	0.592782004149529
15110	0.591223753874356
15111	0.591675507843173
15112	0.592123216254059
15113	0.590582800284293
15114	0.589056097216335
15115	0.587542944767323
15116	0.586043183047948
15117	0.588478223147666
15118	0.586981772181013
15119	0.587447765716017
15120	0.584022414312425
15121	0.58256491965557
15122	0.583052466015055
15123	0.583535785093966
15124	0.584014925621762
15125	0.584489935627767
15126	0.586871082128468
15127	0.587327056897258
15128	0.587779134445801
15129	0.584439480272814
15130	0.583016782556443
15131	0.58160614160038
15133	0.580207421553805
15135	0.578820488473915
15136	0.577445210293855
15137	0.577943654184206
15138	0.576580922591722
15139	0.575229547095842
15141	0.57573612393557
15142	0.578080123250843
15143	0.576731656088763
15144	0.573562800835528
15145	0.570419990967936
15146	0.572767422711281
15147	0.571462604785515
15148	0.571980018165304
15149	0.572493224932249
15150	0.571200468761444
15151	0.573512056530924
15152	0.570428658377533
15153	0.570944679869699
15154	0.573239093346332
15155	0.573737373737374
15156	0.572458628841608
15157	0.5729584062306
15158	0.571690548702043
15159	0.572191741936685
15160	0.57093459241772
15161	0.569687341713865
15162	0.571940287568766
15163	0.574175586328198
15164	0.576393421816072
15165	0.578593975468976
15166	0.579050310656528
15168	0.581225761247451
15169	0.583384391344113
15170	0.583812577849628
15171	0.58252806890339
15172	0.581253415524515
15173	0.579988517145989
15174	0.578733274480276
15175	0.575795542122508
15176	0.572880121656065
15177	0.569986787708307
15178	0.572153101120356
15179	0.574303085536836
15180	0.576436904656952
15181	0.578554720133668
15182	0.580656691604323
15183	0.582742976720719
15184	0.584813731178681
15185	0.5835687787141
15186	0.580686957584647
15187	0.577826430699994
15188	0.576624990418094
15189	0.575432384255914
15190	0.572618533966154
15191	0.571451289085018
15192	0.571914624255732
15193	0.573992708604005
15194	0.572827287900515
15195	0.574890924190851
15196	0.576939642628485
15197	0.57897358665431
15198	0.580992897989301
15199	0.582997716659209
15200	0.583397091122251
15201	0.583793612910558
15202	0.584187309127927
15203	0.582998427726057
15204	0.583394022236414
15205	0.58378681772901
15206	0.58417684054754
15207	0.582999171499586
15208	0.583391056722851
15209	0.58222256268832
15210	0.584170243048748
15211	0.584553947344645
15214	0.586481771254879
15215	0.588396207499069
15216	0.590297379750806
15217	0.587577115327991
15218	0.584875611349471
15220	0.586779851664382
15222	0.585619913365384
15223	0.585989989864477
15224	0.587876140252338
15225	0.586719127493615
15226	0.587081701367416
15227	0.587441814332571
15228	0.587799488609474
15229	0.58815474616829
15230	0.587009481391504
15231	0.588861456811273
15232	0.587718154245376
15233	0.588070602961543
15234	0.586935915791707
15235	0.588771756165966
15236	0.589117188141579
15237	0.590935253680775
15238	0.592741279050838
15239	0.59013008398894
15240	0.590466508528183
15241	0.590800719748088
15242	0.592591526226215
15243	0.592914998455212
15244	0.591783923661653
15245	0.590660225442834
15246	0.589543839793769
15247	0.589877704845167
15248	0.588769521814878
15250	0.590542066979469
15251	0.588002101099988
15252	0.585478486932177
15253	0.584398636167299
15254	0.584750208947211
15255	0.583678068752696
15256	0.584031211722542
15257	0.582966677207089
15258	0.580496479422313
15259	0.582270278663657
15260	0.582626381566623
15261	0.580173217854764
15262	0.579136075482825
15263	0.579503080058019
15266	0.579867781257218
15268	0.577446621418984
15269	0.575040593829738
15272	0.572649572649573
15273	0.571656559208426
15279	0.570669713552629
15280	0.571066395177067
15281	0.570086052654
15282	0.569111761627989
15283	0.568143472394746
15284	0.568547255977828
15285	0.570311888877714
15286	0.570705173685016
15287	0.568380509026421
15288	0.570135059802737
15289	0.570526668755532
15290	0.572265427181622
15291	0.573993647677858
15292	0.573023243184534
15293	0.573400077886675
15294	0.572435954414573
15296	0.571477627275971
15297	0.5705250501002
15298	0.572239520958084
15299	0.571287703477507
15300	0.571666943887802
15301	0.572043926914702
15302	0.572418670438472
15303	0.572791192162695
15304	0.573161509616359
15305	0.573529640155927
15306	0.572585843272538
15307	0.572954787678005
15308	0.57332156606935
15309	0.572384112035225
15310	0.574051230506823
15311	0.574411601853748
15312	0.574769873950109
15313	0.575126063069165
15314	0.575480185326796
15315	0.577119257970322
15316	0.578748856205504
15317	0.579087001630354
15318	0.579423199960628
15319	0.57975746611659
15320	0.581364512135265
15321	0.581690092877751
15322	0.58074397188901
15323	0.581070674150522
15324	0.581395516626864
15326	0.579193260882065
15327	0.577003494300281
15328	0.576083984258896
15329	0.57768065475133
15333	0.57676205579863
15334	0.578350190673683
15335	0.579929403442695
15338	0.579007548974996
15339	0.580578416329567
15340	0.57965757803163
15341	0.579981031892726
15342	0.581539543833755
15343	0.583089397375112
15344	0.582166084753885
15345	0.583707907319369
15346	0.584013464444037
15347	0.583091846314953
15348	0.582175301313186
15349	0.582484793493968
15350	0.581573819233783
15351	0.581884377071129
15352	0.580978908787931
15354	0.580078379422642
15357	0.581602595831271
15358	0.583118528455071
15360	0.58100960068489
15361	0.581318831970022
15364	0.582827592935896
15365	0.583129172337806
15366	0.584626015525102
15367	0.586114811168382
15369	0.587595616852931
15370	0.589068489649885
15371	0.589345131992191
15372	0.590806537216418
15373	0.589891889955732
15374	0.587800074743123
15375	0.586899307516894
15376	0.586003314675256
15377	0.585112062536483
15378	0.584225517715346
15380	0.583343647119978
15382	0.582466417948797
15383	0.581593797687447
15384	0.580725754105789
15385	0.579862255254925
15386	0.581326149835919
15387	0.580463566126345
15389	0.580762882447665
15390	0.579905241029591
15391	0.580205453575048
15392	0.580504110615088
15393	0.580801222877335
15394	0.581096800997092
15395	0.580245380146014
15399	0.580541851111779
15400	0.580836799110255
15401	0.581130234554892
15402	0.580284511342532
15403	0.579443110395311
15404	0.580873576006212
15405	0.58229675571417
15406	0.583712698915139
15410	0.583993423002285
15411	0.584272724501151
15412	0.584550613007611
15413	0.584827098036767
15414	0.585102189023758
15415	0.585375895324573
15416	0.583414837048779
15419	0.583693271261548
15435	0.583970310979094
15437	0.583134854386941
15444	0.582303568127195
15445	0.581476424490007
15446	0.580653395995291
15447	0.580938208149832
15448	0.579017751263387
15449	0.578206911600251
15450	0.577400079381909
15451	0.576597228243591
15452	0.576893022786852
15453	0.576094466427988
15455	0.575299830967777
15456	0.573419766160692
15458	0.572636449903507
15459	0.572942737254527
15460	0.5721635196808
15461	0.571388096997853
15462	0.570616444603479
15463	0.56876978944295
15464	0.568009090069413
15465	0.567252071499297
15466	0.566498710023722
15467	0.567892604846797
15468	0.569279787495764
15469	0.57066030099738
15470	0.570967521367521
15472	0.569143343982961
15473	0.569454423162175
15474	0.569764016294355
15475	0.57007213282972
15476	0.570378782143488
15477	0.570683973536589
15478	0.570987716236367
15479	0.571290019397284
15480	0.571590892101604
15481	0.570840474593673
15482	0.571141814820317
15483	0.571441735862221
15484	0.571740246617094
15485	0.572037355913024
15486	0.571291405842462
15487	0.571588988559542
15488	0.571885180703178
15489	0.571143184288342
15490	0.571439841065915
15491	0.570701526313255
15492	0.569966640266878
15493	0.569235161729216
15494	0.568507069666266
15495	0.566755121839868
15497	0.566036900952155
15499	0.565321989838119
15511	0.564610368192399
15515	0.562881086819681
15520	0.561159737930324
15522	0.560464084786517
15524	0.558755352820704
15525	0.557054423283959
15531	0.555361248745102
15533	0.553675782132825
15534	0.551997976732423
15537	0.552344931921331
15538	0.550676216114923
15539	0.551026111893359
15540	0.551374426817375
15541	0.549716157864541
15542	0.550067360593677
15543	0.550416983700342
15544	0.550765036643355
15545	0.551111528810839
15546	0.550461444645234
15547	0.549814266966212
15548	0.549169978473257
15549	0.548528561994387
15550	0.547890000485007
15553	0.54725427702678
15554	0.546621374826503
15561	0.546976013797966
15564	0.546345799401315
15565	0.546700205490462
15566	0.54607265586647
15567	0.544468918257465
15568	0.542872235212721
15569	0.541282565417076
15570	0.542623844465564
15571	0.543959249299242
15572	0.545288814170089
15574	0.546612573080802
15575	0.547930559786963
15579	0.549242807799192
15580	0.549583166810402
15581	0.548957262806127
15582	0.548334072258518
15583	0.547713579505487
15584	0.548056383791254
15585	0.547438475732382
15587	0.547781085476446
15588	0.547165740420082
15590	0.546553040113243
15591	0.546896712864469
15592	0.547238912732475
15593	0.546628625772706
15595	0.546020946876867
15596	0.545415861205335
15597	0.54576032372085
15598	0.545157693960886
15606	0.546446199077144
15607	0.547729236703517
15608	0.549006837729778
15609	0.55027903282786
15610	0.549667918181397
15611	0.549997028585012
15612	0.548452093111459
15613	0.548783690793241
