15928	0.666666666666667
15929	0.888888888888889
15930	0.611111111111111
15931	0.633333333333333
15932	0.644444444444445
15933	0.650793650793651
15934	0.654761904761905
15935	0.583333333333333
15936	0.533333333333333
15937	0.496969696969697
15938	0.525252525252525
15939	0.495726495726496
15940	0.52014652014652
15941	0.495238095238095
15942	0.558333333333333
15943	0.531862745098039
15944	0.583877995642702
15945	0.627680311890838
15946	0.598245614035088
15947	0.604761904761905
15948	0.58008658008658
15949	0.558629776021081
15950	0.567632850241546
15951	0.575555555555556
15952	0.582564102564103
15953	0.588793922127256
15954	0.570546737213404
15955	0.577175697865353
15956	0.583141762452107
15957	0.588530465949821
15958	0.593413978494624
15959	0.577651515151515
15960	0.58288770053476
15961	0.587675070028011
15962	0.573544973544974
15963	0.578578578578579
15964	0.58321479374111
15965	0.570400359874044
15966	0.575213675213675
15967	0.579674796747968
15968	0.583817266744096
15969	0.587670727205611
15971	0.576109936575053
15972	0.58013468013468
15973	0.598389694041868
15974	0.601295097132285
15975	0.61790780141844
15976	0.633503401360544
15977	0.648163265306123
15978	0.648888888888889
15979	0.636752136752137
15980	0.650459603289792
15981	0.651059864896343
15982	0.663748597081931
15983	0.663852813852814
15984	0.663951545530493
15985	0.675539423270821
15986	0.686538086888759
15987	0.685875706214689
15988	0.685245901639344
15989	0.673893883306892
15990	0.673664447857996
15991	0.663029100529101
15992	0.652884615384615
15993	0.653302253302253
15994	0.633800693502186
15995	0.63476733977173
15996	0.64535379369139
15997	0.645962732919255
15998	0.637156270959088
15999	0.628716744913928
16000	0.620624048706241
16001	0.612859434777243
16003	0.614294294294294
16007	0.606900584795322
16008	0.608452950558214
16009	0.618492618492619
16010	0.611273396083523
16011	0.612658227848101
16012	0.605761316872428
16013	0.59911673190806
16014	0.592712312665296
16015	0.586536622681201
16016	0.580578898225957
16017	0.574829001367989
16018	0.57694021206451
16019	0.578979449669105
16020	0.580949948927477
16021	0.582854764877237
16022	0.584696784696785
16023	0.586478738652652
16024	0.588203210222846
16025	0.589872645466331
16026	0.591489361702128
16027	0.593055555555556
16028	0.587700458190149
16029	0.58931201346518
16030	0.58414072699787
16031	0.579124579124579
16032	0.580858085808581
16033	0.582540607001877
16034	0.577701630814138
16035	0.573002240477969
16036	0.568437118437119
16037	0.576579814315663
16041	0.572033151119732
16042	0.573785623629861
16043	0.569373655000566
16044	0.565082012788435
16047	0.566912366912367
16049	0.574646074646075
16050	0.564475347661189
16051	0.560420224602805
16052	0.568065090261887
16053	0.575512243878061
16054	0.577070439139405
16055	0.578589019266985
16056	0.574467074965579
16057	0.576003734827264
16058	0.583011937557392
16059	0.584383326559184
16060	0.585721267048736
16061	0.587026838010316
16062	0.593634408602151
16063	0.594793650793651
16064	0.601174853143357
16065	0.602198162729659
16066	0.603197674418605
16067	0.599045915324985
16068	0.600078293208064
16069	0.596036702906932
16070	0.592086276296803
16071	0.588224292073467
16072	0.584448129721762
16073	0.580755265068991
16074	0.57714326606555
16077	0.578440706653972
16078	0.574913981857992
16079	0.571462829736211
16080	0.568085106382979
16081	0.569473579063031
16082	0.566170918283595
16083	0.572196322196322
16084	0.573499361430396
16085	0.565643205794363
16086	0.567017674649769
16087	0.568364282649997
16088	0.574158050668118
16089	0.575391498881432
16090	0.576600441501104
16091	0.573399558498896
16092	0.574618736383442
16096	0.571485159720454
16097	0.572713308197179
16098	0.573917838433968
16099	0.570853067668354
16100	0.572065898035422
16101	0.569062972693257
16102	0.570283018867925
16103	0.567339544513458
16104	0.564450578943333
16105	0.565704764068772
16106	0.566936006783381
16107	0.564104459226411
16108	0.565340148472679
16109	0.566553639708535
16110	0.563777207489782
16111	0.564994834225604
16112	0.562269404803342
16113	0.56349042540993
16114	0.560814180153226
16115	0.562037908321011
16116	0.567071955351804
