14977	0.666666666666667
14979	0.666666666666667
14980	0.666666666666667
14981	0.666666666666667
14982	0.666666666666667
15016	0.476190476190476
15018	0.440476190476191
15022	0.490740740740741
15024	0.592592592592593
15025	0.606060606060606
15026	0.505050505050505
15029	0.52991452991453
15030	0.54945054945055
15031	0.520634920634921
15032	0.538888888888889
15033	0.475490196078431
15034	0.496732026143791
15036	0.47953216374269
15038	0.498245614035088
15049	0.482539682539683
15052	0.52958152958153
15053	0.541501976284585
15054	0.524154589371981
15056	0.562222222222222
15057	0.57025641025641
15061	0.552706552706553
15062	0.560846560846561
15064	0.522167487684729
15065	0.531800766283525
15078	0.497491039426523
15079	0.487231182795699
15081	0.498106060606061
15082	0.508021390374332
15086	0.517086834733894
15087	0.525396825396826
15089	0.496996996996997
15093	0.488383119962067
15095	0.480431848852902
15102	0.48974358974359
15103	0.498373983739838
15108	0.474641889276036
15110	0.468069398301957
15111	0.461945031712474
15121	0.456228956228956
15124	0.436392914653784
15126	0.460376194881283
15127	0.482860520094563
15129	0.490362811791383
15130	0.510748299319728
15132	0.490718954248366
15140	0.497486173956762
15143	0.503870343492985
15144	0.509899836943862
15145	0.515600448933782
15146	0.509090909090909
15147	0.502923976608187
15149	0.497076023391813
15150	0.514124293785311
15151	0.519209039548023
15152	0.524043715846995
15156	0.528644456196016
15157	0.522444103089264
15158	0.526951058201058
15159	0.53125
15160	0.525252525252525
15161	0.529473842906679
15165	0.533508925958443
15166	0.52770673486786
15168	0.54120082815735
15169	0.535345405767941
15170	0.548252477829943
15171	0.560629122272958
15172	0.554485992842157
15173	0.548588588588589
15174	0.551695906432749
15175	0.554682159945318
15181	0.549006549006549
15190	0.551985286162501
15191	0.563185654008439
15193	0.565740740740741
15194	0.568202348690154
15199	0.570574982858262
15207	0.564926372155288
15209	0.559477124183007
15212	0.55421796625627
15215	0.549140158602869
15218	0.544235458028562
15226	0.539496084439905
15228	0.53491468997087
15234	0.537810337810338
15235	0.526118808727504
15236	0.521972884525479
15237	0.525051475634866
15239	0.53505039193729
15240	0.544736842105263
15241	0.554123711340206
15245	0.556420506346869
15248	0.558647701504844
15249	0.560808080808081
15250	0.56950495049505
15252	0.571410082184689
15253	0.56678723269243
15257	0.568707991038088
15258	0.564224664224664
15260	0.559868224019168
15262	0.555633926997002
15263	0.551517249336564
15264	0.547513874731
15268	0.549680289129831
15269	0.545782145782146
15270	0.541988416988417
15273	0.544195111672988
15274	0.540495782228432
15275	0.536892957030257
15276	0.533383308345827
15277	0.529963650653306
15281	0.526630933410594
15282	0.523382234249632
15283	0.525770308123249
15285	0.522589531680441
15289	0.5194869710518
15291	0.516460082633613
15293	0.518882769472856
15294	0.515913978494624
15295	0.513015873015873
15296	0.504936882889639
15299	0.497047244094488
15300	0.489341085271318
15301	0.486940966010734
15302	0.484595811313369
15304	0.477253450535893
15306	0.480101769575454
15307	0.472936071522089
15308	0.470867882808181
15310	0.463943355119826
15311	0.471768999570631
15313	0.479424521315984
15314	0.486914815973308
15315	0.494244604316547
15316	0.501418439716312
15317	0.499051043851763
15318	0.506057322958731
15325	0.512917637917638
15326	0.519636015325671
15327	0.526216343882853
15331	0.523592085235921
15332	0.525525525525526
15336	0.527420037487152
15337	0.520387770320656
15342	0.522325239146431
15343	0.519838503543627
15344	0.521757825937393
15346	0.523639758933877
15347	0.525485267420751
15348	0.527295285359802
15349	0.529070716968806
15350	0.530812437851058
15351	0.532521296075153
15360	0.530031446540881
15362	0.531728778467909
15363	0.533394678322215
15366	0.539119896993108
15369	0.544740386054167
15370	0.550258684405026
15372	0.555677254472435
15374	0.557006468989731
15377	0.562280201501758
15385	0.563515544284775
15386	0.568650655528484
15387	0.569797041623667
15388	0.574799401604787
15389	0.579715015459067
15390	0.5768830421013
15391	0.577909140667761
15392	0.582705627705628
15394	0.583654340010272
15395	0.584587062781692
15396	0.585504153327893
15397	0.586405959031657
15398	0.587292817679558
15401	0.588165057778318
15402	0.589022998859064
15403	0.589866951770017
15404	0.590697218958089
15406	0.591514094739901
15407	0.592317865562647
15410	0.593108810255243
15411	0.593887200270179
15415	0.594653299916458
15419	0.588426563791678
15423	0.582297120418848
15424	0.576262953367876
15425	0.570322098178516
15427	0.567891444180104
15428	0.562096633525205
15430	0.556390068717843
15431	0.554136970380625
15436	0.548567754597905
15437	0.54641541038526
15438	0.540978441127695
15440	0.545523209037322
15441	0.550000812889171
15444	0.544608648056924
15445	0.549051490514905
15446	0.546957139474307
15450	0.544893141347342
15451	0.546064040629258
15452	0.544028340080972
15453	0.542021720969089
15454	0.54004363198676
15466	0.538093534829652
15467	0.536170903829687
15470	0.537390490398257
15471	0.541693834673622
15476	0.539764570772323
15478	0.537861978722194
15481	0.53598556913147
15482	0.540223143842599
15483	0.541372630413726
15484	0.542506513094748
15488	0.546628076039841
15492	0.550694191949797
15497	0.554705850950246
15498	0.558664021164021
15500	0.562569649295313
15504	0.563486803633387
15508	0.56731586675941
15513	0.568183559335019
15514	0.571938484906019
15516	0.575644645209863
15517	0.576429317808628
15518	0.574342656997681
15521	0.577980753946419
15525	0.57306176880645
15526	0.573855030652723
15528	0.571825311688002
15529	0.572622297864293
15530	0.573409280030004
15536	0.571408647140865
15539	0.569432918395574
15540	0.570236503092029
15545	0.568286682764797
15548	0.569093076075468
15550	0.567168506746961
15553	0.565267407776119
15554	0.563389399076177
15555	0.561534108223412
15558	0.559701170272488
15560	0.557890227576975
15562	0.556100929614874
15564	0.554332932818989
15566	0.552585900411987
15568	0.550859502246014
15569	0.551767793731666
15570	0.550061274509804
15573	0.548374675745785
15574	0.546707688595301
15581	0.545060010176289
15582	0.545995445995446
15583	0.541811572846056
15585	0.537675606641124
15586	0.533586818757922
15589	0.529544494373392
15590	0.525547932151706
15592	0.52660897526836
15594	0.527658096552242
15600	0.523720349563046
15604	0.524783147459727
15611	0.520895864885952
15612	0.51951163956084
15613	0.518142681426814
15614	0.514346764346764
15618	0.510592408402627
15619	0.509303251493033
15622	0.505612648221344
15623	0.506775493119866
15625	0.505527707797661
15628	0.504293339521931
15629	0.503072196620584
15631	0.501864090832062
15633	0.498304771038927
15634	0.497138895154082
15635	0.49598533485957
15637	0.494843917305
15638	0.496045474992843
15639	0.494911592472568
15641	0.491474706413731
15642	0.492687107522748
15646	0.493886966551326
15647	0.495074455899198
15648	0.496249745014044
15649	0.495137687596428
15653	0.496304551399627
15654	0.497459548791268
15655	0.498602840128264
15656	0.501979251979252
15660	0.503084536641584
15664	0.50417873149125
15665	0.505261984392419
15666	0.506334440753046
15667	0.507396243573665
15670	0.504047093451067
15672	0.500730994152047
15673	0.499633304572908
15675	0.496367727418836
15677	0.495305614102319
15680	0.492089343880875
15688	0.493219294190168
15690	0.490037234227651
15698	0.486885869377312
15701	0.483764806112073
15704	0.480673657191229
15709	0.47761204154033
15710	0.474579584133724
15711	0.471575915879713
15712	0.472806772351555
15715	0.471929580911189
15716	0.475240367237765
15718	0.478520114942529
15729	0.481769210799585
15746	0.480847248827745
15751	0.484061816946458
15753	0.487246620545554
15754	0.486299461855017
15755	0.489450998898852
15767	0.492573622758798
15768	0.495667686034659
15770	0.49468085106383
15771	0.497743391360413
15772	0.496749977112515
15774	0.495765539499387
15776	0.496791972695587
15777	0.497809186431941
15780	0.496827241040308
15782	0.497838190002369
15785	0.496861900051811
15786	0.497866661984443
15787	0.496895963880307
15789	0.495933830759442
15790	0.496935196365936
15792	0.494029142586019
15793	0.4911485061861
15794	0.492168960607499
15795	0.491248174362431
15796	0.49033537181313
15797	0.48943046092852
15798	0.488533350999812
15800	0.48764395261777
15801	0.488666939555192
15802	0.487781847781848
15804	0.4869042994043
15806	0.486034208944974
15807	0.485171492133609
15809	0.488071934431448
15811	0.49094793479981
15813	0.490064939833611
15815	0.489189344266571
15816	0.490178075867686
15822	0.493010419890643
15823	0.492125782291987
15825	0.494931717196451
