14481,0,0,0,0,0,0
14482,1,1,1,0,0,0
14483,1,1,0,1,0,1
14484,0,0,0,1,0,1
14485,0,0,1,0,1,1
14486,0,0,0,0,1,0
14487,0,0,0,0,0,0
14488,0,0,0,1,0,1
14489,0,0,1,0,0,0
14491,0,0,0,1,0,1
14492,0,1,1,1,0,0
14493,1,1,1,1,0,1
14494,0,0,1,1,0,0
14495,0,0,1,1,0,0
14497,0,0,1,1,0,0
14498,0,0,1,0,0,0
14499,0,0,1,0,0,0
14500,1,1,1,0,0,1
14501,0,1,1,1,0,0
14503,1,0,1,0,0,0
14504,0,1,0,0,0,0
14505,1,0,1,0,0,0
14506,0,1,0,0,0,1
14507,0,1,1,1,1,1
14508,1,1,1,1,0,0
14509,0,0,0,0,0,0
14510,1,0,1,1,0,0
14511,1,0,0,1,0,0
14512,1,1,1,0,0,0
14513,1,0,0,0,0,1
14514,0,0,0,0,0,0
14515,0,0,0,0,0,0
14516,0,0,0,0,0,0
14517,0,0,0,0,0,0
14518,1,1,1,0,0,0
14519,0,0,0,0,0,0
14520,0,1,0,0,0,0
14521,0,0,1,0,0,0
14522,1,0,0,0,0,0
14523,0,0,1,1,0,1
14524,1,0,0,0,0,0
14525,0,0,1,0,1,0
14526,0,0,0,1,0,1
14527,0,0,0,0,0,1
14528,1,0,0,1,0,1
14529,1,0,0,0,0,1
14530,0,0,0,0,0,0
14533,1,0,0,0,0,0
14534,1,0,0,0,1,0
14535,1,0,0,0,0,0
14537,0,0,1,1,0,1
14538,0,1,0,1,0,1
14539,0,0,1,1,0,1
14540,0,0,0,0,0,0
14541,1,0,0,1,0,0
14542,0,0,1,0,0,0
14543,1,0,0,0,0,1
14544,1,0,0,0,0,0
14545,1,0,0,0,0,0
14546,1,0,1,0,0,0
14547,1,0,0,0,0,0
14550,1,0,1,1,0,1
14551,1,0,1,0,0,0
14552,1,0,1,1,0,0
14553,1,0,0,0,0,0
14556,1,0,1,0,0,0
14557,1,0,1,1,0,0
14558,1,0,1,0,0,0
14560,1,0,1,0,0,0
14561,0,0,0,0,0,0
14562,0,0,0,1,0,0
14565,1,0,0,0,0,1
14566,1,0,1,0,0,0
14567,0,0,1,0,0,0
14569,0,0,1,0,0,0
14570,1,0,1,1,0,0
14571,0,0,0,1,0,1
14572,0,0,1,1,1,1
14573,0,0,1,1,0,0
14579,0,0,0,1,0,0
14580,0,1,0,1,0,0
14581,0,0,1,1,0,1
14582,0,0,0,0,0,0
14583,1,1,0,0,0,0
14584,1,0,0,0,0,1
14585,0,0,0,0,0,1
14586,0,0,0,0,0,0
14588,0,0,0,0,0,1
14589,1,0,0,0,0,0
14590,1,0,1,0,0,0
14591,1,0,1,0,0,0
14592,0,0,0,1,0,1
14593,1,0,0,0,0,1
14594,1,1,0,1,0,0
14595,1,1,1,0,0,0
14596,0,0,0,0,0,0
14597,0,0,0,0,0,0
14598,0,0,0,0,0,0
14599,1,0,0,1,0,1
14600,0,0,0,1,0,1
14602,0,0,0,0,0,0
14603,0,0,0,1,0,1
14604,1,0,1,0,1,0
14605,0,0,0,0,0,0
14606,0,0,0,1,0,0
14607,1,0,1,0,0,1
14608,1,1,1,1,0,0
14609,0,0,0,0,0,0
14610,0,1,0,0,0,0
14611,1,0,1,1,0,1
14612,0,0,0,1,0,0
14613,1,0,1,0,0,1
14614,1,0,1,0,1,1
14616,0,0,0,0,0,0
14617,0,0,1,0,1,1
14618,0,0,1,0,0,0
14620,0,0,0,1,0,1
14621,0,0,0,1,0,1
14622,0,1,1,0,0,1
14623,0,0,1,0,0,1
14624,1,0,1,0,1,0
14625,0,0,0,0,0,0
14626,0,0,1,0,0,0
14627,0,1,1,0,0,0
14628,0,0,1,0,0,1
14629,0,0,1,1,0,1
14630,0,0,1,0,0,1
14631,0,1,0,1,0,0
14632,0,1,1,0,0,0
14633,0,0,1,1,1,0
14634,0,0,0,1,0,1
14635,0,0,1,0,1,1
14636,0,0,0,0,0,1
14637,0,1,1,0,0,1
14638,0,0,1,1,0,0
14639,0,0,1,1,0,1
14640,1,0,1,1,0,0
14641,0,0,0,1,0,1
14642,1,0,1,0,0,1
14643,1,0,1,0,0,0
14644,0,0,1,1,0,0
14645,0,0,1,1,0,1
14646,0,0,0,1,0,1
14647,0,0,0,1,0,0
14648,1,0,1,0,0,0
14649,0,0,1,0,0,0
14650,0,1,1,1,0,0
14651,0,0,0,0,0,0
14652,0,0,0,0,0,1
14653,0,0,0,1,0,1
14654,1,1,0,0,0,0
14655,0,0,0,1,0,1
14656,0,0,0,1,0,0
14657,0,0,1,0,0,0
14658,1,0,1,0,0,0
14659,0,0,0,0,0,0
14660,0,0,1,0,0,0
14661,0,0,0,0,0,0
14662,0,0,0,0,0,0
14663,1,1,1,0,0,0
14664,0,0,1,1,0,1
14665,0,0,0,0,0,1
14666,0,1,1,0,0,1
14668,0,0,0,1,0,0
14669,0,1,1,0,0,1
14670,1,1,0,1,0,0
14671,0,1,1,0,0,0
14672,0,0,0,0,0,0
14673,1,0,0,1,0,1
14674,1,0,0,0,0,0
14675,0,1,1,1,0,0
14676,0,1,1,1,0,0
14677,0,1,1,0,0,0
14678,0,0,1,0,0,1
14679,1,0,0,1,0,1
14680,0,0,1,0,0,1
14681,1,0,0,0,0,0
14682,0,1,0,0,0,0
14683,1,0,0,0,0,0
14684,0,1,0,1,0,1
14685,0,0,1,1,0,1
14686,0,0,1,1,0,1
14687,1,0,0,1,0,0
14688,0,0,1,1,0,0
14689,1,0,0,0,0,0
14690,1,0,0,0,0,1
14691,1,0,0,0,0,0
14692,0,1,1,0,0,0
14693,1,0,1,1,0,0
14694,0,0,1,1,0,1
14695,0,1,1,0,0,0
14696,0,1,1,0,0,1
14697,0,0,1,0,0,0
14698,0,1,1,1,0,1
14699,1,0,0,0,0,0
14700,1,1,0,0,0,0
14701,0,0,1,0,0,0
14702,0,0,1,1,0,0
14703,0,1,0,1,0,0
14704,1,0,0,0,0,0
14705,1,0,0,0,1,1
14706,1,1,0,1,0,0
14707,1,0,0,0,0,0
14708,0,0,0,1,0,1
14709,0,0,0,0,1,1
14710,1,0,1,0,0,0
14713,1,0,1,1,0,0
14714,0,0,1,0,0,0
14715,1,1,0,0,0,0
14716,0,1,1,0,0,0
14717,0,0,1,1,0,1
14718,0,1,1,0,0,0
14719,0,1,0,0,0,1
14720,1,1,0,1,0,0
14721,1,1,0,0,0,1
14722,1,0,1,1,0,1
14723,1,0,0,1,0,0
14724,1,1,0,1,1,0
14725,1,0,1,1,0,1
14726,0,1,1,1,1,1
14727,1,0,1,0,0,1
14728,1,0,0,1,0,0
14729,1,0,1,1,0,1
14730,1,1,0,0,0,0
14731,1,0,0,0,0,1
14732,1,1,0,0,0,1
14733,0,1,0,0,0,1
14734,0,1,0,0,0,1
14735,1,1,1,1,0,1
14737,1,1,1,0,0,0
14738,1,0,0,1,0,0
14739,0,1,0,1,0,0
14740,1,0,0,1,0,0
14741,1,0,1,1,0,1
14742,1,0,0,1,0,0
14743,0,1,0,1,0,1
14744,1,0,0,0,0,0
14745,1,1,0,1,0,0
14746,1,0,1,0,0,0
14747,1,0,1,0,0,0
14748,1,1,1,1,0,1
14749,1,0,0,0,0,1
14750,1,0,1,1,0,1
14751,0,0,0,1,0,1
14752,1,0,0,0,0,0
14753,0,0,1,1,0,0
14754,1,0,1,0,1,0
14755,1,0,0,1,0,0
14756,1,0,0,1,0,1
14757,1,0,0,1,0,0
14758,1,1,0,1,0,1
14759,1,0,0,0,0,0
14760,1,0,0,0,0,0
14761,1,1,0,1,0,1
14762,1,0,1,0,0,1
14763,0,1,1,1,0,0
14764,1,0,0,1,0,0
14765,1,1,0,1,0,0
14766,1,1,0,0,0,0
14767,1,0,0,1,1,1
14768,0,1,1,1,0,0
14769,1,1,0,1,0,0
14770,1,1,0,0,1,1
14771,1,0,0,1,0,0
14772,1,1,0,1,0,0
14773,1,1,0,0,0,1
14774,1,1,0,0,0,0
14775,1,1,0,1,1,1
14776,1,0,0,0,0,1
14777,1,1,0,0,0,0
14778,1,0,0,1,0,0
14779,1,1,0,1,0,1
14780,1,0,0,0,1,0
14781,1,0,0,1,0,1
14782,1,1,0,0,0,1
14783,1,0,0,1,0,0
14784,1,1,0,0,0,1
14785,0,0,1,0,0,1
14786,0,0,0,1,0,1
14787,0,0,0,1,0,0
14788,0,1,1,0,0,1
14789,1,1,0,0,0,0
14790,1,0,1,0,0,1
14791,0,0,0,1,0,1
14792,1,0,1,0,0,0
14793,0,0,1,0,0,1
14794,1,0,0,1,0,0
14795,0,0,0,1,0,0
14796,1,1,0,0,0,0
14797,0,0,0,1,1,1
14798,0,0,0,0,0,0
14799,0,0,1,0,0,1
14800,0,0,1,0,0,0
14801,0,0,0,1,0,0
14802,0,0,1,0,0,1
14803,1,1,0,1,0,0
14804,1,0,0,0,0,0
14805,1,0,0,1,0,0
14806,1,1,0,0,0,0
14807,0,1,1,1,0,1
14808,1,0,1,0,0,0
14809,0,0,1,1,0,1
14810,0,0,0,0,0,1
14811,1,0,0,1,0,0
14812,1,0,1,0,0,0
14813,0,0,0,0,0,0
14814,1,0,0,0,0,1
14815,1,0,0,1,1,1
14817,1,0,1,1,0,0
14819,0,0,1,1,0,1
14820,0,0,1,1,0,1
14821,1,1,0,0,0,1
14823,0,1,0,0,1,0
14824,1,0,1,0,0,0
14825,0,0,1,1,0,0
14826,1,0,0,0,0,0
14827,1,1,0,1,0,1
14829,1,0,0,1,1,1
14830,1,1,0,1,0,0
14831,0,0,1,0,0,0
14832,1,0,1,1,0,1
14833,0,0,1,1,0,1
14834,1,0,0,1,0,0
14835,0,1,0,1,0,0
14836,0,0,0,1,0,1
14837,1,0,0,1,0,1
14838,0,0,1,1,0,1
14839,0,1,0,1,0,1
14840,0,1,0,1,0,0
14841,1,1,1,1,0,1
14842,0,0,1,1,0,0
14843,1,0,0,0,0,1
14844,1,0,0,1,0,1
14845,1,0,0,1,0,0
14846,0,0,1,1,0,0
14847,1,0,0,1,0,0
14848,0,1,0,1,0,0
14849,1,0,0,0,0,1
14850,1,1,0,0,1,0
14851,1,0,0,1,0,1
14852,1,0,0,1,0,1
14853,1,0,0,0,0,0
14854,0,1,0,0,0,0
14855,1,1,0,1,0,0
14856,0,0,1,1,0,0
14857,1,0,1,1,0,0
14858,1,0,1,0,0,0
14859,0,1,1,1,0,0
14860,1,1,1,1,0,0
14861,1,0,0,0,0,0
14862,1,1,1,0,0,0
14863,0,0,1,0,0,0
14864,0,1,1,0,0,0
14865,0,0,1,1,0,1
14866,0,0,1,0,0,0
14867,0,0,1,1,0,0
14868,1,1,0,1,0,1
14869,1,0,0,1,0,0
14870,1,0,0,0,0,0
14871,1,0,0,1,0,1
14872,1,1,0,1,0,1
14873,1,0,1,0,0,0
14874,1,1,1,0,0,0
14875,1,0,0,1,0,1
14876,0,0,1,1,0,0
14878,0,0,1,1,0,0
14879,1,0,0,0,0,1
14880,1,1,0,1,0,0
14881,1,0,0,1,1,1
14882,1,1,0,0,0,1
14883,0,1,0,1,0,1
14884,0,0,1,1,0,1
14885,1,1,0,1,0,0
14886,0,0,1,1,0,1
14887,0,0,1,0,0,0
14888,1,0,0,1,0,0
14889,1,1,0,1,0,0
14890,0,0,1,1,0,1
14891,1,0,0,0,0,0
14892,0,0,0,1,0,1
14893,1,0,1,1,0,0
14894,0,0,1,0,0,0
14895,1,0,1,1,0,0
14897,0,0,1,0,0,0
14898,1,0,1,1,0,1
14899,1,0,1,1,0,1
14900,1,1,0,1,0,1
14901,0,0,1,1,1,0
14902,1,1,1,0,0,1
14903,1,1,0,0,0,0
14904,0,0,1,1,0,1
14905,0,0,1,0,0,1
14907,0,0,1,0,0,0
14908,0,0,1,1,0,1
14909,0,0,1,1,0,1
14910,1,0,0,1,0,0
14912,1,0,1,0,0,0
14914,0,0,1,0,0,0
14915,1,0,1,1,0,0
14916,0,1,0,1,0,1
14917,1,0,0,1,0,1
14918,0,0,1,0,0,0
14920,0,0,1,1,0,1
14921,1,0,1,1,0,1
14922,1,0,1,1,0,1
14923,0,1,1,1,0,0
14924,0,0,1,0,0,0
14925,1,1,0,1,0,1
14926,1,0,0,1,0,1
14928,1,0,1,1,0,0
14929,1,0,1,1,0,1
14930,0,1,0,0,0,0
14931,1,0,1,0,0,1
14932,1,0,1,0,0,0
14934,1,1,0,0,0,0
14935,1,1,0,1,0,0
14937,1,0,1,1,0,1
14939,1,1,0,0,0,1
14940,0,1,0,0,0,1
14941,0,1,0,0,0,1
14942,0,1,0,0,0,0
14943,1,0,1,0,0,1
14944,1,0,1,1,0,1
14958,1,1,0,0,0,0
14963,1,0,1,1,0,0
14964,0,0,0,0,0,0
14965,0,1,0,1,0,0
14966,0,1,0,1,0,1
14967,1,0,1,0,0,0
14968,1,0,1,0,0,0
14969,1,0,1,0,0,1
14970,0,1,0,0,1,1
14971,1,0,1,1,0,0
14972,1,0,1,1,0,0
14973,0,0,0,1,1,1
14974,1,0,1,0,0,0
14975,0,1,0,0,1,1
14976,0,0,0,1,0,0
14977,1,0,1,0,0,1
14979,0,1,0,1,0,1
14980,1,1,1,1,0,1
14981,0,1,1,1,0,0
14982,1,0,1,1,0,1
14983,1,0,1,1,0,1
14984,1,0,1,1,0,0
14985,0,1,0,1,0,0
14986,0,1,0,1,0,0
14987,1,0,1,1,0,1
14988,0,1,0,1,0,0
14990,1,0,1,0,0,0
14991,1,0,1,1,0,1
14992,1,0,1,1,0,0
14993,0,0,1,1,0,0
14994,0,0,1,1,0,1
14995,1,0,1,0,0,0
14996,1,0,1,1,0,1
14997,1,0,0,1,0,1
14998,0,1,1,1,0,1
14999,1,0,1,0,0,0
15000,1,0,1,1,0,1
15001,0,0,0,1,0,1
15002,1,0,1,0,1,0
15003,1,0,1,0,0,0
15004,0,1,0,0,0,1
15005,1,0,1,0,0,0
15006,1,0,1,1,0,0
15007,0,0,0,0,0,1
15008,1,0,1,1,0,0
15009,0,0,0,0,0,1
15010,0,1,0,1,0,0
15011,1,0,1,1,0,0
15012,0,1,1,1,0,0
15013,1,0,1,0,0,0
15014,0,0,1,1,0,0
15015,1,1,1,1,0,0
15016,1,0,0,1,0,0
15017,1,0,0,0,0,0
15018,1,0,0,0,0,0
15019,1,0,1,0,0,0
15020,0,0,0,1,0,0
15021,1,1,0,0,0,0
15022,0,1,0,1,0,1
15023,0,0,1,0,0,0
15024,1,1,0,1,0,1
15025,1,1,1,0,1,0
15026,1,0,0,0,0,0
15027,0,0,1,0,0,0
15028,0,0,0,1,0,1
15029,1,0,1,0,0,1
15030,1,0,1,0,0,1
15031,1,0,0,1,0,0
15032,1,0,1,1,0,1
15033,1,0,1,1,0,0
15034,0,1,0,0,0,1
15035,0,1,0,1,0,1
15036,0,1,0,0,0,0
15038,1,1,0,0,0,0
15039,1,1,1,1,0,1
15040,1,1,1,0,0,0
15041,1,0,1,0,0,0
15046,1,0,1,1,0,0
15047,1,0,1,0,0,0
15050,1,1,0,0,1,1
15052,0,1,0,1,0,1
15053,1,1,1,1,0,1
15054,0,1,0,1,0,1
15055,0,0,0,0,0,0
15056,0,1,0,0,0,0
15057,0,0,0,1,0,1
15059,1,1,1,0,0,0
15060,1,1,1,0,0,1
15061,1,0,0,1,0,0
15062,1,0,1,0,1,0
15063,1,1,1,0,0,0
15064,1,0,0,1,0,1
15065,1,0,0,0,0,0
15066,1,0,0,0,0,0
15070,1,0,0,0,0,0
15071,1,0,0,0,0,1
15072,0,1,1,0,0,0
15073,0,0,0,0,0,1
15074,1,0,0,0,0,1
15075,0,0,0,1,0,1
15076,0,0,0,0,0,0
15077,0,0,0,0,0,1
15078,1,0,1,0,0,1
15080,1,1,0,0,0,1
15082,1,0,1,1,0,1
15084,0,0,0,1,0,0
15085,0,0,0,0,0,0
15086,0,0,0,0,0,0
15087,1,0,1,0,0,0
15088,0,1,0,0,0,0
15090,0,0,0,1,0,0
15091,1,0,1,0,0,0
15092,0,1,0,1,0,1
15093,1,0,1,0,1,0
15095,0,0,1,0,0,0
15096,0,1,0,0,0,0
15097,0,0,0,0,0,0
15098,0,0,1,1,0,1
15099,1,1,0,1,0,1
15100,0,0,1,1,1,0
15101,1,1,1,1,0,0
15103,0,0,0,1,0,1
15104,0,1,0,1,1,1
15106,0,0,0,0,0,1
15107,1,0,1,0,0,0
15109,0,1,0,0,0,1
15110,0,0,1,1,0,1
15112,0,0,1,1,0,1
15113,0,1,1,0,0,0
15115,1,0,0,0,0,0
15116,1,1,0,0,0,1
15118,0,0,0,0,0,0
15119,0,1,0,0,0,1
15120,0,0,0,0,0,1
15121,0,1,1,0,0,0
15122,0,0,0,0,0,1
15123,0,0,0,0,0,1
15124,0,1,1,1,0,1
15125,0,1,1,0,0,0
15126,0,0,0,1,0,1
15127,0,0,1,1,0,1
15128,0,0,0,1,0,1
15130,1,0,1,0,0,1
15131,0,0,1,1,0,1
15133,0,0,1,0,0,0
15135,0,0,1,0,0,1
15136,0,0,1,0,0,0
15137,0,0,1,0,0,0
15140,1,0,1,0,0,0
15142,0,0,1,0,0,0
15143,1,0,1,1,0,1
15147,0,0,1,1,1,1
15150,0,0,0,1,0,1
15151,1,0,1,0,0,0
15154,1,1,1,1,1,1
15155,0,0,0,1,0,0
15159,0,0,0,0,0,1
15160,1,0,0,0,0,0
15169,1,0,1,0,0,0
15170,1,0,0,0,0,0
15176,0,0,1,0,0,1
15177,0,0,1,0,0,1
15178,1,0,1,1,0,0
15179,0,0,0,0,0,1
15180,0,1,0,1,0,1
15182,1,0,1,0,0,0
15184,1,1,0,0,0,0
15185,1,0,0,0,0,0
15186,0,0,1,1,0,1
15187,0,0,0,0,0,0
15188,1,0,0,0,0,1
15189,1,0,1,1,0,1
15190,1,1,1,0,0,1
15191,1,1,1,1,0,1
15193,0,0,1,1,0,1
15195,0,1,1,0,0,0
15199,1,0,1,0,0,1
15201,1,0,0,0,0,0
15203,1,0,1,1,0,0
15205,1,0,1,0,0,0
15207,0,0,0,0,0,0
15208,0,0,0,0,0,0
15209,0,0,0,0,0,0
15211,1,0,1,0,0,0
15214,0,0,1,0,0,0
15216,0,0,1,0,0,0
15217,0,0,0,1,0,1
15218,0,0,1,0,0,0
15220,0,0,1,0,0,0
15221,0,1,1,0,0,0
15222,1,0,1,0,0,1
15224,0,0,1,0,0,0
15229,0,1,1,0,0,1
15230,0,1,1,0,0,1
15231,0,0,1,1,0,1
15232,0,0,1,1,0,1
15233,0,0,0,0,1,0
15235,0,0,1,0,0,0
15236,0,0,1,0,0,0
15237,0,0,1,0,0,0
15238,0,0,1,0,0,0
15239,0,0,1,1,0,1
15240,0,1,1,0,0,0
15243,0,0,1,1,0,1
15245,0,0,1,1,0,1
15246,0,0,1,0,0,0
15249,1,0,0,0,0,0
15250,0,0,1,1,0,1
15251,0,0,1,1,0,0
15256,0,0,1,0,1,0
15257,1,0,0,0,1,1
15258,0,1,1,1,0,1
15260,1,0,0,1,0,1
15262,1,0,0,1,1,1
15264,1,0,0,0,0,0
15266,0,1,1,0,0,0
15267,0,0,0,1,1,1
15268,1,0,0,1,1,1
15270,0,0,1,0,0,1
15272,1,0,0,0,0,0
15273,0,1,1,0,0,0
15281,0,0,1,0,0,0
15282,0,0,1,1,1,1
15283,0,0,0,0,0,0
15284,0,0,0,1,0,1
15286,1,0,0,0,0,1
15288,1,0,1,0,0,0
15292,0,0,0,1,0,1
15293,0,1,0,1,0,1
15294,0,1,0,1,0,1
15296,0,0,0,1,1,1
15297,1,0,1,1,0,1
15302,1,0,1,0,0,0
15306,1,0,0,1,0,1
15307,0,1,1,0,0,0
15308,1,0,1,0,0,0
15309,1,0,0,1,0,1
15311,1,0,0,1,0,1
15312,1,0,1,0,1,1
15313,1,1,1,1,0,1
15314,0,0,0,1,0,0
15316,1,0,0,0,0,1
15327,0,1,0,1,0,1
15328,0,0,0,0,0,0
15329,1,0,1,1,0,1
15335,1,0,1,1,0,0
15337,0,0,1,0,0,0
15339,1,1,0,0,0,0
15341,1,0,0,1,0,1
15342,0,0,1,1,0,1
15344,1,1,1,1,0,0
15348,1,0,0,1,0,1
15351,0,0,0,1,1,1
15354,0,0,1,1,0,0
15355,0,0,0,0,0,0
15356,0,0,0,0,0,0
15357,1,1,0,0,1,0
15358,0,0,1,1,0,0
15359,1,0,1,0,0,0
15361,1,0,0,1,0,1
15362,1,1,1,1,0,1
15363,1,0,0,0,0,0
15364,1,0,0,1,0,0
15365,0,0,1,0,0,0
15366,1,0,1,0,0,0
15367,0,0,1,1,0,0
15369,1,0,1,1,0,0
15370,1,0,1,1,0,0
15371,1,1,0,0,0,0
15373,0,0,0,0,0,0
15374,1,0,1,0,0,0
15376,1,0,1,0,0,0
15377,1,0,0,0,0,0
15378,1,0,0,1,0,0
15381,1,0,0,0,0,0
15382,1,0,0,1,0,1
15383,1,1,0,1,0,0
15384,0,1,0,1,0,1
15385,0,1,1,1,0,1
15386,0,1,1,1,0,0
15387,1,1,0,0,0,1
15388,1,0,0,1,0,0
15389,1,1,1,0,0,0
15390,0,1,1,1,0,1
15391,1,1,1,0,0,0
15396,1,1,0,0,0,0
15397,1,0,0,0,0,0
15399,1,1,0,0,0,1
15400,1,0,1,0,1,1
15404,1,0,1,0,0,0
15405,0,0,0,0,0,0
15406,1,1,0,0,0,0
15407,0,0,0,0,0,0
15413,1,1,0,1,0,0
