15263,1,1,0,0,0,0
15264,0,1,1,1,1,1
15265,0,1,1,1,1,0
15266,1,1,1,1,1,0
15267,0,1,1,1,0,0
15268,0,0,0,1,0,1
15269,0,1,1,0,0,0
15270,1,1,0,1,1,0
15271,0,0,0,1,1,0
15272,1,1,0,0,0,0
15279,1,0,1,1,1,1
15281,0,1,1,0,0,0
15282,0,1,0,0,0,0
15283,0,0,0,0,0,0
15284,1,1,0,1,0,0
15285,1,0,1,0,0,0
15287,0,0,0,0,1,1
15290,0,0,0,1,1,0
15292,0,0,1,1,0,1
15293,1,0,1,1,0,1
15294,1,0,0,0,1,1
15295,0,1,1,0,0,1
15296,1,1,0,0,0,0
15297,0,0,1,0,0,1
15298,1,1,0,0,0,0
15310,0,0,0,0,0,0
15314,1,1,1,0,0,0
15316,0,0,0,0,0,0
15317,1,1,0,1,1,1
15318,0,0,1,1,1,1
15319,0,0,1,1,0,1
15320,1,1,0,0,0,0
15321,0,1,1,0,0,0
15322,1,0,1,0,0,0
15323,0,0,0,1,0,0
15324,0,0,1,0,0,0
15325,1,1,0,1,0,1
15326,0,0,1,1,0,0
15327,0,0,0,1,0,0
15328,0,0,1,1,0,1
15329,0,0,0,1,0,1
15330,0,0,0,0,0,0
15331,1,1,1,1,0,0
15346,0,0,1,0,0,0
15347,0,0,0,0,0,0
15356,0,0,0,0,0,0
15357,0,0,0,0,0,0
15358,1,0,0,1,1,1
15360,0,0,0,1,1,1
15362,0,0,0,0,1,1
15364,0,0,0,0,0,0
15365,0,0,0,0,0,0
15366,1,0,1,1,0,0
15367,0,0,0,1,0,0
15369,0,0,1,0,0,0
15372,0,0,0,1,1,1
15373,0,0,1,1,0,0
15374,1,0,0,0,0,0
15375,1,1,0,1,1,0
15376,0,0,1,0,0,0
15378,1,0,1,0,0,0
15379,1,0,0,0,0,1
15380,1,1,0,0,0,0
15381,1,0,0,1,0,1
15382,1,0,0,0,0,1
15385,1,1,0,0,0,0
15386,0,0,1,0,0,0
15387,1,0,0,0,0,0
15388,0,1,1,0,0,0
15389,1,0,1,0,0,0
15391,0,1,1,0,0,0
15393,0,0,1,0,1,0
15398,0,1,1,1,1,0
15399,1,1,1,1,0,0
15400,1,0,1,1,1,0
15401,1,0,0,1,0,0
15402,1,0,0,1,1,0
15403,0,1,1,1,0,0
15404,0,0,0,1,0,0
15406,0,1,1,0,0,0
15408,1,1,0,1,0,0
15409,1,0,0,1,0,0
15410,0,1,1,1,1,1
15413,1,0,1,1,1,0
15415,1,1,0,0,0,0
15416,1,1,0,0,0,0
15417,0,0,1,1,0,0
15418,1,0,0,0,0,0
15420,1,0,0,0,0,0
15422,0,0,0,0,0,0
15423,1,1,0,1,0,0
15424,0,0,0,0,0,0
15425,1,1,0,0,0,0
15426,1,1,0,0,0,0
15428,0,0,1,0,0,1
15429,0,0,1,1,0,0
15430,0,1,1,0,0,0
15431,0,0,1,0,0,1
15432,0,0,0,0,1,1
15433,0,0,1,1,0,0
15434,1,0,0,1,0,0
15435,0,0,1,0,1,1
15437,0,0,1,1,0,0
15439,0,0,1,1,0,0
15441,0,1,1,0,0,1
15442,0,0,0,0,0,0
15443,0,0,0,0,0,0
15444,1,1,1,0,0,0
15445,1,1,0,0,0,0
15446,0,0,0,0,0,0
15448,0,1,1,1,0,0
15449,0,0,0,1,1,0
15450,0,0,1,0,0,0
15452,0,0,1,1,1,0
15454,0,0,0,0,0,0
15456,0,0,1,1,0,1
15458,0,0,0,1,1,0
15459,0,1,1,1,0,0
15460,0,0,1,1,0,1
15461,0,0,1,0,1,0
15462,0,0,0,0,0,0
15463,0,0,0,0,0,0
15467,1,0,1,1,1,1
15468,0,1,0,0,1,1
15470,0,0,0,0,0,1
15473,0,0,1,0,0,0
15475,0,1,0,1,0,0
15476,0,1,0,0,0,0
15477,0,0,1,0,0,0
15478,0,1,1,0,0,0
15479,0,0,0,1,0,0
15480,0,0,0,0,0,0
15486,0,1,0,1,0,0
15487,1,0,1,1,0,1
15488,1,1,1,0,0,0
15489,1,1,1,1,1,0
15490,0,0,0,0,0,0
15491,1,0,1,0,0,0
15493,0,1,1,1,0,0
15496,1,0,1,0,0,0
15498,0,0,0,0,0,0
15499,1,0,0,1,0,1
15501,1,0,0,0,0,0
15502,1,1,0,0,0,0
15503,0,1,1,1,1,0
15504,0,0,0,0,0,0
15505,0,0,0,0,0,0
15508,0,1,0,1,0,1
15509,0,0,0,0,0,0
15510,0,0,0,0,0,0
15512,0,0,0,1,0,1
15515,1,0,0,1,0,0
15516,0,0,0,0,0,0
15521,1,0,0,0,0,0
15522,0,0,0,0,0,0
15523,1,0,0,0,0,0
15524,0,0,0,0,0,0
15526,0,1,1,0,0,0
15527,1,1,0,0,0,0
15528,0,1,0,1,0,1
15529,1,1,1,0,0,0
15534,0,0,0,0,0,0
15535,0,0,0,1,1,0
15536,0,1,0,1,1,0
15537,0,1,0,1,1,0
15538,0,0,0,0,0,0
15539,0,0,1,0,0,0
15540,0,0,0,0,0,0
15542,0,0,1,1,1,0
15543,0,0,0,0,0,0
15545,0,0,1,0,0,0
15547,1,0,1,0,0,0
15548,1,1,0,0,0,0
15608,0,1,0,0,0,0
15609,0,0,0,0,0,0
15610,0,1,0,0,0,0
15611,0,1,0,1,1,0
15612,1,1,0,0,1,0
15614,0,1,0,0,0,0
15615,0,0,0,1,1,1
15616,0,0,0,1,0,0
15617,0,1,0,0,0,0
15618,0,1,0,1,0,1
15619,0,0,0,0,0,0
15620,1,1,0,1,0,0
15621,0,1,1,1,0,1
15622,1,1,0,1,0,0
15623,1,0,1,0,0,0
15624,0,1,0,1,0,0
15625,0,1,0,1,0,0
15626,0,1,0,0,0,0
15627,0,1,1,1,0,0
15628,0,1,0,0,0,0
15629,0,0,1,0,0,0
15630,0,0,1,1,0,0
15631,1,1,0,1,0,1
15632,0,1,0,0,0,0
15633,0,0,1,0,0,0
15634,1,0,0,1,0,0
15635,0,1,0,1,0,0
15636,0,1,0,1,0,1
15637,0,0,1,1,0,0
15638,0,0,0,1,0,1
15639,0,0,1,0,0,0
15640,0,1,0,0,0,0
15641,1,0,0,1,0,0
15642,1,0,0,0,0,0
15645,1,1,1,1,1,0
15646,1,1,1,1,0,0
15648,0,0,0,1,0,0
15649,0,0,0,1,1,0
15650,1,1,1,1,0,0
15652,1,1,1,1,1,0
15653,1,1,0,1,0,0
15654,0,1,0,0,0,0
15655,0,0,0,0,0,0
15656,0,0,1,0,0,0
15657,1,1,0,0,0,0
15659,1,1,1,1,1,0
15660,1,1,0,1,0,1
15661,0,0,1,0,0,0
15663,1,1,0,0,0,0
15664,1,0,0,1,0,1
15667,1,0,0,1,0,0
15670,1,1,0,1,0,0
15671,0,1,0,0,0,0
15672,0,0,1,0,1,0
15673,0,0,1,0,0,0
15674,0,0,0,1,0,0
15675,0,1,0,1,0,0
15676,0,1,0,0,0,0
15677,0,1,0,0,0,0
15678,0,0,1,0,1,1
15679,0,0,1,0,0,0
15680,0,0,1,0,0,0
15681,1,1,0,0,0,0
15682,0,0,1,0,0,0
15685,0,0,1,0,0,0
15686,1,1,0,1,1,0
15687,0,1,1,1,0,0
15689,0,1,0,0,0,0
15690,0,0,1,0,0,0
15691,0,1,0,1,0,0
15692,1,1,1,1,0,0
15693,1,1,1,0,1,0
15694,0,0,1,0,0,0
15695,0,1,0,1,1,0
15696,0,0,1,0,0,0
15697,1,1,1,1,0,0
15699,1,0,0,0,0,0
15700,1,0,0,0,0,0
15701,0,1,0,0,0,1
15702,0,0,1,1,1,0
15704,0,0,1,0,0,0
15705,0,1,0,1,0,0
15707,0,0,1,1,0,1
15709,1,0,1,0,0,0
15710,0,1,0,1,0,1
15711,1,0,0,0,1,0
15714,0,1,1,1,0,0
15715,1,0,1,0,0,0
15716,0,0,1,0,0,0
15718,0,0,1,0,0,0
15719,1,1,0,0,0,0
15720,0,1,1,1,1,1
15722,1,0,1,1,0,1
15723,1,0,1,1,0,0
15725,0,1,1,1,0,1
15726,1,0,1,0,0,0
15727,0,0,1,1,0,0
15728,1,1,0,0,0,0
15729,1,1,0,1,0,1
15730,1,0,0,0,1,1
15731,1,0,1,0,0,0
15732,0,0,1,0,0,0
15733,0,0,1,1,0,1
15734,0,0,1,0,0,0
15736,1,1,0,0,0,1
15737,1,1,0,0,0,0
15738,1,0,0,0,0,0
15741,0,1,1,1,0,0
15742,1,0,1,0,0,0
15743,1,1,0,1,0,0
15744,1,0,1,0,0,0
15746,1,1,0,1,0,0
15747,1,0,0,0,0,0
15751,1,0,1,0,0,0
15753,1,1,0,0,0,0
15758,0,0,0,1,0,1
15759,0,1,0,1,0,0
15761,0,1,0,0,1,0
15773,0,1,0,1,1,1
15774,0,0,0,1,1,1
15775,1,0,1,0,0,0
15776,0,1,0,1,0,1
15778,0,0,0,0,1,1
15779,1,1,0,1,0,1
15780,1,1,1,1,1,0
15781,0,0,1,1,0,0
15782,1,0,1,1,1,0
15783,0,1,1,1,1,0
15784,0,0,0,1,1,1
15785,0,0,0,0,1,0
15786,1,1,0,1,1,1
15787,1,1,0,1,1,1
15789,0,0,0,1,1,1
15810,0,0,1,0,0,0
15811,0,0,1,0,0,0
15813,1,0,1,1,0,0
15815,0,1,0,0,0,0
15817,1,1,1,1,0,0
15818,1,0,1,0,0,1
15819,1,0,1,0,1,0
15820,0,1,0,0,0,0
15821,0,1,0,0,0,0
15822,1,0,0,0,0,0
15823,0,1,0,0,0,0
15824,0,0,1,0,1,0
15825,0,0,1,0,0,1
15826,0,0,1,1,1,0
15827,0,1,0,0,0,0
15828,1,0,1,0,0,0
15829,1,1,0,0,0,0
15830,0,0,1,1,0,0
15831,0,1,1,1,1,1
15833,0,0,0,0,0,0
15889,0,1,0,1,1,1
15890,0,0,1,0,0,0
15891,0,0,0,1,0,1
15892,0,0,0,0,1,0
15893,1,1,0,1,0,1
15894,0,0,0,0,0,0
15895,1,1,0,1,0,1
15898,0,0,1,0,0,0
15899,0,0,1,0,1,0
15900,1,0,0,1,0,0
15907,1,0,1,1,0,1
15926,0,0,1,1,0,1
15928,0,0,1,0,0,1
15929,1,0,1,1,0,0
15932,0,0,1,1,0,1
15933,1,1,0,0,0,0
15935,1,0,1,1,0,1
15936,0,0,1,1,0,1
15937,0,0,0,1,0,1
15938,1,0,0,0,0,0
15939,0,1,1,1,0,1
15940,1,0,1,1,0,1
15941,0,0,1,0,0,1
15942,1,0,0,1,0,1
15943,0,1,1,1,0,1
15945,0,0,1,0,0,0
15947,1,1,1,0,0,0
15953,0,0,0,1,0,1
15954,1,0,1,1,0,0
15955,0,0,1,1,0,0
15956,1,0,0,1,1,0
15957,1,0,0,1,0,1
15959,0,0,1,0,0,0
15960,1,0,1,1,1,0
15961,0,0,1,1,0,1
15962,0,0,1,0,0,0
15963,1,0,1,0,1,0
15964,0,0,0,0,0,0
15965,1,0,0,0,0,0
15966,1,1,0,1,1,1
