14129	0.333333333333333
14130	0.333333333333333
14131	0.166666666666667
14132	0.366666666666667
14133	0.466666666666667
14134	0.428571428571429
14135	0.488095238095238
14136	0.453703703703704
14137	0.496296296296296
14138	0.527272727272727
14139	0.494949494949495
14140	0.47008547008547
14142	0.498168498168498
14143	0.476190476190476
14144	0.458333333333333
14145	0.522058823529412
14146	0.501089324618737
14149	0.518518518518519
14150	0.533333333333333
14151	0.546031746031746
14152	0.526695526695527
14153	0.509881422924901
14154	0.522946859903382
14155	0.507777777777778
14158	0.52
14159	0.506172839506173
14160	0.470017636684303
14161	0.483579638752053
14162	0.473563218390805
14163	0.486021505376344
14164	0.476478494623656
14165	0.488005050505051
14166	0.478906714200832
14167	0.470588235294118
14168	0.462962962962963
14169	0.473973973973974
14170	0.466571834992888
14171	0.476833108412056
14172	0.46965811965812
14173	0.479268292682927
14174	0.472319008904375
14175	0.465854558877815
14176	0.474982381959126
14177	0.468686868686869
14178	0.46280193236715
14179	0.485661424606846
14180	0.493203309692671
14181	0.473072562358277
14182	0.467482993197279
14183	0.449150326797386
14184	0.457516339869281
14185	0.452830188679245
14186	0.460750058234335
14187	0.468237934904602
14188	0.463419913419913
14190	0.458855472013367
14191	0.466021375277274
14192	0.461523475550361
14193	0.457250470809793
14194	0.453187613843352
14195	0.460074034902168
14196	0.45605052056665
14197	0.452215608465609
14198	0.448557692307692
14199	0.445066045066045
14200	0.431780491481984
14201	0.428884986830553
14202	0.416453537936914
14203	0.404554865424431
14204	0.411938296445339
14205	0.428273343766302
14206	0.416539827498732
14207	0.423300012341108
14208	0.438678678678679
14209	0.453450292397661
14210	0.450330371383003
14211	0.447330447330447
14213	0.452883263009845
14214	0.449894514767933
14215	0.455246913580247
14216	0.444143330322192
14217	0.441473209912822
14218	0.446834958883152
14219	0.452007469654529
14220	0.449247606019152
14221	0.44658291009534
14222	0.451584813653779
14223	0.456418113721485
14224	0.453682896379526
14225	0.451037851037851
14226	0.455725433986304
14227	0.453093345800218
14228	0.457637459010143
14229	0.455020530048526
14230	0.459429824561404
14232	0.456829896907217
14233	0.461112279963532
14234	0.458530887102316
14235	0.462693602693603
14236	0.46013201320132
14237	0.457645764576458
14238	0.448759439050701
14239	0.446539706248444
14240	0.444383394383394
14241	0.442288110212639
14243	0.44648210192206
14244	0.438213914849429
14245	0.430173292558614
14246	0.434473172087851
14247	0.426644826644827
14248	0.436883311883312
14249	0.435050568900127
14250	0.433266055995446
14251	0.431528095601322
14252	0.435582208895552
14253	0.439532370566853
14254	0.432082669370805
14255	0.430423016664293
14256	0.439915966386555
14257	0.438154269972452
14258	0.436435893961975
14261	0.440179483762051
14262	0.438456158755136
14263	0.447440860215054
14264	0.450920634920635
14265	0.44381952255968
14266	0.442093175853018
14267	0.445574935400517
14268	0.438719936394355
14269	0.432021922098258
14270	0.43557714550081
14271	0.42902711323764
14272	0.422623723487824
14273	0.426239174497881
14274	0.424872912127814
14275	0.428402747960498
14276	0.436686766105998
14277	0.430403503284329
14278	0.433778691332648
14279	0.432353934481594
14280	0.430959278127393
14281	0.43425588496011
14282	0.437483812483813
14283	0.431449553001277
14284	0.434671705243269
14285	0.44236324666853
14286	0.440889869461298
14287	0.434971884636314
14288	0.433616703952274
14289	0.44111846946284
14290	0.439700243987452
14291	0.438309826854719
14292	0.436946495770025
14293	0.439910627007401
14294	0.438544251447477
14295	0.441450269475747
14296	0.444301109946518
14297	0.442905288857044
14298	0.445702306079665
14299	0.448447204968944
14300	0.451141272397311
14301	0.453785755762579
14302	0.452316823781735
14303	0.446834195614683
14304	0.445466715346233
14305	0.444123800591588
14306	0.446773120425815
14307	0.44543063773833
14308	0.448033414549252
14309	0.454489164086687
14310	0.460832313341493
14311	0.467065465788413
14312	0.469359732465174
14313	0.467805145046524
14314	0.470064935064935
14315	0.464753466872111
14316	0.467022154510252
14317	0.472977214236395
14318	0.471425615559694
14319	0.469899733988132
14320	0.468399004310607
14323	0.463279889509398
14326	0.469113803753861
14327	0.467645906776342
14328	0.473370144337886
14329	0.471872424434094
14330	0.470398604316001
14331	0.468948178168036
14332	0.467520653485566
14333	0.469605952052907
14334	0.471658667830134
14335	0.470225244674727
14337	0.468813987856774
14338	0.467424442682175
14342	0.466056166056166
14346	0.468092820884699
14347	0.466731613939736
14348	0.462040843950392
14349	0.464087102177555
14350	0.466102819237148
14351	0.464788269871763
14352	0.463493147344291
14353	0.46548504459255
14354	0.46094372708433
14355	0.45970479122267
14356	0.461704422869471
14357	0.460470085470085
14358	0.459253465832413
14359	0.458054226475279
14360	0.460031595576619
14361	0.458836328951683
14362	0.460787787521776
14363	0.45959662439852
14364	0.455321306962255
14365	0.451105368934826
14367	0.450019912385504
14368	0.448949393311631
14369	0.447893538882605
14370	0.443821779438218
14371	0.442821883998355
14372	0.444838503662033
14373	0.443838457291372
14374	0.44285180439889
14375	0.441878306878307
14377	0.440917731891183
14380	0.43703299416527
14387	0.439047324625808
14388	0.438124058326311
14389	0.440111385355357
14390	0.439186900056465
14391	0.438274369308852
14392	0.440234818213211
14394	0.442170133157258
14395	0.438406983087834
14396	0.437516528428898
14397	0.436637345347923
14399	0.441371485302982
14400	0.440467400349261
14401	0.442352394235239
14402	0.441447671738128
14403	0.440554164809163
14404	0.442415173054904
14405	0.438788819177405
14406	0.440649046503848
14407	0.445196615231458
14408	0.44429083966953
14409	0.448772365156066
14410	0.447845144016928
14411	0.449595716198126
14412	0.446013280212483
14413	0.447764497565295
14414	0.446859903381643
14415	0.445965993381262
14416	0.447696979054089
14420	0.452011846405229
14421	0.451088278210117
14429	0.450175449180064
14430	0.44927319345924
14432	0.448381348381348
14433	0.450054032812654
14434	0.451707564368791
14435	0.450807380102362
14440	0.449917425202596
14441	0.451553268534401
14442	0.45317066250532
14443	0.452273004608901
14446	0.451385395121769
14447	0.450507684625201
14449	0.454577998072422
14450	0.458603252699194
14452	0.460133130743072
14453	0.461646196940315
14454	0.460709606695008
14455	0.462207476222075
14461	0.461273605621432
14463	0.460349849142817
14464	0.459436061259296
14472	0.458532099051941
14477	0.460018774534904
14478	0.461489578037621
14479	0.458216602306858
14480	0.45733403503496
14481	0.458808208497155
14483	0.457927683057409
14484	0.461718398560504
14485	0.465469489859734
14486	0.464551877661634
14487	0.463643790849673
14488	0.462745098039216
14489	0.461855670103093
14490	0.460975380125218
14491	0.460104103355307
14492	0.459241717164682
14493	0.460647988008763
14494	0.459787753855551
14503	0.456691540024873
14504	0.458100769062738
14505	0.45726620427525
14506	0.456439985135637
14507	0.460051679586563
14508	0.461419990759279
14509	0.464974974318624
14510	0.464108910891089
14511	0.465437158469945
14512	0.464573734776242
14513	0.463718748447624
14514	0.467201094236925
14515	0.470649630843806
14516	0.469763719246964
14517	0.468886353421153
14518	0.468017423805205
14519	0.469286748040742
14520	0.468420802724134
14521	0.469679506622182
14522	0.473035965441029
14523	0.474257610243714
14524	0.475467730095431
14525	0.4787563336685
14526	0.475764106583072
14527	0.47279984423676
14528	0.471933592616242
14529	0.469011403188278
14530	0.466116271069832
14531	0.465299145299145
14532	0.464489539090766
14533	0.46368736046228
14534	0.462892518833445
14535	0.464131267452492
14536	0.463338552700255
14537	0.460538923983033
14538	0.457764593115665
14539	0.45901926022408
14540	0.460262657867448
14541	0.457514821104061
14542	0.458759772565743
14543	0.4580154020065
14544	0.461222411462083
14545	0.460467903626515
14546	0.461680837526751
14547	0.460928066241159
14548	0.464080533690041
14549	0.46720542853733
14550	0.466427102402423
14551	0.465655544320863
14552	0.464890676049259
14557	0.46221119088471
14559	0.463386222354721
14560	0.464551153267683
14561	0.463801337153773
14562	0.464957264957265
14563	0.464209401709402
14564	0.463467894239849
14565	0.464615909903277
14566	0.463876289753588
14590	0.466888220710028
14591	0.468007427690177
14592	0.469117255840884
14593	0.468360799448084
14594	0.46946249871041
14595	0.468708320508875
14596	0.466118771776781
14597	0.467223718856064
14598	0.466488057397148
14599	0.463931958452506
14600	0.461396811138558
14601	0.460698917526541
14602	0.46181830746752
14603	0.462928596677271
14604	0.460426279938475
14606	0.461538087953182
14607	0.462640929774223
14608	0.461947591455505
14609	0.461259814674103
14610	0.46235531788473
14611	0.461669030732861
14612	0.462756551347894
14613	0.460308103986265
14614	0.459638052426091
14615	0.458973290746656
14616	0.458313763411153
14617	0.457659415609698
14618	0.457010193247942
14619	0.459838265158109
14620	0.459181096681097
14621	0.456801920014355
14622	0.459609145233919
14623	0.45724002592859
14624	0.456602973524501
14625	0.457680223232923
14630	0.458749207598313
14631	0.458109330688797
14632	0.457474338335843
14633	0.45853622832737
14634	0.45790228961854
14635	0.455589651792184
14636	0.453294489818419
14637	0.452691669936585
14638	0.452093382535065
14639	0.451499582289056
14640	0.452572734829593
14641	0.453637878769081
14642	0.451386574159805
14643	0.449151987159014
14644	0.450226133724484
14645	0.448008270996777
14646	0.449082759427587
14647	0.450149347208171
14648	0.44957811975646
14649	0.450637088277973
14650	0.451688327102249
14651	0.449495665320199
14652	0.448933135867479
14653	0.446764376757008
14654	0.44621772112605
14655	0.448880135928329
14656	0.4499246756441
14657	0.450961718663347
14658	0.450400246656998
14659	0.451430086752283
14660	0.449285525770086
14661	0.450315768144004
14662	0.448186615575947
14663	0.447644854810652
14664	0.448675545689974
14665	0.448134032955905
14666	0.446035044511147
14667	0.44550840100097
14668	0.446539441866545
14669	0.446012901826855
14670	0.445490026799043
14671	0.444970782847813
14672	0.444455136429732
14673	0.442406956077522
14674	0.441905468156859
14675	0.441407430841154
14676	0.439387259532957
14677	0.441947135060204
14678	0.441452311362131
14679	0.440960861462001
14681	0.441984470555899
14682	0.44149283645082
14684	0.442509422591749
14685	0.443519139907402
14688	0.444522050140028
14689	0.445518214339699
14696	0.443524844253168
14697	0.443032917865133
14698	0.442544278290381
14699	0.440577414831312
14700	0.440101831321344
14701	0.439629404339096
14710	0.440631776358202
14711	0.441627524773658
14712	0.441151506349744
14713	0.442140607930082
14714	0.441664427297273
14715	0.439735761675888
14716	0.43927213453714
14717	0.441710081778283
14718	0.442686032255022
14719	0.442212643948002
14720	0.441742322951826
14721	0.44127504282416
14722	0.440810777406996
14723	0.438918885658468
14724	0.438466699138874
14725	0.439441912675317
14726	0.440410888172082
14727	0.439955239002556
14728	0.440917920224059
14729	0.439049623951924
14730	0.440012063878836
14731	0.440968412413806
14732	0.440515212080835
14733	0.440064868052484
14734	0.439617356376513
14735	0.439172653351228
14736	0.438730735522343
14737	0.441069357457666
14738	0.440621390621391
14739	0.440176211960444
14740	0.441114060634176
14741	0.442046096196294
14742	0.441597796143251
14743	0.441152263374486
14744	0.440709475160764
14745	0.440269409005734
14746	0.439832042643066
14747	0.440757898251325
14748	0.440320323648808
14749	0.441240430734246
14750	0.442154938790767
14751	0.444413420819954
14755	0.443964612385665
14756	0.444862604540024
14757	0.445755176218602
14758	0.446642370959357
14759	0.448860237208017
14760	0.449731462925852
14761	0.449266799733866
14762	0.448804913413545
14763	0.448345781882411
14765	0.447889383277057
14766	0.447435695950548
14767	0.446984698469847
14768	0.445221445221445
14769	0.444780940843933
14770	0.445652790454238
14771	0.445212321994941
14772	0.446079070897765
14773	0.448242824527071
14776	0.447794834307992
14779	0.449943492540257
14780	0.449490637553046
14781	0.450332405107749
14782	0.449879797479995
14783	0.449429811131939
14784	0.450266947376774
14785	0.449817202707376
14786	0.44937004773857
14787	0.448925462625906
14788	0.448483427714653
14789	0.450588452799712
14790	0.448871925360475
14791	0.44843261512463
14792	0.449260827843955
14793	0.44755908228394
14794	0.447127226900384
14797	0.446697815981263
14798	0.447526323893449
14799	0.447097026936456
14800	0.44917170976221
14801	0.451234737066472
14802	0.45079398415532
14803	0.45035569814479
14804	0.449919860659459
14805	0.449486453494678
14806	0.447818600234957
14807	0.448629148629149
14808	0.449435202300267
14809	0.451466806719823
14810	0.451031692637368
14811	0.451824468277182
14812	0.451389638424177
14813	0.45217819896719
14814	0.452962434680899
14815	0.452525832121236
14816	0.450877286284729
14817	0.450449853728542
14818	0.450024748391355
14820	0.448394223940661
14821	0.449183636030086
14833	0.449968773324803
14834	0.448347264231741
14835	0.450331626590619
14836	0.451108413089995
14837	0.451881023317868
14838	0.450264275470577
14839	0.45103714115342
14840	0.451805873864698
14841	0.452570503020576
14842	0.45333105777598
14843	0.454087567027365
14844	0.454840059415469
14845	0.455588563328017
14846	0.453981548995291
14847	0.454730440254697
14848	0.453132090728318
14849	0.455050925497693
14850	0.455792136500036
14851	0.456529460032087
14852	0.456099456099456
14853	0.454510259388308
14854	0.452929354138262
14855	0.451356682769726
14856	0.450947589704089
14857	0.450540619958861
14858	0.451287169342999
14859	0.450880431977448
14860	0.450475794804835
14861	0.452364194135403
14862	0.450812344412811
14863	0.449268466520987
14864	0.448872107091285
14865	0.447340120377663
14866	0.446951681580238
14867	0.447699011461484
14868	0.447310672995854
14869	0.445794365629766
14870	0.445413786840269
14871	0.443909010533376
14872	0.442411846922808
14873	0.44428924811162
14874	0.443916287053542
14875	0.44578233978155
14876	0.444288931608078
14877	0.442803015448853
14878	0.441324541273732
14879	0.439853459469486
14880	0.439498983176188
14881	0.440253693088116
14882	0.439899065029228
14883	0.439546198367983
14884	0.439195081458778
14885	0.438845702752093
14886	0.438498050793547
14887	0.438152114222955
14888	0.438902572523262
14889	0.43855644387018
14890	0.440394229651293
14891	0.440044357441103
14892	0.439696197492954
14893	0.440435514982119
