14296	0.333333333333333
14297	0.555555555555556
14298	0.277777777777778
14301	0.3
14302	0.2
14303	0.333333333333333
14304	0.333333333333333
14305	0.407407407407407
14306	0.459259259259259
14307	0.375757575757576
14308	0.313131313131313
14309	0.316239316239316
14310	0.366300366300366
14311	0.317460317460318
14312	0.361111111111111
14313	0.357843137254902
14314	0.318082788671024
14315	0.284600389863548
14316	0.256140350877193
14317	0.295238095238095
14319	0.268398268398268
14320	0.33201581027668
14323	0.359903381642512
14324	0.331111111111111
14325	0.305641025641026
14326	0.332383665716999
14327	0.332451499118166
14329	0.332512315270936
14331	0.332567049808429
14332	0.332616487455197
14333	0.353494623655914
14339	0.372474747474748
14340	0.370172311348782
14341	0.387114845938375
14344	0.365608465608466
14345	0.345845845845846
14348	0.345187292555714
14349	0.327485380116959
14351	0.327777777777778
14354	0.328048780487805
14355	0.360046457607433
14356	0.358803986710964
14359	0.342494714587738
14360	0.356902356902357
14365	0.355877616747182
14366	0.354918285538082
14370	0.354018912529551
14371	0.366780045351474
14372	0.365442176870748
14374	0.377254901960784
14376	0.388386123680241
14377	0.373730043541364
14380	0.359888190076869
14384	0.358922558922559
14389	0.36991341991342
14390	0.368629908103592
14391	0.367412784835652
14392	0.366257549191506
14393	0.354048964218456
14397	0.353369763205829
14398	0.352723426758329
14399	0.34152585765489
14404	0.351686507936508
14415	0.340865384615385
14416	0.330536130536131
14417	0.330619629127092
14418	0.330699443956687
14419	0.340437624325092
14420	0.330710835058661
14421	0.330784708249497
14422	0.340114762649974
14424	0.339928970065956
14425	0.330741700604714
14426	0.321921921921922
14446	0.330994152046784
14465	0.331054910002278
14490	0.33966033966034
14520	0.339500162284972
14525	0.347679324894515
14529	0.363786008230453
14530	0.36304326006223
14531	0.378391615241454
14532	0.369382291069038
14533	0.368534080298786
14534	0.367715458276334
14538	0.359262229350441
14539	0.351097178683386
14540	0.365679264555669
14541	0.364960466084062
14544	0.364265364265364
14545	0.36359292881032
14546	0.355773726040206
14547	0.34820407229467
14548	0.34789100410601
14549	0.347587719298246
14550	0.354166666666667
14555	0.346938775510204
14556	0.339929911358483
14559	0.33979797979798
14562	0.3396699669967
14563	0.33954571927781
14565	0.339425090424519
14567	0.332897684839432
14568	0.332905982905983
14569	0.339203354297694
14571	0.345324163874684
14572	0.338929271951079
14573	0.338826594178276
14574	0.338726716708368
14575	0.332623532623533
14576	0.332636207636208
14577	0.332648546144121
14579	0.338508513170833
14580	0.332621408593949
14581	0.332633683158421
14582	0.326947637292465
14583	0.332705586942875
14589	0.338318378198737
14591	0.338235294117647
14592	0.338154269972452
14613	0.33807523822427
14614	0.337998134079702
14615	0.337922895357986
14616	0.332516129032258
14620	0.327238095238095
14621	0.327334083239595
14622	0.32742782152231
14623	0.327519379844961
14629	0.332737030411449
14630	0.332746134272852
14631	0.337805536278819
14633	0.347763347763348
14636	0.352523098791756
14637	0.347300534365211
14638	0.35199709513435
14639	0.351724631458423
14642	0.356289008780281
14645	0.36075487436138
14646	0.365125042822885
14651	0.36467409658899
14653	0.368927513068958
14656	0.368429692373354
14657	0.363312613312613
14659	0.362899106002554
14660	0.362494095418044
14664	0.362097350355667
14665	0.366213151927438
14667	0.365771812080537
14668	0.365339299030574
14672	0.369330389992642
14673	0.373242709422563
14676	0.368363719756909
14679	0.37223778400249
14681	0.376036866359447
14684	0.3712158808933
14686	0.374979585170668
14687	0.378671826708592
14689	0.382294403311838
14693	0.381682389937107
14696	0.37694099378882
14698	0.380517853947806
14752	0.37584892322452
14756	0.371265399770562
14758	0.370805617147081
14763	0.374370208105148
14765	0.377870764495106
14766	0.38130881094953
14769	0.380741053817977
14771	0.384104884557373
14772	0.387409700722394
14773	0.382904936760506
14776	0.386185419187167
14777	0.385577923947468
14780	0.381171319102354
14784	0.384415584415585
14786	0.387604862181133
14787	0.386995069722169
14789	0.390119892034398
14796	0.389488930271053
14797	0.388868426437487
14799	0.395584158015097
14800	0.398546808382874
14801	0.401461154668567
14802	0.397121034077556
14803	0.400019374212923
14804	0.402871216912963
14805	0.40213145219403
14814	0.401403429772224
14815	0.400686902441288
14816	0.396491228070175
14820	0.395833333333333
14822	0.402094127806563
14825	0.404821679753575
14827	0.400669662525333
14828	0.396581196581197
14829	0.399323181049069
14832	0.395289613563725
14834	0.391316853628411
14835	0.390737018425461
14837	0.39016583747927
14839	0.392903469451423
14840	0.395600643808223
14842	0.394990179980038
14843	0.394388649768851
14845	0.39379587970637
14846	0.39321170051436
14847	0.39904620339403
14848	0.398417372101583
14850	0.397797524113314
14852	0.400346046791544
14853	0.396569197293511
14854	0.399105323766498
14855	0.395375367469615
14856	0.391697457074549
14857	0.388070628768303
14858	0.384493940945554
14859	0.390140785524035
14860	0.38657785597587
14861	0.389124117891241
14863	0.388619223913342
14864	0.391124155830038
14876	0.396584925732908
14884	0.396020179372197
14886	0.398425925925926
14923	0.400799737790888
14924	0.400205320130469
14925	0.399618723755056
14927	0.399039812048316
14929	0.401367002088475
14930	0.400777965995357
14935	0.400196546748271
14937	0.399622613585911
14940	0.399056038541017
14944	0.398496696369037
14946	0.400769323235966
14952	0.400200243152399
14953	0.402439456795377
14955	0.404650563154132
14956	0.404056252905625
14957	0.403469340710005
14958	0.402889704285404
14959	0.402317223866045
14961	0.399019541703209
14963	0.401204416192707
14964	0.403362645871357
14965	0.400096551572803
14966	0.404934482608506
14967	0.404359372975774
14970	0.406457831325301
14971	0.408531208499336
14972	0.40528889732077
14974	0.407355124746429
14975	0.409396947911155
14977	0.40618599145695
14978	0.408220996732026
14984	0.41282628080415
14985	0.412210056405152
14986	0.41674897488851
14987	0.413543213543214
14988	0.415482856862167
14989	0.414855761262711
14990	0.414235818844997
14991	0.413622921227484
14992	0.415532685344006
14993	0.419927176431645
14994	0.421775412313555
14997	0.421115396798778
14998	0.420462742051823
14999	0.422286474826748
15000	0.426550043278211
15001	0.425864626293322
15002	0.42274473892121
15005	0.422092100924218
15007	0.423870825038708
15008	0.423214756258235
15009	0.422565792915817
15012	0.421923832774935
15013	0.421288775431268
15014	0.418279569892473
15017	0.420047449584816
15018	0.419432455852536
15019	0.418823981488443
15020	0.415874516830074
15021	0.415295280454658
15022	0.414722119985278
15029	0.414154950740317
15030	0.413593689508324
15032	0.410731449442522
15033	0.407898818756712
15034	0.409677291938223
15035	0.409154388112163
15036	0.408636838250191
15037	0.410392143205405
15038	0.414389484607402
15040	0.413841807909605
15041	0.415544332210999
15043	0.414992580540679
15044	0.41890567364743
15045	0.41833519137867
15047	0.417770394979697
15048	0.41721120914098
15049	0.418857779817717
15050	0.416102136529443
15051	0.417745182628703
15052	0.415014821957927
15053	0.414482694996203
15054	0.413955751089302
15055	0.415591420445789
15056	0.41506072310958
15057	0.414535145040279
15058	0.414014620606261
15059	0.413499085224325
15061	0.4151116175902
15062	0.412475988272167
15063	0.409865380751457
15064	0.409382528717273
15065	0.413097104008359
15066	0.412597017671839
15068	0.412101619644723
15069	0.415764537902388
15070	0.413182149468212
15071	0.414751713042196
15072	0.416306743620125
15074	0.417847420069642
15075	0.419373918515023
15076	0.41680894042013
15077	0.416299942815942
15078	0.417821928979168
15079	0.421350280924749
15080	0.418804357777168
15090	0.420297504216261
15091	0.417773194881629
15092	0.42125958293623
