14323	1
14327	0.555555555555556
14332	0.611111111111111
14342	0.366666666666667
14343	0.466666666666667
14361	0.523809523809524
14377	0.476190476190476
14433	0.37037037037037
14456	0.362962962962963
14468	0.418181818181818
14469	0.45959595959596
14470	0.491452991452992
14543	0.468864468864469
14586	0.450793650793651
14633	0.519444444444445
14676	0.497549019607843
14686	0.516339869281046
14768	0.497076023391813
14782	0.514035087719298
14788	0.528571428571429
14794	0.510822510822511
14798	0.495388669301713
14808	0.454106280193237
14809	0.471111111111111
14827	0.460512820512821
14830	0.451092117758785
14832	0.442680776014109
14905	0.412151067323481
15039	0.406896551724138
15068	0.380645161290323
15131	0.398521505376344
15134	0.414772727272727
15135	0.429590017825312
15136	0.424089635854342
15140	0.456084656084656
15149	0.467467467467468
15150	0.46040777619725
15151	0.470985155195682
15153	0.447435897435898
15165	0.458130081300813
15184	0.452187379016647
15188	0.462163159837579
15327	0.45630725863284
15363	0.436026936026936
15379	0.4170692431562
15380	0.413506012950971
15384	0.396276595744681
15386	0.407312925170068
15390	0.404353741496599
15391	0.40156862745098
15392	0.386123680241327
15397	0.396710208030963
15402	0.382017237363149
15403	0.380246913580247
15408	0.39047619047619
15409	0.376775271512114
15410	0.398265779391006
15413	0.384765244496396
15415	0.383050847457627
15430	0.381420765027322
15433	0.390622245725366
15434	0.378221539511862
15436	0.366402116402116
15437	0.365384615384615
15438	0.374514374514375
15439	0.373285089703
15440	0.362306116476441
15441	0.351804489911907
15445	0.341752933057281
15447	0.341515761234071
15448	0.332029212310903
15457	0.332064941653983
15458	0.332099222510182
15461	0.341021021021021
15462	0.332046783625731
15464	0.340738209159262
15469	0.332001332001332
15502	0.32359623498864
15521	0.340506329113924
15542	0.332098765432099
15561	0.332128876844324
15562	0.324125771378196
15629	0.316408491107286
15631	0.316806722689076
15632	0.3171910624715
15635	0.325224984407021
15636	0.325409265064438
15637	0.33307797071842
15638	0.340491052850603
15641	0.354985754985755
15643	0.361761426978818
15648	0.361150070126227
15675	0.360558224662549
15676	0.352967525195969
15677	0.359502923976608
15678	0.365836197021764
15680	0.378778315449891
15709	0.384594241737099
15712	0.376902356902357
15721	0.369438943894389
15725	0.375266938458552
15726	0.374452693698839
15727	0.367251680358477
15745	0.366605616605617
15746	0.365977837675951
15747	0.359137130429672
15748	0.358659282335295
15751	0.358194586023332
