15376	0
15377	0.222222222222222
15378	0.277777777777778
15379	0.433333333333333
15380	0.4
15382	0.380952380952381
15383	0.369047619047619
15384	0.287037037037037
15387	0.42962962962963
15390	0.472727272727273
15391	0.44949494949495
15405	0.431623931623932
15407	0.36996336996337
15408	0.40952380952381
15411	0.483333333333333
15412	0.504901960784314
15414	0.485838779956427
15415	0.469785575048733
15417	0.456140350877193
15418	0.476190476190476
15420	0.432900432900433
15421	0.424242424242424
15423	0.472222222222222
15425	0.514444444444445
15426	0.551794871794872
15428	0.560303893637227
15431	0.591710758377425
15432	0.59688013136289
15433	0.557088122605364
15443	0.56415770609319
15444	0.528897849462366
15447	0.517045454545455
15453	0.545454545454545
15454	0.533333333333333
15456	0.522222222222222
15457	0.53003003003003
15459	0.502133712660029
15462	0.527665317139001
15463	0.517948717948718
15464	0.52520325203252
15465	0.516066589237321
15470	0.492063492063492
15471	0.484848484848485
15474	0.492929292929293
15478	0.485990338164251
15480	0.493678692568609
15482	0.500886524822695
15483	0.50765306122449
15484	0.500680272108844
15485	0.494117647058824
15486	0.500754147812971
15488	0.494436381228834
15489	0.500815280689495
15492	0.494725028058361
15494	0.488961038961039
15495	0.471804511278196
15499	0.4670296430732
15524	0.473796999805182
15525	0.480225988700565
15533	0.475409836065574
15535	0.460074034902168
15539	0.45605052056665
15540	0.462632275132275
15541	0.448397435897436
15544	0.444910644910645
15546	0.46148047640585
15551	0.45771144278607
15552	0.463768115942029
15553	0.450517598343685
15555	0.447216633132126
15557	0.444053208137715
15558	0.459284627092846
15566	0.455880538072319
15568	0.461501501501502
15569	0.45812865497076
15573	0.454887218045113
15574	0.46031746031746
15575	0.473980309423348
15576	0.47879746835443
15582	0.475205761316872
15591	0.471745458195323
15592	0.460378097756881
15593	0.465289730349971
15594	0.470028011204482
15595	0.466849065207478
15596	0.463779738037958
15602	0.453239289446186
15608	0.458035410282601
15609	0.462671660424469
15610	0.45982905982906
15613	0.457079152731327
15614	0.46875486987689
15616	0.465873560588729
15618	0.463083240014931
15619	0.467324561403509
15620	0.47143470790378
15622	0.475419033592819
15625	0.479282622139765
15628	0.483030303030303
15629	0.486666666666667
15635	0.490196078431373
15638	0.493622691795165
15651	0.490540204132437
15652	0.5002442002442
15655	0.503384246780473
15656	0.500205725033798
15660	0.497115495557863
15661	0.50022652622041
15668	0.50325271059216
15671	0.506197106197106
15672	0.515015015015015
15675	0.511799410029499
15687	0.508668426227811
15690	0.511416221713705
15693	0.502598700649675
15694	0.499705275567345
15695	0.49688541213965
15710	0.49413663770593
15712	0.485901027077498
15713	0.488888888888889
15718	0.486338797814208
15719	0.483850904082811
15720	0.481423201328788
15721	0.47905376344086
15722	0.482031746031746
15723	0.479690038745157
15724	0.482611548556431
15728	0.480297157622739
15729	0.4831643808388
15732	0.485965942454492
15735	0.488703832215283
15741	0.491379965064176
