15292	0.333333333333333
15293	0.777777777777778
15294	0.722222222222222
15297	0.566666666666667
15298	0.6
15299	0.619047619047619
15300	0.547619047619048
15302	0.574074074074074
15304	0.659259259259259
15305	0.660606060606061
15306	0.550505050505051
15308	0.568376068376068
15309	0.582417582417583
15310	0.593650793650794
15311	0.644444444444445
15314	0.647058823529412
15318	0.649237472766885
15319	0.651072124756335
15321	0.585964912280702
15322	0.593650793650794
15323	0.6002886002886
15324	0.606060606060606
15326	0.583333333333334
15327	0.59
15328	0.595897435897436
15329	0.57644824311491
15330	0.559082892416226
15331	0.566502463054187
15332	0.573180076628352
15338	0.557706093189964
15339	0.543682795698925
15341	0.571338383838384
15342	0.576945929887106
15343	0.543977591036415
15344	0.532275132275132
15345	0.521521521521522
15346	0.511616880037933
15347	0.485380116959064
15348	0.494444444444445
15349	0.502845528455285
15350	0.510646535036779
15351	0.502399409376154
15352	0.509866102889359
15353	0.516835016835017
15356	0.537842190016103
15358	0.529139685476411
15359	0.520981087470449
15360	0.499716553287982
15361	0.506394557823129
15362	0.525751633986928
15363	0.543991955756662
15364	0.548621190130624
15365	0.528301886792453
15366	0.521212121212121
15367	0.538311688311688
15368	0.54281537176274
15372	0.535591853196209
15374	0.528735632183908
15376	0.522222222222222
15377	0.52695810564663
15378	0.53146483342147
15379	0.535756955111794
15380	0.539847883597884
15381	0.52323717948718
15382	0.527583527583528
15383	0.531735263078547
15384	0.525899912203688
15385	0.529980107985223
15386	0.524361628709455
15387	0.53775989268947
15388	0.541340636411059
15389	0.535641806189751
15390	0.530174009626065
15391	0.533813813813814
15392	0.528538011695907
15393	0.532125768967874
15395	0.527028527028527
15397	0.530563669804176
15402	0.533966244725738
15416	0.529012345679012
15417	0.540499849442939
15418	0.535507885199334
15420	0.538630713329509
15421	0.533800186741363
15422	0.529138166894665
15423	0.532299741602067
15428	0.527777777777778
15430	0.530898876404494
15432	0.519101123595506
15433	0.522344322344322
15434	0.525481764612199
15435	0.528517999064984
15436	0.524365133836651
15438	0.53437849944009
15439	0.530190058479532
15441	0.519258304696449
15443	0.508661196437338
15445	0.505119219404934
15446	0.501683501683502
15447	0.498349834983498
15449	0.488578269591665
15450	0.48556380480995
15451	0.482636295743092
15452	0.47979242979243
15459	0.489607666966158
15460	0.486686651384236
15465	0.483846775124034
15466	0.487201268546834
15468	0.490464275785377
15470	0.487633087633088
15472	0.484877734877735
15476	0.488095238095238
15477	0.491228070175439
15480	0.482684973302822
15481	0.474362818590705
15482	0.466254052460949
15483	0.464001158916413
15486	0.467407301903812
15489	0.470728291316527
15491	0.479476584022039
15498	0.482545273901459
15499	0.480119063485717
15500	0.483127895795087
15501	0.486064516129032
15502	0.483640211640212
15506	0.491771861850602
15526	0.494504593175853
15528	0.492005813953488
15529	0.499821109123435
15532	0.497279311019769
