15248	0.333333333333333
15251	0.333333333333333
15264	0.166666666666667
15267	0.1
15268	0.0666666666666667
15270	0.142857142857143
15278	0.107142857142857
15281	0.157407407407407
15284	0.192592592592593
15286	0.218181818181818
15287	0.237373737373737
15288	0.252136752136752
15290	0.358974358974359
15297	0.4
15298	0.391666666666667
15301	0.384803921568627
15329	0.416122004357299
15332	0.372319688109162
15333	0.401754385964912
15336	0.426984126984127
15337	0.418470418470419
15348	0.411067193675889
15363	0.404589371980676
15364	0.398888888888889
15365	0.41948717948718
15366	0.413105413105413
15369	0.455026455026455
15370	0.469622331691297
15371	0.504980842911877
15372	0.493906810035842
15373	0.504704301075269
15374	0.474116161616162
15375	0.44622697563874
15376	0.458823529411765
15377	0.47037037037037
15378	0.462962962962963
15379	0.473684210526316
15380	0.449392712550607
15382	0.46025641025641
15383	0.470325203252033
15391	0.479674796747968
15392	0.472868217054264
15398	0.451374207188161
15399	0.460942760942761
15403	0.469887278582931
15404	0.478260869565217
15410	0.5
15419	0.493197278911565
15420	0.473469387755102
15421	0.494117647058824
15438	0.487933634992459
15439	0.482099661344944
15440	0.476589797344514
15441	0.483501683501684
15450	0.478138528138528
15453	0.484753550543024
15458	0.47953216374269
15462	0.485875706214689
15463	0.469679849340866
15464	0.465209471766849
15465	0.45020271461308
15469	0.457074586106844
15470	0.442791005291005
15471	0.439423076923077
15473	0.456410256410257
15474	0.45273631840796
15475	0.459028387474393
15476	0.455385052571753
15477	0.470945479641132
15478	0.467069081153588
15479	0.463354199269692
15480	0.459791983764587
15481	0.447365173392571
15482	0.453213213213213
15483	0.450058479532164
15486	0.447026657552973
15487	0.452658452658453
15489	0.458076382127015
15493	0.454957805907173
15494	0.460185185185185
15495	0.457091237579043
15503	0.446076990890391
15504	0.443392618091413
15506	0.43295985060691
15509	0.430642954856361
15510	0.428405952062728
15511	0.433820968303727
15512	0.446544092611508
15515	0.444028297960882
15530	0.448921448921449
15531	0.453655040611562
15532	0.458235935795543
15535	0.455578433615496
15551	0.453004852556924
15559	0.443567251461988
15560	0.441294387170676
15561	0.439091100357669
15562	0.450422593279736
15564	0.454747474747475
15565	0.458943894389439
15566	0.456480942211868
15567	0.454089726505489
15568	0.451767488175255
15569	0.455860805860806
15571	0.453548966756514
15575	0.45753247516605
15576	0.461405330564209
15577	0.471287801563031
15578	0.468779538504309
15581	0.472345072345072
15582	0.46986271986272
15583	0.473345975558365
15584	0.476737566630441
15585	0.468446478515129
15590	0.460369815092454
15591	0.4581982513017
15592	0.461731614273987
15593	0.459573659972464
15594	0.463025210084034
15595	0.460881542699725
15602	0.464255069322134
15604	0.456706206406326
15607	0.465469009528805
15608	0.463354838709677
15609	0.466582010582011
15610	0.469732950047911
15611	0.467601706036746
15612	0.470687984496124
15613	0.473703041144902
15614	0.481738109219025
15615	0.479489552008636
15616	0.48230424546214
15617	0.490031047768675
15618	0.492647871752349
15620	0.49520697167756
15621	0.502576212966939
15622	0.50012341760993
15623	0.507315886421298
15624	0.509592326139089
15625	0.511820330969267
15626	0.518696100955616
15627	0.525427624019173
15628	0.527389277389277
15629	0.524712643678161
15630	0.526657219335538
15631	0.528562109775417
15635	0.530428387571245
15636	0.527782816373421
15639	0.525190156599553
15640	0.522649006622517
15641	0.520158010921343
15642	0.517715858273134
15643	0.519650284356167
15644	0.512945119396732
15645	0.514915908464296
15646	0.512602754640971
15648	0.514552930742562
15649	0.512273438951251
15650	0.518370020964361
15651	0.524353002070393
15652	0.52610996089257
15653	0.531924562599409
15654	0.53763279964088
15656	0.535156442473516
15657	0.528708774491907
15658	0.534352980785417
15659	0.535928143712575
15669	0.537475345167653
15670	0.53507367444019
15671	0.532714138286894
15672	0.538147694818442
15674	0.543487027826321
15675	0.541071468119505
15676	0.538697318007663
15679	0.536363636363636
15680	0.537835986988529
15685	0.53553820436319
15687	0.540727721632875
15688	0.542127043244362
15692	0.539819930427665
15695	0.541213850606116
15696	0.538941932384555
15699	0.536707056307912
15700	0.534508421464943
15701	0.532345248474281
15702	0.533781841182221
15703	0.531649410247658
15704	0.533078164283838
15713	0.530975587115938
15714	0.528906034720309
15715	0.533813263525305
15720	0.538644214162349
15723	0.533091181026655
15725	0.527623579169971
15726	0.525641025641026
15727	0.527072758037225
15728	0.528482797518331
15729	0.53322166387493
15730	0.527889447236181
15731	0.525953565505804
15733	0.524046434494196
15734	0.522167487684729
15735	0.52031617244599
15737	0.521743982145704
15738	0.516678506590891
15741	0.518127667557807
15743	0.519555927164623
15745	0.52096368543737
15748	0.522351332877649
15754	0.517400135409614
15755	0.518808310232794
15756	0.513936870700092
15757	0.518479516768315
15759	0.513656451496052
15760	0.518159632500718
15763	0.516456164305627
15765	0.520892346284474
15766	0.522223618616732
15771	0.517476131174762
15776	0.521842863019334
15777	0.520144578968108
15805	0.518469141787528
15807	0.519792333973948
15809	0.518134920634921
15819	0.516499508357915
15821	0.511948851896612
15823	0.50745807249401
15837	0.508848540565387
15839	0.510220872096703
15840	0.511575381140599
15841	0.51003881176295
15844	0.508522026540378
15845	0.509873690131201
