14347	0.333333333333333
14350	0.555555555555556
14371	0.444444444444444
14386	0.533333333333333
14397	0.688888888888889
14398	0.587301587301587
14400	0.607142857142857
14406	0.546296296296296
14414	0.503703703703704
14421	0.472727272727273
14429	0.44949494949495
14433	0.482905982905983
14442	0.556776556776557
14443	0.526984126984127
14464	0.544444444444445
14473	0.558823529411765
14504	0.570806100217865
14519	0.545808966861599
14535	0.557894736842105
14536	0.536507936507937
14565	0.548340548340548
14567	0.558629776021081
14589	0.51207729468599
14604	0.497777777777778
14608	0.510769230769231
14615	0.497625830959164
14616	0.533509700176367
14624	0.519704433497537
14650	0.551724137931035
14658	0.559139784946237
14680	0.565860215053764
14687	0.551767676767677
14688	0.558526440879382
14689	0.545658263305322
14715	0.533862433862434
14720	0.541041041041041
14751	0.530109056424846
14755	0.537112010796221
14762	0.543589743589744
14783	0.533333333333333
14785	0.523809523809524
14801	0.530454042081949
14805	0.521494009866103
14806	0.513131313131313
14807	0.490821256038647
14812	0.469935245143386
14813	0.464243498817967
14816	0.45890022675737
14817	0.440544217687075
14819	0.449411764705882
14823	0.470588235294118
14825	0.477987421383648
14829	0.47262986256697
14831	0.467564534231201
14832	0.462770562770563
14835	0.458228905597327
14836	0.465416414599718
14837	0.449639586986168
14839	0.445762711864407
14842	0.453005464480874
14849	0.459897761325577
14858	0.466461853558628
14862	0.462301587301587
14867	0.458333333333333
14868	0.454545454545455
14869	0.450927182270466
14870	0.437664618086041
14876	0.434640522875817
14888	0.441269841269841
14903	0.447619047619048
14910	0.462962962962963
14914	0.468543886352106
14916	0.482907565099346
14917	0.478918918918919
14922	0.475087719298246
14924	0.471405787195261
14934	0.459318459318459
14942	0.464567781023477
14946	0.469620253164557
14952	0.466255144032922
14953	0.471143229950818
14960	0.467822509550397
14968	0.472556894243641
14971	0.469281045751634
14972	0.466119471044232
14980	0.470729751403368
15008	0.475182863113898
15009	0.479485869935308
15014	0.483645443196005
15021	0.473015873015873
15022	0.477225672877847
15032	0.481299672744273
15034	0.478151452756806
15036	0.482120194102277
15043	0.479020467836257
15044	0.482889461626575
15050	0.47983729574304
15065	0.476877619734763
15070	0.480673400673401
15074	0.477755775577558
15084	0.468388015272116
15098	0.45929310235421
15112	0.463281055514065
15116	0.454456654456655
15138	0.458460616951183
15159	0.462352318815024
15169	0.466135917849314
15177	0.469815381130366
15187	0.47945510147345
15199	0.482828282828283
15207	0.486111111111111
15215	0.483407079646018
15242	0.486622160120064
15243	0.495550470378846
15254	0.492753623188406
15255	0.49002849002849
15257	0.487372639915013
15261	0.479181503109719
15263	0.471195144724557
15264	0.474426078971534
15272	0.477577564015716
15274	0.480652183571016
15282	0.47289972899729
15290	0.476
15291	0.48431746031746
15292	0.481939757530309
15295	0.490034448818898
15298	0.487604974160207
15299	0.480103359173127
15302	0.477862595419847
