14451	0.666666666666667
14452	0.222222222222222
14453	0.277777777777778
14454	0.3
14455	0.311111111111111
14456	0.412698412698413
14457	0.476190476190476
14459	0.592592592592593
14460	0.607407407407408
14461	0.618181818181818
14474	0.515151515151515
14475	0.487179487179487
14476	0.512820512820513
14477	0.533333333333333
14478	0.55
14479	0.563725490196078
14480	0.575163398692811
14481	0.584795321637427
14483	0.559649122807018
14484	0.56984126984127
14485	0.548340548340549
14487	0.529644268774704
14502	0.541062801932367
14503	0.524444444444445
14516	0.484102564102564
14517	0.448243114909782
14518	0.440035273368607
14519	0.455665024630542
14521	0.447509578544061
14522	0.440143369175627
14532	0.454301075268817
14534	0.426767676767677
14535	0.440879382055853
14537	0.415686274509804
14538	0.392592592592593
14553	0.389389389389389
14554	0.368895211000474
14555	0.367071524966262
14556	0.398717948717949
14558	0.379268292682927
14559	0.37708091366628
14560	0.390550018456995
14561	0.403100775193798
14566	0.414814814814815
14568	0.425764895330113
14570	0.436016034535924
14571	0.417848699763593
14577	0.428004535147392
14578	0.437551020408163
14579	0.420392156862745
14580	0.40422322775264
14581	0.401548137397194
14582	0.399021663172607
14587	0.408754208754209
14588	0.42987012987013
14590	0.426482873851295
14591	0.411776567856423
14592	0.420416910188973
14603	0.428625235404896
14605	0.425500910746812
14608	0.41177507491627
14623	0.419866871479775
14624	0.427579365079365
14626	0.434935897435897
14627	0.431857031857032
14635	0.418965777174732
14636	0.406643254316652
14637	0.423842000568343
14643	0.430779848171153
14644	0.418645204560698
14646	0.425534689619197
14647	0.432141045154744
14649	0.438479575465877
14650	0.435675675675676
14651	0.42421052631579
14652	0.430508088402825
14654	0.428016428016428
14691	0.434058206210105
14692	0.431540084388186
14693	0.420884773662552
14694	0.435009535280538
14695	0.440591634832011
14696	0.453910881621725
14697	0.443230625583567
14698	0.448426812585499
14699	0.438118150227212
14700	0.443312434691745
14701	0.440840994211781
14728	0.431044527673741
14730	0.443549043549044
14735	0.441153049848702
14738	0.446002805049088
14762	0.436513383665065
14763	0.427323628219485
14765	0.432309941520468
14773	0.430269186712486
14774	0.435093625078898
14833	0.43303786160929
14835	0.431043771043771
14836	0.435709570957096
14840	0.440238141461205
14841	0.438162319944159
14842	0.429736121483694
14856	0.427899877899878
14857	0.419826295297993
14873	0.418209604420149
14882	0.416637821622245
14886	0.408993090950278
14926	0.413678065054212
14927	0.418236418236418
14932	0.422672672672673
14934	0.415191740412979
14935	0.407907674791699
14939	0.400813628273583
