14565	1
14571	0.555555555555556
14576	0.611111111111111
14617	0.366666666666667
14618	0.355555555555556
14954	0.53968253968254
14982	0.404761904761905
14983	0.462962962962963
15422	0.503703703703704
15423	0.472727272727273
15424	0.44949494949495
15425	0.482905982905983
15426	0.413919413919414
15428	0.358730158730159
15430	0.397222222222222
15432	0.389705882352941
15436	0.420479302832244
15437	0.446393762183236
15438	0.435087719298246
15439	0.457142857142857
15441	0.415584415584416
15442	0.408432147562582
15444	0.429951690821256
15445	0.448888888888889
15448	0.44
15450	0.407407407407407
15451	0.402116402116402
15452	0.397372742200328
15453	0.415325670498084
15455	0.431541218637993
15457	0.446236559139785
15459	0.439393939393939
15465	0.413547237076649
15466	0.428011204481793
15472	0.441269841269841
15473	0.453453453453454
15479	0.447131341868184
15483	0.458389563652722
15485	0.452136752136752
15486	0.446341463414634
15493	0.440960123886953
15496	0.435954226651901
15497	0.416138125440451
15501	0.412457912457913
15506	0.40901771336554
15515	0.405797101449275
15516	0.388888888888889
15520	0.373015873015873
15522	0.384761904761905
15529	0.395816993464052
15532	0.40623428858723
15535	0.416061925495888
15536	0.412997903563941
15537	0.41010101010101
15541	0.419264069264069
15542	0.427944862155389
15543	0.436176648517846
15546	0.443989869472044
15556	0.44030131826742
15560	0.436794171220401
15563	0.454962101181033
15564	0.440518859873699
15566	0.437169312169312
15568	0.45448717948718
15570	0.450815850815851
15573	0.447308909995477
15575	0.434152765583846
15578	0.431230463199773
15579	0.428433402346446
15580	0.43514419852448
15583	0.432316118935837
15584	0.429604261796043
15587	0.427002344810564
15589	0.424504504504505
15640	0.422105263157895
15668	0.419799498746867
15690	0.426129426129426
15694	0.415341339391972
15696	0.42162447257384
15706	0.427674897119342
15710	0.425373883368463
15732	0.423156038789304
15739	0.421017402945114
15745	0.418954248366013
