15434	0.333333333333333
15435	0.333333333333333
15436	0.333333333333333
15438	0.333333333333333
15439	0.333333333333333
15440	0.238095238095238
15443	0.345238095238095
15445	0.342592592592593
15446	0.340740740740741
15447	0.278787878787879
15448	0.287878787878788
15449	0.294871794871795
15450	0.3003663003663
15452	0.393650793650794
15453	0.386111111111111
15454	0.458333333333333
15457	0.481481481481482
15458	0.500974658869396
15459	0.48421052631579
15460	0.46984126984127
15464	0.487734487734488
15465	0.44532279314888
15466	0.463768115942029
15467	0.48
15472	0.468717948717949
15473	0.48338081671415
15474	0.520282186948854
15476	0.48440065681445
15477	0.474329501915709
15478	0.465232974910394
15479	0.456989247311828
15480	0.46969696969697
15482	0.481283422459893
15483	0.49187675070028
15485	0.501587301587302
15486	0.492492492492493
15488	0.501659554291133
15491	0.510121457489879
15492	0.517948717948718
15495	0.508943089430894
15496	0.532326751838947
15498	0.507567368032484
15499	0.484496124031008
15500	0.462962962962963
15501	0.471819645732689
15504	0.465926611162504
15505	0.446513002364066
15559	0.441893424036281
15560	0.437551020408163
15561	0.459607843137255
15563	0.467571644042232
15564	0.462506047411708
15568	0.470067551828558
15569	0.45297418630752
15573	0.448701298701299
15583	0.444653299916458
15586	0.440814680379109
15588	0.44847067991428
15590	0.455743879472693
15592	0.4408014571949
15593	0.437334743521946
15594	0.423451100870456
15597	0.410218253968254
15598	0.418108974358974
15600	0.415540015540016
15606	0.423036333484095
15608	0.420398009950249
15613	0.417874396135266
15614	0.415458937198068
15621	0.403755868544601
15622	0.392540427751695
15625	0.39091831557585
15627	0.38936196470443
15628	0.405645645645646
15630	0.421286549707602
15632	0.419002050580998
15633	0.416805416805417
15637	0.414692199502326
15640	0.404324894514768
15641	0.402572016460905
15642	0.417143430693566
15645	0.415123910275247
15646	0.413176515586154
15649	0.419140989729225
15650	0.424897400820793
15653	0.422792479729128
15657	0.428335074886799
15659	0.426200204290092
15660	0.431543903454016
15661	0.422059422059422
15662	0.427376970855232
15663	0.425354527037556
15664	0.430488827880729
15666	0.428443449048152
15670	0.433406432748538
15671	0.438215922107675
15673	0.43607546111228
15674	0.440733869305298
15676	0.431919191919192
15677	0.423366336633663
15678	0.434672879052611
15681	0.432705120883305
15683	0.443614637789395
15684	0.435164835164835
15685	0.433243486073675
15692	0.437606536178217
15694	0.435675550940348
15699	0.427681504134104
15706	0.419905476786211
15708	0.424351624351624
15709	0.422726297726298
15713	0.415244416350611
15714	0.419655333022823
15718	0.41815408085431
15719	0.416691654172914
15721	0.415266725611553
15722	0.413878024047516
15723	0.406922090870246
15724	0.416806722689076
15726	0.420936639118457
15727	0.414036038477171
15728	0.412723799369141
15731	0.411443307981467
15733	0.410193548387097
15738	0.40368253968254
15740	0.40782402199725
15741	0.401451771653543
15747	0.395227713178295
15749	0.404531902206321
15753	0.403444901154825
15754	0.397332099622176
15755	0.391357180830865
15756	0.385516028878166
15757	0.384742951907131
15758	0.379084967320261
15760	0.378417060254759
15761	0.382594590782468
15764	0.381885795711257
15765	0.385954093867763
15769	0.389935832489024
15771	0.384443778510305
15773	0.388390951771233
15775	0.392255892255892
15779	0.396040868454662
15784	0.39061565107857
15785	0.38983629981673
15787	0.393577250720108
15790	0.397242880464357
15794	0.400835197613721
15796	0.404356144223694
15797	0.399035668641803
15808	0.393819516110538
15811	0.401691989927284
15813	0.409412093283061
15814	0.408436724565757
15818	0.411726277968316
15820	0.410733962213443
15824	0.413953241514741
15827	0.412945492662474
15830	0.41195652173913
15834	0.406870638754697
15836	0.414148299628872
15840	0.421292832560228
15844	0.424267060852427
15848	0.423171473773883
15853	0.41810355193228
15859	0.417094382663245
15863	0.412158354466047
15864	0.415152569903701
15865	0.410296984290792
15868	0.413278027109117
15874	0.408500246448896
15876	0.403804841317299
15877	0.399189928845101
15878	0.406017316017316
15879	0.405196028077384
15880	0.408133900421084
15881	0.403573745109116
15882	0.410200703496793
15883	0.405668099038265
15884	0.404873211503046
15885	0.400448367661482
15886	0.403342044824582
15887	0.402585193889542
15889	0.405424779618328
15890	0.40821881049585
15894	0.410968255774263
15895	0.4172013959248
15896	0.416318574213311
15898	0.418940020207587
15899	0.414576061663758
15900	0.41373416810593
15901	0.419778145754322
15904	0.415472728874791
15905	0.414634571777429
15906	0.413809178493733
15907	0.41299629116888
15908	0.415545742178908
15909	0.414723618090452
15910	0.410597014925373
15911	0.409832027978917
15912	0.405794274008682
15915	0.401815898773302
15916	0.401147776183644
15917	0.403725629489305
15919	0.406266122602129
15920	0.402359717577109
15921	0.404888970678444
15922	0.407382091592618
15923	0.406680207628075
15924	0.409132910071835
15925	0.414680957864588
15926	0.417035964488907
15927	0.422458885749475
15928	0.418547229399943
15931	0.414689651248791
15934	0.413943263011035
15935	0.413207099269686
15936	0.415511277155113
15937	0.417784176607706
15939	0.420026361202832
15942	0.41625930863599
15943	0.415518898142217
15944	0.41478835978836
15948	0.41406751884628
15949	0.416293061998882
15950	0.418489321688951
15951	0.420656809418014
15952	0.416998924118727
15955	0.422046552481335
15956	0.421281783350749
