14609	0
14610	0.222222222222222
14611	0.277777777777778
14612	0.566666666666667
14613	0.6
14614	0.523809523809524
14615	0.55952380952381
14616	0.509259259259259
14617	0.474074074074074
14618	0.56969696969697
14619	0.53030303030303
14620	0.551282051282051
14621	0.567765567765568
14623	0.492063492063492
14624	0.513888888888889
14625	0.492647058823529
14626	0.549019607843137
14627	0.596491228070175
14628	0.603508771929825
14629	0.60952380952381
14630	0.554112554112554
14631	0.534914361001318
14632	0.545893719806763
14633	0.502222222222222
14634	0.489230769230769
14635	0.477682811016144
14636	0.467372134038801
14637	0.458128078817734
14638	0.427586206896552
14639	0.443010752688172
14640	0.436155913978495
14641	0.450126262626263
14642	0.462863933452169
14643	0.474509803921569
14644	0.448148148148148
14647	0.45995995995996
14648	0.470839260312945
14649	0.46378767431399
14651	0.473931623931624
14654	0.483333333333333
14655	0.492063492063492
14656	0.500184569952012
14657	0.522903453136011
14658	0.529292929292929
14660	0.506280193236715
14661	0.513105149552883
14662	0.505614657210402
14663	0.484977324263039
14664	0.492244897959184
14665	0.499084967320261
14668	0.505530417295123
14669	0.486453797774553
14670	0.493128348474261
14671	0.499438832772166
14672	0.493506493506494
14673	0.487886382623225
14674	0.494051220004033
14675	0.488603156049094
14676	0.505649717514124
14677	0.489071038251366
14679	0.494799929490569
14680	0.500256016385049
14683	0.495039682539683
14684	0.500320512820513
14685	0.505361305361305
14688	0.510176390773406
14689	0.524582967515365
14690	0.538363171355499
14691	0.542028985507247
14692	0.536150234741784
14693	0.539775691184142
14697	0.543252156265855
14698	0.528569665555967
14699	0.532252252252252
14700	0.535789473684211
14707	0.539188881294145
14708	0.533910533910534
14710	0.537271448663854
14711	0.532172995780591
14755	0.535493827160494
14760	0.538693164709425
14762	0.533744735037712
14763	0.528973034997132
14766	0.516526610644258
14767	0.504514363885089
14776	0.500579167780451
14843	0.504353883664229
14847	0.515491998638066
14849	0.504036620890554
14858	0.507610907610908
14860	0.511068641503424
14863	0.514414835592956
14867	0.517654236254099
14871	0.513773796192609
14872	0.510014619883041
14881	0.506371706758305
14888	0.50964303247072
14890	0.512815227100941
14892	0.509225589225589
14894	0.505742574257426
14895	0.502362000905973
14897	0.499079890856019
14898	0.495892457057506
14899	0.492796092796093
14900	0.496076669661575
14901	0.493034738141421
14902	0.490077304719049
14904	0.493317476497905
14905	0.490408673894913
14906	0.493584493584494
14907	0.502627627627628
14908	0.511430678466077
14921	0.514154116855561
14922	0.511009407576913
14928	0.513693153423288
14929	0.522006090971608
14930	0.530107682650056
14935	0.532402791625125
14936	0.529084967320261
14940	0.536868686868687
14943	0.53899652260308
14946	0.541072459904927
14949	0.537721828831192
14950	0.539784946236559
14951	0.541798941798942
14958	0.549014706495021
14959	0.550853018372704
14960	0.547480620155039
14963	0.549314251639833
14964	0.551105891563907
14965	0.547806307348292
14966	0.539568618515987
14967	0.536490479931171
14970	0.538419016030956
14971	0.540305010893246
14972	0.542149706597968
14975	0.539123382347756
14976	0.540958537517812
14978	0.537992463172319
14979	0.539817629179331
14980	0.536909399660374
14981	0.529400177287501
14984	0.526677026677027
14985	0.524010217113665
14986	0.525964415052748
14988	0.523343584008946
14989	0.520775877918735
14991	0.518259870608864
14994	0.520238627889635
14995	0.522178072111847
14998	0.528465202741954
14999	0.530271757825938
15000	0.536372124607419
15001	0.538053344504958
15003	0.53970223325062
15004	0.545565899069084
15005	0.542879410895214
15006	0.536050739060054
15007	0.53351677148847
15012	0.531030020703934
15013	0.528589320859852
15014	0.522103562321695
15016	0.523866527008828
15017	0.52559743779256
15018	0.527297067056103
15019	0.524974148089363
15020	0.522692709818458
15022	0.516506997276228
15023	0.514352012994547
15025	0.51223483545465
15026	0.510154585429983
15028	0.508110409105167
15029	0.506101477199743
15055	0.504126984126984
15068	0.502186147186147
15069	0.50027820578668
15070	0.494657102350875
15071	0.492854602138389
15074	0.498489551003518
15102	0.496664620421527
15103	0.494869771112865
15105	0.496747332812907
15106	0.494971093688129
15119	0.489620054837446
15120	0.491523781846363
15121	0.489831905391678
15123	0.488167026965525
15124	0.486528575181058
15126	0.488424765617748
15127	0.486800771562414
15130	0.485202152414194
15131	0.483628382268279
15169	0.482078948774104
15192	0.477134549299498
15221	0.479068550497122
15222	0.477589005145205
15223	0.482865883881112
15227	0.484713127929208
15228	0.486532663316583
15233	0.48832504145937
15236	0.483490140058782
15238	0.48529483490221
15244	0.483805016259377
15250	0.482336999840587
15252	0.477654116346989
15253	0.476259712646374
15254	0.478090548742723
15257	0.476705312231628
15262	0.475339864813549
15263	0.47715338900173
15271	0.475796596023727
15330	0.477588803259811
15331	0.476240621297881
15333	0.471810475983482
15334	0.473614699971289
15335	0.472321784149741
15336	0.471046660747756
15337	0.472833144820075
15338	0.474595267745953
15339	0.476333470451118
15340	0.475045180927534
15341	0.47676375927497
15342	0.481435511424301
15343	0.480119047619048
15345	0.47882005899705
15346	0.480475095187972
15347	0.482108354586908
15349	0.486631425725887
15350	0.488196949560154
15355	0.489742141916055
15356	0.485520226899537
15357	0.489936362290958
15363	0.491446877712972
15364	0.490101230526762
15366	0.488772689025123
15367	0.487460964504517
15368	0.486165774326608
15369	0.490465642323875
15370	0.486378428637843
15371	0.485108344859382
15376	0.48385400592115
15377	0.482615152648823
15378	0.481391531179024
15381	0.480182892829263
15382	0.484409048172114
15383	0.483185763031719
15386	0.481977275695442
15387	0.480783348447554
15390	0.482270414993307
15392	0.481083665338646
15395	0.479911043656064
15404	0.481387372691721
15405	0.482846264770264
15406	0.481673614327621
15412	0.48311887254902
15424	0.481953226329442
15425	0.485969092792005
15427	0.487364440852813
15428	0.488743688743689
15431	0.490107083210532
15435	0.488910337028263
15442	0.48519238769725
15444	0.484041940315705
15445	0.487935963407662
15447	0.489279803281789
15448	0.488111664930116
15452	0.489444164943075
15453	0.488283489615121
15456	0.48960484648217
15459	0.488451551182178
15460	0.487310976050937
15461	0.488624937154349
15468	0.489924511822322
15472	0.491209909312099
15473	0.492481335090031
15475	0.493738990913689
15476	0.494983074911912
15477	0.493824295402388
15478	0.492677931387609
15482	0.489171326893747
15489	0.490430159090718
15495	0.489319934173705
15496	0.490568854825064
15497	0.487126266370151
15501	0.488381793644952
15503	0.487301316569609
15505	0.488546909278617
15508	0.489779571959503
15536	0.486401781808058
15600	0.485349764980053
15602	0.486591661566948
15603	0.490096155344648
15624	0.491297315285614
15666	0.494746147046389
15667	0.495907772178959
15668	0.49705766372433
15673	0.493721706249671
15674	0.492648874323809
15675	0.491586770717206
15676	0.490535252860834
15677	0.49390919158361
15678	0.495049504950495
15679	0.493985582768803
15680	0.495117917745183
15682	0.494060502160792
15683	0.495184972287866
15684	0.496298489783832
15688	0.495243699127194
15689	0.494199116122073
15690	0.491020986757944
15691	0.492146920603512
15692	0.489002211845662
15693	0.490133832577006
15694	0.491254675968052
15695	0.494474583082178
15696	0.497664017889231
15697	0.498726927629969
15698	0.497689977195508
15700	0.494579414838036
15702	0.495651609553479
15704	0.494643421502422
15709	0.493644597427072
15711	0.494712634891514
15718	0.495770813548591
15719	0.498864244140318
15720	0.501929294634873
15721	0.502933790805798
15722	0.499876442533422
15723	0.498867090356452
15724	0.497866886386524
15725	0.49888375253279
15727	0.499891457722783
15728	0.500890111668555
15732	0.501879822444663
15736	0.502860696517413
15737	0.499876360039565
15738	0.498890898343078
15739	0.497914157546561
15741	0.496946035051189
15742	0.494031395549422
15744	0.496990276277203
15745	0.497979642985014
15746	0.497022396998667
15747	0.494141107740703
15748	0.493211583033146
15749	0.492290094562254
15750	0.49137654995749
15751	0.490470858171678
15752	0.491477691363078
15753	0.492475919142586
15755	0.493465639298973
15758	0.492558374109366
15759	0.491658797607806
15761	0.490766823161189
15762	0.489882365353168
15763	0.49087275359582
15764	0.48813044770981
15765	0.487268068242532
15766	0.488264727122666
15769	0.487406381450703
15770	0.484713528514511
15771	0.485716025143449
15772	0.488541761269034
15776	0.48769130412966
15777	0.486847817950445
