14625	0.666666666666667
14626	0.444444444444444
14627	0.555555555555556
14629	0.466666666666667
14631	0.422222222222222
14632	0.301587301587302
14633	0.30952380952381
14634	0.314814814814815
14635	0.318518518518519
14636	0.381818181818182
14638	0.429292929292929
14639	0.517094017094017
14640	0.538461538461539
14641	0.555555555555556
14642	0.527777777777778
14643	0.504901960784314
14644	0.44880174291939
14645	0.471734892787524
14646	0.457894736842105
14647	0.446031746031746
14648	0.466089466089466
14649	0.483530961791831
14650	0.471014492753623
14652	0.46
14653	0.501538461538462
14654	0.538461538461538
14655	0.523809523809524
14656	0.533661740558292
14657	0.520306513409962
14658	0.529749103942652
14659	0.538306451612903
14660	0.546085858585859
14661	0.553178847296494
14662	0.559663865546219
14663	0.547089947089947
14664	0.517517517517518
14665	0.542911332385017
14666	0.549257759784076
14668	0.521794871794872
14669	0.496341463414634
14670	0.504452187379017
14671	0.52750092284976
14672	0.533826638477801
14673	0.524915824915825
14674	0.51658615136876
14675	0.508788159111933
14676	0.501477541371158
14677	0.494614512471655
14678	0.501496598639456
14679	0.481830065359477
14680	0.488939165409754
14681	0.483067247218191
14682	0.477521546703937
14683	0.484399551066218
14684	0.467099567099567
14685	0.474101921470343
14686	0.480742085097802
14687	0.46444574323008
14688	0.482297551789077
14689	0.488342440801457
14690	0.504847523356249
14691	0.509984639016897
14692	0.504464285714286
14693	0.509455128205128
14694	0.504118104118104
14695	0.508970300015076
14696	0.503804506877378
14697	0.498863313441319
14699	0.494133885438233
14700	0.498993963782696
14701	0.503651538862807
14702	0.49898528665652
14703	0.512526224854992
14704	0.498858858858859
14705	0.512046783625731
14706	0.507404875825929
14707	0.502941502941503
14708	0.507086443795305
14709	0.502742616033755
14710	0.50679012345679
14711	0.502559470039145
14712	0.490449603291214
14713	0.486708739720788
14714	0.483099906629318
14715	0.479616963064296
14716	0.476254121001515
14717	0.473005921281783
14718	0.477357848144365
14719	0.481564710778194
14720	0.478306878306878
14721	0.475155279503106
14722	0.472105345176874
14723	0.476244947761763
14725	0.480253826054498
14726	0.484137426900585
14727	0.494773768613975
14728	0.498281786941581
14729	0.494949494949495
14730	0.491717171717172
14731	0.488580858085809
14732	0.492072736685433
14733	0.488990418173742
14734	0.492407269106298
14735	0.502075702075702
14736	0.505181191973645
14737	0.501969082466349
14738	0.505019037729318
14739	0.501868841318383
14740	0.504865165415624
14741	0.507780507780508
14742	0.510617760617761
14743	0.519279393173199
14744	0.510169228380686
14745	0.507093821510298
14746	0.509845077461269
14747	0.512525788387857
14748	0.509488628132696
14750	0.506528034942791
14751	0.509197012138189
14753	0.506290174471993
14754	0.514383778169173
14755	0.516859922697588
14756	0.524652504589562
14757	0.526924731182796
14758	0.523851851851852
14759	0.520851560221639
14760	0.523129921259843
14761	0.515019379844961
14762	0.522480620155039
14763	0.519592875318066
14764	0.521821266096075
14765	0.529011923748766
14766	0.526091347772416
14767	0.528173945089368
14768	0.525308641975309
14769	0.522506082725061
14770	0.519764448675906
14771	0.52187814965419
14772	0.523946557040082
14773	0.521242823370483
14774	0.518596210834749
14775	0.520667126300929
14776	0.518065268065268
14777	0.520114942528736
14778	0.512990080302315
14779	0.506010623427453
14780	0.508181651038794
14781	0.510308966684806
14783	0.507949291573453
14784	0.505636497424577
14786	0.498983385616359
14787	0.505532622405688
14788	0.50329626800215
14789	0.505404273146209
14790	0.498924731182796
14791	0.496815286624204
14792	0.498965304093096
14793	0.505267627312051
14794	0.503118448637317
14795	0.509290890269151
14796	0.507118574751425
14797	0.509076220050999
14798	0.506933014115417
14799	0.504828775560483
14800	0.510794693927224
14801	0.504677392203545
14802	0.506605835947153
14803	0.508500046961586
14804	0.510360830722822
14805	0.508290333677331
14806	0.510131918944649
14808	0.504234440112919
14809	0.506101477199743
14810	0.50031746031746
14811	0.502207792207792
14812	0.504066084574559
14813	0.502147739054995
14814	0.503985939363505
14815	0.505793503000207
14816	0.507571107018621
14817	0.509319409871896
14818	0.507396064773114
14819	0.509127266967609
14820	0.507226792009401
14821	0.501772740482418
14822	0.50710137427405
14823	0.501706678803049
14824	0.503452287140231
14825	0.508679105170333
14826	0.510333425186002
14827	0.505017452006981
14828	0.503238341968912
14829	0.50492317005858
14830	0.506582077716098
14831	0.50821559392988
14832	0.503056044752927
14833	0.501341673930507
14834	0.49630306414226
14835	0.494673366834171
14836	0.496384742951907
14837	0.498070702592647
14838	0.493163602074493
14840	0.491596638655462
14841	0.490052606408417
14842	0.488531060067882
14843	0.483810953207323
14844	0.485569181221355
14845	0.487302171512698
14846	0.485835801625275
14847	0.484390280598811
14848	0.482965215058571
14849	0.487820001771636
14851	0.489491465929534
14852	0.49113960733174
14853	0.489678438128051
14854	0.485165272799681
14855	0.483772319226596
14856	0.482398447209306
14857	0.481043309810433
14859	0.482723159193748
14860	0.481377304906717
14861	0.477060019660917
14862	0.48172912662823
14865	0.483373015873016
14866	0.479095378564405
14867	0.480747989032267
14869	0.476530901409176
14870	0.475280267626855
14872	0.474045946459085
14873	0.475713658322354
14874	0.477359804946012
14877	0.476123526219723
14878	0.4806011029187
14879	0.485021519064072
14881	0.483736025964659
14882	0.482466804929796
14883	0.481213582479405
14885	0.482765491133692
14886	0.478742445374245
14887	0.474769479022591
14888	0.476355406193203
14889	0.47792175401603
14890	0.479468843463986
14891	0.478275900524144
14892	0.479807532769205
14893	0.478621506862842
14894	0.474761656001045
14896	0.47362568553785
14897	0.475170013386881
14899	0.47403984063745
14900	0.478214127616518
14901	0.479703871008219
14903	0.48117601900553
14905	0.480016468529669
14906	0.478870506535948
14907	0.47773792153048
14909	0.479202485446264
14913	0.480650085301248
14914	0.482080982080982
14916	0.486049710187641
14917	0.484883936318524
14919	0.483731460250196
14920	0.485117333026078
14922	0.483971793405756
14923	0.485345439069372
14924	0.481709892709301
14925	0.485577729330874
14926	0.486924115482069
14928	0.49072467758961
14929	0.489563117853401
14933	0.488414369437812
14935	0.489720247073188
14936	0.49101182677825
14937	0.489865074098651
14938	0.491146245059289
14939	0.490006801653325
14940	0.488879654399224
14941	0.490154113268525
14942	0.491414917221369
14943	0.492662260633791
14947	0.493896334435443
14948	0.492761613579597
14949	0.493986297052041
14951	0.497537270406062
14952	0.496388991125833
14953	0.499898475508232
14956	0.498741773132017
14957	0.497597078046905
14958	0.4987630752098
14960	0.495335150294269
14961	0.494225548808235
14963	0.493127308429567
14965	0.496575421977665
14968	0.493208808947308
14969	0.492128569247213
14970	0.493303909970577
14976	0.492230281939454
14977	0.493397080499503
14979	0.496774433296173
14981	0.495688445921004
14982	0.49240574098113
14984	0.49575619813637
14987	0.496880609113543
14988	0.500179752660339
14989	0.501267902425087
14991	0.502345418804511
14995	0.503412439894525
14996	0.502311604253352
14998	0.505522497129137
14999	0.504415171316945
15000	0.505455245005084
15001	0.508615275388438
15002	0.509621972148172
15003	0.508502679203316
15004	0.511613421740004
15005	0.508385576807891
15006	0.511477491419162
15008	0.510360600145896
15009	0.509254179728318
15011	0.508158099688474
15012	0.507072231574466
15013	0.508060432410951
15016	0.506981870070965
15021	0.507964545742324
15022	0.504848198835929
15023	0.501760442268125
15027	0.504798488351856
15028	0.503756146983962
15029	0.502723281446686
15033	0.503713875919314
15034	0.502687487108555
15035	0.501670345043839
15036	0.500662338985692
15037	0.497673310096226
15040	0.496695095948827
15042	0.493747350572277
15043	0.49477054179177
15044	0.49578467822171
15045	0.494829082075308
15050	0.495836927146225
15051	0.494886613732115
15052	0.495888246693832
15053	0.494943159988248
15054	0.495938658577688
15055	0.498852307950071
15056	0.499819537683308
15061	0.498862720416929
15064	0.50173456729133
15068	0.500772274525856
15069	0.501717541717542
15075	0.504548692048692
15076	0.505467207485621
15077	0.506377938893424
15078	0.50540303970717
15082	0.502563696787466
15083	0.499748213892299
15084	0.50068071921506
15088	0.501605432014234
15089	0.49881873516971
15090	0.497901918539038
15092	0.496992699836244
15093	0.496090995337605
15094	0.493365220637948
15097	0.496141301620754
15098	0.497073134216633
15100	0.499813880079213
15101	0.497097500296173
15102	0.496209889635128
15103	0.498933079420884
15105	0.499837303610889
15106	0.498942120974988
15110	0.499841448297731
15111	0.498951030570649
15112	0.496289958407606
15113	0.4954231678487
15114	0.496331621423331
15115	0.498996533479292
15116	0.498122321341319
15117	0.499009396843031
15118	0.501639268775614
15119	0.500758085867539
15120	0.49814316113716
15121	0.495548665506237
15123	0.49643759018759
15127	0.497319606127896
15128	0.498194784735332
15130	0.500781409556284
15133	0.501634290055566
15135	0.500771208226221
15136	0.501619778346121
15137	0.50246185430694
15138	0.499904796524208
15139	0.500751303479246
15141	0.498215853841376
15142	0.49738311383881
15143	0.494877405456751
15144	0.494065626199849
15145	0.493259950546383
15146	0.490793650793651
15147	0.490008312551954
15148	0.490887209836106
15153	0.493413824179351
15154	0.492621346501896
15155	0.495126920099417
15156	0.495971943481522
15159	0.49844873982805
15160	0.499273337508632
15162	0.496831903095387
15163	0.496034349096547
15168	0.496864676675964
15169	0.497688958180773
15170	0.496893047164563
15173	0.499323515535749
15176	0.498523562850436
15177	0.496126814952116
15188	0.498543472913977
15190	0.499347890108966
15193	0.498555457857053
15194	0.500943289010115
15195	0.500147042189798
15196	0.502516013553827
15197	0.503292139573273
15199	0.500918120046984
15200	0.501698113207547
15202	0.499342723004695
15203	0.498565161460567
15204	0.499350682512932
15205	0.500130710411084
15206	0.497804521060335
15207	0.498588104102592
15208	0.499366245595944
15215	0.497059704045847
15216	0.496305204641642
15217	0.495555908681604
15218	0.49634082041548
15219	0.497120343739285
15220	0.49637245784702
15222	0.495629682792288
15223	0.493376820597777
15224	0.494162715591287
15225	0.493434980829939
15226	0.494217065190376
15227	0.494993865197026
15230	0.494267301008874
15231	0.495040392334694
15232	0.495808295128125
15233	0.495082960477256
15234	0.49584725315516
15235	0.493643487585581
15236	0.495888971010922
15237	0.495169698277836
15239	0.497398529632017
15240	0.496675775463301
15242	0.497422988171887
15246	0.496703296703297
15247	0.49744711889132
15248	0.499641672957297
15249	0.500369450707665
15250	0.499643206719081
15251	0.500367820428181
15252	0.499644727410454
15253	0.500366204469876
15254	0.499646235197736
15255	0.498930910888642
15257	0.499650806836187
15260	0.500366078184497
15262	0.499652263035561
15264	0.497521549760356
15265	0.498241316215276
15266	0.498956498170484
15267	0.499667134477671
15271	0.501782706847744
15272	0.501071949997473
15273	0.500365682137834
15277	0.499663865546219
15283	0.500364086934564
15284	0.501059913628004
15285	0.501751382325451
15286	0.50243852934354
15287	0.503121390621391
15288	0.503800001725313
15289	0.504474397853435
15293	0.503767203371947
15294	0.501689812842578
15295	0.502368729936504
15299	0.501674539396039
15300	0.502350736638952
15301	0.503022785432521
15303	0.50369071964164
15304	0.502996799534478
15305	0.505017137747752
15306	0.507025181813684
15308	0.506321975949391
15309	0.506969833285623
15311	0.506269686108396
15313	0.505573765171675
15314	0.50622072461543
15315	0.506863794523451
15316	0.506169672678691
15318	0.506810379241517
15319	0.506119235632321
15320	0.506757595199058
15322	0.506069403683718
15323	0.506705432448007
15324	0.504702644177461
15327	0.504026631116932
15329	0.504666946217522
15330	0.503993729663949
15331	0.503324473207751
15332	0.502659145850121
15339	0.503299800228311
15340	0.503936708089669
15341	0.503272881728749
15342	0.502612922317505
15343	0.500664810215499
15345	0.50001749309023
15347	0.49937392490584
15348	0.50130311980023
15349	0.501939133442024
15356	0.501291894286136
15357	0.501925514103686
15358	0.502555499390734
15359	0.501909613260744
15360	0.503807100448322
15361	0.504426338342688
15362	0.503777029025765
15364	0.505656661491576
15365	0.506265394970499
15366	0.505612821153
15367	0.506219426974144
15369	0.50556947925369
15370	0.504923189775565
15371	0.505528970587891
15372	0.506131354498466
15374	0.506730366857302
15376	0.508567497706996
15377	0.507916069586648
15378	0.507268267225782
15380	0.507858631668156
15382	0.507213436480226
15383	0.507801824783497
15384	0.507159215238561
15385	0.505294659300184
15386	0.504663608562691
15387	0.504036025136943
15389	0.504630652711091
15390	0.505222025024798
15391	0.505810165795807
15392	0.506395098526246
15399	0.505766925149865
15400	0.503934436290627
15401	0.503317434109949
15403	0.503907142530732
15404	0.503292462137228
15405	0.502681098364552
15406	0.503269915485924
15407	0.50266082379362
15408	0.503247606773488
15409	0.502640770082631
15411	0.502037178507767
15412	0.501436808951986
15413	0.5008396385235
15414	0.500245644533464
15415	0.502014686499718
15416	0.503774351918446
15417	0.504348927984578
15418	0.503746760397778
15419	0.504319413846877
15420	0.504889053330456
15422	0.505455699962106
15423	0.504853873505362
15425	0.504255197972476
15426	0.504821091591619
15427	0.50422461243246
15428	0.503631239935588
15430	0.504196354066371
15432	0.505911937616315
15433	0.504164400698815
15434	0.504724753340083
15435	0.505282212594219
15436	0.505836798347046
15437	0.506388530313837
15438	0.506937428041073
15439	0.507483510908168
15440	0.506889141701428
15441	0.506297810156733
15442	0.505709495609715
15443	0.505124177571425
15444	0.5068017227322
15446	0.506214689265537
15447	0.505630630630631
15448	0.505049526761163
15449	0.504471357759722
15450	0.505016552075376
15453	0.506677570357002
15454	0.50609685264503
15455	0.504404221030832
15460	0.506058964867123
15461	0.505483212762011
15462	0.50712885930856
15463	0.507658885246627
15464	0.509291857434863
15465	0.50760546055594
15466	0.509233211099557
15467	0.508652683450163
15470	0.510271620242749
15471	0.509689586404232
15474	0.510205110477343
15477	0.51071809918616
15479	0.510137461654727
15482	0.510648995004439
15484	0.51007047734809
15488	0.509494786325241
15492	0.510005914391392
15495	0.509432302115229
15496	0.50994197590632
15506	0.509370426901229
15514	0.510955659770692
15515	0.511457953341324
15516	0.511957820372968
15517	0.512455276470375
15519	0.511880246155328
15520	0.510239604340728
15521	0.508606837606838
15522	0.509111821086262
15523	0.508551124155631
15524	0.509054676838787
15525	0.508495944427005
15526	0.508998073703956
15527	0.508441291642559
15528	0.507887152533986
15530	0.507335639677112
15531	0.507838261213357
15532	0.50938837692607
15533	0.509882962742865
15534	0.509328646794954
15535	0.509821869427781
15537	0.511356073279337
15538	0.511841418883672
15539	0.513364534581383
15540	0.513842111316851
15541	0.51328065322048
15543	0.511686613924764
15544	0.51216717222784
15545	0.512645498836009
15546	0.51312160754646
15547	0.513595512049917
15548	0.513040004565428
15549	0.512487060961637
15550	0.513984796565442
15551	0.513430650972705
15552	0.512879051224958
15553	0.513349349743129
15554	0.51279968251745
15555	0.51225252901384
15558	0.512722587271535
15559	0.513190502406475
15560	0.512644653638423
15561	0.512101286001134
15562	0.511560384480203
15564	0.512028983520041
15565	0.512495462202233
15570	0.512959833300018
15571	0.513422109490594
15572	0.512881302354987
15573	0.512342927635282
15590	0.511806970766114
15592	0.511273417290979
15595	0.511737277736876
15596	0.511205522313915
15600	0.510676140799092
15602	0.512130297884384
15603	0.512588862776913
15607	0.512057735282266
15610	0.511528964862298
15611	0.510017801007461
15615	0.509496607887479
15617	0.509959553568713
15618	0.510420456842531
15621	0.509900377184648
15623	0.510360102373745
15624	0.511793894167672
15628	0.511272079662309
15629	0.510752550475947
15630	0.511207110581459
15631	0.511659685708345
15636	0.511141295149115
15637	0.510625161733104
15638	0.509145088800544
15639	0.508636226990219
15649	0.508129571228205
15651	0.508587109743179
15652	0.509042670425956
15656	0.508537032045833
15657	0.508033573141487
15658	0.507532281205165
15659	0.507988253656344
15663	0.5074885257012
15664	0.508895701342053
15665	0.510296854833232
15667	0.509792685256309
15668	0.509290667185404
15670	0.510684727789991
15671	0.511127229744251
15672	0.511567851378592
15673	0.511063651893316
15674	0.511503208432223
15678	0.51100061358004
15679	0.510500142368078
15680	0.51093942935626
15681	0.510440535828105
15684	0.511813774156778
15685	0.511313828944387
15687	0.512680783269019
15688	0.512179812738472
15689	0.512610738411912
15690	0.512111358453476
15691	0.510686848416053
15692	0.50926827383712
15694	0.509704885190322
15696	0.510139682368927
15701	0.509650591500225
15702	0.50824271693807
15715	0.507760208293643
15716	0.509116240777683
15719	0.508632656438084
15720	0.508151064891092
15721	0.50767145520232
15722	0.507193816512268
15723	0.507630130739776
15729	0.508064656794221
15730	0.509406908753855
15733	0.509835409456615
15734	0.510262161176914
