15331	0.333333333333333
15333	0.555555555555556
15335	0.611111111111111
15348	0.633333333333333
15360	0.533333333333333
15361	0.571428571428571
15364	0.595238095238095
15411	0.537037037037037
15412	0.562962962962963
15414	0.581818181818182
15420	0.540404040404041
15432	0.457264957264957
15462	0.391941391941392
15517	0.428571428571429
15576	0.416666666666667
15578	0.406862745098039
15579	0.398692810457516
15646	0.426900584795322
15654	0.450877192982456
15655	0.407936507936508
15660	0.431457431457431
15667	0.422924901185771
15694	0.415458937198068
15696	0.435555555555556
15699	0.427692307692308
15742	0.445394112060779
15743	0.461199294532628
