14670	1
14674	0.555555555555556
14678	0.611111111111111
14688	0.633333333333333
14695	0.422222222222222
14710	0.396825396825397
14784	0.464285714285714
14791	0.435185185185185
14869	0.481481481481482
14965	0.454545454545455
14966	0.545454545454545
14967	0.512820512820513
14968	0.534798534798535
14975	0.552380952380952
14989	0.483333333333333
14998	0.504901960784314
15010	0.485838779956427
15011	0.504873294346979
15020	0.521052631578947
15113	0.503174603174603
15120	0.457431457431458
15121	0.47562582345191
15155	0.491545893719807
15158	0.505555555555556
15159	0.492307692307692
15163	0.480531813865147
15178	0.470017636684303
15185	0.483579638752053
15207	0.451340996168583
15212	0.48673835125448
15213	0.477150537634409
15231	0.468434343434343
15248	0.480095068330363
15255	0.471708683473389
15270	0.464021164021164
15282	0.474974974974975
15294	0.467520151730678
15295	0.477732793522267
15297	0.487179487179487
15298	0.495934959349594
15343	0.519938056523422
15344	0.511258767072721
15352	0.488019732205779
15353	0.481144781144781
15365	0.460225442834139
15372	0.440641381436941
15373	0.463947990543735
15387	0.445011337868481
15394	0.440544217687075
15395	0.436339869281046
15401	0.41955756661639
15409	0.416303821964199
15414	0.400885161891451
15415	0.410549943883277
15421	0.407792207792208
15428	0.405179615705932
15429	0.42569066344021
15434	0.411260471459186
15435	0.419774011299435
15436	0.406010928961749
15437	0.414419178565133
15439	0.411845024748251
15440	0.419808201058201
15462	0.417147435897436
15464	0.424708624708625
15465	0.431931252826775
15468	0.429031314018145
15469	0.426257459505541
