14533	0.666666666666667
14536	0.222222222222222
14537	0.444444444444444
14538	0.4
14539	0.488888888888889
14540	0.444444444444444
14541	0.5
14647	0.462962962962963
14650	0.503703703703704
14652	0.472727272727273
14655	0.44949494949495
14656	0.38034188034188
14657	0.421245421245421
14658	0.453968253968254
14659	0.438888888888889
14662	0.465686274509804
14664	0.450980392156863
14665	0.403508771929825
14672	0.429824561403509
14673	0.452380952380953
14702	0.471861471861472
14703	0.488801054018445
14704	0.503623188405797
14706	0.49
14707	0.503589743589744
14709	0.490978157644824
14710	0.50352733686067
14713	0.514778325123153
14715	0.524904214559387
14716	0.53405017921147
14788	0.563172043010753
14789	0.549242424242424
14793	0.556149732620321
14794	0.581512605042017
14795	0.586243386243386
14797	0.590590590590591
14799	0.612138454243718
14800	0.597840755735493
14801	0.601282051282051
14802	0.620731707317073
14803	0.591173054587689
14804	0.579180509413068
14807	0.56800563777308
14810	0.557575757575758
14812	0.533333333333333
14813	0.539007092198582
14816	0.558215130023641
14817	0.562641723356009
14818	0.553469387755102
14819	0.557908496732026
14820	0.562091503267974
14821	0.566037735849057
14822	0.545073375262055
14823	0.54949494949495
14824	0.565584415584416
14825	0.557435254803676
14826	0.561201855212745
14829	0.553477498538866
14831	0.546139359698682
14855	0.539162112932605
14857	0.543275163053059
14859	0.526028332479946
14860	0.509589947089947
14861	0.504166666666667
14862	0.498989898989899
14863	0.513945424393186
14865	0.518437225636523
14866	0.522733731173629
14868	0.526846100759144
14869	0.530784708249497
14870	0.525299947835159
14871	0.520040588533739
14872	0.514994446501296
14873	0.519039039039039
14875	0.522923976608187
14877	0.526657552973343
14878	0.53024753024753
14881	0.525262360705399
14882	0.52879746835443
14883	0.523971193415638
14885	0.527451570812004
14887	0.522774022920952
14889	0.526200038248231
14891	0.521661998132586
14893	0.517282261741906
14895	0.513053550744008
14896	0.508969000348311
14897	0.520003404834866
14898	0.508447773616313
14899	0.504599104599105
14901	0.508122312470139
14903	0.504363409693003
14904	0.500724471898116
14905	0.497200447928331
14906	0.500730994152047
14908	0.51102520045819
14909	0.500596114734554
14913	0.490483061911633
14916	0.487340067340067
14918	0.484290429042904
14919	0.481330485989775
14920	0.471984262960848
14921	0.475728155339806
14922	0.479365079365079
14923	0.476609763402216
14924	0.480162228883795
14927	0.47744317526249
14928	0.474798957979386
14929	0.466166249652488
14930	0.463772863772864
14931	0.461443586443587
14936	0.470975558364939
14937	0.48025668891994
14938	0.47770150012713
14940	0.48095952023988
14955	0.472737989979369
14957	0.470375199188759
14958	0.473674215448892
14961	0.46577964519141
14962	0.474609733700643
14968	0.472293727137244
14972	0.470034208538807
14973	0.478582043884955
14974	0.476258064516129
14975	0.473989417989418
14976	0.477023705370162
14977	0.485195209973753
14978	0.482840762273902
14980	0.485668853110714
14981	0.488432178508514
14982	0.491132701056365
14983	0.493772309561783
14990	0.491377697976284
14991	0.489036299981574
14992	0.486746550472041
14993	0.479640761414055
14994	0.472689446031242
14995	0.470684322107531
14996	0.473484069886948
14997	0.476224248564674
14998	0.469516864782073
14999	0.472274204668571
15001	0.47034447034447
15002	0.463856960408685
15004	0.462068965517241
15017	0.45578231292517
15023	0.449623092480235
15024	0.452536429046496
15030	0.446502609992543
15031	0.445003679175865
15036	0.443534332520042
15038	0.437736498108015
15040	0.436380612851201
15041	0.443653121072476
15045	0.437965260545906
15046	0.44087865425445
15048	0.435297911795533
15049	0.429822466364143
15079	0.424449685534591
15080	0.423317805383023
15081	0.426322112312451
15083	0.42518114569921
15085	0.424061050426455
15086	0.422961320522296
15087	0.429913593769015
15095	0.436740975879566
15096	0.431541678547667
15102	0.430379449610219
15103	0.429237730595197
15107	0.428116041738333
15109	0.423137948229748
15110	0.41824618004212
15111	0.421101587934357
15112	0.423908045977012
15114	0.422878787878788
15116	0.418100496490327
15117	0.413402738102795
15118	0.412508107881907
15119	0.415332091868405
15120	0.418109269490485
15121	0.41717766579645
15122	0.416261334294121
15174	0.411736754573533
15176	0.407285546415981
15178	0.40290613193839
15184	0.39859697544707
15185	0.39435658209125
15190	0.390183496566475
15191	0.386076301865776
15199	0.389014420868926
15200	0.384962187318208
15209	0.380972941853771
15212	0.380481811869024
15213	0.383417041149
15214	0.386307343450201
15219	0.382385441486239
15333	0.385256969013314
15334	0.384735123428591
15335	0.380887772194305
15336	0.37709784411277
15337	0.379964862157858
15338	0.376221365978962
15339	0.379068868926881
15340	0.381874701099952
15341	0.381403425684742
15343	0.384159592264278
15352	0.383670878236096
15353	0.386378971905288
15357	0.389048378522063
15358	0.388520273828331
15359	0.387999642314227
15360	0.393746124546018
15364	0.390066254223158
15366	0.389538506121858
15372	0.392104507608384
15387	0.391562837799397
15388	0.387970518186559
15390	0.393559828522754
15392	0.396042617960426
15393	0.392458521870287
15394	0.388922859511095
15395	0.391413835360024
15396	0.387919068972881
15398	0.390396825396826
15399	0.386941986234022
15438	0.386469663300976
15439	0.391851508359739
15440	0.388429224443934
15441	0.3937472311879
15443	0.390338164251208
15444	0.39272030651341
15445	0.392210547086972
15446	0.394556325886798
15447	0.396872158574286
15448	0.399158552710662
15449	0.395790126105509
15451	0.392464158659244
15452	0.38917993975833
15454	0.394270106927011
15456	0.393764407561088
15458	0.39051015625893
15461	0.392783049348706
15476	0.39502799703164
15477	0.397245455559273
15478	0.394015817709198
15481	0.398922572221674
15482	0.401081798789778
15483	0.39786025823725
15487	0.394677376171352
15489	0.391532536520584
15494	0.39107063808259
15496	0.387979170587866
15497	0.392798232236781
15501	0.394946219957799
15505	0.391860702614379
15508	0.388811202983139
15510	0.385797162649936
15511	0.382818033980825
15512	0.37987327987328
15516	0.379516651930445
15519	0.38170863677576
15521	0.381340763745779
15522	0.386027576141645
15523	0.388145607013532
15524	0.392746015983355
15525	0.389804098260633
15527	0.386895112452718
15528	0.386496883611681
15552	0.388572215338015
15553	0.38816454831215
15554	0.390212358005933
15555	0.392237664296488
15556	0.396673885724981
15558	0.39378898473789
15560	0.39576635924462
15561	0.395315579274142
15577	0.392471582300946
15588	0.394437138461274
15589	0.398762587472265
15590	0.400669378071513
15591	0.39782775127668
15592	0.395016247734089
15595	0.392234443172581
15618	0.396499464624001
15619	0.393726741095162
15623	0.393305881110759
