15446	0.666666666666667
15447	0.666666666666667
15450	0.5
15470	0.433333333333333
15489	0.288888888888889
15490	0.301587301587302
15492	0.226190476190476
15497	0.25
15509	0.4
15510	0.387878787878788
15511	0.378787878787879
15512	0.371794871794872
15517	0.413919413919414
15575	0.403174603174603
15576	0.436111111111111
15638	0.463235294117647
15639	0.44880174291939
15651	0.436647173489279
15658	0.426315789473684
15660	0.417460317460318
15670	0.44011544011544
15672	0.430830039525692
15673	0.45048309178744
15674	0.414444444444445
15680	0.408205128205128
15681	0.452041785375119
15749	0.467372134038801
15750	0.504105090311987
15751	0.49272030651341
15754	0.460931899641577
15758	0.452956989247312
15797	0.445707070707071
15798	0.439096850861557
15799	0.414005602240896
15847	0.391005291005291
15848	0.36986986986987
15853	0.350403034613561
15854	0.366621682411156
15856	0.381623931623932
15861	0.411788617886179
15866	0.392179636082075
15867	0.373938722775932
15868	0.372093023255814
15923	0.355555555555556
15924	0.354589371980676
15929	0.33950046253469
15930	0.339243498817967
15944	0.352607709750567
15946	0.378503401360544
15967	0.389803921568628
15995	0.413273001508296
15996	0.397677793904209
