15289,1,0,0,0.5,0.5,1
15290,1,1,0,0,0.5,1
15291,1,0,1,0,0,0
15292,1,0,0,0,0,0
15293,1,1,0,0,0.5,1
15294,1,1,1,0,0,0
15295,1,1,0,1,0.5,0
15296,1,1,1,0,0,0
15297,1,1,0,0,0,0
15298,0,1,1,0.5,0,1
15299,1,1,0,0,0.5,1
15300,0,0,0,0,0,0
15301,1,1,0,0,0.5,0.5
15302,0,1,1,0.5,0.5,0.5
15303,0,1,1,0,0,0
15305,0,1,0,0.5,0.5,0.5
15306,1,1,1,0,0,0
15307,0,1,1,0,0.5,1
15308,0,1,1,0,0.5,1
15309,0,1,1,0,0,0
15310,1,1,1,0,0,0
15313,0,1,1,0,0.5,1
15314,0,0,0,0,0.5,0.5
15315,0,1,0,0,0.5,1
15316,1,1,0,0,0,0
15317,1,1,1,0,0,0
15318,0,1,0,0,0,0
15321,1,1,1,0,0,0
15322,0,1,1,0,0,1
15323,0,1,0,0,0,0.5
15324,1,1,0,0,0,0
15325,0,1,1,0,0,0.5
15326,0,1,0,0,0,0
15327,0,1,1,0,0,0
15328,1,1,0,0,0,0.5
15329,1,1,0,0,0.5,0
15331,0,1,0,0,1,0.5
15332,0,1,1,0,0,1
15333,0,1,1,0,0,0
15334,1,1,0,0,0,0
15336,0,0,1,0,0,0
15337,1,1,1,0,0,0
15339,1,1,0,0,0,0
15342,1,1,0,1,0.5,1
15344,0,1,0,0,0,0
15345,1,1,0,0,0,0
15346,0,1,0,0,0.5,1
15347,1,1,0,0,0,0
15348,0,1,0,0,0,0
15349,0,1,0,0,0,0
15350,0,1,0,0,0,0
15353,0,0,1,0,0,0
15354,1,0,1,0,0,0
15355,0,1,1,0,0,0.5
15356,0,1,1,0,0.5,0
15362,1,1,0,0,0,0
15363,1,1,0,0,0.5,1
15364,0,1,1,0,0,0
15365,1,1,0,0,0.5,1
15366,1,0,1,0,0,1
15367,1,1,0,0,0,0
15368,0,0,1,0,0,1
15369,1,1,0,0,0,0
15370,1,1,0,0,0,0
15372,0,1,1,0,0.5,1
15373,0,1,1,0,0,0
15374,0,0,1,0,0.5,0.5
15375,0,1,1,0,0,0
15376,0,0,1,0,0,0
15378,0,1,0,0,0,0
15383,0,0,1,0,0,0
15385,0,0,1,0.5,1,1
15386,1,0,1,0,0,0
15393,1,0,0,0.5,1,0.5
15394,1,0,0,0,0,0
15395,1,1,0,0,0,0
15399,0,1,1,0.5,0,0
15400,0,0,1,0.5,0,0
15401,0,0,0,0,0,0
15402,0,1,1,0,0.5,0.5
15403,1,1,0,0,0,0
15404,0,1,0,0,0,0
15405,1,0,1,0.5,0,0
15406,0,1,1,0,0,0
15407,0,1,0,0,0.5,1
15409,0,0,0,0.5,0,0
15411,0,0,1,0.5,0,0.5
15412,1,1,1,0,1,0.5
15413,0,1,0,0.5,0.5,0.5
15414,0,0,0,0.5,0,1
15415,0,0,0,0.5,0,0.5
15416,0,0,1,0.5,0.5,0.5
15417,0,0,1,0.5,0.5,0
15418,0,0,0,0,0.5,1
15419,0,1,0,0.5,0.5,0.5
15420,1,0,1,0.5,0,0
15421,1,0,1,0.5,0.5,0.5
15422,0,0,0,0,0,0
15423,0,1,0,0,0.5,1
15425,0,0,0,0,0,0
15426,0,0,0,0.5,0,0.5
15427,0,1,1,0,0.5,0.5
15428,1,0,0,0,0,0
15429,1,1,0,0,0,0.5
15430,1,0,0,0.5,0,0.5
15431,0,0,0,0,0,0.5
15433,1,1,1,0,0,0
15435,0,1,1,0,0.5,0.5
15436,0,0,0,0,0.5,0.5
15437,0,1,1,0,0,0
15438,0,1,0,0,0,0
15439,0,0,0,0,0,0
15445,0,1,1,0,0,0
15448,1,0,0,0,0,0
15449,0,0,0,0,0,0.5
15450,0,1,1,0,0,0.5
15451,0,1,1,0,0,0
15452,0,1,1,0,0,0
15453,0,1,0,0.5,0,0
15454,1,1,0,0.5,0.5,0.5
15455,0,1,0,1,0.5,0
15456,0,1,0,0.5,0.5,0.5
15457,0,1,1,0,0,0
15459,0,1,0,0.5,0.5,0.5
15460,0,1,1,0.5,0.5,0.5
15461,0,1,1,0.5,0.5,0.5
15465,0,1,0,0.5,0.5,0.5
15466,1,0,1,0.5,0.5,0.5
15469,0,0,0,0,0.5,0
15473,1,1,0,0,0,0
15475,1,1,0,0.5,0,0.5
15481,0,1,1,0.5,0.5,0.5
15482,0,1,0,0.5,0.5,0.5
15485,0,0,1,0,0,0.5
15486,1,0,1,0.5,0.5,1
15487,0,0,1,0,0.5,0.5
15488,1,0,1,0,0,0
15490,1,0,1,0,0.5,0.5
15491,1,0,0,0,0,0.5
15492,1,0,0,0,0,0
15503,1,1,0,0,0,0
15504,0,1,1,0.5,0,0.5
15505,0,0,1,0,0,0
15506,0,1,1,0.5,0.5,0.5
15509,1,0,1,0.5,0.5,0.5
15512,0,0,1,0,0,0
15523,0,0,1,0,0,0
15526,0,1,0,0.5,0.5,0.5
15527,0,0,0,0,0,0
15534,0,1,1,0,0,0
15540,0,1,0,0,0,0.5
15541,0,1,1,0,0,0
15542,1,1,0,0.5,0.5,0.5
15543,0,0,1,0.5,0.5,0.5
15544,1,1,1,0,0,0
15545,1,1,0,0,0,0
15546,0,0,1,0.5,0,0
15547,1,1,0,0,0,0
15549,1,1,1,0,0,0
15551,0,1,0,0,0,0
15553,0,0,1,0.5,0.5,1
15554,1,1,1,0,0,0
15555,0,1,1,0,0,0
15562,1,0,1,0,0,0
15565,0,0,1,0,0,0
15568,0,1,0,0,0,0
15569,1,1,1,0,0,0
15572,0,1,0,0,0,0.5
15573,1,0,1,0,0.5,0.5
15576,0,1,0,0,0,0
15581,0,1,1,0,0.5,0.5
15583,1,0,1,0,0,0
15584,0,0,1,0,0,0
15587,0,1,0,0,0,0
15596,1,1,0,0,0,0
15597,0,0,1,0.5,0.5,0.5
15599,1,1,0,0,0,0
15600,0,1,0,0,0,0
15601,1,1,1,0,0.5,1
15604,1,0,0,0.5,0,0.5
15606,0,0,1,0.5,0,0.5
15616,0,0,1,0.5,1,0
15618,0,1,0,0.5,0.5,0.5
15629,0,1,0,0,0,0
15638,0,0,0,0,0,0
15641,0,0,1,0,1,1
15647,1,0,1,0.5,0,1
