15254	0.333333333333333
15255	0.333333333333333
15256	0.166666666666667
15319	0.233333333333333
15320	0.266666666666667
15325	0.285714285714286
15326	0.214285714285714
15332	0.240740740740741
15344	0.192592592592593
15346	0.218181818181818
15347	0.292929292929293
15348	0.299145299145299
15349	0.304029304029304
15350	0.307936507936508
15351	0.311111111111111
15356	0.352941176470588
15357	0.350762527233116
15364	0.348927875243665
15369	0.380701754385965
15370	0.407936507936508
15373	0.461760461760462
15374	0.421607378129117
15377	0.414251207729469
15381	0.407777777777778
15383	0.402051282051282
15385	0.421652421652422
15386	0.439153439153439
15390	0.454844006568145
15391	0.491187739463602
15393	0.481003584229391
15396	0.49260752688172
15397	0.503156565656566
15400	0.473559120617944
15401	0.465546218487395
15404	0.458201058201058
15405	0.46946946946947
15407	0.462304409672831
15408	0.43859649122807
15411	0.416666666666667
15412	0.41260162601626
15413	0.408826945412311
15415	0.389811738648948
15416	0.402396053558844
15417	0.399326599326599
15418	0.381964573268921
15422	0.394079555966698
15425	0.391548463356974
15426	0.402777777777778
15427	0.413333333333333
15430	0.397124183006536
15431	0.407491201608849
15435	0.404692791485244
15440	0.402049848590729
15441	0.399551066217733
15442	0.409090909090909
15443	0.406432748538012
15446	0.403912079048195
15447	0.401519579193454
15448	0.39924670433145
15467	0.408014571948998
15473	0.40560549973559
15474	0.392729134664619
15481	0.411706349206349
15483	0.419551282051282
15491	0.427039627039627
15497	0.424242424242424
15500	0.431372549019608
15501	0.428530832622904
15515	0.444858523119393
15599	0.441716968477532
15600	0.429447052686489
15601	0.426813800101471
15603	0.42428730099963
15606	0.430750750750751
15609	0.419415204678363
15612	0.417179311916154
15616	0.415029415029415
15617	0.404522341231202
15618	0.402742616033755
15622	0.401028806584362
15624	0.407507778781492
15632	0.405720442746596
15633	0.403996940141519
15641	0.418020541549953
15642	0.408299133606931
15644	0.406575781876504
15646	0.40491118077325
15700	0.418283963227784
15702	0.416396171452351
15709	0.429222629222629
15710	0.434384456123587
15711	0.43221131369799
15715	0.437199725463281
15718	0.427995520716685
15719	0.426023391812866
15720	0.424112256586483
15725	0.422259625499684
15726	0.420463134748849
15727	0.425387205387205
15732	0.416963696369637
15733	0.408787937617291
15734	0.40732279967003
15735	0.405899925317401
15736	0.410866910866911
15737	0.415693321353699
15739	0.407923352730265
15741	0.400369216568594
15742	0.399139200362442
15743	0.391882123992216
15744	0.390827190827191
15745	0.389800514800515
15746	0.388801095659503
15747	0.387827977022202
15749	0.386880244088482
15751	0.385957021489255
15753	0.385057471264368
15754	0.395480225988701
15758	0.405640222190571
15759	0.404435107376284
15760	0.408769513314968
15763	0.407532854626744
15765	0.406326358345551
15767	0.399772707404493
15768	0.398709677419355
15769	0.397671957671958
15770	0.39665875098946
15771	0.395669291338583
15773	0.394702842377261
15774	0.393758696084277
15775	0.397925229986299
15777	0.401997069936001
15779	0.40096453254348
15780	0.399955111659746
15781	0.394029850746269
15782	0.398039215686275
15783	0.401960784313726
15785	0.400966183574879
15788	0.395196885969485
15789	0.394313120931826
15790	0.40290442418102
15793	0.401924549662038
15794	0.400965231951148
15798	0.40465552965553
15799	0.408269476372925
15801	0.411809163911195
15802	0.410741465535986
15806	0.414199914199914
15808	0.417588729669267
15809	0.420909768829232
15810	0.419749816041207
15811	0.418612757058208
15813	0.413140694874441
15814	0.407775231304643
15816	0.411115765954476
15818	0.41439205955335
15823	0.413359464314878
15824	0.412346475315112
15827	0.411352599315341
15828	0.410377358490566
15829	0.40527950310559
15830	0.404391278787414
15832	0.407609381706178
15834	0.414833657539029
15836	0.417886178861789
15842	0.424899598393574
15844	0.423802996416805
15845	0.418757722649938
15846	0.421691556306941
15849	0.416730479173918
15851	0.415755073959408
15852	0.414796681626547
15855	0.413854908813909
15858	0.409097955839036
15859	0.412041598248495
15861	0.414935064935065
15863	0.414013011470639
15864	0.416851816585201
15865	0.415918649174565
15866	0.415001034554107
15869	0.410415387763454
15870	0.409568332220266
15872	0.408735162833524
15873	0.404292389324463
15874	0.40352526439483
15875	0.399186283057251
15876	0.394916911045943
15877	0.397807865892972
15879	0.397125595707156
15880	0.396454098208484
15882	0.395793147790943
15883	0.398614746945899
15884	0.401392487046632
15885	0.397254420169863
15886	0.396598819279232
15887	0.399354613640328
15896	0.398684346835181
15898	0.398024235587687
15899	0.397374075766036
15901	0.396733668341709
15902	0.392786069651741
15903	0.38889709866509
15904	0.385065600156075
15905	0.381290447213368
15907	0.380822572931612
15908	0.380361512352988
15912	0.379907133811735
15913	0.376254180602007
15914	0.372653662127346
15915	0.369104579630895
15916	0.368765515684947
15917	0.368431249813705
15919	0.371231582366315
15920	0.370877393123016
15921	0.367427370861407
15923	0.370198105081826
15930	0.369858337600273
15931	0.366465141842472
15939	0.36311842821834
15940	0.362847654628477
15941	0.362580556698204
15942	0.362317068199421
15943	0.365046661010787
15944	0.36178731582319
15945	0.361534391534392
15946	0.361284824647657
15947	0.358101698439307
15948	0.354960455470541
15949	0.354771572307771
15950	0.360382254287703
15951	0.357262061609888
15952	0.354182216251182
15953	0.351142025553747
15954	0.350989814509128
15955	0.350839546584227
15956	0.350691188844813
15957	0.347731769529667
15958	0.347610774267513
15963	0.34749129777434
15964	0.344595536959554
15965	0.341735822959889
15966	0.34166638089686
15967	0.338854311918285
15968	0.338809057995458
15969	0.336043269766923
15970	0.333311210663127
15971	0.336010445124694
15972	0.335988855513474
15973	0.335967526018051
15974	0.333279785809906
