14609	0
14610	0
14611	0
14612	0.133333333333333
14613	0.2
14614	0.142857142857143
14615	0.107142857142857
14616	0.0833333333333333
14617	0.133333333333333
14618	0.109090909090909
14619	0.0909090909090909
14620	0.128205128205128
14621	0.157509157509158
14623	0.136507936507937
14624	0.161111111111111
14625	0.142156862745098
14626	0.126361655773421
14627	0.113060428849903
14628	0.101754385964912
14629	0.0920634920634921
14630	0.0836940836940837
14631	0.105401844532279
14632	0.124396135265701
14633	0.114444444444444
14634	0.105641025641026
14635	0.0978157644824311
14636	0.0908289241622575
14637	0.0845648604269294
14638	0.0789272030651341
14639	0.0953405017921147
14640	0.110215053763441
14641	0.123737373737374
14642	0.155674390968509
14643	0.184873949579832
14644	0.174603174603175
14647	0.201201201201201
14648	0.208155523944998
14649	0.214574898785425
14651	0.237179487179487
14654	0.241869918699187
14655	0.262098335269067
14656	0.265411590992986
14657	0.283650458069063
14658	0.300673400673401
14660	0.287600644122383
14661	0.303731113166821
14662	0.304964539007092
14663	0.292517006802721
14664	0.307482993197279
14665	0.295424836601307
14668	0.296882855706385
14669	0.285679729075956
14670	0.29979035639413
14671	0.313131313131313
14672	0.313852813852814
14673	0.31453634085213
14674	0.326678765880218
14675	0.326904344437951
14676	0.327118644067797
14677	0.316393442622951
14679	0.327692578882426
14680	0.338453661034306
14683	0.338293650793651
14684	0.348397435897436
14685	0.358041958041958
14688	0.357304387155133
14689	0.37620719929763
14690	0.394288150042626
14691	0.402070393374741
14692	0.400134138162307
14693	0.407537819509651
14697	0.414637239979706
14698	0.403430828088362
14699	0.392672672672673
14700	0.399883040935673
14707	0.398154477101846
14708	0.396492396492397
14710	0.394893432868116
14711	0.385021097046414
14755	0.375514403292181
14760	0.382615678008632
14762	0.381428151630914
14763	0.380283036909543
14766	0.371335200746965
14767	0.362699498404013
14776	0.362024414149514
14843	0.353796586555207
14847	0.353336738168199
14849	0.34548481065335
14858	0.352543752543753
14860	0.359372511546425
14863	0.358812529219261
14867	0.358270418668497
14871	0.350727883538634
14872	0.350365497076023
14881	0.350014318442154
14888	0.349673890174627
14890	0.349343777915207
14892	0.349023569023569
14894	0.348712871287129
14895	0.348411311719407
14897	0.348118535440066
14898	0.347834204630321
14899	0.347557997557998
14900	0.341000299490866
14901	0.334626462117205
14902	0.334602515287874
14904	0.340695435496659
14905	0.340561579093689
14906	0.346437346437347
14907	0.358108108108108
14908	0.369469026548673
14921	0.374683020234953
14922	0.37396389524536
14928	0.373263368315842
14929	0.383976815011298
14930	0.39441788594331
14935	0.393391254807008
14936	0.392390289449113
14940	0.391414141414141
14943	0.384997516145057
14946	0.384157448131858
14949	0.377961360258764
14950	0.38258064516129
14951	0.381798941798942
14958	0.391534391534392
14959	0.390625
14960	0.389736757105943
14963	0.393997217253031
14964	0.393071051086318
14965	0.392165934150667
14966	0.386268702058176
14967	0.385478621927954
14970	0.389644370738898
14971	0.393718228031954
14972	0.397702876771147
14975	0.396769984837265
14976	0.400653390331213
14978	0.394929770469339
14979	0.398784194528875
14980	0.397862351413445
14981	0.392297843002068
14984	0.391478891478892
14985	0.390676883780332
14986	0.389891355692017
14988	0.389121858789178
14989	0.383863455292027
14991	0.38318519862144
14994	0.38696495152871
14995	0.390669610007358
14998	0.398687115138841
14999	0.402190115812407
15000	0.409953880542116
15001	0.413266303588884
15003	0.412241521918941
15004	0.411236322064348
15005	0.410250208282942
15006	0.405089828304541
15007	0.4041928721174
15012	0.403312629399586
15013	0.402448687472842
15014	0.397510666767654
15016	0.400793057010325
15017	0.404015767430402
15018	0.407180236095899
15019	0.406295842050838
15020	0.401458986788328
15022	0.396707992861839
15023	0.395962408632092
15025	0.395229904827428
15026	0.394510177251915
15028	0.393802930501412
15029	0.393107877660399
15055	0.392424740010947
15068	0.391753246753247
15069	0.391093134737203
15070	0.386698829852515
15071	0.382378172535727
15074	0.38924063728533
15102	0.388622877020667
15103	0.384352295954506
15105	0.383794711663564
15106	0.379623030015047
15119	0.375518997258128
15120	0.378649617359295
15121	0.37816495121998
15123	0.377688019114803
15124	0.377218657360501
15126	0.380265478511093
15127	0.379774042435933
15130	0.379290285049447
15131	0.37881404720783
15169	0.378345173868917
15192	0.374464710547185
15221	0.377446363160649
15222	0.376998515142097
15223	0.373190449332581
15227	0.372789875302438
15228	0.37572864321608
15233	0.37530679933665
15236	0.371590890432327
15238	0.371213968687509
15244	0.370842589909527
15250	0.37047664594293
15252	0.366879785302707
15253	0.363335053077561
15254	0.366251703208225
15257	0.365936694884063
15262	0.365626186678818
15263	0.365320093282179
15271	0.365018331395869
15330	0.364720819676972
15331	0.361312213885598
15333	0.3579511700355
15334	0.354636807349986
15335	0.354440461967344
15336	0.35424681858538
15337	0.351011687822044
15338	0.353881278538813
15339	0.356711915535445
15340	0.356501297677768
15341	0.353303976622362
15342	0.356101857783472
15343	0.352936507936508
15345	0.349813176007866
15346	0.349667979156108
15347	0.349524692789242
15349	0.346472075384969
15350	0.343459274729448
15355	0.340485601355167
15356	0.337550380653829
15357	0.340375413151793
15363	0.340315224435396
15364	0.340255804085591
15366	0.337372280322154
15367	0.33452525685952
15368	0.334515240695434
15369	0.334505350257258
15370	0.331717805671781
15371	0.328964960811434
15376	0.326246242127042
15377	0.326304572095818
15378	0.326362184892847
15381	0.323698003791681
15382	0.323776339804214
15383	0.323853724367203
15386	0.323930172826608
15387	0.324005700220236
15390	0.324080321285141
15392	0.324154050464807
15395	0.324226901916145
15404	0.326933935629588
15405	0.329608996503896
15406	0.327023827903865
15412	0.324468954248366
15424	0.321943904020752
15425	0.324616173498628
15427	0.327257490048188
15428	0.324740124740125
15431	0.324805973081835
15435	0.322326538172814
15442	0.319875385791271
15444	0.319977339939317
15445	0.325109586430341
15447	0.325171419113822
15448	0.325232557048051
15452	0.322805448413364
15453	0.322883722650687
15456	0.325430262976731
15459	0.32302856361897
15460	0.32065335359236
15461	0.318304244774833
15468	0.318413946151173
15472	0.318522450785225
15473	0.316214317083882
15475	0.318744658958126
15476	0.316451531915262
15477	0.316572548412883
15478	0.316692268305172
15482	0.314438230808338
15489	0.314572238627664
15495	0.312349113266338
15496	0.314844307304368
15497	0.312634873568899
15501	0.310448615711774
15503	0.310608091095896
15505	0.313080720092915
15508	0.3155276816609
15536	0.313351628683928
15600	0.31348895998736
15602	0.315907985375575
15603	0.32057755544127
15624	0.322931903136681
15666	0.323002421307506
15667	0.320819972514888
15668	0.318659568659569
15673	0.31652091383635
15674	0.314403717088281
15675	0.314529914529915
15676	0.314654854189738
15677	0.31919356376464
15678	0.317086675554973
15679	0.315000579005269
15680	0.312935001438021
15682	0.31306832386871
15683	0.31102879081419
15684	0.313338127670375
15688	0.311310049174127
15689	0.31145213487838
15690	0.309449227258583
15691	0.3074655783659
15692	0.305500942082412
15693	0.303555076209275
15694	0.303744144508476
15695	0.308150827138169
15696	0.306206657881777
15697	0.304280829844784
15698	0.30237311304325
15700	0.300483281086729
15702	0.298611111111111
15704	0.298826777087647
15709	0.296976456486485
15711	0.29925849482093
15718	0.297416904083571
15719	0.295592260500236
15720	0.29786182873367
15721	0.29604559807066
15722	0.294245928781476
15723	0.294482822142397
15724	0.294717568433581
15725	0.292942161394824
15727	0.291182749014074
15728	0.293431155706605
15732	0.295659427413829
15736	0.295883676853826
15737	0.294127690641044
15738	0.294359676692477
15739	0.292623041431755
15741	0.292862513737058
15742	0.291144845034788
15744	0.293340879079419
15745	0.291630436635807
15746	0.291872895337537
15747	0.290180878552972
15748	0.288503532434168
15749	0.286840687866824
15750	0.287107886978701
15751	0.285462569574811
15752	0.285736116796289
15753	0.284107990774658
15755	0.284387680221014
15758	0.282776418576702
15759	0.283062050863463
15761	0.28334526935625
15762	0.283626101176347
15763	0.283904573065181
15764	0.282318513997778
15765	0.280745708905868
15766	0.282889714226762
15769	0.281322458192264
15770	0.279768190467445
15771	0.278226767930435
15772	0.280361053088326
15776	0.278824828139897
15777	0.279122688824014
