15154	0
15155	0
15156	0
15381	0.133333333333333
15428	0.2
15429	0.238095238095238
15448	0.261904761904762
15450	0.351851851851852
15451	0.348148148148148
15452	0.345454545454546
15453	0.343434343434343
15456	0.393162393162393
15457	0.336996336996337
15458	0.380952380952381
15459	0.416666666666667
15461	0.367647058823529
15462	0.400871459694989
15463	0.393762183235868
15464	0.387719298245614
15465	0.350793650793651
15466	0.349206349206349
15467	0.347826086956522
15468	0.318840579710145
15469	0.32
15470	0.321025641025641
15471	0.321937321937322
15472	0.322751322751323
15473	0.323481116584565
15474	0.346360153256705
15475	0.324014336917563
15476	0.366263440860215
15477	0.364267676767677
15478	0.342840166369578
15479	0.342296918767507
15480	0.36031746031746
15481	0.376876876876877
15482	0.374585111427217
15483	0.389563652721547
15484	0.386752136752137
15485	0.384146341463415
15486	0.381726674409601
15487	0.379475821336287
15488	0.37737843551797
15489	0.405050505050505
15490	0.416425120772947
15491	0.398704902867715
15492	0.395981087470449
15493	0.420634920634921
15494	0.430476190476191
15495	0.426666666666667
15496	0.423076923076923
15497	0.40711175616836
15498	0.404379221989285
15499	0.389674523007856
15500	0.387662337662338
15501	0.37406015037594
15502	0.384150030248034
15503	0.38242743035262
15504	0.4030131826742
15505	0.422586520947177
15506	0.419707385862859
15507	0.416965352449224
15508	0.403935185185185
15511	0.412019230769231
15513	0.42983682983683
15514	0.436906377204885
15515	0.424056189640035
15516	0.411764705882353
15517	0.4
15518	0.388732394366197
15523	0.387193531559729
15524	0.376585489599188
15525	0.366407503393805
15526	0.356636636636637
15527	0.356023391812866
15528	0.355434039644566
15529	0.354867354867355
15531	0.345883371199827
15532	0.337236286919831
15533	0.337139917695473
15535	0.337047074174446
15538	0.328925457929278
15539	0.321093899407152
15540	0.321381886087768
15541	0.321659826721386
15543	0.337253853693308
15546	0.329588993382097
15547	0.322182499148791
15548	0.329837702871411
15549	0.322588522588523
15550	0.322822105430801
15551	0.323048153342684
15552	0.316174788377946
15553	0.323553564762971
15558	0.316812865497076
15564	0.317153493699886
15565	0.317483694508731
15566	0.331271902700474
15567	0.331313131313131
15568	0.331353135313531
15569	0.324856015013266
15571	0.318548131226601
15572	0.312422205626089
15574	0.306471306471307
15575	0.313267445342917
15576	0.313642508669841
15577	0.320179993077189
15578	0.314305130818892
15580	0.326772310258549
15582	0.320884520884521
15584	0.327059202059202
15586	0.338969658659924
15587	0.338870775759458
15588	0.338774472412916
15589	0.338680659670165
15590	0.338589252382356
15591	0.332850451494519
15594	0.338460808052034
15595	0.332819794584501
15596	0.332828282828283
15597	0.332836562344759
15598	0.332844639921809
15599	0.332852522073608
15600	0.338193548387097
15602	0.338116402116402
15603	0.338041078198559
15604	0.332759186351706
15605	0.337936046511628
15607	0.337865235539654
15609	0.337796046192993
15610	0.332677924280978
15611	0.332687780056201
15612	0.33269741517974
15613	0.332706836189423
15616	0.33761801016703
15617	0.332689280091599
15618	0.327867696322155
15619	0.332742501650853
15620	0.327989037341555
15621	0.323336710570753
15622	0.323477508074451
15623	0.323615351784366
15624	0.328379953379953
15626	0.323850574712644
15627	0.319414265470005
15628	0.315068493150685
15629	0.310810810810811
15630	0.306638853618719
15631	0.30255033557047
15632	0.298543046357616
15633	0.294614848379226
15635	0.295120972365555
15636	0.291288232464703
15637	0.287529674626449
15638	0.283843396746623
15639	0.280227557297621
15640	0.285119191593432
15641	0.285725658785129
15642	0.290487421383648
15643	0.29101966873706
15644	0.287426833320553
15645	0.28799010325936
15646	0.288543069479775
15649	0.285045577728505
15650	0.281611293659486
15654	0.282230719284323
15655	0.278870829769033
15656	0.275570583262891
15657	0.284093282283328
15658	0.280770553835569
15659	0.27750577995376
15660	0.278151185195143
15661	0.274954045135428
15662	0.271811713191024
15663	0.272510822510823
15664	0.273198082520116
15665	0.277619077847606
15666	0.274517188709644
15667	0.282578108835092
15668	0.279455698792715
15669	0.276384757047741
15670	0.28065013310915
15671	0.27759958818405
15672	0.274598511555033
15673	0.278814298169137
15674	0.275832327065724
15675	0.272897940607578
15676	0.270010131712259
15677	0.270676691729323
15678	0.271332782217323
15679	0.268506399069226
15680	0.269178180771445
15681	0.269839574096825
15682	0.267071988721473
15683	0.264346764346764
15684	0.261663040850858
15685	0.259019979832163
15686	0.256416763954452
15687	0.257185929648241
15688	0.257943615257048
15689	0.258690048109289
15690	0.256141377684567
15691	0.256898161563476
15692	0.254391838036027
15693	0.251922014365775
15694	0.249487985241468
15695	0.247089062306454
15696	0.244724573671942
15697	0.242393863446495
15698	0.240096291281125
15699	0.237831231929417
15702	0.241857855729766
15703	0.2395975019379
15704	0.237368687966384
15705	0.23825724949756
15707	0.236061330147352
15708	0.243069941797376
15709	0.246938405038191
15710	0.250754116507541
15711	0.248484848484849
15712	0.246246246246246
15713	0.244037759732827
15714	0.241858851163784
15715	0.242671957671958
15716	0.243474270730908
15717	0.241329122971164
15718	0.242136177448025
