14572	0.666666666666667
14574	0.666666666666667
14580	0.333333333333333
14583	0.333333333333333
14650	0.444444444444445
14655	0.412698412698413
14659	0.476190476190476
14664	0.518518518518519
14828	0.481481481481482
14962	0.454545454545455
15008	0.434343434343434
15009	0.47008547008547
15022	0.498168498168498
15026	0.476190476190476
15028	0.5
15035	0.441176470588235
15036	0.429193899782135
15041	0.419103313840156
15217	0.443859649122807
15219	0.465079365079365
15459	0.453102453102453
15460	0.442687747035573
15463	0.433574879227053
15466	0.398888888888889
