13918	0.333333333333333
13919	0.111111111111111
13925	0.0555555555555556
13928	0.166666666666667
13931	0.222222222222222
13935	0.158730158730159
13938	0.119047619047619
13940	0.166666666666667
13949	0.2
13955	0.224242424242424
13960	0.242424242424243
13962	0.256410256410256
14002	0.21978021978022
14004	0.190476190476191
14007	0.25
14013	0.259803921568627
14025	0.26797385620915
14069	0.274853801169591
14076	0.280701754385965
14077	0.285714285714286
14102	0.29004329004329
14107	0.293807641633729
14117	0.297101449275362
14130	0.3
14142	0.302564102564103
14148	0.304843304843305
14164	0.306878306878307
14169	0.308702791461412
14177	0.332567049808429
14180	0.332616487455197
14210	0.311827956989247
14211	0.313131313131313
14222	0.314319667260844
14223	0.296358543417367
14234	0.27989417989418
14250	0.264764764764765
14262	0.285917496443812
14263	0.288349077822762
14272	0.290598290598291
14273	0.292682926829268
14278	0.278745644599303
14334	0.281284606866002
14335	0.283650458069063
14365	0.285858585858586
14378	0.273429951690821
14395	0.261794634597595
14396	0.264775413711584
14431	0.267573696145125
14443	0.270204081632653
14456	0.272679738562092
14460	0.287833081950729
14499	0.289550072568941
14534	0.278825995807128
14562	0.268686868686869
14565	0.259090909090909
14574	0.25
14647	0.252873563218391
14662	0.244301578024547
14693	0.247269303201507
14720	0.250091074681239
14722	0.252776308831306
14757	0.244751664106503
14761	0.247519841269841
14788	0.250160256410256
14795	0.242579642579643
14803	0.245288707975275
14815	0.247878255779924
14816	0.26001705029838
14827	0.252587991718427
14858	0.254862508383635
14974	0.247782994261868
15108	0.250126839167935
15329	0.252375663334567
15370	0.254534534534535
15371	0.256608187134503
15387	0.249943039416724
15388	0.252081252081252
15403	0.245699448231094
15404	0.24789029535865
15417	0.25
15425	0.252032520325203
15473	0.253991576060339
15509	0.263817173455728
15544	0.265452847805789
15561	0.26703146374829
15575	0.260892809409249
15582	0.254963427377221
15586	0.249233912155261
15602	0.243695380774033
15673	0.245665445665446
15674	0.240324892498806
15682	0.242325074022129
15692	0.24426141996492
15696	0.239119074281448
15741	0.234137426900585
15753	0.229309851088202
15761	0.224630058208851
15764	0.226826083968941
15767	0.222289562289562
15770	0.217887788778878
15814	0.220151426907397
15815	0.222349133828289
15839	0.224483445357232
15845	0.22020757020757
15849	0.222342018568434
15850	0.218186092987715
15859	0.226491288796585
15866	0.234567901234568
15906	0.236363636363636
15923	0.238110838110838
15929	0.245763620763621
15951	0.241413822166035
15976	0.24302644516897
