15443	0
15445	0.222222222222222
15447	0.111111111111111
15451	0.2
15452	0.355555555555556
15454	0.253968253968254
15455	0.273809523809524
15456	0.287037037037037
15457	0.22962962962963
15460	0.248484848484849
15461	0.262626262626263
15462	0.324786324786325
15467	0.326007326007326
15470	0.282539682539683
15476	0.288888888888889
15477	0.254901960784314
15480	0.263616557734205
15481	0.235867446393762
15484	0.212280701754386
15485	0.192063492063492
15486	0.204906204906205
15487	0.187088274044796
15488	0.199275362318841
15490	0.21
15491	0.245128205128205
15493	0.226970560303894
15494	0.282186948853616
15498	0.262725779967159
15500	0.289655172413793
15524	0.313978494623656
15525	0.294354838709677
15526	0.296717171717172
15552	0.298871063576946
15554	0.319887955182073
15555	0.320634920634921
