15183	0
15184	0.222222222222222
15185	0.111111111111111
15186	0.2
15187	0.133333333333333
15188	0.19047619047619
15189	0.226190476190476
15190	0.175925925925926
15191	0.207407407407407
15193	0.23030303030303
15194	0.191919191919192
15197	0.162393162393162
15198	0.139194139194139
15199	0.120634920634921
15200	0.105555555555556
15201	0.132352941176471
15202	0.117647058823529
15203	0.105263157894737
15204	0.128070175438597
15205	0.147619047619048
15206	0.164502164502165
15207	0.150197628458498
15208	0.13768115942029
15209	0.126666666666667
15210	0.193846153846154
15211	0.17948717948718
15213	0.166666666666667
15214	0.155172413793103
15216	0.167049808429119
15217	0.177777777777778
15218	0.1875
15219	0.216540404040404
15220	0.203802733214498
15221	0.192156862745098
15222	0.2
15223	0.189189189189189
15224	0.196775723091513
15230	0.186684660368871
15235	0.210683760683761
15236	0.200406504065041
15237	0.190863337204801
15238	0.181985972683647
15240	0.173713883016209
15241	0.180808080808081
15242	0.172946859903382
15243	0.17977181621955
15244	0.200059101654846
15245	0.191893424036281
15246	0.18421768707483
15247	0.176993464052288
15249	0.1701860231272
15250	0.163763909046928
15251	0.170044258094573
15252	0.163860830527497
15253	0.16991341991342
15254	0.163951545530493
15255	0.158298043960476
15256	0.152932008571985
15257	0.147834274952919
15258	0.142987249544627
15263	0.159880133967918
15264	0.154804574159413
15270	0.181216931216931
15272	0.206410256410256
15273	0.21025641025641
15274	0.203980099502488
15275	0.197980684811238
15276	0.192242114236999
15277	0.205797101449275
15278	0.218779342723005
15280	0.221961398017736
15282	0.225012683916794
15283	0.21893126002715
15296	0.213093093093093
15299	0.207485380116959
15300	0.210754158122579
15301	0.213897213897214
15302	0.208482094558044
15305	0.211603375527426
15306	0.206378600823045
15307	0.201344976412727
15309	0.196493290234107
15310	0.199751386498374
15311	0.202894491129785
15312	0.198176014591883
15313	0.201283079390537
15314	0.196708463949843
15321	0.192288049029622
15325	0.188014981273408
15338	0.183882783882784
15339	0.179885332059245
15340	0.17601683029453
15341	0.172271791352093
15342	0.168645016797312
15343	0.179020467836257
15344	0.17532932416953
15345	0.171751174696683
15346	0.16828145399574
15347	0.164915824915825
15348	0.174851485148515
15349	0.171423024655407
15350	0.174566914144299
15353	0.184030370923575
15354	0.180525030525031
15355	0.177118897873615
15356	0.173808264268501
15358	0.170589592707973
15359	0.167459508438102
15360	0.17047539616347
15361	0.179415779415779
15362	0.176211926211926
15363	0.178992836072482
15364	0.175852610878228
15365	0.172794304602085
15366	0.175562218890555
15368	0.183957166715787
15369	0.192138683664107
15370	0.194511702986279
15371	0.202380952380952
15373	0.199035812672176
15374	0.20123741137154
15376	0.197965258341108
15377	0.20014861438937
15378	0.19694623655914
15379	0.199111111111111
15380	0.201224846894138
15383	0.198080708661417
15384	0.200177648578811
15385	0.19709799244683
15386	0.199177921315326
15388	0.201210579073175
15389	0.203197387407914
15390	0.20016459058093
15391	0.202137460843929
15392	0.199164851125635
15393	0.196257335050809
15394	0.19824394372157
15397	0.195391512876655
15399	0.202124015073655
15400	0.199257007767646
15402	0.196450571038524
15403	0.198365015266424
15404	0.204869204869205
15405	0.202043422733078
15406	0.203841914659109
15407	0.205603702668282
15409	0.202825274253846
15410	0.20010278735111
15412	0.197434750186428
15413	0.199234731420162
15414	0.200999186708493
15415	0.198371746359362
15416	0.200124494242141
15417	0.210445468509985
15418	0.207747449682934
15419	0.205100985355762
15420	0.20672417963396
15421	0.208316747605021
15422	0.205712788259958
15425	0.20315734989648
15429	0.20064923446566
15430	0.202277260218637
15431	0.199810464362312
15432	0.197388519339739
15434	0.199026408664963
15436	0.196642858860592
15437	0.194301872445585
15447	0.199891988353527
15455	0.197540317902309
15456	0.195229904827428
15457	0.192959789655016
15458	0.190729040641663
15459	0.188536752818196
15460	0.190191570881226
15461	0.188030303030303
15462	0.193438623523369
15463	0.191265155843331
15464	0.18912811499592
