14016	0.666666666666667
14018	0.444444444444444
14036	0.555555555555556
14037	0.466666666666667
14040	0.422222222222222
14049	0.396825396825397
14061	0.380952380952381
14063	0.37037037037037
14074	0.362962962962963
14075	0.357575757575758
14076	0.353535353535354
14077	0.35042735042735
14079	0.395604395604396
14081	0.342857142857143
14084	0.341666666666667
14088	0.379901960784314
14095	0.374727668845316
14096	0.335282651072125
14104	0.335087719298246
14105	0.366666666666667
14111	0.333333333333333
14112	0.304347826086957
14115	0.306763285024155
14117	0.335555555555556
14124	0.30974358974359
14126	0.286799620132953
14128	0.313932980599647
14132	0.338259441707718
14133	0.360153256704981
14134	0.336917562724014
14135	0.35752688172043
14136	0.356060606060606
14137	0.354723707664884
14138	0.372549019607843
14139	0.37037037037037
14140	0.368368368368368
14141	0.384068278805121
14142	0.381466486729645
14143	0.379059829059829
14145	0.376829268292683
14146	0.374758033294619
14147	0.388335179032854
14150	0.385835095137421
14151	0.368686868686869
14159	0.352657004830918
14160	0.337650323774283
14162	0.323581560283688
14165	0.310374149659864
14167	0.311292517006803
14168	0.299084967320261
14169	0.313222724987431
14172	0.313981615868408
14173	0.339389704169578
14175	0.351290684624018
14176	0.350649350649351
14179	0.338345864661654
14180	0.338173018753781
14181	0.326709526592636
14182	0.349152542372881
14183	0.348633879781421
14184	0.348140313766966
14185	0.337088240314047
14186	0.326554232804233
14187	0.326762820512821
14188	0.316860916860917
14189	0.307402382029248
14190	0.298361135498976
14192	0.299374822392725
14196	0.290821256038647
14198	0.292018779342723
14200	0.283907146583203
14201	0.303526128868595
14202	0.295322719980254
14203	0.287447447447448
14204	0.279883040935673
14205	0.27261335156072
14206	0.274170274170274
14207	0.267229254571027
14208	0.268881856540084
14209	0.26224279835391
14211	0.2558466325404
14212	0.257713781957097
14214	0.259514247466055
14215	0.26125116713352
14216	0.262927496580027
14217	0.264546021562862
14218	0.281260884709161
14221	0.274940415389854
14222	0.283645443196005
14224	0.284737484737485
14226	0.285793916228699
14227	0.279647810503351
14228	0.280790055669946
14229	0.281896229936544
14230	0.28296783625731
14231	0.277133447880871
14232	0.271477663230241
14233	0.265993265993266
14234	0.267340067340067
14235	0.262046204620462
14236	0.256908043745551
14237	0.258392029951139
14238	0.266243465272592
14240	0.261172161172161
14241	0.256244384546271
14242	0.251454769881855
14243	0.246798200069228
14244	0.242269792728508
14245	0.237864887406172
14246	0.233579033579034
14247	0.229407979407979
14248	0.243046776232617
14249	0.244630750918594
14250	0.251970505975083
14251	0.253373313343328
14252	0.254740151291875
14253	0.250422521608962
14254	0.246213739733181
14255	0.247665732959851
14256	0.249081726354454
14257	0.244998419365036
14258	0.24101470522902
14259	0.237127371273713
14262	0.233333333333333
14263	0.22962962962963
14264	0.226013414989793
14265	0.232898622047244
14266	0.229287790697674
14267	0.236016696481813
14269	0.232413388138579
14271	0.228891973166782
14272	0.240487582592846
14281	0.241873340066584
14282	0.243228302929795
14283	0.239651416122004
14284	0.241019035351367
14285	0.237526005853521
14286	0.234108365481528
14287	0.240287769784173
14288	0.236879432624114
14289	0.238237938267905
14290	0.234905939131291
14291	0.231643356643357
14292	0.228448275862069
14293	0.225318847425602
14294	0.222253284875594
14295	0.219249862107005
14296	0.225255456799081
14298	0.222252050708427
14299	0.219308314937454
14300	0.216422679214593
14301	0.217950923059282
14302	0.219449395919984
14303	0.220918866080156
14304	0.226633581472291
14309	0.223746529479014
14312	0.220914294928646
14315	0.222328370883422
14320	0.219549266247379
14322	0.216821946169772
14323	0.218260358356977
14329	0.219672296700245
14332	0.225123447553494
14333	0.226435082532644
14334	0.23173907752221
14336	0.236947791164659
14344	0.242063492063492
14345	0.243143608528224
14346	0.244204664114166
14347	0.245247104689829
14348	0.246271363162428
14349	0.24727785992741
14353	0.248267003299892
14354	0.249239189928845
14355	0.250194805194805
14357	0.251134223591851
14358	0.255803127446624
14359	0.260393781516122
14362	0.261204220980757
14363	0.262001227747084
14364	0.270111104365248
14365	0.274445044936848
14366	0.278708323433912
14367	0.279298864081473
14368	0.287048338661242
14369	0.291108427730819
14370	0.28801152956347
14371	0.284963788509888
14372	0.285472941613293
14373	0.282483696151373
14374	0.283013379872019
14375	0.280080598733449
14376	0.277193169880526
14382	0.27776896642876
14387	0.281737310308739
14388	0.278877033046721
14389	0.276060093318977
14390	0.273285620019288
14391	0.277219430485762
14392	0.274461028192372
14393	0.271743592269675
14394	0.272350387748134
14395	0.276216233619885
14397	0.280025506137414
14398	0.287015549767148
14406	0.293904288416741
14441	0.294283413848631
14443	0.294657097288676
14444	0.29185083921926
14446	0.289084480553675
14447	0.28635726847298
14448	0.283668467830041
14450	0.281017360654059
14451	0.278403245671231
14452	0.278911857594028
14454	0.276341241395005
14455	0.273806000648262
14457	0.274349629257258
14458	0.274885844748858
14472	0.275414781297134
14473	0.275936570054217
14492	0.279440875853432
14500	0.282898248985693
14523	0.283346560846561
14524	0.283788921665028
14527	0.284225436305277
14528	0.284656207331839
14537	0.287992543221226
14538	0.291285361685969
14682	0.294535416274547
14684	0.291996317858387
14686	0.292351142025554
14690	0.295550420013939
14692	0.298708856155665
14693	0.299002283928357
14694	0.299291997425445
14697	0.29957805907173
14698	0.302649930264993
14699	0.300127847512785
14700	0.300403411710466
14701	0.297920738886412
14714	0.300955684794069
14715	0.298488834918707
14716	0.301494368239099
14717	0.301753221613849
14718	0.29930987568985
14720	0.296896086369771
14721	0.294511378848728
14722	0.292155287817938
14723	0.295139442231076
14725	0.295442568350935
14726	0.295742100089926
14727	0.293413422136462
14728	0.291112140394215
14729	0.294046160130719
14730	0.296945930609598
14732	0.294644024170764
14733	0.292368780740874
14734	0.29011979011979
14735	0.287896649965616
14736	0.288243494876819
14737	0.291121237628073
14738	0.288915773706648
14739	0.286735277301315
14740	0.287085638624864
14741	0.284935184402955
14742	0.287783926807908
14743	0.285644269359522
14744	0.285997521685254
14745	0.286346863468635
14746	0.289143332609797
14747	0.291909071320836
14748	0.29221143819684
14749	0.292510506525105
14750	0.29522178304787
14751	0.295496956696141
14752	0.300565323914154
14753	0.303189706299477
14754	0.303405017921147
14755	0.301245551601424
14764	0.299109058327655
14765	0.299350925995539
14766	0.304285074404021
14767	0.302149740548555
14768	0.302367807630966
14769	0.304906475638183
14770	0.305103884372177
14771	0.30760604895553
14772	0.307783478502963
14773	0.307959078879804
14774	0.305849770120353
14775	0.306037371234435
14776	0.306223058051434
14777	0.304146969522272
14778	0.304344174683158
14779	0.304539387872721
14780	0.302495499363508
14781	0.30270177250043
14782	0.300683760683761
14783	0.303115540789959
14784	0.303315658621373
14787	0.30571401511012
14788	0.305895721151063
14789	0.303889847569744
14790	0.304082288653166
14791	0.306444401864981
14792	0.304454503151572
14794	0.302483923843147
14795	0.30483348992588
14796	0.30716039138402
14799	0.307328166652926
14800	0.305364408399552
14801	0.307665696668769
14802	0.307828665790449
14803	0.307990087736923
14804	0.308149982030907
14806	0.310404803946855
14808	0.310548556482194
14820	0.30860762800418
14821	0.308761682242991
14823	0.310984694568604
14824	0.313187059720914
14825	0.311253806265846
14828	0.313440962329851
14830	0.311518011640711
14832	0.311651438684703
14833	0.309751125034186
14834	0.307868139471668
14839	0.306002271959719
14840	0.306167414324514
14847	0.306331064439025
14848	0.308495242230182
14849	0.3066479653306
14850	0.308797330711711
14851	0.306959251362236
14853	0.305137534736941
14854	0.303331987194119
14856	0.303508986286386
14857	0.301723639308231
14858	0.301909033408085
14859	0.300143483505113
14860	0.300337010326269
14861	0.298590864917396
14862	0.298792270531401
14863	0.297065147580352
14864	0.295352956528016
14865	0.295571234555633
14866	0.295787636267826
14867	0.2960021831082
14868	0.294315560982228
14869	0.294537252870586
14870	0.292868486565371
14871	0.291213862347487
14872	0.293329089414074
14873	0.293553832357441
14874	0.291909273072525
14875	0.290278495010667
14876	0.288661344620636
14882	0.288909522335706
14886	0.287308915563763
14887	0.287563194114976
14888	0.291488465772745
14889	0.289886880795972
14890	0.288298459531336
14891	0.290366045362677
14894	0.290600199520555
14938	0.290832444813016
14941	0.289256117198853
14943	0.289494372421202
14944	0.293324591437799
14947	0.295331806896019
14948	0.295535568431876
14955	0.293955164322614
14959	0.294165181224005
14960	0.294373522458629
14961	0.294580205805444
14962	0.293021580377902
14963	0.294993322258054
14964	0.296949497754941
14968	0.29714048901782
14969	0.295584779651235
14970	0.294041255997704
14971	0.292509791122715
14972	0.294453463203463
14973	0.294654913307763
14976	0.294854801783347
14977	0.293334931671062
14979	0.29354057898038
14980	0.292035242677916
14981	0.290541456270357
14982	0.28905910190163
14984	0.289284416056499
14985	0.287815967244029
14992	0.288046434920431
14997	0.286591654946085
14998	0.286827129396399
14999	0.28706082891367
15002	0.287292771291713
15004	0.287522974101922
15005	0.287751454696592
15009	0.286319855419494
15010	0.289861692365303
15011	0.288426733492208
15012	0.288648494479078
15014	0.288868616837966
15022	0.290725118311325
15057	0.289299995182348
15058	0.287885325279256
15062	0.291359055399845
15063	0.289941249777461
