15201	0.333333333333333
15202	0.333333333333333
15203	0.333333333333333
15205	0.2
15206	0.355555555555556
15207	0.253968253968254
15208	0.357142857142857
15209	0.277777777777778
15210	0.288888888888889
15212	0.296969696969697
15213	0.303030303030303
15214	0.358974358974359
15215	0.402930402930403
15216	0.438095238095238
15217	0.383333333333333
15218	0.416666666666667
15219	0.444444444444444
15220	0.432748538011696
15221	0.42280701754386
15222	0.414285714285714
15223	0.376623376623377
15224	0.343873517786561
15225	0.370772946859903
15226	0.367777777777778
15227	0.33948717948718
15228	0.314339981006648
15230	0.291887125220459
15231	0.27175697865353
15232	0.29808429118774
15233	0.300358422939068
15235	0.30241935483871
15236	0.284090909090909
15237	0.28698752228164
15238	0.289635854341737
15239	0.292063492063492
15240	0.276276276276276
15242	0.261735419630157
15245	0.265407107512371
15247	0.268803418803419
15248	0.255691056910569
15249	0.24351529229578
15250	0.23218899963086
15251	0.236786469344609
15252	0.226262626262626
15253	0.245410628019324
15254	0.234967622571693
15255	0.252955082742317
15256	0.256235827664399
15257	0.27265306122449
15258	0.288104575163399
15259	0.289844142785319
15260	0.291485244315433
15263	0.280689494525973
15264	0.294725028058361
15265	0.296103896103896
15266	0.297410192147034
15267	0.310143174027022
15268	0.310929281122151
15269	0.322787193973635
15270	0.312204007285975
15271	0.30213291027675
15272	0.303123399897594
15273	0.30406746031746
15274	0.304967948717949
15275	0.305827505827506
15276	0.296698326549073
15277	0.287971905179983
15278	0.289286729184427
15280	0.290545203588682
15281	0.291750503018109
15282	0.292905581637976
15284	0.312278031456114
15285	0.303838084660003
15286	0.304624624624625
15287	0.314152046783626
15288	0.314650262018683
15289	0.323676323676324
15290	0.340798442064265
15291	0.332278481012658
15293	0.332304526748971
15294	0.332329619592492
15295	0.348418062493878
15296	0.355995410212278
15297	0.35546218487395
15298	0.354947560419517
15299	0.354450681635926
15301	0.353970741901776
15303	0.353506979911474
15304	0.345651269246775
15305	0.352706552706553
15306	0.359531772575251
15307	0.358968365279726
15308	0.35133074048654
15310	0.350951847704367
15312	0.357529239766082
15313	0.350157502863688
15315	0.34981415246511
15317	0.342747199890057
15318	0.335892255892256
15319	0.335841584158416
15322	0.335792402769689
15323	0.335744653848594
15324	0.335698282300224
15325	0.335653235653236
15326	0.341898772087451
15327	0.341738670428496
15328	0.335410176531672
15329	0.347604485219164
15332	0.341284403669725
15335	0.347147147147147
15337	0.346900471900472
15338	0.346660345554151
15339	0.340578585105833
15340	0.334655479277905
15341	0.334632683658171
15342	0.334610472541507
15343	0.345888261142499
15347	0.34007501305607
15348	0.334407096171802
15349	0.328879706152433
15350	0.339881678182721
15351	0.334355146830157
15352	0.339715010053326
15353	0.350279569892473
15355	0.360592592592593
15356	0.360163312919219
15357	0.359744094488189
15358	0.354166666666667
15359	0.358974358974359
15361	0.353493834409865
15362	0.358238877322847
15364	0.357864357864358
15365	0.362473347547974
15366	0.357103372028745
15367	0.366557734204793
15368	0.375805066552168
15369	0.370358616312282
15370	0.374622041497237
15371	0.374032202809181
15395	0.378183046268153
15396	0.377551360170479
15398	0.372270921566696
15400	0.367100492100492
15402	0.366634738186462
15403	0.361612344512675
15404	0.361227596061256
15405	0.356346142060428
15406	0.35603724529899
15407	0.360178970917226
15408	0.355408388520971
15410	0.363889857093064
15411	0.36349042540993
15413	0.358769770534476
15414	0.358441558441558
15415	0.353846153846154
15416	0.349338559529642
15417	0.344916552446989
15418	0.344770851577634
15420	0.348794549266247
15421	0.34860248447205
15422	0.352529202770749
15423	0.34820369108031
15424	0.348022345254127
15425	0.34380389258438
15426	0.347693805525131
15428	0.351513839790299
15430	0.351297405189621
15431	0.351084812623274
15434	0.354797540317902
15435	0.354546496961358
15436	0.354299832268009
15437	0.357911009544294
15438	0.35762850751888
15439	0.353541324575807
15440	0.357099567099567
15441	0.35306454374251
15442	0.352842844749148
15443	0.348900466595527
15444	0.348727498448169
15445	0.352240638428484
15446	0.352032865845021
15447	0.355471486619028
15448	0.358854042923893
15449	0.362181746964356
15450	0.365455778359004
15451	0.365112222797232
15452	0.364774149505063
15456	0.367968779316297
15459	0.367604195674371
15460	0.370735739873243
15463	0.366873909249564
15464	0.366526338514681
15465	0.362747716468137
15466	0.365864833906071
15467	0.362131519274376
15468	0.361839151904417
15469	0.358184210976089
15470	0.35793445341184
15472	0.357688442211055
15473	0.357446102819237
15474	0.357207362527298
15475	0.363540294916191
15478	0.359976174377797
15479	0.362968276741591
15480	0.369153050753809
15482	0.368806966527524
15483	0.371671002105785
15484	0.374493927125506
15485	0.370927318295739
15486	0.373730534867976
15487	0.373349429193121
15488	0.372973691203827
15489	0.372603220569523
15490	0.372237919292907
15491	0.37496411139822
15493	0.37458041759117
15494	0.377260107949661
15495	0.376858950190608
15496	0.376463262764633
15498	0.373056355409297
15499	0.375701493348552
15500	0.375321509850658
15501	0.377922805893658
15503	0.380489417989418
15504	0.380072107505736
15506	0.382597169700986
15507	0.385089007393668
15508	0.390459409075819
15509	0.39286121131574
15510	0.389459815546772
15512	0.394723092998955
15515	0.397057372601253
15516	0.393663719843977
15517	0.395987149178639
15518	0.395456184637577
15519	0.394931941166655
15520	0.394414305806711
15522	0.393903167961745
15523	0.393398419339842
15525	0.390133702166897
15526	0.389664277631083
15527	0.386457164234942
15528	0.388753963435202
15529	0.385580461692874
15531	0.385155688291577
15532	0.382037018750754
15533	0.378956075051152
15534	0.37858962732651
15535	0.378227576974565
15536	0.377869853917663
15537	0.377516389468581
15538	0.377167116297551
15539	0.379446640316206
15540	0.381699346405229
15541	0.381321486928105
15542	0.383542071984436
15544	0.383152856956133
15546	0.380194147636008
15550	0.382397782397782
15553	0.382021809608017
15554	0.384194671112281
15555	0.383807892878221
15557	0.385950762376618
15558	0.385553649704593
15560	0.382654750082754
15562	0.382285301268152
15563	0.381919988074608
15566	0.3815587490059
15568	0.381201523704622
15569	0.38330827752722
15573	0.385391795094422
15574	0.385010414422179
15589	0.387066299475059
15597	0.386675514266755
15603	0.386288976723759
15604	0.383499886639111
15606	0.383138976183674
15616	0.382781946485822
15617	0.382428742106162
15618	0.384451787832571
15621	0.38408924560208
15623	0.386086259178508
15624	0.388062177541101
15625	0.390017296763034
15626	0.391951907741381
15627	0.393866296305321
15628	0.393445928506904
15629	0.393029924388056
15630	0.392618223760092
15631	0.394501718213058
15632	0.394082756672786
15634	0.3913927719856
15636	0.390997809817898
15637	0.390606864214612
15638	0.390219880897847
15639	0.389836806503473
15642	0.389457588562734
15645	0.389082175484276
15646	0.388710516536604
15647	0.390557401255076
15651	0.390178433917846
15653	0.389803218732469
15658	0.389431706328528
15659	0.391249640494679
15660	0.390871102539376
15661	0.390496263652041
15664	0.390125075792828
15665	0.389757491699239
15666	0.391544002505481
15671	0.389026034643709
15672	0.390805782284882
15673	0.392568471641954
15674	0.390068035516846
15677	0.389707815185522
15680	0.38724131002612
15681	0.384798147186839
15685	0.384474469112288
15687	0.38206397087334
15688	0.381759404388715
15691	0.379380841121495
15692	0.37702443838161
15693	0.374689921735285
15694	0.372377020983832
15695	0.374188034188034
15702	0.375982381626553
15705	0.377760267161967
15706	0.377489371223988
15707	0.37519460300986
15709	0.376961100365356
15710	0.376697488479966
15711	0.374428226501171
15712	0.372179408323987
15713	0.369950789112466
15714	0.367742127684929
15716	0.365553186448709
15720	0.363383731336254
15721	0.363205918330319
15723	0.364996247229059
15724	0.364809994794378
15725	0.364625380944167
15726	0.364442386513694
15727	0.364260992617599
15728	0.364081180645016
15729	0.363902932254803
15730	0.365653011644467
15731	0.365466731077832
15732	0.367197765190412
15733	0.368913919353599
15734	0.37061536362396
15735	0.370402930402931
15737	0.370192307692308
15740	0.371872049102927
15741	0.369771077074097
15742	0.367687859738469
15743	0.369367515957166
15747	0.367298230153485
15748	0.367108482126556
15749	0.366920319737736
15750	0.366733725368823
15751	0.366548681645635
15754	0.366365171433964
15755	0.366183177835614
15756	0.367834186016004
15757	0.36764514024788
15758	0.36563615041046
15760	0.365460113260176
15761	0.365285511195356
15762	0.363305643926005
15763	0.363143631436314
15765	0.362982929020665
15766	0.366407751982919
15770	0.366230409255576
15771	0.367837020257774
15772	0.365875222816399
15775	0.367475177304965
15776	0.367294053464266
15778	0.367114367114367
15779	0.36693610308386
15782	0.365004860436051
15784	0.366588386977944
15785	0.366414276749438
15786	0.366241530308623
15789	0.364334022338265
15790	0.36417297979798
15791	0.364013188883655
15792	0.363854636658589
15793	0.365415523411208
15794	0.36525057641852
15795	0.366796299958254
15796	0.368330163726583
15797	0.369852288741584
15799	0.373059147323051
15800	0.371165446067604
15801	0.372661654779498
15806	0.370779525209905
15808	0.370590879407
15813	0.370403655557384
15814	0.370217839405885
15815	0.370033416875522
15816	0.373175394846218
15817	0.374635550427414
15818	0.37443057664531
15819	0.375877289962247
15820	0.375667196349265
15821	0.375458655152142
15822	0.373613649475718
15823	0.375050183873713
15832	0.374846189494543
15833	0.374643687757171
15886	0.374442664134671
15888	0.375861227253758
15893	0.375655281036226
15911	0.375450827182589
15912	0.375247851308616
15915	0.375046339202966
15916	0.374846276824694
15917	0.373052753969074
15918	0.372863162462459
15919	0.374262226768193
15922	0.372484258945067
15923	0.372298709534584
15924	0.372114476077368
15925	0.371931546158764
15926	0.373318534961154
15929	0.371565865782933
15930	0.371386790689492
15931	0.369651338396551
15932	0.36792802213363
15933	0.367767116604326
15934	0.369154121477005
15936	0.368988284494858
15937	0.370363242380179
15938	0.368656499327735
15939	0.368494093966842
15940	0.36680375408626
15942	0.366650571382585
15943	0.36497636786029
15944	0.364832208249689
15945	0.366204183060675
15946	0.366055108912252
15947	0.367415342205258
15948	0.367261473090712
15951	0.367108643632346
15952	0.366956844484934
15953	0.366806066408021
15954	0.366656300264511
15956	0.365019441781187
15957	0.366363081981122
15958	0.366216283098243
15959	0.364592264104459
15960	0.36445395025149
15961	0.362844882038459
15964	0.362714875215969
15965	0.36258572558132
15966	0.36245742561532
15967	0.360871178676085
15968	0.360750926076335
15969	0.360631459441289
15971	0.359063496574153
15972	0.357505737369927
15973	0.355958093485208
15974	0.355860362339844
15975	0.35720004468608
15976	0.357097392164133
15977	0.356995400495331
15978	0.359749167516765
15979	0.359636279336494
15980	0.362367041471519
15981	0.360825054061002
15982	0.360708316393369
15983	0.360592320702436
15984	0.360477060713561
15985	0.360362530218285
15986	0.360248723073507
15987	0.360135633200649
15988	0.358625630545719
15989	0.358519805034371
