14184,0,0,1,0,0,0
14185,1,1,0,0.5,0.5,0.5
14186,0,0,0,0,0.5,1
14187,0,1,1,0.5,0.5,0.5
14188,1,0,1,0,0.5,0
14191,1,1,1,0,0.5,0.5
14192,1,1,1,0.5,0.5,0
14193,1,1,0,0,0.5,0.5
14194,1,1,1,0.5,1,0.5
14195,0,0,0,0,0.5,1
14196,0,1,0,0,0.5,0.5
14197,1,1,0,0.5,1,1
14198,1,1,0,0,0,0
14199,0,0,1,0,0.5,1
14200,1,1,0,0,0.5,0.5
14201,0,0,1,0,0.5,1
14202,0,0,1,0,0,0
14207,0,1,0,0,1,1
14208,1,1,0,0,0.5,0.5
14212,0,0,0,0,1,0
14213,0,1,1,0,0.5,0.5
14214,1,1,0,0,0.5,0.5
14215,0,0,0,0.5,0.5,1
14216,0,1,1,0.5,0.5,0.5
14218,0,0,1,0,0,0
14221,0,1,1,0,1,0.5
14222,0,0,1,0,0,0
14223,0,1,1,0,0,0.5
14224,0,1,0,0,0,0
14225,1,0,1,0,0.5,1
14226,0,0,0,0,1,1
14228,0,1,1,0,0,0.5
14229,0,0,1,0.5,0.5,0
14231,1,1,1,0,0,0
14232,0,1,1,0,1,0.5
14233,0,1,0,0,0.5,0.5
14234,1,1,0,0,0,0
14235,0,0,0,0,0.5,0.5
14236,1,0,1,0,0.5,0.5
14237,0,0,1,0,0.5,0.5
14238,0,1,1,0,0.5,0.5
14239,1,0,1,0,1,0.5
14240,0,1,0,0,1,0.5
14241,1,1,0,0,0,0
14242,1,1,0,0.5,1,0
14243,0,0,0,0,0.5,0.5
14244,0,1,1,0,0.5,0.5
14245,0,1,1,0,0.5,0
14246,0,1,1,0,0,0.5
14247,0,1,0,0,0.5,0
14248,1,1,0,0,0,0.5
14249,1,0,0,0,0,0
14250,0,1,0,0,0,1
14251,0,1,1,0,0,0.5
14252,1,0,0,0,0,0
14253,0,1,1,0,0.5,0
14255,0,1,1,0,0.5,0
14256,0,0,0,0.5,0,0.5
14257,0,0,1,0,0,0.5
14258,0,0,1,0,0,0.5
14259,0,1,0,0,0,1
14261,0,0,0,0.5,1,1
14263,1,0,0,0,0.5,0.5
14264,0,1,1,0,0.5,0.5
14265,0,0,1,0,0.5,0.5
14267,0,1,1,0,0.5,0
14268,0,1,0,0,0.5,0.5
14269,1,0,1,0,0,0.5
14270,1,0,1,0.5,0.5,0.5
14271,1,0,0,0,0.5,1
14272,0,0,1,0.5,0,0.5
14273,1,0,1,0,0.5,0.5
14274,0,1,1,0,0.5,0.5
14275,0,1,1,0.5,0.5,1
14276,0,1,1,0,0.5,1
14277,0,0,0,0,0.5,0.5
14278,0,0,1,0,0,0
14279,0,0,1,0,0.5,1
14280,0,1,0,0,0.5,1
14281,1,1,0,0,0,0
14282,1,1,1,0,0,0
14283,0,0,1,0,1,1
14284,1,1,0,0,0,0
14285,0,0,1,0,0.5,1
14286,1,0,1,0,1,1
14301,1,1,1,0,1,0.5
14302,0,0,1,0,0.5,0.5
14303,1,1,1,0,0.5,0.5
14304,0,0,1,0,1,0
14305,0,0,1,0,1,0
14306,0,0,1,0,0.5,0.5
14307,1,0,1,0.5,0.5,0.5
14308,0,0,1,0,0,0.5
14309,0,1,1,0,0.5,0.5
14310,1,0,0,0,0.5,0.5
14311,0,1,1,0,1,1
14312,0,1,1,0,0.5,0
14313,1,1,0,0,0.5,0.5
14314,0,1,1,0,1,1
14315,0,1,1,0,1,0
14316,0,0,0,0,1,1
14317,1,0,0,0,0.5,0.5
14318,0,0,1,0,0.5,1
14319,0,0,1,0,0.5,0
14320,1,1,0,0,0.5,0
14321,0,0,0,0,0.5,0.5
14322,0,0,1,0,0,0.5
14323,0,0,1,0,0.5,0.5
14324,0,0,0,0,0.5,0
14325,0,1,1,0.5,1,0.5
14326,0,0,1,0,0,0.5
14327,0,0,0,0.5,1,1
14328,0,0,0,0,0,0
14329,1,1,1,0,0,0
14330,0,1,0,0,0.5,0.5
14331,0,1,1,0,0,0.5
14332,0,0,1,0,0,1
14333,0,0,1,1,0.5,1
14334,0,1,1,0,0,0
14335,1,0,1,0,1,1
14336,1,0,1,0,0,0
14337,0,0,0,0,1,0.5
14338,0,1,1,0.5,0.5,0.5
14339,0,0,1,1,0,1
14340,0,0,0,0,1,1
14341,0,1,0,0.5,0.5,1
14342,0,1,1,0,0,0.5
14343,1,1,0,0,0,0
14345,0,0,1,0,0.5,0.5
14348,0,1,1,0,0,0
14349,0,1,1,0,0.5,0.5
14350,0,0,1,0,1,1
14351,0,0,0,0,0.5,0.5
14352,0,1,0,0,0,0
14353,1,0,0,0,0,0
14354,0,0,0,0,0,0
14355,1,0,0,0,0.5,0
14356,0,0,1,0,1,0.5
14357,1,0,1,1,1,0.5
14358,0,1,0,0.5,1,0.5
14359,0,1,0,0,1,1
14361,0,0,1,0,1,0.5
14362,0,0,0,0,1,0.5
14363,1,1,0,0,0.5,0.5
14364,1,1,1,0,0,0
14365,0,1,0,0,1,0
14366,0,1,1,0,0.5,0
14367,1,1,1,0,0,0.5
14368,1,0,1,0,0,1
14369,0,1,1,0,0,1
14370,1,0,0,0,0,0.5
14371,0,0,1,0,0.5,0.5
14372,1,0,0,0,1,0.5
14375,0,0,1,0,0.5,0.5
14376,1,0,1,0,0.5,0.5
14377,1,0,1,0,0.5,0.5
14378,0,1,0,0,0.5,0.5
14379,1,0,0,0,0,0
14382,0,0,1,0,0,0
14383,0,0,1,0,1,1
14384,0,1,0,0,0,0.5
14385,0,0,0,0,0.5,0.5
14386,0,0,0,1,1,1
14387,0,0,0,0,0,0
14388,1,0,1,0,0.5,0.5
14389,0,0,1,0,1,0.5
14391,0,1,0,0,0.5,0.5
14392,1,0,1,0,0,0.5
14393,1,1,0,0,0,0
14394,0,0,1,0,0.5,0.5
14395,0,0,1,0,1,1
14396,1,1,1,0,1,0.5
14397,0,0,1,0,0.5,0.5
14398,0,1,1,0,0,0
14399,1,0,1,0,0,0
14402,1,1,0,0,0.5,0
14403,0,0,1,0,0,0.5
14404,0,0,1,0,0,0.5
14405,1,0,0,0,0,0
14406,1,1,0,0,0,0
14407,0,0,1,0.5,0.5,1
14408,0,1,1,0,0,0
14409,1,1,0,0,0,0
14410,0,0,1,0,0.5,0.5
14412,0,1,0,0.5,1,0.5
14413,0,0,1,0,1,0.5
14414,0,0,1,0,1,1
14415,0,0,1,0,0.5,0
14417,0,1,0,0,0,0
14418,1,1,1,0,0,0.5
14419,1,1,1,0,1,0.5
14420,0,1,1,0,0,0
14421,1,1,0,0,0.5,1
14422,0,0,0,0,0,0
14423,0,1,1,0,0,0
14424,1,0,0,0,0,0
14425,0,0,0,0,1,0.5
14426,0,1,0,0.5,0.5,0.5
14427,1,1,1,0,0.5,1
14428,0,1,0,0,0.5,1
14431,0,1,0,0,0,0
14432,1,0,0,0,0,0
14433,1,1,1,0,0.5,0.5
14434,0,0,1,0,0,0
14435,0,0,0,0,0.5,1
14436,0,0,1,0,1,0.5
14437,0,1,0,0,0,0
14439,0,0,1,0,0.5,0.5
14440,0,1,1,0,0.5,0
14442,0,1,1,0,0.5,0.5
14443,1,1,0,0,0.5,0.5
14444,0,1,1,0,1,0.5
14445,0,1,0,0,1,0.5
14446,0,0,1,0,0.5,0.5
14447,0,0,0,0,0,0
14448,0,1,0,0,0,0
14449,0,1,1,0,0.5,0.5
14450,0,1,1,0,0.5,0
14451,0,0,1,0,1,0
14452,1,1,1,0,0,0
14453,1,1,1,0,1,0.5
14454,1,0,1,0,1,0
14455,0,1,1,0,0,0
14456,0,1,0,0,0,0
14457,0,1,1,0.5,0,1
14459,0,1,1,0,0,0.5
14460,1,0,1,0,0,0
14461,0,0,1,0,0,0.5
14462,1,0,0,0,0,0
14463,0,0,1,0,0.5,0.5
14464,0,1,1,0,0,0.5
14465,1,0,0,0,1,1
14466,0,1,0,0,0,1
14467,0,1,0,0,0.5,0.5
14468,0,1,0,0,0.5,0.5
14469,0,1,0,0,1,1
14472,0,1,1,0,0,0
14474,0,1,0,0,1,0
14475,0,1,0,0,0.5,0
14476,1,0,0,0,0.5,0.5
14477,0,1,0,0,0,0.5
14478,0,0,0,0,0,0.5
14479,1,0,1,0,1,1
14480,0,0,1,0,0.5,0.5
14481,0,1,0,0,0.5,0.5
14482,0,0,0,0,0,0.5
14483,0,1,1,0,1,0.5
14484,1,0,1,0.5,0,1
14485,0,0,1,0,0.5,1
14486,0,1,0,0,0.5,0.5
14487,0,0,1,0,1,0.5
14488,0,0,0,0,0.5,0.5
14489,1,1,0,0,0,0
14490,0,1,0,1,0.5,1
14492,0,0,1,0,0.5,1
14493,0,1,0,0,0,0
14494,0,1,0,0,0,0
14495,0,1,1,0,0,0
14496,0,0,1,0,1,1
14497,0,1,0,1,1,0
14498,0,0,0,0,0.5,1
14499,1,1,1,0,0,0
14500,0,1,1,0.5,1,1
14501,0,0,1,0,0,0
14502,1,1,1,0,0.5,0.5
14503,0,0,0,0,0.5,0.5
14504,0,1,1,0,0,0.5
14505,0,1,1,0,0,0.5
14506,0,1,0,0,0.5,0
14507,1,1,0,0,0.5,0
14508,1,1,1,0.5,0,0
14509,1,0,0,0.5,1,0.5
14510,0,1,0,1,1,0.5
14511,0,1,0,0,0.5,0
14513,1,0,0,0.5,0,1
14514,0,1,0,0,0.5,0.5
14515,0,0,0,0,0,0
14516,0,1,1,0,1,1
14517,1,1,1,0,0,0
14518,0,0,0,0,0.5,0.5
14519,1,0,0,0,1,1
14520,0,1,0,0,0.5,1
14521,0,1,0,0,0.5,0.5
14522,0,0,0,0,1,1
14524,0,0,0,0,0,0.5
14526,0,1,1,0,0,0
14527,0,1,1,0,0,0
14529,0,1,0,0,0,0
14531,1,1,1,0,0.5,0.5
14532,1,1,0,0,1,0
14533,0,1,0,0,1,0
14534,0,0,0,0,0.5,0.5
14535,0,0,0,0,1,0.5
14536,0,0,0,0,0.5,1
14538,1,1,1,0,1,1
14539,0,1,0,0,0,0
14540,0,0,1,0,0,0
14541,0,1,0,0,0,0
14542,0,0,1,0,0.5,0.5
14543,0,0,1,0,0.5,0.5
14544,1,1,1,0.5,0.5,0.5
14545,0,0,0,0,0.5,0
14560,0,0,0,0.5,0,0.5
14561,0,0,1,0,0,0
14564,0,1,0,0,0,0
14567,0,0,0,0,0.5,0.5
14568,0,0,0,0.5,0.5,1
14570,0,1,0,0.5,1,0.5
14571,0,1,1,0,0.5,0.5
14572,0,1,0,0,1,0
14573,0,1,0,0,0.5,0.5
14574,0,0,1,0,0.5,0.5
14575,1,0,0,0.5,0.5,0.5
14576,0,0,0,0,0.5,0.5
14578,1,1,1,0,0,0
14579,0,1,0,0,0,0
14582,0,1,0,0,0.5,0.5
14583,0,1,0,0,0,0
14584,0,1,0,0.5,1,1
14585,0,1,0,0.5,1,0
14586,1,1,0,0.5,1,0.5
14588,1,1,0,0,1,0.5
14589,0,1,0,0,0,0
14590,0,1,0,0,0,0
14592,0,1,0,0,1,0.5
14593,0,0,0,0.5,0.5,0.5
14594,0,0,0,0,0.5,0.5
14596,0,0,1,0,0,0
14597,0,0,1,0,0,0
14598,0,1,1,0,0,0
14599,0,0,1,0,0.5,0.5
14601,0,0,1,0,0.5,0.5
14602,0,1,1,0,1,1
14603,1,0,1,0,0,0
14605,1,1,0,0,1,0
14606,0,0,0,0,0,0
14610,1,0,1,0,0,0
14612,0,0,1,0,0.5,0.5
14613,0,0,1,0,0.5,0.5
14614,0,0,1,0,1,0.5
14615,0,0,1,0.5,0,1
14616,0,1,1,0,1,0
14620,0,0,1,0,0,0
14621,0,0,0,0,0,0
14622,0,1,1,0,0.5,0.5
14624,1,0,1,0,0,0
14625,1,0,1,0.5,1,1
14626,0,1,1,0.5,0,0.5
14627,0,1,1,0,1,0.5
14629,1,0,0,0,0,0
14630,0,1,1,0,0.5,1
14631,0,0,1,0,1,0
14632,0,1,1,0,1,1
14634,0,1,1,0,0,0
14636,0,1,1,0,1,0
14637,0,1,1,0,0.5,0.5
14638,0,0,1,0,0,0
14639,0,1,1,0,0,0
14640,1,1,1,0,0,0
14641,0,1,1,0,0.5,1
14642,0,1,0,0,1,0.5
14644,0,0,0,0,1,1
14645,1,0,1,0,0,0
14646,0,0,1,0,0,0
14647,0,1,1,0.5,1,0
14648,0,1,0,0,0.5,0.5
14649,1,0,1,0,0.5,0.5
14650,0,0,1,0,0.5,0.5
14651,0,1,0,0,0,0.5
14652,0,1,1,0,0.5,0.5
14653,1,1,0,0,0,0
14654,0,1,0,0.5,1,0.5
14655,0,1,0,0,0,0
14656,0,1,0,0,0,0
14658,1,1,1,0,1,0.5
14659,0,1,0,0,0.5,0
14662,0,0,0,0,0.5,0
14663,1,0,1,0,1,0.5
14666,0,0,1,0,0,0
14667,0,1,1,0,0.5,0.5
14668,1,0,1,0,0,0
14671,0,1,0,0,0.5,0.5
14674,0,1,1,0,1,0.5
14684,1,0,1,0,0,0
14685,1,1,1,0,0,0
14686,0,1,0,0,0,0
14688,0,1,0,0,0,0
14689,0,1,1,0,1,0
14690,0,1,0,0,1,1
14691,0,1,1,0,0,0
14692,0,1,0,0,0.5,0
14693,0,1,1,0.5,1,0
14694,0,0,1,1,0.5,0.5
14695,0,0,1,0,0.5,1
14697,0,1,0,0,0,0
14698,1,0,0,0,0,0
14700,0,1,0,0,0.5,0
14701,1,1,0,0,0,0
14705,0,1,0,0,0,0
14706,1,1,1,0.5,1,0
14715,0,0,0,0,0,0
14717,0,0,1,0,0.5,0
14721,1,0,0,0,0,1
14722,1,1,0,0,0,0
14728,0,1,0,0,0,0
14746,0,0,1,0,0.5,0.5
14747,0,1,0,0,0,0
14748,1,1,0,0,0,0
14752,0,1,1,0,1,0
14755,0,1,1,0,0,0
14756,0,1,1,0,0,0
14757,0,1,0,0,0,0
14760,1,0,0,0,0,1
14761,1,1,1,0,0,0
14762,0,1,0,0,1,0.5
14766,0,1,0,0,0,0
14768,1,1,0,0,0,0
14770,1,0,0,0,1,1
14771,0,1,0,0,0,0
14772,0,1,0,0,0,0
14775,0,1,1,0,1,0
14777,1,0,0,0,0.5,0.5
14778,0,1,0,0,0,0.5
14779,0,1,1,0,0.5,0.5
14780,0,1,0,0,0,0
14781,0,1,1,0,0.5,0.5
14782,1,0,1,0,0,0
14791,0,0,0,0.5,1,0.5
14796,0,0,0,0,0,0
14802,1,0,0,0,0,0
14808,0,1,0,0.5,1,1
14819,0,1,0,0,0,0
14822,1,0,0,0,1,0
14826,1,1,1,0,0.5,0
14827,1,1,1,0,0.5,0.5
14828,0,1,1,1,1,0.5
14829,0,1,0,0,0,1
